-112.228 32.7006 -0.00072584263906 0.00224616122166 0.00067151587948 0.0196948199602 4.11408 4.69035 -25.5119005179 -31.2181994629 -1.28027617275
-111.704 32.5618 0.0012446161288 0.00119207379372 0.00230234028845 -0.00290953088414 3.48547 3.92078 -13.6542566092 -15.0117108057 1.18428037501
-110.739 32.5716 0.00221730651646 0.00126015468941 0.00213382119207 -0.00455306699597 3.98795 4.0868 1.13310767785 -22.9189004198 2.43843731672
-109.97 32.6399 -2.88725637815e-05 -0.00101624794061 -0.00646601622871 -0.00265035446993 4.97909 4.21993 -1.57065996134 13.5159519565 -0.211821631714
-109.303 32.7663 -0.00102212456158 0.000787115957823 0.00319323847724 -0.00157770243436 4.0022 4.24292 -6.07161978174 -9.02764840496 -0.927978394275
-111.457 32.0022 0.000930451646755 -0.000578166192361 0.00905612332881 0.0116239365455 3.32683 3.44963 -11.0231761771 7.78314891035 0.934027784875
-110.816 31.7748 0.00210557942306 0.000441900520883 0.0077893222614 0.0161705160361 2.78472 2.73186 -17.6751872268 -2.56770794796 2.03916218463
-110.046 31.9737 0.000443016818066 0.00163076343931 0.00102796272163 -0.00326285942806 3.71621 3.18967 -2.02321320013 -22.633491087 0.706276562276
-109.259 31.9989 -0.00167917144716 0.00240373468867 -0.00783241869884 -0.00843964597803 4.55187 4.25604 8.77606386493 -22.3278734278 -0.715203557821
-109.991 31.439 -0.000980681247977 0.00400261223436 0.00419609839191 0.0164412783464 3.40718 3.51545 -24.7147790442 -55.5387683241 -1.88572408271
-109.281 31.3757 -0.000413967870682 0.00246654606151 0.00535004179812 0.0106764037388 3.52437 3.54012 -11.7144109897 -33.414519799 -0.416568293932
-122.707 48.7197 0.000543025129796 7.62644151033e-05 0.00121025893607 0.00532097899716 4.22474 4.1795 -7.10325660255 -1.24574855748 0.546173459044
-122.085 48.9983 0.00044909291271 9.02775724177e-05 -0.00839483060222 0.00393668956849 5.09822 5.00488 -0.803224497207 -1.99463685219 0.457898243249
-120.384 49.048 -8.53774393566e-05 0.000161070129056 0.00207544885258 0.017347115678 3.88098 3.90765 -22.8579106767 -2.12654380529 -0.114331703252
-119.272 48.9534 0.000329022155379 0.000480739378818 0.00630865435875 0.0036737055742 3.39836 3.40936 -10.2078641449 -6.08066375106 0.350451720082
-118.585 48.9752 0.000264384761521 0.000544713928188 -0.00564414645084 0.00287879691068 4.57799 4.50697 -6.30468974049 -7.06554705855 0.329341875175
-117.559 48.9813 -0.000235376496717 0.000854781927156 -0.00182916426173 0.00375569942471 4.03373 3.99409 -6.60441564224 -10.121749426 -0.120280172427
-116.363 48.958 0.000998708669321 0.000861679486632 0.00804830164923 0.0105082270497 3.24067 3.19598 -11.8568763613 -11.4633591278 1.0468942379
-115.653 48.9339 8.69510449345e-05 -7.73997496729e-05 -0.000973840341767 0.00872647808216 4.76105 4.30616 -8.33614141433 0.82163862571 0.0762368205
-113.422 48.9725 0.00195693545616 0.00428870626067 -0.00289780518436 0.0950832651297 2.85336 2.92791 -69.1646043925 -14.4098193626 -2.1409124734
-112.733 48.9777 0.000733578158823 0.00192493735578 0.000489757916839 0.0306987189772 4.66049 4.53301 -27.5963614603 -22.6726161276 0.409851341313
-111.597 48.9482 0.00107249861824 0.000862977010113 0.00509180169602 -0.00192154168303 3.80476 3.584 3.08692573645 -15.4464160486 1.31941230682
-110.699 48.9448 -0.000826514627502 0.000482747434036 -0.00619109527162 -0.00193994176694 5.07508 4.39162 11.3833208037 0.221039341521 -0.455201070356
-109.846 48.9198 -0.0011816640045 0.000579857468584 -0.00330055145869 -0.0015603416908 4.65704 4.75753 5.60142533062 0.0358726683392 -0.803184498262
-123.504 48.0575 0.000457192336712 0.00075691148569 0.00125911956135 0.0072633891625 4.21961 4.08594 -9.19640496352 -9.07344273071 0.456592366515
-122.096 48.2641 -2.56720740892e-05 0.000379032005578 0.00286582048524 -0.00303507199978 4.17359 4.05263 4.03403277635 -4.36343747822 0.069076647768
-121.484 48.5183 0.000240626625748 -4.66072722293e-05 -0.00584853252276 -0.00574487479634 5.20057 5.13608 11.4853124978 -0.588096730204 0.204781903521
-120.12 48.4607 -0.000391161001904 0.000126235016997 0.00117243198323 -0.00049311222944 4.07753 4.00104 -5.24183216923 -0.974946487724 -0.373749253197
-119.333 48.3584 -0.00125285662446 0.000249445226814 0.00634088791702 0.00217713447908 3.25097 3.29501 -14.1266945507 -3.49194406922 -1.25929449688
-118.149 48.4226 -0.000508621892043 0.00102722249185 -0.00383709360336 -0.000333598585129 4.09105 4.21339 -10.4334648655 -12.3552057287 -0.452721178148
-117.225 48.2995 0.000205414988229 0.00153305840907 -0.000166459100837 -0.00505200129726 3.93918 4.29357 -7.55843629121 -19.2456775369 0.381634321903
-116.367 48.4366 0.00158663159441 0.000491922516248 0.00269111287481 -0.00139929691403 3.88873 3.85177 -12.3709406733 -7.04079994104 1.60725519694
-115.589 48.4694 0.000522623885623 0.000793871637865 0.0097210753121 0.00214384097158 4.07154 3.71877 -14.8510832181 -10.0547430365 0.533147969459
-114.468 48.3739 -0.0054818907319 -0.00133068180085 -0.0370863257014 -0.00592120311124 17.9858 -nan 48.7376084524 69.9606187732 -3.50445264297
-113.273 48.3609 -0.000204635840209 0.00280528820448 0.0584382261258 0.0928532378871 2.17995 2.57551 -42.7206689259 -33.3991351722 -1.3809482861
-112.562 48.3129 0.00745757328722 0.00158674202679 0.0733359813953 -0.0133897722114 1.62154 1.81731 -5.09940577814 -41.1306377187 7.62345527275
-111.707 48.4128 0.00220531006433 0.00157122076046 -0.0153930704176 0.00166622878055 5.272 4.81182 4.93975908031 -29.8583942419 2.6515390845
-110.799 48.2921 0.000465296919351 0.00219590748799 0.00138237259533 -0.000732629445779 4.30853 4.11452 7.66032695177 -27.9380104233 1.41781000776
-109.777 48.3943 -0.000398768286248 0.000762109809486 -0.00592218390586 -0.00376556328188 4.37031 4.24711 12.9638506319 -5.39798798215 0.0871364272894
-124.566 47.9475 0.000767891970263 0.000995758849949 -0.00945266430166 -0.00286875310821 4.73612 4.72152 5.22745148408 -13.6770088891 0.979439431512
-122.972 47.7172 0.000496338728884 0.00154865298724 0.00849229482935 -0.00147784576103 3.47438 3.3834 0.581752464701 -19.3997712263 0.75861674405
-121.689 47.6947 0.000801407723661 0.000443279313914 0.00171671274749 -0.00353278780526 4.08924 3.90209 5.52920343324 -7.84667945235 0.892443635576
-120.894 47.923 -0.000404573581656 -0.000904695644185 -0.00706576545199 -0.00653391682473 5.28595 4.91462 9.93674220221 12.0615634413 -0.702901119094
-120.061 47.6902 -0.000831164267848 0.000414574430334 -0.000222354666713 -0.0069690805382 4.37419 4.26711 11.318315937 -0.689699991963 -0.602668095249
-119.045 47.7849 -0.000490804739126 0.000463888112803 0.00222467245449 0.00105861557472 4.0138 3.99814 -4.90193079238 -4.86129356238 -0.424654917616
-118.274 47.8006 -0.00120255640988 0.000631087272842 -0.000185110784484 0.00134961032024 3.84904 3.97831 -7.82351049684 -6.39128513458 -1.13845622314
-117.308 47.8192 -4.9337579586e-05 0.000453400368961 0.0011367980695 0.00542247495276 4.04491 4.33859 -22.3092454902 -5.67496424764 -0.11467452555
-115.475 47.7092 0.00341698839231 0.00102064646547 -0.00919215394645 -0.00240585359192 5.96724 5.25964 1.97321098452 -25.1018457222 3.56586826641
-114.574 47.6795 0.000175318865286 0.000804666785926 0.00956045240874 0.00595142527094 3.34202 2.99907 -8.75721690591 -10.3822706892 0.276992486275
-113.747 47.7687 -0.00213946653899 -0.00502217211063 0.00519804933921 0.00664357562007 3.03337 3.3816 1.10800078941 69.1053675893 -3.58281006809
-112.607 47.775 0.00220846661241 -0.000422794534756 -0.00844200355731 -0.00331095772814 5.0901 6.44039 20.9480351215 -13.457486042 1.45815893682
-111.746 47.8012 0.000939693042276 0.000731116664416 0.0032880306524 -0.00157049606126 4.02741 3.84669 2.95365434466 -13.1649487807 1.14211339149
-110.763 47.6327 -5.69810237696e-05 0.000668310751945 -0.000877932034083 0.00128583463365 4.41227 4.37549 -0.707964783549 -7.95548158088 0.158761465792
-123.771 47.1161 0.00132662693146 0.00341444429374 0.00711166852708 -0.0318634629312 2.96059 3.2661 9.42530638095 -43.8534671445 2.32034791261
-122.803 47.1109 0.000816522741875 0.00221643853522 -0.00412082679096 -0.0104082239412 3.92426 4.29403 3.92694680275 -28.2852515012 1.30492434528
-121.989 47.1881 0.00215988978612 0.00156667031176 0.00220487802257 0.00397423726197 4.6663 4.42776 -12.3655839731 -17.9118808623 2.09448087081
-120.844 47.1935 4.20805171358e-05 6.75886508573e-05 -0.0056001861887 0.000950394257043 4.96533 4.28427 0.140825002638 -0.908320159593 0.0542728985915
-119.973 47.1936 -0.00259788847572 -3.73913153967e-05 0.00056527349466 0.00548330549878 4.4551 4.54306 -5.13561915612 4.04853294637 -2.58555417002
-118.921 47.0573 -0.0013704811851 0.00155474437885 0.0109502657491 -0.00262831106955 3.42999 3.54154 3.07198879887 -14.000504771 -0.906679514556
-118.309 47.0615 -0.000512802041029 0.00120155581669 -0.0142286225664 -0.00256033084621 6.57575 7.89251 11.7182229557 -10.9017887662 0.0335440669178
-117.276 47.0547 0.000639664044421 0.00153698423604 0.00348012908055 0.0060319431282 3.57846 3.62938 -15.3685663836 -18.9299551123 0.594123447678
-116.335 47.0477 0.000538297403697 0.00105470755203 0.0130728099378 -0.000312023408458 2.89151 2.87893 -6.65123026768 -14.0224610771 0.676080092076
-114.459 47.0943 -0.000196372224059 0.00426385629575 -0.0127970078712 -0.00871443986256 4.16687 3.85218 19.7787785484 -42.4281023664 2.33133540171
-113.506 47.0816 0.00102175472891 0.000884054318715 0.0107435984551 0.0198375560392 3.25248 2.99427 -18.2532506778 -10.9228640445 0.998004472216
-112.52 47.0418 0.00152169211395 0.000844672086473 -0.000941347933902 0.00140998185697 4.22303 3.88328 6.15073846876 -17.7559599447 1.7328189589
-111.549 47.0308 0.000848387499273 0.00120888704596 -0.00463590548887 0.0018884913028 5.03182 4.54349 6.44030579953 -18.7354227594 1.27687162926
-110.687 47.1523 -0.000267083393268 0.000761666899097 -0.000622026581418 0.00386188958057 4.61183 4.15269 -2.57424590082 -8.47142834439 -0.0392285290851
-109.802 47.1961 -0.000821663242405 0.00155957576471 0.00109809955646 0.0026504194087 4.02196 4.02842 2.31387686518 -14.7508828254 -0.171639364787
-123.563 46.5459 -0.000224219079133 -0.00666786572786 0.0134401927422 0.0596554445196 1.41446 1.49263 -68.2353891474 38.2014763118 5.63849643973
-122.72 46.5934 0.00120804645372 0.00188686185775 -0.0129799507905 0.0267237581324 3.62758 4.34364 -48.9754069212 -8.2149736233 -0.27573440596
-121.761 46.5605 0.00285461942002 0.0017562294947 0.00593202256117 -0.00341555173046 3.44372 3.59418 -8.64008998233 -22.157087737 2.89546595811
-120.979 46.5433 0.000828025650295 0.00180810430407 -0.0069428757551 0.00288809389728 4.60117 3.87598 -10.7689233689 -22.046890105 0.822470076438
-119.855 46.5585 -0.00197974866266 0.000427674741875 0.00408694118389 -0.00699077281154 3.58714 3.5484 10.4666826902 4.21406056533 -1.67671729541
-119.06 46.4911 -0.00167957738017 0.000614084086068 0.00477917878382 -0.00148087851298 3.93746 4.35401 6.44606886602 -0.608594666744 -1.3978325472
-118.146 46.5139 -0.000759452456623 6.64446020088e-07 -0.0117101394962 -2.60254083108e-05 6.15856 8.01061 13.1867727426 4.12417924207 -0.682481745295
-117.11 46.485 -0.000474354386956 0.000508271776341 -0.00129909798676 0.000844680790949 3.88925 4.44878 13.4168224131 -2.96925250812 -0.191881041381
-116.209 46.3559 0.00101699030447 0.00110423710233 0.0166134299241 0.00396211564174 2.94765 3.12877 -13.1518567804 -14.1249805681 1.03789054951
-114.188 46.4423 -0.00120174604398 0.00248867679767 -0.0103857095916 0.00195979355249 5.01823 6.49892 -6.62706976627 -28.7786263816 -0.784929780633
-113.493 46.4162 0.0022281591676 0.00233986126768 0.00301542632945 -0.00493458984623 3.9087 5.38592 -0.303868791259 -36.6216697524 2.79107196983
-112.641 46.4246 0.00253510582849 0.00205913388334 0.00325601973032 0.00297171118937 4.08508 4.57986 -7.73473375428 -31.3955614993 2.83786214995
-111.676 46.5336 0.000882645701288 0.00148625481883 -0.00729682453149 0.00069253863526 5.37394 4.89171 4.14908144864 -22.0528510598 1.37780164493
-110.858 46.462 -0.000413893565341 0.00215686873534 0.00215162374511 -0.00348360360938 3.9139 3.8999 8.43593349524 -22.4530630503 0.613321877989
-109.914 46.5663 -0.000423978408207 0.00125470743231 0.00656330764811 -0.00455994830886 3.47823 3.52744 6.31839255533 -12.3125740891 0.16440391589
-123.559 45.9306 -0.00202555432726 -0.00258896768199 0.00829180047798 0.0146258875937 3.68141 3.43198 -9.87181711106 30.5103886957 -1.95958568342
-122.419 45.9325 -0.00515059992339 0.000497229430125 0.0511614488669 -0.013423752246 1.473 1.52531 -3.35646795698 0.452236073452 -5.07171211756
-120.782 45.7664 0.00173724959188 0.00235143999234 -0.00810521971053 0.00203926826422 4.05603 3.82175 -3.1277309354 -31.2665117234 2.02339980516
-119.928 45.8951 -0.000723441706568 0.00110712384761 0.0110818219798 0.0028711217097 3.08452 2.97208 -3.77860910633 -12.3645860313 -0.575085708944
-118.777 45.7971 -0.000449533869022 -0.0021155891336 -0.00412819034436 0.00119213846845 4.43615 4.32669 13.9049310149 26.0180568164 -1.3290386539
-117.909 45.7087 -0.000132434716613 -0.00050406645214 0.000364637163489 -0.0042854536238 4.399 4.06605 13.8599573145 6.35773761398 -0.343508690185
-117.228 45.9734 -0.000339212576661 -0.00201658107518 -0.00730492015077 -0.00749798084047 4.09948 4.35786 27.4911196854 21.8691580914 -1.57395943539
-116.155 45.8883 0.000926395857321 -0.000643231626015 0.0097940310041 0.000610389026615 2.94067 3.08487 -2.47446517093 5.58260416111 0.777827883796
-115.255 45.7565 -0.000283429667971 0.00066968029439 0.00535669938897 0.00328145031958 3.67048 3.66116 -0.735649719876 -7.35730634095 -0.112795270197
-114.332 45.7893 -0.00321031636726 -0.000131494847365 -0.014673638245 0.00511723935344 10.1027 -nan -3.65210574502 10.0291312988 -3.16891263245
-113.37 45.8122 0.00181723147516 -7.64148011376e-07 0.0130593042447 0.00382098825669 3.02016 3.34781 -12.6841595679 -1.45036784934 1.81359992705
-112.493 45.8409 0.00262307205842 0.0011640586874 -0.00642690459356 -0.00246922286012 4.38256 4.28994 4.56972876215 -26.3357241636 2.86734167011
-111.626 45.7843 0.000303235278775 0.00121535585396 0.00526698831932 -1.54512566396e-05 3.80622 3.56234 -3.25334690331 -16.1969785644 0.596621543199
-110.659 45.9054 0.000249153650466 0.00180869488477 0.00176757446333 -0.00565951050552 4.0048 3.96994 11.6221030074 -21.9532767626 1.12424574385
-109.716 45.9046 -7.65063532069e-05 0.00123701333707 -0.00693357665013 0.001294867645 4.95357 4.70297 -0.0704600440075 -14.930108818 0.335739097031
-122.478 45.2059 -0.000343532064385 -2.79498947048e-05 0.0398956228446 -0.00676189289776 2.09062 2.09153 -4.41913872653 0.66979692873 -0.344666880524
-121.317 45.2422 0.000381457681222 0.00126251242717 -0.0221220625861 0.00100359289159 4.72089 5.74553 5.14323446619 -16.0971003338 0.695578736609
-120.635 45.2357 0.00233572394118 0.00418696355696 -0.00448109628889 -0.00246983930694 3.88382 4.92524 15.5977869752 -58.7079887685 3.93400348799
-119.669 45.2664 0.00285365875465 0.00186092260643 0.0123939870651 0.00886644935823 2.83254 2.82218 -10.6836026698 -23.2323115103 2.86803854743
-118.96 45.2904 0.000469817125562 0.000220647700518 -0.00556318629561 -0.00134787668809 4.12875 3.54472 5.93351571743 -4.36759249733 0.514557419395
-117.78 45.2781 2.05865016288e-06 0.000724517970553 0.00339931442043 0.00203008060943 3.65104 3.40753 1.33832659799 -8.78430644053 0.176272689914
-117.12 45.2925 2.38249281316e-05 -0.00016981994594 -0.00214575885746 -0.00200122012741 4.17459 3.96297 12.1822517548 1.79696058641 -0.0509720418714
-116.268 45.3997 -0.00067698456922 -0.00105509857026 -0.000158793361402 -0.00208670953819 4.15638 4.01859 13.713196829 15.7243910243 -1.08785910078
-114.233 45.0931 -0.00082413619381 -0.000620261081868 -0.000606635595548 -0.00475136160509 4.22959 4.46487 5.0846282849 11.0763508324 -0.988430784252
-113.46 45.2432 0.000551136529928 -0.000740217703114 0.00726890221326 -0.00861420851839 3.16568 3.29938 6.23282110525 6.11474483517 0.230802194471
-112.489 45.166 0.00136310374041 0.00159855022043 -0.00174419938429 -0.00134905044972 4.32916 4.27043 1.48116478009 -25.0531481993 1.79379598961
-111.805 45.2285 0.000545836420239 0.00168854987945 -0.00187841396799 9.20528666036e-05 4.61157 4.36673 0.904510203757 -22.9564347802 1.04553482622
-110.74 45.3212 -0.000605990451987 0.00197260070208 0.000642758344888 0.00839889798136 4.61689 4.5698 -14.7052326361 -25.1414306904 -0.484829009204
-109.563 45.3171 -0.000128077391818 0.0024251609103 -0.00624380353242 0.00766043420243 4.79016 4.96976 -9.15970622449 -30.9955427472 0.295173811791
-122.186 44.6837 0.00117541879673 0.00162538588962 0.00629675728278 0.0335471129452 3.15278 3.15099 -29.4302255439 -13.5367518987 0.535194651056
-121.227 44.6473 -0.000675952615992 0.000348186874074 0.000332493793635 0.00216693658545 3.50465 3.53191 0.172628963077 -2.77307472714 -0.606002698636
-120.335 44.7344 0.00017949041924 0.00126169597122 0.00137222650435 -0.00971542444675 3.23093 3.57863 14.4838724186 -15.0016335831 0.694265014864
-119.565 44.5913 0.00173793224114 0.00378470870144 -0.00294373224964 -0.00818573756471 4.11197 4.41222 16.506118637 -51.4156962907 3.28732514592
-118.67 44.5191 0.00164500690021 0.00238780823525 -0.000409826601846 0.00228371456392 4.45467 4.58186 -7.79415007517 -30.9762031364 1.79987178536
-117.664 44.6653 0.000749728985475 0.00100259893438 -0.00111668885372 -0.000785618517578 4.42553 4.15966 0.752874846971 -14.3458544214 0.958525659957
-116.747 44.589 0.00049718385163 0.000400535667292 0.00267111180341 -4.90633370849e-05 4.03365 3.7307 5.01932183142 -6.73308515622 0.597070653248
-116.013 44.7035 -0.000778766635429 7.9434363013e-05 -0.00167657093694 -0.00552697093703 4.18637 3.93052 16.3950793165 4.06631305065 -0.633881173603
-114.855 44.5494 -0.0013799968605 -0.00055336207229 -0.00607225142104 0.00326719177227 5.16405 5.84472 2.36065954538 11.8440781174 -1.48127150175
-114.255 44.5642 -0.000268558333226 -0.000567276902285 0.00705395265934 0.00226794837786 3.3171 3.4494 -2.09216756427 7.82874509925 -0.388664315322
-113.367 44.6165 -0.000264678552613 -0.000247107936522 -0.00226761497103 0.00434447731406 4.0777 4.21149 -0.306771368104 3.96232065193 -0.320902531667
-112.644 44.6173 0.000103956349617 9.05671423226e-06 0.000793310514581 0.0106998630153 4.26089 4.66946 -16.7047851384 -0.107717633878 0.103892842435
-111.248 44.7038 -0.000516341360104 0.00188540790773 -0.00446440986994 0.00170869295395 5.04381 5.12095 -2.11577999638 -21.8488919331 0.00169263911589
-110.576 44.3951 -0.000842219390693 0.00293395222351 -0.00231977952801 0.00120328016079 4.30968 4.2821 -0.521082738449 -33.2855231455 0.0712373149517
-121.268 44.1626 6.58152754859e-05 0.00219325313097 0.0111021980008 -0.0131100829749 2.9154 2.83996 7.11144743325 -25.9427515134 0.691056807336
-120.211 43.9437 -0.00101609871656 0.000942784438907 0.000960432776355 0.000733262427158 3.81566 3.89047 -4.09891543611 -10.2147956002 -0.90963060061
-119.504 44.082 0.000647022415048 0.00208785076728 -0.00716778721266 0.00315814724572 7.27326 -nan -15.2094296566 -25.1479844502 0.48477281842
-118.569 43.9104 0.0018375796074 0.000910612341654 -0.00354649587501 0.00133605868205 4.49401 5.45571 -10.9775058283 -11.5232839752 1.84482326236
-117.741 43.9733 0.00125614013095 0.003525876579 0.00239862276709 0.00950077428543 3.65272 3.93569 -13.0574878061 -43.8598325069 1.19611696445
-116.803 44.086 0.000593418968831 0.00078891870479 0.00624255204533 0.000174573307135 3.54469 3.44503 -0.91359141815 -11.2599801347 0.743666126509
-115.958 43.9121 0.000312321618979 0.00136949069456 -0.00413177998142 0.000746555975484 4.91952 4.66195 5.25066976201 -17.6883784555 0.734172472267
-115.133 43.7945 -0.000555605850947 0.000424445233096 -0.00597900823192 -0.000671681870357 5.30175 5.31418 15.6882608661 -1.19106065958 -0.272498568788
-114.117 43.9146 -0.000469679035267 -0.00107163668016 0.00159896919778 0.00193030483919 4.13154 4.11993 5.05753605981 14.9453656875 -0.806286384376
-113.452 43.9286 -0.000515367127756 -0.00108298750905 0.000737498642887 0.0024237163475 3.91831 3.87601 0.52979362694 15.2003990017 -0.792183869391
-112.485 43.9997 -0.000769331511643 -0.000502257133541 0.000328029345529 -0.00765120148033 3.64071 3.58582 15.8363319709 10.7733856722 -0.918582761082
-111.487 43.8756 -0.00216730047164 0.00149118140839 -9.0306843481e-05 -0.00510307067864 4.09072 4.62133 3.79532462659 -8.18779851287 -1.50092204895
-110.576 43.92 -0.000589608534157 0.00358953184976 -0.000295390062171 -0.0125791120734 3.30553 3.68158 19.6524048518 -32.663500088 1.70577082226
-109.817 43.7013 0.00157060203727 0.00113526546178 -0.00492553797527 -0.0138075180394 3.79796 4.04284 18.5946785154 -24.2974146622 1.93771506915
-120.153 43.2515 -0.000242970112076 0.000819377971406 -0.0187572150981 0.00919846042429 5.90592 6.56998 -35.8817740574 -10.4073769222 -0.576160520201
-119.311 43.3736 0.000366567285781 0.000970583583342 -0.0075648040545 0.0358671893198 4.22714 4.57079 -33.0230916545 -9.40788884907 -0.0299946823611
-118.474 43.358 -0.00155367216001 0.00030028770201 0.00829382732249 -0.000703682743376 3.47515 3.41353 -2.67198394185 -0.800030963846 -1.49115163926
-117.754 43.3471 -0.000233352992143 -0.000804054887896 -0.00842526522305 -0.0248937573908 3.66432 4.18751 28.0362599778 9.60818600635 -0.694424160417
-116.767 43.4275 0.00176746506475 0.000733706933129 0.00572384878311 0.00506303744457 3.6457 3.81323 -4.79441756116 -12.1875301423 1.85067560181
-115.828 43.4151 -0.000260841321864 0.000917372752277 -0.00243684216426 0.00843705155574 4.69698 4.93959 -16.1439597724 -11.7831330425 -0.306052267579
-115.098 43.25 0.000362842629765 9.29055112594e-05 0.00290062351498 -0.000746680532264 3.82794 3.94424 9.88383506079 -2.94027130557 0.36962076011
-114.174 43.3979 -5.83963927257e-06 -0.000652961245354 -0.0039641175034 -0.00312966816279 4.22094 4.0332 13.7288910016 7.40199580699 -0.314552009853
-113.518 43.3234 -0.000967913130494 -0.000589406473846 0.00499583005681 -0.00523829950724 3.32987 3.18856 8.90934731401 11.9829922752 -1.12380943161
-112.433 43.3998 -0.00162067134254 3.23698134052e-05 0.00484660062299 -0.00195277497092 3.5963 3.64937 5.30765800572 7.20342047131 -1.4990947521
-110.712 43.3629 -0.00186643840481 0.00153925701533 -0.0525470195874 0.0228862262893 26.7415 -nan -95.8708313336 -27.910529866 -1.87732972375
-110.02 43.2112 0.00297305457484 0.00097469796261 0.0174042481319 0.00433503930728 3.20687 3.81455 -4.09131854956 -21.6584434247 3.11904824728
-119.247 42.6912 0.000141869486758 -0.0014428789701 0.00021737438539 -0.00924603266806 3.78817 3.9802 9.02487449881 16.3142559345 -0.347465561194
-118.486 42.7308 0.000237297380702 0.00108610870953 0.00938290736342 -0.00267196076548 2.75664 2.8384 -0.176500706368 -13.87635442 0.437529464128
-117.725 42.6996 0.00110735167237 -0.00231297623963 0.0026896517065 -0.00172471430022 3.49787 3.6001 2.9273498579 24.617925255 0.492809774182
-116.87 42.7779 0.000539490931067 3.53642818591e-05 -0.0107313215291 -0.00600123452539 5.09343 4.89178 21.4840537405 -4.14947568471 0.468330594867
-116.032 42.7713 0.000951819351902 -9.54820643101e-06 0.00499214783089 -0.00496794567901 3.45827 3.46004 10.5150305837 -4.67869382922 0.869879313975
-114.903 42.636 0.00079598689201 0.000682959701465 0.00193682029366 0.00031937000332 3.81487 3.67569 6.83385474804 -11.7320099449 0.984686082418
-114.084 42.6493 8.00517691604e-05 0.000113379488129 0.00101631921848 -0.00112216643582 4.08102 3.82126 9.78195040687 -1.74834061513 0.119326950986
-113.176 42.5452 -0.000639061637233 1.87863139467e-05 -0.00191290283868 0.00339775735181 4.98136 4.70602 1.8858465112 2.15510818041 -0.606307321258
-112.531 42.6852 -0.00186590527073 -0.000388275337528 -0.0039325068758 0.00831288514935 5.76733 5.54535 -10.234559071 7.22754671073 -1.89363350925
-111.588 42.8321 -0.00267027151516 -0.00123583968659 -0.00369036514965 0.00671300369349 5.11092 5.66015 -2.46158395836 23.9579591522 -2.88832890624
-110.92 42.7507 -0.000486110339057 -0.00403606641434 0.00210308906646 0.00874370965229 3.66511 4.50048 -14.2281771783 53.0468819492 -0.665396021731
-110.042 42.6372 -0.000399491487637 -0.000769474485315 0.00473310999963 0.00192048007599 3.56916 4.05369 -11.9833046364 10.5774786557 -0.470586219255
-108.847 42.8247 0.00144632899983 -8.94604234382e-05 -0.000828701533909 0.00696201366001 4.20537 4.40744 -4.69060826577 -3.41296628837 1.38337302739
-108.342 42.6579 0.00133469128937 -0.00059190959347 0.000988607260182 0.013682676677 4.53595 4.48871 -14.5489854461 6.53253492354 1.28723962536
-119.34 42.0187 -0.00040887598301 -0.00108715774183 -0.00245187980095 -0.00177731081165 3.93883 3.93608 5.90962192235 14.393452334 -0.693277627518
-118.344 42.1901 0.000915302535557 -0.000653873276954 0.00235302235361 0.0059233410107 3.33218 3.62369 -6.15978596353 7.20220581193 0.857959353928
-117.667 42.0192 0.0023176981835 0.000447780972566 0.00452851322851 0.00711963859296 3.29498 3.27972 -10.9892087562 -5.80428292867 2.32037354414
-116.471 42.0773 -0.000213395420887 -7.53630921489e-05 -0.000880080624547 -0.0037245727249 3.88114 3.46986 4.18025169652 1.67921210012 -0.22599516056
-115.754 42.1669 -0.00231240363162 0.000680909208852 -0.00206145987199 -0.00260749231431 4.24363 4.20671 16.7146756117 6.95690373248 -1.67663261163
-115.016 42.146 0.000772973963435 0.00117407568814 0.00343751734447 -0.0019606439014 3.88471 4.24372 6.88252359189 -17.4933275832 1.13129610535
-113.944 42.0886 0.000237232467945 0.000659960449489 -0.0028753462213 0.00107057705439 4.65916 4.27975 6.47016446934 -9.02217420455 0.454257494707
-113.24 42.0343 -0.000754349401102 -0.0003093137315 -0.000518630567829 0.00212651137387 4.78578 4.645 2.22894071476 6.65429463324 -0.811644217959
-112.386 42.0041 -0.000519733366924 -0.000530886468619 0.00132079728046 -0.00325376392578 4.46619 4.44412 7.12647902548 8.95084319954 -0.682819867181
-111.432 42.0149 -0.00029068759965 -0.00139188236936 -0.00128590024151 -0.00400444417815 4.78962 4.28485 13.6231576433 17.6894509342 -0.940933314209
-110.873 42.0995 -0.00161533169183 -0.00168231670577 -0.00275441339915 -0.00575192938158 4.16399 3.70389 12.6211476225 29.5734119432 -2.22973520882
-110.036 41.9243 -0.00208510326028 -1.5446198091e-05 0.00422229771165 0.00146081143266 3.34252 3.47448 -7.83241958995 4.60638421222 -2.06062506872
-109.357 42.1012 -2.19859104884e-05 -0.00103834812349 0.000538956147998 0.00319478310759 3.60927 3.70216 -1.44602680388 13.2710426736 -0.311442244452
-108.34 42.0073 0.000111208636576 0.00043817657889 -0.00491670592243 -0.00707720489171 4.23824 4.15404 7.19123627733 -5.90003789166 0.289834835085
-107.369 41.9641 0.000104557609061 0.0012791762391 0.00522405918508 0.00613583182049 3.87313 4.12998 -10.8163538468 -17.1506327832 0.289988682465
-106.434 42.031 0.000268775417646 0.000751009100036 -0.0058754584103 0.00477152218001 4.50305 4.7194 -3.85581866088 -10.7170941153 0.467021002594
-119.171 41.3884 -0.000240353452499 0.000597673640669 -0.00764981273252 -0.00281958544411 4.228 4.3351 10.154174955 -5.95849744876 -0.0197431090676
-117.45 41.423 0.000816691537807 0.000612806185544 0.00207182906999 -0.00116339052556 3.57347 3.79704 -5.63102294688 -8.69001417033 0.872722511002
-116.54 41.522 -0.000132776040001 0.00239818113045 0.00213449043798 0.00423621886304 3.59987 3.42537 -9.25054736877 -30.2740276782 -0.0197656235416
-115.791 41.4311 -0.000709814585629 0.00125453567947 3.96718317606e-05 -0.000259747729062 3.55856 4.00187 3.34320284938 -12.9110083343 -0.341455006852
-114.915 41.4157 0.00102985827371 0.000301521857871 -0.000391227703228 0.00173203093108 4.40728 4.8882 -0.555728046686 -6.63192106733 1.07075406263
-114.165 41.3602 0.00155994629357 0.00106416276172 0.00118306811879 -0.00169860834326 4.53703 4.95606 10.8054749328 -20.7694184602 1.86038908978
-113.347 41.503 0.000381650431502 -0.000454860215262 -0.00431683665878 -0.00299905830951 4.94255 4.65053 9.70852272571 3.36462297766 0.163541873474
-112.448 41.4632 -0.000942896704468 -0.00136179432835 0.00155061807146 0.00109668979349 4.42434 4.6904 4.57676650181 20.790269141 -1.34404512232
-111.63 41.3146 -0.000919528527449 -0.00133855438552 0.00254985763072 -0.00506835285508 3.57144 3.59658 17.6302728967 21.2268174578 -1.50172827717
-110.666 41.4729 -0.00259155379086 -0.000955854424042 -0.00193692266904 -0.00286992251309 4.10078 3.89309 13.7281175473 27.9427486232 -2.72179431861
-110.067 41.4272 -0.00257283981977 -0.000607103200315 -0.000732666609628 -0.00137569430464 4.10316 4.57103 8.42822527508 21.7050401368 -2.5864744255
-109.157 41.5047 0.000230138434278 0.000279571790063 0.00731872640726 -0.00628870951655 3.38589 3.54168 2.17154600891 -4.5209552111 0.310899690925
-108.187 41.4906 -0.000516672625273 0.000291896828798 -0.00691849369991 -0.00558079863096 4.62661 4.79817 13.4217723287 0.309818880805 -0.286145853458
-107.364 41.6067 -0.000227741664074 -5.70372592349e-05 0.00146140041642 -0.00440794140823 4.24549 4.95647 -2.24940511058 1.61235334205 -0.234515165138
-106.596 41.4033 0.000613196612601 -0.00175763458375 0.000989593570705 -0.00340386498087 3.91889 4.03812 1.35839259509 19.1826665435 -0.0532674400835
-119.835 40.7484 -0.00119222439465 -0.000444607436821 0.010641903386 0.00715741293782 3.54759 3.74866 -4.8493245399 6.64611737091 -1.22299026583
-118.971 40.7797 0.00106508761272 -0.000351403202862 -0.00573334223267 -0.00317463330578 5.76025 6.64086 14.237341292 -1.43299713404 0.828333058038
-118.134 40.7811 9.56850752922e-05 -0.000498427727022 -0.00394158542144 -0.0022053622795 4.32112 4.27642 2.77180113455 5.81584634988 -0.0211798555123
-117.524 40.852 -0.0022068533126 -0.0013456812583 0.00568661130727 0.000696705575752 2.90573 2.88185 -5.34041133406 19.6005137016 -2.32784403013
-116.508 40.7186 -0.000422310167647 0.000234317555321 0.00335561147237 -0.00341139474208 3.34134 3.70827 -4.96197266087 -2.33233357312 -0.392289613571
-115.736 40.8167 0.000417475759957 -0.00143153982202 -0.00483199044441 0.00171424738589 4.70113 5.19985 -10.9755506935 18.1369620624 0.386261929907
-115.039 40.8522 0.000533886891295 0.000262139324639 0.00206062163722 0.000168667070464 4.1184 4.31995 -3.0184009281 -4.46514273995 0.570499987145
-114.204 40.8556 0.00123805801078 -0.000411217320069 0.0021040312508 -0.000104858655659 4.3208 4.77432 -3.41055890702 2.46189149532 1.14841020863
-113.187 40.8513 0.00138083306051 3.32767319124e-05 -0.00778257930894 -0.000578051202201 5.26527 5.07305 7.16544841919 -6.89588946215 1.29880759593
-112.52 40.8903 -7.42678603595e-05 -0.00180980832301 0.00764142938988 -0.00365714293313 3.45843 3.10532 7.39311570924 22.1987727532 -0.747376610992
-111.437 40.8869 -0.000883100126344 -0.00139928762247 0.00134998444078 0.00260856688624 4.4881 3.86662 0.90797494262 20.8508149857 -1.24127331046
-110.834 40.9425 -0.0018510873287 -0.000319943145616 -0.0119256759104 0.0037018060797 6.60181 6.2219 9.22827112753 14.1562989169 -1.81151043521
-109.673 40.9763 -0.00261749255186 -0.000537174170895 0.00976911421816 0.00287569614072 3.27227 3.42467 -7.72892305036 12.5127771713 -2.66952917395
-109.177 40.8936 -0.00126921001415 -1.04391961266e-05 0.000807641818836 0.00420626308998 3.89785 5.18122 -14.9456864935 0.796262036011 -1.26865139721
-108.263 40.8338 0.00083218121236 -0.00077483969125 -0.00272378367276 0.00642000559527 4.49296 4.84605 -10.5885890679 8.861147151 0.727356365455
-107.52 40.76 0.00114474614844 0.000307576359082 0.00275449450088 0.00253011600643 4.05785 4.30122 -8.25469718775 -6.77293807955 1.18104108033
-106.454 40.8023 0.00042075189064 -0.00109815672937 -0.0061434431266 0.0021237449455 4.46007 4.43759 1.09852849277 11.9242213457 0.0119350162934
-119.827 40.165 -0.000363876908414 -0.00116003872788 -0.00251371501013 -0.00830417113466 4.05751 4.20067 15.2465707387 14.9985716669 -0.809020239716
-118.877 40.1614 -0.00056978650273 -0.00116140737326 -0.00289127090809 0.00471816748489 4.57321 4.66595 -7.44452365442 14.7952378948 -0.615271123612
-117.19 40.1697 -0.000447687296966 -0.000639775565843 0.000528428513364 -0.000815832425424 3.84622 3.7674 -0.053991848825 9.01217710001 -0.56004811451
-116.5 40.2917 -0.000163027087674 -0.00136526388071 0.00050343632608 0.00610240765228 3.67103 3.97452 -14.1842012858 17.2229089651 -0.0974514060563
-115.657 40.1313 -0.000183904399404 0.00101213093262 0.00371114640448 0.00439168466018 3.60406 3.7406 -13.6104755398 -12.9931510889 -0.212804093982
-114.745 40.2679 0.0011475812013 -0.000713618005372 0.000914372747714 -0.000564385183132 4.33112 4.68455 -3.42580420983 6.67623161799 1.01776047613
-113.981 40.1314 0.0015500496429 -0.00179308553848 -0.00305775006995 0.00246906409413 4.77636 4.8719 -11.2697982456 22.4785973846 1.48945129374
-112.469 40.2807 0.000134964165648 0.000538322446949 0.00252006757377 0.00200022557661 4.1275 3.75039 3.1173659031 -7.22215785688 0.290423996446
-111.502 40.2067 -0.00156518682735 0.000852891970466 -0.00497923759875 0.00587172159516 5.12867 4.39616 -0.227849763547 -5.56536582802 -1.29502503618
-110.738 40.1948 -0.00255397045378 -0.000172853540172 0.000819187271072 0.00203633258558 4.57265 4.60472 2.31334713127 12.5298680023 -2.48317522823
-110.008 40.2655 -0.000894228155139 -0.00118556728167 -0.0013223194221 -0.00125650096338 4.39991 4.92343 9.01266625416 19.242883398 -1.31411305416
-109.124 40.2982 0.000108251181869 -0.00146178918937 0.00427989811153 0.00436158324374 3.90253 4.07726 -7.53578647806 18.9618468011 -0.131038693114
-108.242 40.1348 -0.000594243325214 -0.000962015937887 -0.0035703781069 0.0017044260137 4.55528 4.62364 0.909068163399 14.7307130447 -0.867548819361
-107.47 40.2149 -0.000410463328225 -0.00108580611348 0.00194939582478 0.00352645239405 4.00156 4.32571 -7.65019269581 15.3606710266 -0.601285900634
-119.898 39.6785 -0.00079960830027 -0.000976799870339 -0.00429425103448 0.00347199362673 4.43834 4.32986 -4.43735511042 12.8636626772 -0.871818733344
-118.889 39.5399 -0.000856347779559 -0.000770629967322 -0.00503545033679 -0.00138129750731 5.03654 5.09067 3.21210797257 11.7608315719 -1.00443417433
-118.08 39.6946 -0.000230253731321 -3.15332957845e-05 0.00422384479864 -0.00142694788669 3.66838 3.64359 3.76634042567 1.07819669231 -0.231112725036
-117.14 39.5516 -0.000237117084086 8.88986969484e-05 -0.00126953475616 0.00121927179016 4.20392 4.13198 -1.06459992194 -0.609277287121 -0.218970092772
-116.464 39.6202 -0.0014727157929 -0.000671383968035 0.00143520292633 -0.00380438071231 3.91762 3.89641 4.18501936104 13.1952805005 -1.59791804345
-115.754 39.553 0.000505484587178 -0.00207434993314 -0.0105134570309 0.00228641299181 4.76143 4.70126 3.42353317285 23.9233785705 -0.0509502330214
-114.908 39.4731 0.00321513385163 -0.00189522080438 0.00354296063131 -0.00253948025632 4.51923 4.31297 -6.36607955239 20.0335244951 3.00576427369
-114.016 39.455 0.000752945792223 -0.000328347895408 -0.0054800579306 0.00257190795431 4.72338 3.86569 -7.06538859376 3.24598160008 0.716151224367
-113.069 39.5906 -0.000866213737501 0.000491825275268 0.00136393976919 0.00175703998577 3.79279 3.5124 -3.61501978611 -4.35047553534 -0.768037276264
-112.279 39.5708 -0.00150399256775 0.00231144051 0.00532442118751 -0.0005889410139 3.3928 3.49166 1.84418797165 -23.6294093186 -0.809016570498
-111.66 39.6092 -0.000380011770716 0.00169938710432 -0.00370308923307 -0.00511738398238 4.20375 4.56856 20.1802421951 -15.4648058046 0.657880008041
-110.74 39.473 0.000618913049492 -0.00032605561061 -0.00172182567508 -0.00374225001752 4.33638 4.28501 12.161003496 0.0624048820976 0.399489908984
-110.246 39.6279 -0.00059046585973 -0.0017690330539 0.000734785393613 -0.00269735141184 4.07403 3.80181 10.1750752313 24.4840735909 -1.30294548293
-108.981 39.6333 -0.000135522133917 -0.000590968526119 0.000237705689049 -0.00492897795317 3.98786 3.89656 12.6666016342 7.76082154399 -0.407485231901
-108.391 39.4998 0.000146362056993 -0.000326515167296 -0.0015504992187 -0.003352769683 3.89143 3.78789 11.4687056123 2.90890401957 -0.0271162149069
-107.449 39.524 -0.000328049926639 -0.000574529699885 -0.00131584441654 -0.000204707403435 3.88109 3.71852 8.01155878194 8.89167534119 -0.545229823266
-118.808 38.9383 -0.00138401327378 -0.00127893825727 0.000735115752767 -0.00114504650322 3.82602 3.88335 1.71681262782 19.0410740779 -1.60218201728
-117.932 38.8606 -0.0012706114434 -0.000521766757658 0.000384789549076 -0.00064546601268 3.86343 4.27156 2.82011841862 9.92774300851 -1.35400109471
-117.182 38.834 0.000693956600514 -0.00125997817709 0.00132798456263 -0.00215491554044 3.78828 4.18627 10.0385829649 11.9125544371 0.212168997286
-116.4 38.8247 -0.000164606758095 -0.00112525161414 0.000108007278239 -0.000264412092441 4.15268 5.18305 -3.64634555772 14.4887403963 -0.304563086049
-115.654 38.8455 -0.000236184108429 0.00725816708232 -0.001704327112 -0.0204465324296 3.07257 5.08176 30.2789545914 -67.4252150986 4.6485973063
-114.83 39.04 0.00169544472788 -0.000984494289406 -0.00123997910044 0.00611856925624 4.83489 4.17939 -14.9236974498 13.7483721775 1.74260703974
-114.02 38.9551 6.95308669786e-05 0.00115519122428 -0.00207695795162 -0.00163109597655 4.03368 3.67177 1.65335738327 -14.7122225906 0.351560033368
-113.277 38.9882 -0.00145671553809 0.000949210304498 0.0033011456028 -0.00276405620053 3.30492 3.2563 2.00443686754 -6.96835738417 -1.15829842354
-112.379 38.9995 -0.00101663046901 0.00105265457178 0.00518056270802 -0.00268355565679 3.30237 3.49246 2.7992011738 -9.39980773267 -0.673886986182
-111.172 38.9176 0.000774305641087 -0.00247734395982 -0.00669444157406 -0.00691979488139 3.91363 3.9637 28.8363306048 16.6846016347 -1.14193474685
-110.133 39.1025 -0.000479144087552 -0.000149842261209 -0.0021861443222 -0.000426799500203 4.55657 3.98116 1.50462487707 3.75808510067 -0.502016990142
-109.263 38.9553 -0.000822370341217 -0.000467506541092 0.00582797149012 -0.00407875581204 3.62959 3.57699 5.8734922311 9.88316253855 -0.937466719026
-108.296 38.9541 -0.000657351241642 -0.000779863546563 -0.00265233375788 -0.00583176149646 4.01134 3.85528 11.2679878771 13.3861914461 -0.946894683982
-107.574 38.8347 -0.00252893557132 -0.000432655658641 -0.00431894511583 -0.00789568847419 3.91648 4.0333 23.7531660798 26.785104623 -2.19194384565
-106.91 38.8627 -0.00128477615961 0.000407756587019 -0.000551830134318 -0.0066410724719 3.94093 4.3111 16.2607463759 5.16742900019 -0.836066355708
-119.451 38.5226 -0.000474361770956 -0.000317485388838 0.000581286290184 0.00474846034374 3.9333 3.85422 -5.09194956529 4.32502846434 -0.493180580874
-118.106 38.3489 -0.000728970925706 -0.000668102730951 0.00625446933261 -0.00498369110238 3.31072 3.33371 2.92073166709 10.1998478087 -0.855489220214
-117.072 38.2397 0.000426180650877 -0.00144527904445 -0.00116999247456 -0.00360000176365 4.5929 4.55781 9.9193028709 15.3822732859 -0.0953397525492
-116.302 38.2886 0.000541159747233 -0.000638367580868 -0.00790084273472 0.00746885309246 7.34568 6.13496 -5.72438986078 7.51956705575 0.483944494535
-115.585 38.3489 -0.000140084595458 -0.00179524786452 0.000624017064454 0.0122765932949 4.241 4.67685 -11.566223414 23.0081088871 -0.128732330443
-114.608 38.3281 -0.000465305253246 0.00118514495271 0.00352238946517 -0.00490868509258 3.24962 3.37207 3.11468950196 -13.2230507264 -0.142984110488
-113.969 38.1802 -0.000605339330731 0.000726289596999 -0.000981468596413 0.0031128397945 3.61756 3.6674 1.54845557515 -7.27325359228 -0.414688800536
-113.021 38.2987 -0.000738416737717 0.00112588256377 -0.00439075465368 0.000867259542989 3.88919 4.65838 2.52080979052 -11.5786425944 -0.410842739834
-112.277 38.2108 0.00312867945596 0.000210066292878 0.0126294180534 0.00496001910168 2.51918 2.54822 -11.4341668543 -4.19961239697 3.13414465784
-111.483 38.2843 -1.54156227379e-05 0.000832628723401 -0.00254080033705 -0.000384813022787 4.38615 3.19598 1.83832759694 -10.4937017936 0.213313175519
-110.711 38.4187 -0.00217628794018 3.91150946416e-05 -0.016410164148 0.00368313702579 16.3075 8.74828 32.5241972677 20.7896334764 -1.44941599832
-109.894 38.3862 -0.00086089604102 0.00147640914963 0.0103515243816 0.0131839239809 3.86925 4.06985 -24.7187193088 -21.2574316526 -1.09147584679
-109.261 38.2916 -0.000414722422177 0.000347131851591 0.00739269430046 0.00187045334285 3.30541 3.33125 -4.83975835711 -3.51206159047 -0.341955935117
-108.379 38.1888 7.1635002676e-05 4.24351379266e-05 -0.00509044198301 0.0047402142207 4.37057 4.12622 -5.1285405961 -0.745828212293 0.0784939428576
-107.55 38.3685 -0.00137498145344 -0.00125611521703 0.00296194565447 0.00235166211544 3.76923 3.66405 -3.42939105318 20.8472693426 -1.6315841108
-106.756 38.2289 -0.00102229517052 -0.00137772660066 -0.00603556835045 -0.00282823770119 4.34862 4.57279 10.538683648 23.0304180566 -1.55043369829
-117.225 37.7243 -2.04489418777e-06 -3.96637219526e-05 -0.00178626367905 0.00591222494302 4.50142 4.20248 -6.7164443006 0.504170386662 -0.00418104796907
-116.595 37.923 -0.000386116728354 0.00014920915486 -0.0109355065922 0.000688260032364 6.96309 5.7291 12.1454252794 0.123201020034 -0.299792784981
-115.747 37.6444 -0.0011305137614 0.00101268521395 0.00966165130227 -0.0053828956789 3.38096 3.14301 9.05268063195 -7.30147749985 -0.720161589501
-114.849 37.6083 -0.000114968910018 -0.000384963127309 -0.00871561852445 0.00301666145464 4.8953 5.23357 -3.38225741028 5.12487390454 -0.167303792177
-113.86 37.5808 -0.000258839213533 -0.00121316857405 0.00289177459168 -0.0112072448935 3.01517 3.05615 27.697845252 14.2677124456 -0.974443582622
-113.168 37.7601 -0.00105141362124 -0.000385663146011 -0.00233609277603 -0.00456337214309 4.02793 4.36993 7.86911181513 9.50873830528 -1.11989568616
-112.363 37.6761 -0.000786272635192 -0.000670001962428 -0.00125004098556 0.00156143465691 4.33821 4.73637 -11.4370033638 9.08645752186 -0.80562243391
-111.596 37.7222 0.00107849052234 0.00523268730457 0.0123080514304 0.00696124567108 3.20895 3.19947 -40.685006867 -54.996913 -1.41446901119
-110.802 37.6354 -0.00112243664139 0.000657928339448 -0.0189225501782 0.00371403245109 8.52524 8.19034 1.00611551856 -4.50912867655 -0.910439233954
-109.995 37.6903 -0.000819186672922 0.000770109460243 -0.0140201626165 0.00338187394648 5.9022 9.01019 0.788530050223 -6.94226544256 -0.581769008729
-109.137 37.7459 0.0026514413012 0.000655174557606 0.0165896472551 0.013976742251 2.95526 3.19113 -18.4251001116 -6.93386811118 2.61422189025
-107.792 37.662 -2.95270371635e-05 -4.51077105909e-05 -0.00286492814546 0.00679666318281 4.35922 4.1718 -9.89593731775 0.650553735677 -0.0344624335691
-115.22 37.2408 -0.000279389508422 0.000833975547985 0.0109440517922 0.00989380139217 3.1341 3.2445 -9.46207132433 -10.644166771 -0.257845489262
-114.715 36.7256 0.0013242445103 -0.00119106277565 0.0234671723168 0.00594372700479 2.45768 2.44831 -2.54407881693 12.7086747277 1.13398605774
-113.907 37.0195 0.000819790695616 -0.000477197642028 -0.00120738423169 0.000471905658205 4.44921 3.65723 -1.07317163051 4.12702896219 0.717513249044
-113.084 37.0615 -0.00332444470447 -0.00133443336116 -0.0106949241528 0.0018159930103 14.2833 8.62983 5.31510739695 29.7713425257 -3.57241553348
-112.382 37.0183 -0.000695572876263 -0.000518521951565 0.00326310836021 0.000396542504638 4.1663 4.51489 0.687381800561 8.74649495974 -0.79713426162
-111.506 36.9839 -0.000196217143943 -0.000787169778713 0.00144502033703 -0.00323353469687 3.41319 3.75503 0.883126700289 10.7140870732 -0.383858420754
-110.804 36.9969 -0.000256421440227 0.00111603146597 0.00544918070901 -0.00339265631036 3.58725 3.52965 5.00367550699 -12.9112930086 0.118203261118
-109.874 37.1364 -0.00153445679777 -0.002173160776 -0.00913072700648 -0.0161177945815 4.1742 5.48563 38.9079564187 33.705605996 -2.65964825753
-109.025 36.8299 0.0018651214127 -0.00104926310048 0.0161059567529 -0.00769501109591 3.13375 3.28097 2.58373176184 5.84582039886 1.45998470861
-116.33 36.4193 -0.000866719578142 0.000462433748045 -0.0112692696684 -0.00542117337164 4.95161 6.53904 11.2834820098 -1.52878300271 -0.642167092608
-115.383 36.423 0.000484494009089 0.0010662983343 -0.00731342640501 -0.00647606438964 4.45704 6.74554 20.9297879732 -14.9763536274 0.968733515248
-114.539 36.4321 0.00120751667717 -7.35067897167e-05 0.0129907354373 3.90202146322e-05 2.92149 2.90276 8.16416002758 -4.2372840985 1.11642723746
-113.965 36.4151 0.000274657582042 0.00128283623475 -0.00574733058808 0.0130950420854 4.01034 3.87187 -42.2139366694 -12.495772259 -0.421661501865
-113.18 36.4182 -0.000223723644507 0.000297729721435 -0.00261509687832 0.00727425282182 4.69489 4.42302 -5.92453202082 -3.566450811 -0.191446707338
-112.291 36.428 -0.00111236974628 -0.00112906613208 0.00259983615776 -0.00442958389547 3.72941 3.8679 12.0761176853 19.5926064289 -1.48140660578
-111.13 36.1428 -0.000911708593697 -0.000782648380072 0.00200910378766 -0.0020021728831 4.19918 4.81611 1.38033171904 13.0837381557 -1.07909270574
-110.662 36.5996 -0.000803232808361 0.000453373384421 0.00312625710618 -0.000604998055697 4.20764 4.62632 1.1943471883 -3.06995788759 -0.659216194189
-109.87 36.4199 -0.000615784825885 -0.000925523850786 -0.0144432044355 0.00388328518597 6.57285 11.1069 9.24497393943 14.6219063058 -0.93321533006
-115.43 35.8384 0.00177817980231 -0.00136452752223 0.00376915416245 -0.00872816727714 4.2567 3.93541 17.1304836221 5.13626059118 0.955679812775
-114.851 35.7266 0.000992421028176 -4.56542621959e-05 -0.017253493124 0.00837843446793 8.12942 5.45991 -1.32987845163 -1.45362766782 0.972620957194
-113.984 35.8522 0.000189855545189 0.00135009304394 0.00342621828096 -0.000119820483118 3.96031 3.73029 -3.0615004379 -17.7470747881 0.376510606098
-113.105 35.6339 0.000639528153245 0.00283110969364 0.00647298143873 -0.00784128407764 3.31754 3.21334 13.8890426033 -37.0878740336 1.79406418221
-112.173 35.8191 -9.40080289056e-05 0.000526034403672 0.00103642800567 -0.0001217161769 4.10243 3.90364 3.34971415245 -6.34173029509 0.0512197747847
-109.933 35.7113 -0.000113393809842 -0.00221169969327 -0.0050850624968 0.00199677857667 4.6056 4.41996 0.7590271443 29.0231850273 -0.664212070368
-109.046 35.7147 0.000253952055346 -0.000212242061821 0.00294281549019 -0.00266539766613 3.65578 3.5541 7.21439443986 1.39779011678 0.158015587652
-114.87 35.301 0.000454487562268 0.00194484327278 -0.0218925192681 -0.0181970189977 5.48839 4.67894 25.4936574186 -23.881717075 1.50465809679
-113.885 35.099 -0.00172151125425 0.00208521698639 0.0056720772069 -0.0170933922976 2.92983 3.18069 28.0872407018 -7.08840690085 -0.0320970004927
-113.083 35.2127 0.000618259699264 0.0024772132419 0.0058553447465 -0.00222384944659 3.77229 4.74203 7.95400914814 -33.3321720915 1.40275313767
-112.267 35.1787 0.00217636009789 0.000897875771479 -0.00589344418951 0.0017163554863 5.8956 6.19066 -1.77761541782 -16.6888585014 2.30012940363
-111.532 35.0951 0.00153716852265 -0.000382693775252 -0.00140498496236 0.00426184893859 4.83976 4.68912 -3.46566089023 1.8729829624 1.45986935916
-110.713 35.0789 0.000425082320162 0.0016291901478 0.000357020113536 0.0132252090999 4.1979 4.03983 -17.3292786655 -21.2033233441 0.297125107122
-109.736 35.1181 -0.00214840990038 -0.000139174117128 0.00747464249668 -0.00510906208775 3.60482 2.7186 0.148099796474 8.64015224082 -2.12020770078
-109.388 35.1118 -0.00445977978459 0.00175216194139 -0.0101066663014 -0.0151351365963 4.64184 4.66757 13.1193694889 6.13239973538 -3.18370868965
-108.5 35.1259 0.00177150410526 -7.14049892032e-05 0.00930498613725 -0.00206325336299 3.004 3.13856 0.958895524325 -5.41966823582 1.6891636596
-107.648 35.117 -8.39743998929e-05 3.72040204096e-05 -0.00143639006102 -0.000173986801675 4.24921 4.12659 2.007512074 -0.149530523627 -0.0694093335131
-106.867 35.0719 -0.00123401676908 1.98903729361e-05 -0.0182258667306 0.000104987243757 6.53772 6.69317 10.2253385262 7.08451684405 -1.10271611868
-113.83 34.5935 -0.00084276508431 -0.000910970223161 -0.00198892603624 0.00981636615159 4.29607 5.35768 -10.5241618747 11.9009148317 -0.843255270825
-112.891 34.4692 0.00213827786801 -0.000913678137613 -0.00951357118737 0.00740827636207 7.01391 10.7837 -23.1322917097 17.6064462851 2.28178413532
-112.237 34.4866 0.00206974319078 8.90223481979e-05 0.0116196051347 -0.001469421327 3.7622 3.55967 2.03385640141 -7.55305798252 2.03287370272
-111.441 34.4178 -0.00299979484551 0.000684283029975 -0.0157472032788 -0.00836796461868 6.16753 5.84064 22.5309467926 15.1033601008 -2.08269328198
-110.806 34.3371 -0.000174911560407 -0.000196146887916 -0.02070966683 -0.00613861226327 5.89987 8.36719 16.6862979939 3.41963145171 -0.248194828407
-109.95 34.5293 -0.000312590686021 0.000996796948006 0.0155012204926 -0.00366485326318 3.17102 3.26279 1.64986207059 -11.8600913101 -0.0489609438547
-109.29 34.4275 0.0012820274059 0.00384272284223 -0.00960015630648 0.119215634789 2.16934 2.37284 -72.8841556261 -11.463009881 -2.65617091667
-113.829 33.8142 0.000518961275022 0.00216537101733 -0.0233328218196 0.0285808869701 4.67448 4.7261 -68.5514615956 -9.05848467256 -1.57216897229
-113.005 33.9383 0.000881782502813 4.89122084697e-05 0.00309758612985 0.00397493010795 4.09295 3.93842 -5.51615097177 -1.69692914111 0.882570099529
-112.333 33.9535 0.000227852703411 0.001131010578 0.0102127406366 -0.00727420871134 3.40935 3.36517 5.81288388835 -15.1638702645 0.548534628186
-111.478 33.8798 0.00102409575246 0.00183910639963 -0.0103708177295 0.00721818900384 5.95611 7.68977 -27.0477956255 -19.9602896426 0.500731780572
-110.844 33.6953 0.000751326908076 -0.00207917262898 0.00509811736374 -0.00472855775649 3.5212 3.88967 8.06966730722 22.6220582792 -0.00809934918103
-109.254 33.9571 0.000276957144347 -0.00355072736788 0.00464412362055 -0.0275483116969 3.30743 3.52003 13.766455082 40.9749648494 -1.36393141836
-112.946 33.3627 0.000974946087407 0.00136074432791 0.0262781974768 -0.00942258469239 3.03709 2.81778 8.16779259232 -21.0750592156 1.35886107444
-112.158 33.2893 0.00126485749683 0.0012206931759 -0.0191612282218 0.00215261807817 9.41692 6.59529 -2.6121641314 -18.4124011858 1.42830381771
-111.427 33.341 0.000895549442073 0.00113732168957 -0.0021657318083 0.0016398047733 4.6329 3.94971 -10.8158266908 -15.2565507305 0.907748145728
-110.472 33.2969 -0.0001934128524 -0.00010290121832 0.0111921957098 -0.00411502690384 2.90817 2.67381 4.03998714413 2.04073270345 -0.214334581626
-110.036 33.0851 -0.000107560757014 -0.000769851724587 -0.000924784171759 0.00632558457812 3.81863 4.01355 -11.1976879618 10.3663996582 -0.120810097752
-109.266 33.2921 -0.000280950471842 0.0013882316684 -0.008164777109 0.0153823539076 4.61596 4.26216 -20.1885874064 -19.0733133503 -0.456907608896
