-112.228 32.7006 0.00350995964925 -0.00212158118994 -0.0034572392541 -0.010352698121 4.37484 3.99879 5.17875444901 14.4204957149 2.80209985217
-111.704 32.5618 -0.000682424292093 -0.000367114709507 -0.00260020225615 -0.000997902037364 4.29941 2.92729 -1.76433820085 6.24835154269 -0.731726821817
-110.739 32.5716 -0.0028612807786 -0.00249225262427 0.00578652280724 0.0105004876118 3.93907 3.90089 -11.021065554 33.6314915117 -2.87938381566
-109.97 32.6399 -0.000700509235605 -0.00028862667018 -1.69748604216e-05 -0.0290433483264 3.755 2.53759 36.1035027776 9.60498741299 -0.682808678791
-109.303 32.7663 -0.00376635724854 -0.00344316122201 -0.0167992814327 -0.0465321719816 3.37004 4.556 60.2837358307 62.3841159966 -4.40482132148
-111.457 32.0022 -0.00107059101422 0.00192164787093 -0.0172531059179 -0.00717641400153 4.47634 4.09453 4.01018606675 -21.1617559259 -0.548762993577
-110.816 31.7748 -0.00227766611532 -0.000508559625116 0.0175443763999 -0.0163171171689 2.62798 2.65673 6.09746874548 15.4476602089 -2.32672923991
-110.046 31.9737 -0.00485730339444 0.00027549455542 0.0140794629159 -0.0250079715428 2.24173 2.51859 8.43597937343 18.8392756904 -4.47128682779
-109.259 31.9989 0.00422609052099 0.00232896925058 0.0723697688005 0.000880972394933 2.0428 2.18032 -2.92948097169 -40.1763481968 4.54163017772
-109.991 31.439 -0.00184212860527 -0.00144512066397 -0.00694470680718 0.0858440844937 2.73671 3.03517 -71.0387647023 -11.6544650087 0.321899191372
-109.281 31.3757 0.00236738821205 -0.00334184744843 0.026106319262 0.038648832411 2.76536 3.2118 -27.668592224 52.3539960531 3.19746944665
-122.707 48.7197 -0.000670753935568 -0.00102554687014 -0.0115614740128 0.0162790831127 4.8626 4.81232 -30.7466053094 8.68237668081 -0.263682052361
-122.085 48.9983 -9.30446108839e-05 -0.000314310601421 -0.014719161993 0.00946510630477 7.24516 8.00583 -18.1782237319 3.61403644047 -0.0506055423448
-120.384 49.048 0.000620897248959 -0.00210465979347 0.0021919315619 0.00430578227426 4.28922 4.18761 -4.86084855935 24.5447990727 0.356671609445
-119.272 48.9534 -0.000207343962481 0.000328407391401 -0.00109207768848 0.00475735887795 4.03978 3.69506 -5.67366020461 -3.68583709617 -0.164982372387
-118.585 48.9752 -0.00115109931497 0.000534283617833 0.0013135148481 -0.000977997993505 3.89942 3.81823 -0.876122183585 -3.3620496991 -1.00830967638
-117.559 48.9813 0.000169281586924 0.000745291036764 -0.000354534177711 0.00361592818746 4.24187 4.32978 -4.98240118322 -9.459918667 0.286516758934
-116.363 48.958 0.000580497787447 4.49283343476e-05 3.26252872065e-05 0.0120619685603 4.60501 3.5858 -8.4277458222 -1.40865556959 0.581756344058
-115.653 48.9339 -0.0018624353324 -0.000343728066836 -0.00473328717264 0.00805799945702 4.91042 3.89948 -7.59451687799 7.57855708377 -1.8923612765
-113.422 48.9725 0.0038716732559 0.00555229251713 0.036440138971 0.352419501608 0.938004 0.95518 -85.8351846037 19.4682770923 -3.71821800903
-112.733 48.9777 0.00257967741315 0.0031488051688 -0.0387235503341 0.0817604621438 4.79747 5.39518 -107.791594422 32.5723541395 -3.12983771742
-111.597 48.9482 0.0010392658456 -0.000608156160777 0.0261937146891 -0.00676949820455 2.74959 2.6224 -0.483759890975 3.11864385943 0.789734056945
-110.699 48.9448 -0.000143843685193 0.000179161082842 0.00540288502239 0.00765216280724 4.16174 3.72096 -11.7911037716 -2.02235969285 -0.117023532927
-109.846 48.9198 0.000135396219497 0.000190609150687 -0.0265468106345 0.00218907478835 8.87551 7.9822 19.7179888897 -3.01440210668 0.226621912138
-123.504 48.0575 0.000966256864512 -0.000800864980379 -0.00486078125605 0.0120296198097 5.22737 4.90255 -23.5642820457 12.1871708657 1.13519123477
-122.096 48.2641 -0.00182381929456 -0.000844259261983 -0.0121225130631 0.00359936168084 5.71258 5.49211 -19.9897709084 6.35838949127 -1.65603762448
-121.484 48.5183 -0.000437658737433 -0.000381065237986 -0.000981150096048 0.0185564618803 4.24341 4.40192 -34.9699405224 2.05359102001 -0.244038511275
-120.12 48.4607 1.2214063217e-05 -0.000508892835425 0.00675149350213 0.00490625077615 3.832 3.51438 -8.45327365941 6.20396086169 -0.0188113049504
-119.333 48.3584 -0.00295589109361 0.000489969225444 -0.000537905025661 -0.00563779821247 4.2037 4.70659 3.13826447151 4.01780930918 -2.71357476646
-118.149 48.4226 -0.000459982386847 0.000645894461536 0.000884367996379 0.000824849300755 4.25208 4.79716 -7.63070854148 -7.36741787247 -0.391377847925
-117.225 48.2995 0.000275366593517 0.00175696256251 -0.00442270068578 0.00829966033201 4.47703 5.16438 -15.152381612 -21.8050937737 0.246463463795
-116.367 48.4366 -0.000138723958944 0.00113780928214 9.45897841184e-05 -0.00155970058465 4.28641 3.85038 -2.80312629044 -13.5404180229 0.104056903443
-115.589 48.4694 -0.00236664210521 0.00141147311006 0.022763918921 -0.00463651268537 3.77037 3.55795 -2.1682006449 -10.3274781615 -1.97356982815
-114.468 48.3739 0.00145971534479 -0.000502535178079 -0.123003363054 -0.0719323914103 1.78055 1.76922 -235.84249395 -16.6084023124 -1.44748491249
-113.273 48.3609 -0.0013885549984 -0.00125265681038 0.0160292360801 0.0050112655437 3.26048 2.91338 -0.748980036526 20.3524003989 -1.6905122605
-112.562 48.3129 -0.0114215100101 0.000972069713592 0.221398044758 -0.00461680719146 0.65602 0.665663 -15.6956303569 -6.37844472478 -11.37158382
-111.707 48.4128 0.00628430772326 0.00198589797524 -0.0340968992932 -0.00580947204639 7.11411 -nan 31.7134522065 -78.4589970778 5.52695786048
-110.799 48.2921 0.000472815296423 0.00241751307636 0.0157552336624 0.00753041952546 4.2356 3.37698 -11.9951698912 -31.7177521271 0.786431111505
-109.777 48.3943 -0.000367629882543 0.00101000031666 -0.0014739067146 -0.00370900257263 3.91337 3.72727 5.371217495 -9.70934466943 0.109387350664
-124.566 47.9475 0.00105721192695 -0.000279099184071 -0.00186149235552 0.00409091059138 4.57417 4.6198 -5.50661827819 2.70914506826 1.04238280852
-122.972 47.7172 8.88636593412e-05 -0.000966485954682 -0.00225844337413 0.000482610254394 4.9514 4.49304 -10.8379813131 11.6576788586 0.112180963918
-121.689 47.6947 -0.00073987985868 -0.000728089599822 0.00838868775547 -0.0119142287367 4.02567 3.85247 4.82580607938 10.8867534822 -0.905494780631
-120.894 47.923 -0.000425718467877 -0.00122707965298 0.0180990594032 -0.0985952585301 1.77133 1.75682 45.8839592023 12.4917470655 -1.26113023232
-120.061 47.6902 -0.000571086927384 0.00139736395824 -0.0120457360954 0.00100501116588 4.12279 4.10462 -10.5200206211 -16.9730961035 -0.541771778181
-119.045 47.7849 -0.000643825708823 -0.000539559868503 -1.72480691837e-05 0.000846965163771 4.22208 4.30052 -15.7854426652 6.19284896603 -0.6123973724
-118.274 47.8006 -0.00193823200771 -0.000398733183525 -0.000517849896198 -0.00623107908862 5.17304 6.28288 -12.6961621042 5.1374664066 -1.94149661394
-117.308 47.8192 -0.000490827172628 0.000159617769404 -0.00850996108639 -0.0181059936057 3.63869 3.94405 22.2473876408 2.00618870258 -0.301774825476
-115.475 47.7092 -0.000349992747674 0.000759967747907 0.0293304266272 0.0113225775708 2.21058 2.22015 -13.0940125373 -9.38149408199 -0.319185096058
-114.574 47.6795 -0.00078798178014 0.000972084498629 0.0162047587742 0.00343274851894 3.19177 3.14352 0.537987473834 -8.92594568902 -0.476256598791
-113.747 47.7687 -0.000896055552716 0.00237452694138 -0.0453374485895 -0.137646300151 1.37305 1.36434 -279.957217377 14.9226648776 2.4647755122
-112.607 47.775 0.00164034019704 -0.000338197407048 0.0302056393479 -0.019688673949 2.68547 2.8544 10.2398854771 -6.04051947346 1.28905874267
-111.746 47.8012 0.00105569806424 0.00279483929644 -0.0119523869645 0.00411321372605 4.52161 5.77219 -13.9792960651 -36.879990534 1.27369164876
-110.763 47.6327 0.000853591015506 0.00809473220663 0.00313455329005 -0.00460182341405 3.74279 8.77781 6.91867103384 -98.770492264 4.33876225067
-123.771 47.1161 0.000967708828764 -0.000439937481853 -0.00601664055228 -0.00405417803862 5.10923 4.58586 4.54706895576 2.48745845715 0.84175933131
-122.803 47.1109 -0.000384770444638 -2.12738374909e-05 -0.000609474796051 -0.00169640831426 4.58234 3.94722 -1.73147717511 0.872467649704 -0.384176038521
-121.989 47.1881 -0.000143323623891 7.75084213865e-05 0.00304880082385 0.000117419514074 4.19863 3.83173 -7.03666525413 -0.847287044312 -0.139068748578
-120.844 47.1935 -0.000813405030725 -5.55615540359e-05 0.00134396536159 0.00526564235068 3.78552 3.70102 6.67373940272 3.64891319153 -0.792127734863
-119.973 47.1936 -0.00311961214438 -0.000659429636443 0.000265846983884 -0.00510747372036 4.10596 6.04776 3.87483673593 18.0170642247 -3.18244429332
-118.921 47.0573 -0.000436010953147 -6.40176477817e-05 -0.0194191928827 0.0153949325827 5.6596 5.60423 -55.8601854163 -3.13223161628 -0.272330214021
-118.309 47.0615 -0.00074785220772 -0.00148999663031 0.0257190978839 0.0107118608648 2.33126 2.30565 -23.3443518732 16.4786125436 -0.464376088741
-117.276 47.0547 -0.00152335051831 -0.000394317474861 0.00201239978194 0.0138977176286 3.74576 3.80483 -20.8823207122 2.49798551708 -1.46190394125
-116.335 47.0477 -0.00185859014394 0.0012116397406 -0.0284584435862 -0.00180442842583 23.4722 -nan -15.4834330066 -15.625393569 -1.88057236143
-114.459 47.0943 0.00114610653388 0.00159481396977 0.0168282109086 0.0658828118202 2.03215 2.06966 -65.969494265 -1.86359835881 -0.485177791299
-113.506 47.0816 0.000832220198625 -0.00145661134603 -0.00345944194539 0.0117252546827 4.30989 4.71937 4.22801262835 13.5455888775 0.255954132197
-112.52 47.0418 4.38688135018e-05 0.000165710403101 0.00245176474906 0.00219733826877 3.82624 3.58353 0.19253736463 -2.19522841157 0.0922329350515
-111.549 47.0308 -0.00217273245124 0.00105478949782 -0.00125743992967 -0.00647809793271 4.23311 4.37079 11.9099389294 2.36078664843 -1.34575510831
-110.687 47.1523 -0.00125064749461 -0.000114757486661 -0.0485172956372 -0.0147336547087 5.6534 -nan -277.636735028 15.5772081896 0.136346346516
-109.802 47.1961 0.00387630207391 0.00129567610346 0.00164452954294 -0.00125945691163 3.93545 4.6584 3.08826509554 -35.2058651278 4.07458795606
-123.563 46.5459 0.000524704377791 0.000417793441367 -0.0150635473474 -0.00843228840265 6.54239 5.78231 15.2326535682 -7.14072862257 0.648844284678
-122.72 46.5934 -0.000642298458389 0.00125849531538 -0.0123099973354 0.00257608944115 6.50537 5.45966 -1.70799537569 -14.0460567082 -0.470932880877
-121.761 46.5605 -0.00167873325922 0.000869231849967 0.0190920415733 0.0128610937455 2.37281 2.37537 -11.9509727178 -11.2509867514 -1.70736670794
-120.979 46.5433 -0.000668550130001 0.00259616666481 0.0112641359216 0.00605239568827 3.20857 3.24596 -1.91788317913 -30.1067820692 -0.269317835038
-119.855 46.5585 0.000149147866215 -0.00152846755924 -0.0251340954312 0.0043704653262 30.6538 -nan -268.539960043 -5.99101041554 -1.52309897533
-119.06 46.4911 0.000846147808402 -0.000902292909454 -0.00602633709641 -0.0059361398321 5.94989 6.75228 20.6363403109 3.73479925599 0.224686419647
-118.146 46.5139 -0.000760485903714 -0.000803506327108 0.0144845255297 0.00879296288718 3.19272 3.05587 -11.2610011366 10.2300339602 -0.781545682925
-117.11 46.485 -0.00389528612953 -0.00127125255162 0.00129742338706 0.0047388031819 3.25805 3.32568 -50.0327157819 -16.1471113891 -2.378128366
-116.209 46.3559 -0.00207422635749 -0.000482586356105 -0.010635719055 0.00349061148294 4.87418 8.08169 -36.391463389 -4.21079558508 -1.73929485583
-114.188 46.4423 -0.00507519630896 0.000437926583441 0.00140650214432 -0.0237827563677 4.24621 6.76746 19.1385592105 32.5050031627 -3.90385746096
-113.493 46.4162 0.00319876574174 0.00396521364346 0.00709605865927 0.00932791806453 3.3073 6.16924 -27.027041007 -42.2881618819 2.41688399964
-112.641 46.4246 0.000572781729633 0.001418945906 -0.00345440393759 0.00871791469778 4.39002 4.39129 -22.5427133317 -17.4402771617 0.436942795474
-111.676 46.5336 -0.000112034874088 0.000922724024702 0.002151463288 0.00447517914782 3.9341 3.92788 -18.1976124433 -11.9094196227 -0.115264958346
-110.858 46.462 0.00107620799058 0.00029345707329 -0.00375288061697 -0.00567321341145 3.73134 3.29693 13.4967102727 -10.6432007596 1.06739772411
-109.914 46.5663 0.000324435908273 0.000651644181084 0.006983760657 0.00213851688311 3.44806 3.72605 1.03875979175 -9.43260448595 0.532289314694
-122.419 45.9325 -0.00026543337463 0.00106024384062 -0.0182991045019 -0.0114672072886 5.19359 5.6348 26.0498096124 -8.61772620406 0.396640879699
-120.782 45.7664 -0.00123648782836 0.00018570318009 0.0303325042899 0.00795368859567 2.73113 2.70806 -7.98610899838 -1.61598126741 -1.22729050264
-119.928 45.8951 -0.00060220012903 -0.00150178360398 -0.00282003440957 -0.00153642778134 3.74007 3.55195 7.3841886197 19.8753052683 -1.0486832946
-118.777 45.7971 -0.000689016480616 -0.00130057802706 -0.0109684775446 -0.0135925323911 4.87177 4.653 41.7056345495 16.4222523928 -1.45615292852
-117.909 45.7087 -7.34517348953e-05 -0.0011900387079 0.00785567370465 -0.0115615989458 3.7513 3.35853 20.5023412384 12.9164269447 -0.712304823797
-117.228 45.9734 -0.00152632454506 -0.00212892075051 0.00830468623027 -0.00844985724025 3.84931 3.60083 6.01549855437 31.4391147498 -2.14425112654
-116.155 45.8883 -0.00348968542402 -0.0024218888099 -0.0192798506968 -0.00795542279393 7.75176 9.70728 43.2735591523 53.4410266188 -3.92133472629
-115.255 45.7565 0.000141946042544 0.000113007874692 0.0250199298979 0.00897967587157 2.93292 3.06991 -8.28825925097 -1.62402676214 0.153765529132
-114.332 45.7893 -0.000934110725272 -0.00223800588769 0.00617178594296 -0.00639950852481 3.01742 3.56313 -2.48981336387 30.434143269 -1.41399601587
-113.37 45.8122 0.00181385317641 -0.000832697674374 -0.000230185752249 -0.0125066098296 3.68363 5.90317 10.631372382 -1.00551347779 1.24045627899
-112.493 45.8409 0.00422309163838 0.000709409118246 -0.00536889612438 -0.00227865113892 3.97753 4.15894 -23.7376465527 -2.69601650785 4.11084239008
-111.626 45.7843 -0.000574951156744 0.00033408712603 0.0107535354147 0.00584875594661 3.06001 2.90137 -21.5628240043 -4.81258151689 -0.596213429422
-110.659 45.9054 0.00134189562558 0.00198891164763 0.00268969660894 -0.00895192550689 2.91692 3.27836 -3.39613974157 -29.5110643424 1.81494055422
-109.716 45.9046 0.00223543558317 0.000693787489625 -0.0108455196868 -0.0112305169686 3.87464 3.71212 23.2086578621 -26.4280241897 2.11623006427
-122.478 45.2059 -0.000327214981689 -0.000715992618859 -0.00597359801726 0.00931540160335 4.70544 4.9561 -10.4892702513 8.57258894067 -0.30840750101
-121.317 45.2422 -0.000311113183411 -0.000205697926319 -0.0107823073908 -0.0149275883491 4.01682 4.78317 36.3101923366 4.48030440693 -0.363820674221
-120.635 45.2357 0.00235398450259 0.00136529287092 0.0116507410817 -0.00893767306716 2.56468 2.73587 13.7635575275 -27.0893010976 2.7065337406
-119.669 45.2664 0.0011164516556 0.000354598732142 0.0030704552553 -0.00487166651466 3.94081 3.62489 0.737290682394 -7.11380135669 1.16550882239
-118.96 45.2904 -0.00120789263528 -0.000251930242446 -0.0081409199938 0.00132777962149 7.88776 5.81306 11.4136958103 8.74238056882 -1.20991805985
-117.78 45.2781 -0.00069948610372 -0.000565077441374 0.00303063067031 0.00134413477376 4.47064 3.93649 6.88030115637 9.55934920017 -0.84778385712
-117.12 45.2925 -0.00216078261615 -7.37813225486e-05 -0.00213802492687 -5.43582417704e-06 5.14531 4.3154 5.56165782388 9.53923844438 -2.07083050818
-116.268 45.3997 -0.00271379463675 -0.00111426437703 -0.00474130612668 -0.00232390796046 4.62495 4.87737 13.7307844196 28.2440616784 -2.92151866907
-114.233 45.0931 -2.99262879826e-05 -0.00194725161673 0.00762847307304 0.00739887169956 3.60358 3.5584 -15.5049199987 24.8406946187 -0.0220100545911
-113.46 45.2432 -0.000470218720768 -0.0030971794305 -0.00991207171164 0.00271779226954 5.54654 6.06274 -3.2666374947 40.0337628175 -1.13897410177
-112.489 45.166 -0.00139241236258 4.47449909116e-05 -0.00807071673913 0.00255466187659 5.73456 5.56763 -9.59122387874 1.64783994316 -1.37617909629
-111.805 45.2285 -0.00092858678487 0.00165467989031 0.00414701887377 0.00190270467858 3.10727 3.13513 -15.1671779036 -20.9481771587 -0.866951847316
-110.74 45.3212 -0.000289108427446 -0.000991871740328 0.00674293299773 0.0156081308387 2.29446 2.3402 -37.6510737306 10.9166803771 0.057795180829
-109.563 45.3171 0.00103305173378 0.00325637443256 0.0114107366353 0.00476814417035 3.26079 3.53533 -3.90414684053 -44.7169782595 1.85369686328
-122.186 44.6837 -5.19143412735e-05 -0.000478103833954 0.0175334025464 -0.00482201491453 2.89343 2.85914 -0.0257656576765 5.83795829798 -0.126117604573
-121.227 44.6473 -0.000341557488948 -0.000687565506823 -0.00170623667806 -0.0123910923601 3.87301 4.015 10.0626966835 9.32626995031 -0.554201665345
-120.335 44.7344 0.000927752763965 0.000194825284795 -0.00169421408592 0.00169859612406 5.74164 6.61112 1.5359755752 -4.7090247641 0.947986837286
-119.565 44.5913 0.000836802607599 0.00194655030865 -0.00283737808102 0.0157993449334 4.28016 3.98944 -44.964519316 -14.1584787706 -0.395174833606
-118.67 44.5191 0.00040954754816 0.000356095811252 0.00174340036632 0.00989646822733 4.57693 4.09103 -13.9460413079 -4.21471807179 0.394627598294
-117.664 44.6653 -0.00087624514032 -0.000502969668662 -0.00119594680027 0.00740457264234 4.89744 4.52064 -7.77837421364 7.15694994771 -0.914095747961
-116.747 44.589 -0.00138505633924 -0.00021395674862 0.00207083213092 0.00901162385027 4.4645 4.53071 -16.1790170996 1.74983005956 -1.37153442633
-116.013 44.7035 -0.00119409480685 -0.00138051635619 0.000343916449518 0.000601470821864 4.15885 4.4762 3.48142351423 21.11882237 -1.5487613055
-114.855 44.5494 -0.00063717141163 -0.00173470884816 -0.00131420640369 -0.00334437509317 5.1834 4.78422 7.9242452486 23.4988785057 -1.25173694556
-114.255 44.5642 -0.00140472098328 -0.000895012202763 -0.00436225526882 0.002344193777 5.52216 4.73841 -1.11670325454 15.4066691387 -1.5786234107
-113.367 44.6165 -0.00192880997563 0.000177625925248 0.0065118224223 0.00633533584723 3.8481 3.36659 -13.8455258851 -1.45920032446 -1.92187097112
-112.644 44.6173 -0.00185748590835 -0.000664982629237 -0.00830146729309 0.00501382368125 5.28237 5.15956 -3.02598473321 13.8500549088 -1.96061446666
-111.248 44.7038 -0.00024755717417 0.00129002428841 0.00832766697867 -0.00357242015084 4.02048 4.206 -12.1146136201 -16.3907829152 -0.12582360054
-110.576 44.3951 -0.000888514710829 0.00026687406905 -0.00352044820759 0.0238679030965 4.37635 3.34585 -31.2480167507 -6.0734999739 -0.926147792894
-121.268 44.1626 -0.000242171986553 0.000422135492453 0.00850194180463 0.0355168171592 3.24455 3.14667 -39.2495370159 -5.95466078046 -0.419605911844
-120.211 43.9437 -0.000279053123019 0.000490748164595 -0.0130619383375 0.00192539717225 8.50879 11.0721 -16.6578702477 -6.39465044522 -0.332255203014
-119.504 44.082 0.000910529361921 0.00174299721825 -0.00481488776317 -0.00314566511608 5.49804 7.90152 -8.57365270108 -21.9937192161 0.977701715052
-118.569 43.9104 0.00169552080634 0.00187518993265 0.0135440942196 -0.00584587532542 3.16976 3.11392 4.17808614892 -28.1739602943 2.13769333756
-117.741 43.9733 -0.000375561429441 0.00019252485118 -0.00851675104971 -0.0101695933965 4.81917 4.47374 19.0173009529 0.364920335808 -0.222120976991
-116.803 44.086 -0.00146160967568 -0.000874842619532 0.000382470837785 -0.00112938434708 4.67336 4.93823 7.68900086116 16.7650650654 -1.67559165061
-115.958 43.9121 -8.19377851156e-05 -0.000377511188526 0.00770235846025 -0.00154877702395 3.70964 3.833 1.15458977347 4.88574288022 -0.174261972322
-115.133 43.7945 -0.000732394938706 -0.000385635418743 -0.00681929192398 0.0125213102132 5.32108 8.43927 -14.2073653107 4.87294990344 -0.730967341401
-114.117 43.9146 -0.00226012845713 -0.000410642057088 0.00345986241934 -0.00646971766438 3.86963 3.96708 7.42821844909 15.8260903795 -2.24721966549
-113.452 43.9286 -0.00142667670319 -0.000574893461345 -0.000329065722226 -0.0142517837129 3.97453 4.48785 15.1232888023 15.668947848 -1.52111338948
-112.485 43.9997 -0.00156427246702 0.000456251226077 -0.00222200910377 -0.00974763796856 3.91403 3.96748 19.6299134237 7.03813174293 -1.00219790955
-111.487 43.8756 -0.00230067999713 -0.000121082499467 0.00333112013686 -0.00587988805327 4.31764 4.40513 3.93719604385 12.1093038957 -2.19342226371
-110.576 43.92 -0.00432738407993 0.00484013887585 -0.00319702404043 -0.0344323185452 2.73318 3.11686 38.361769622 11.5203432853 1.59300891458
-109.817 43.7013 0.0012776690477 0.00137394828762 -0.0417814189721 0.0154266054708 16.0025 -nan -26.5653226027 -15.398708313 1.06262277477
-120.153 43.2515 -0.00122032886984 1.01123475231e-05 0.0210432248244 0.00811358118712 3.15446 3.26473 -10.0433161678 -0.133560038998 -1.22033454363
-119.311 43.3736 0.00122191305103 -0.000254663698226 -0.0164610269487 -0.0248119781925 4.24703 5.3509 29.0215631668 -7.25190035303 0.777509911803
-118.474 43.358 0.00257797857653 0.00136342068642 0.00851750276496 -0.00189724089467 3.16857 3.83117 10.7982367466 -27.8486377049 2.90145235347
-117.754 43.3471 0.00109345283754 -0.00096779459373 -0.00395915724152 0.00770937837032 4.36509 4.22103 -8.51785799682 11.3175898263 1.03589106324
-116.767 43.4275 -0.000607988094015 -0.000580705776987 -0.0010501250485 -0.00905608727996 4.19208 4.22707 19.7205860731 10.2842502696 -0.824249958739
-115.828 43.4151 -0.000939157615163 -0.000935371587937 -0.00211116587448 -0.00340105080109 5.38007 6.11791 3.91850791248 14.8552273688 -1.17394197963
-115.098 43.25 -0.000949224672938 -0.00334149502235 -0.00926856113534 -0.00959598573866 3.79504 4.11959 39.2510251126 35.2702707741 -3.24061586647
-114.174 43.3979 -0.00152677250178 -0.000810639993604 0.00862880994237 0.00488828741473 3.35547 3.29693 -8.28825517718 12.4588230378 -1.60614773795
-113.518 43.3234 -0.00231926811355 -0.000980027155328 0.00424132900668 0.0129882087918 3.46723 3.67599 -18.1790275302 10.9494155372 -2.26191072552
-112.433 43.3998 0.00165362546721 -0.00050420854432 0.00902250200357 -0.0210851626987 3.25705 3.44348 15.1834717292 -5.4666669735 1.15565104655
-110.712 43.3629 -0.000570087106165 0.00142933528744 -0.0375447967637 0.0341929492908 7.20591 -nan -134.172089765 1.81564092689 -1.01636557797
-110.02 43.2112 0.000238859610567 -0.00299742525906 0.0220944052613 0.00182757752075 2.95243 3.96361 -5.93571537618 37.915035935 -0.378800129982
-119.247 42.6912 -0.00046801110997 -0.0012765323891 0.0190148669752 0.00897878614616 2.81266 2.83673 -10.153903277 15.8922220154 -0.474757431963
-118.486 42.7308 -0.000887449381486 -0.00160855542145 -0.00268153364059 0.000729665613602 4.20169 4.84579 -4.52775563265 21.2095548686 -1.06384475994
-117.725 42.6996 0.0010711151643 0.000115336401209 -0.0113762801681 0.00117537672573 7.52949 6.96792 0.193463635736 -4.15820224627 1.07212195863
-116.87 42.7779 0.000342794213797 -0.000726025863506 0.00171289536522 0.0137782579602 4.42241 3.91106 -14.1327721415 9.29599230567 0.366562226832
-116.032 42.7713 0.00145428908029 -0.00137838121575 0.00790964029276 0.00735912814122 3.87151 3.50056 -7.1216790595 15.5463642659 1.30905135663
-114.903 42.636 -0.00155513127769 6.67598279783e-05 -0.00580069360292 -0.00302190856337 4.93362 3.23416 8.2130024763 6.60818664297 -1.41836488319
-114.084 42.6493 -0.00561688466586 -0.000345483224616 -0.00878490953239 0.000600828093779 12.2463 10.2581 67.623108437 72.0247067762 -1.13287486305
-113.176 42.5452 -0.00043034244893 -0.000436206327481 0.0135574240839 0.00754070438328 3.04117 3.08814 -9.39643048555 6.14292675241 -0.470386203181
-112.531 42.6852 -0.00323582374978 -0.0029905891321 6.38380218674e-05 0.01608136211 3.60677 3.69457 -22.6325812717 33.2484221543 -2.83898410688
-111.588 42.8321 -0.00225522562648 -0.00188607202272 -0.0162791980837 0.00470114251946 7.16722 7.222 9.06056690741 34.7952534155 -2.84568129283
-110.92 42.7507 -0.0029190676755 -0.00261447994478 0.00859145167588 -0.0108524381621 3.17859 3.54819 10.4899826871 47.9130039455 -3.79256484644
-110.042 42.6372 -0.00238322576762 -0.00226560770338 -0.00143616956804 -0.00462119061038 3.89607 3.58116 -5.51695688079 35.6384095025 -2.79924714566
-108.847 42.8247 -0.000453706384872 -9.16263234291e-05 -0.0060733261675 -0.0137172400245 3.64579 3.61734 2.82582986458 3.313461945 -0.45599925574
-108.342 42.6579 -0.00119216050888 0.00105840688834 -0.000156887982196 -0.0369784858622 2.75723 2.89748 17.896571648 -1.81350800047 -0.323626056127
-119.34 42.0187 0.000148118441731 0.00143768120072 0.00808994400817 -0.00812302819843 3.32548 3.05861 3.1841133861 -17.8166477531 0.475124860056
-118.344 42.1901 0.000382675306996 0.000272342188392 -0.00251580611871 0.00604042232486 4.70375 4.1136 -13.9434064267 -3.1489880343 0.367747662435
-117.667 42.0192 0.000938697064887 5.73284469727e-05 -0.00693113832629 0.00262149505124 5.35898 5.3703 0.284669117694 -3.082255656 0.931001683381
-116.471 42.0773 -0.000515495565682 0.00159335764222 0.00118873414092 -0.00312356333391 3.76418 3.05118 12.6424670793 -15.5578993126 0.202716755082
-115.754 42.1669 -0.00356924994468 0.000721213311823 0.00636560363099 0.00563805568279 3.47474 3.16031 -3.88119590484 -2.01755642368 -3.41410446698
-115.016 42.146 -0.000521609795018 0.00469682597965 -0.00431014611281 0.0132531565884 5.06584 4.68354 -32.3054684068 -58.9295053313 -2.01908306829
-113.944 42.0886 -0.00152316466076 -0.00030734877173 -0.000456479486374 -0.0138030433003 3.8788 4.30228 27.3863361948 15.9504964722 -1.34422975973
-113.24 42.0343 0.000102244311434 0.00116929551927 -0.000303950450584 -0.00993198190649 3.95359 4.03039 21.1590608699 -13.0304783482 0.76685395869
-112.386 42.0041 -0.000202377152854 -0.00111498654743 -0.00300845490747 -0.00739749682552 4.126 3.32544 8.02164352209 14.3462738987 -0.626812221823
-111.432 42.0149 -0.00380640690074 -0.00137484631929 0.00576337862969 -0.000355231924739 3.47567 3.06776 -5.04693946021 27.102817719 -3.99843561941
-110.873 42.0995 -0.0051775666158 -0.00247228488417 0.0049410524506 -0.00636153913529 3.42269 3.95913 -0.75793086383 49.6045284917 -5.65394911033
-110.036 41.9243 -0.00284538227265 -0.000805225211128 -0.0180382152311 -1.55321307413e-05 8.33655 20.577 -8.81245641693 15.8829410882 -2.93142979204
-109.357 42.1012 -0.00316285290914 -0.00164910254108 0.0165979152035 0.00784383053793 2.93734 3.59652 -25.0465733479 16.2750521293 -2.92541097982
-108.34 42.0073 0.00294199433471 0.000670666841399 -0.0173262687954 0.0444386490236 5.59417 9.74779 -51.5513942344 13.9148958102 2.09803137589
-107.369 41.9641 0.00183625665731 -0.00431067386175 -0.0067186468026 -0.0339975116199 3.69693 3.86788 39.2949981313 9.19831392117 -2.71581216448
-106.434 42.031 0.000786481451812 -0.000226195142 0.000757016596038 0.0157732926697 4.78338 4.58579 -19.2589177505 2.90736556523 0.78348181426
-119.171 41.3884 0.000115009519451 0.00284921893287 0.00336433245687 0.00858932874607 3.54478 4.25361 -11.1168913392 -35.4607861508 0.0593008588914
-117.45 41.423 -0.00181073809748 0.00246378916904 0.0104619441621 -0.00756722560535 3.09382 3.2182 7.48214470304 -22.0726622288 -0.923846140075
-116.54 41.522 -0.000768081683772 0.00482885291147 -0.0080827194154 -0.127031714679 1.49537 1.55968 59.9519268346 -9.75833076348 4.35127293486
-115.791 41.4311 0.00174180011617 0.00104370520227 -0.0235443460745 -0.00594139351431 6.96052 7.77885 31.3784116609 -24.948344297 1.97929140547
-114.915 41.4157 -0.00174816336067 0.000977485633546 0.0118456401037 -0.00570426382851 3.57738 4.40435 4.64392832439 -5.10241115151 -1.36727691474
-114.165 41.3602 0.000814571847106 0.00049313119898 -0.00049302020723 0.00594515911354 4.68638 6.57267 -7.83846900782 -7.36980495956 0.860125566303
-113.347 41.503 0.000401843436679 -0.000471081371259 0.0034288308056 0.000142544507291 3.97003 3.98098 9.23610405723 3.5094315639 0.180277406728
-112.448 41.4632 -0.000493643763615 0.000269577581835 -0.00434189134827 0.00215344952424 5.19918 4.63397 -2.68361001303 -2.06029754576 -0.425023212725
-111.63 41.3146 -0.00159547086042 0.00012687100664 0.000763037966811 -0.00257478041423 4.78812 4.18263 9.48761233723 7.31168825975 -1.39240254976
-110.666 41.4729 -0.00405936565086 -0.00234321995015 0.00679728022789 0.0187718352487 4.40012 4.26251 -35.3128356618 11.7721293656 -3.07644905526
-110.067 41.4272 -0.000603619370194 -0.000779052691117 -0.0457955376719 0.0277022659575 14.9577 -nan -52.0837472315 3.78473461367 -0.0422358602544
-109.157 41.5047 -0.000959149931106 -0.00459237463728 0.0113431792309 0.00877849376076 3.3503 3.8729 -19.2447075712 60.5154326403 -0.820900521064
-108.187 41.4906 0.000289853148819 -0.00390388368261 0.0109746662044 0.0139078661434 2.62738 2.91378 -37.6828433805 50.4209446283 1.5699795034
-107.364 41.6067 0.000517301563069 -0.00281037617483 -0.00975279975102 0.024038711337 5.21036 4.31138 -43.1648152791 37.2112738051 1.62210638184
-106.596 41.4033 1.77359120195e-05 -0.00102336261522 -0.00410391816364 -0.0112286189057 4.71758 4.81363 1.75760819187 12.7614446252 -0.354737631928
-119.835 40.7484 -0.00196683513387 -0.000531638543719 -0.0011624367527 0.0141985260131 3.96041 4.24262 -11.4195233752 5.68288426163 -1.9455846586
-118.971 40.7797 -0.000123053614 -0.00105833165699 0.030577565806 -0.00836469981125 2.50943 2.63603 1.71946585882 13.2535086376 -0.333602893043
-118.134 40.7811 0.000198856642411 0.000927644508502 0.0026754389308 -0.00420496221212 3.2716 3.44039 0.485455392007 -11.9097211917 0.371786434627
-117.524 40.852 -0.000644886296879 0.00248124836779 0.000753388700179 -0.002145020919 4.68295 5.67643 14.4986579993 -24.7479158983 0.483928217866
-116.508 40.7186 0.00102453785736 -0.00204608051066 -0.000844510997886 0.0290811510218 4.1404 3.20579 -35.7297389716 29.0149198839 1.77093121369
-115.736 40.8167 -0.000102482346777 0.00154787267362 -0.00206736941426 0.000197400811633 4.91376 4.20494 6.21253745867 -18.3144899873 0.392220056471
-115.039 40.8522 -0.0005260759252 0.000168567203398 -0.00817582285218 -2.58200324022e-05 6.67228 5.58122 3.73005197185 -0.159514060862 -0.456671697774
-114.204 40.8556 -9.83488091519e-05 6.88490899357e-05 0.0102736177499 0.000923732922708 3.62362 3.60785 -0.327808083769 -0.578258996744 -0.0802934409286
-113.187 40.8513 0.000207996142008 0.000277808082857 -0.00461997487279 0.00317549047672 5.50373 5.01944 12.0344612946 -4.42034432956 0.309124669387
-112.52 40.8903 -0.000578726719572 -0.000319145660116 -0.00437018935272 0.0111541291035 6.3156 5.0892 -13.7712371535 4.26554911014 -0.583423294528
-111.437 40.8869 -0.000712191112059 0.000218099518325 0.00780778404535 0.00910471538614 4.83751 4.51394 -7.41632014754 -1.52706502773 -0.674770742798
-110.834 40.9425 -0.00157658681944 0.00051415822644 -0.00996518302606 -0.000600908322762 6.43599 6.44864 7.36578538733 1.98878255274 -1.24473721459
-109.673 40.9763 0.000726514233787 -0.00347874893585 0.00303944243528 -0.00598762539481 4.36645 5.44551 15.2520972802 33.9174022676 -1.23269638297
-109.177 40.8936 0.0013658901394 -0.00195871933191 0.00163528526771 -0.0094191246828 3.4778 2.99813 11.6841761743 14.0291245128 0.250617213278
-108.263 40.8338 -0.00345362291074 -0.00284427097672 -0.00750968390314 -0.0091778007111 3.90346 4.17785 -1.8237452845 49.2725534788 -4.10507382664
-107.52 40.76 0.00507765167862 0.0016394121231 0.0548518929647 -0.00568031403585 1.87698 2.1016 -8.67921515365 -33.2079988909 5.28167700418
-106.454 40.8023 0.00073043859649 -0.0024253098235 0.00656572685439 0.0194629379859 3.50046 3.51916 -19.4335876178 32.7828499927 0.736768090147
-119.827 40.165 -0.00027995405882 0.000699136964871 0.00402201252524 -0.0225199063698 2.91989 2.811 28.620294255 -4.75014328476 0.205709908691
-118.877 40.1614 -0.00115008469444 -0.0013350249395 0.00491879193069 0.000968755883428 3.38738 3.37807 -0.452427507583 18.7926920649 -1.34989422056
-117.19 40.1697 -8.64459948342e-05 -0.000394956854826 -0.00253952196073 0.00798476238699 4.40304 4.4928 -16.1231576055 4.87482474095 -0.0501111065779
-116.5 40.2917 0.000326274310149 0.00256658054067 -0.000317400452481 -0.0177962034371 4.42328 3.20978 19.0301202152 -30.20083056 1.58266270039
-115.657 40.1313 -2.51782017353e-05 0.00462402312517 -0.00800020349735 0.00168928000833 5.42519 6.37486 -6.32039686501 -58.758810484 0.430153602749
-114.745 40.2679 -0.000249449888386 0.00118998868155 0.00367228638122 0.00727676002187 3.97077 3.95266 -9.07683235529 -15.0574582246 -0.174003106641
-113.981 40.1314 0.000379924695254 0.00112426647098 0.00748865276843 -0.00752393495751 3.40134 3.33264 11.7351813724 -15.2361575486 0.818177653536
-112.469 40.2807 -0.00020685139416 0.000884355450195 -0.0116094400252 -0.0147367779486 4.26375 3.9347 33.3998643066 -5.7533329359 0.515690745431
-111.502 40.2067 -0.00243040944689 0.000479971871711 0.00351192320541 -0.00904232498088 3.76207 3.92381 19.8055635665 13.0515458442 -1.72022975872
-110.738 40.1948 0.000591862924467 0.000364246791048 0.00575225698834 -0.00921097353743 3.10041 3.13848 17.8157233172 -8.30471573287 0.694614980584
-110.008 40.2655 0.000447338082572 -0.00039740768461 -0.00473122621117 -0.0106599268321 4.13398 3.66691 17.7827082104 1.0518598061 0.148766979149
-109.124 40.2982 -0.00142170826899 -0.00040353386076 0.0041188604615 0.00146997790243 3.69069 3.35616 17.0074965548 15.0131873093 -1.40504442801
-108.242 40.1348 -0.000942445058018 0.00174701147319 -0.00334297511361 0.00685408083204 4.6721 4.8102 -5.85694659664 -20.361161505 -0.570714203563
-107.47 40.2149 -0.00191518708659 -0.00209074487544 -0.000163130624012 0.000842858246771 3.99597 7.42566 -3.46150019569 33.7202344127 -2.38246516245
-119.898 39.6785 -0.000429294390352 0.000618670003642 0.00474119427264 -0.00125962088352 3.52159 3.6064 15.5454889365 -4.80413514026 -0.135899786636
-118.889 39.5399 -0.000469237966907 0.000690972674546 -0.0143503945699 -0.00121251303947 6.23864 6.12253 9.46405845312 -6.27818393863 -0.219937447218
-118.08 39.6946 -0.000582548477939 -0.000163470665424 -0.0026846947475 0.00913519172137 4.45431 4.41102 -19.4335641963 0.83715434322 -0.54819899924
-117.14 39.5516 -7.49444749086e-05 0.000743565155327 0.00926448119166 -0.0145630265226 2.95449 2.87166 2.11320616389 -8.97387275301 0.0913715600185
-116.464 39.6202 -0.0033187761017 0.000903374626637 -0.000272767813858 -0.00985744580483 3.42638 7.9538 8.40592510889 3.3161189765 -2.8243329792
-115.754 39.553 0.000823650666153 -0.000334865369071 0.0263447279883 0.00552519389308 2.91437 3.88056 -6.64739779814 3.34785518914 0.791390394032
-114.908 39.4731 0.0026922924625 0.00234255302624 -0.0146478535278 -0.0170842273157 3.52209 3.5873 28.0819745392 -45.3479455072 3.56845275663
-114.016 39.455 0.000601837877984 -0.00151862156901 0.0388513782282 0.00745665858261 2.38105 2.26811 -11.5127927886 19.4512597106 0.566742671894
-113.069 39.5906 -0.000198202626942 0.00145044316496 -0.00825332850586 -0.0192001490267 3.73571 3.60118 27.2802271266 -12.5804040065 0.799000887647
-112.279 39.5708 -0.000234728410118 0.00242019380103 -0.00664442348363 -0.00245225262352 5.14468 5.38023 25.6190927793 -22.3549519903 1.36766202275
-111.66 39.6092 9.33295190037e-05 0.000177564158563 0.00611228071973 -0.00353422417123 3.58565 3.57978 15.6808545987 -2.6296229537 0.170171606379
-110.74 39.473 -5.46908457919e-05 0.00104251110912 -0.00169819462132 0.00265523414589 4.18169 4.51268 -0.594604456927 -13.1345056006 0.210545522016
-110.246 39.6279 -0.000189572134077 0.0011685431319 -0.00105736463604 0.00446803154247 4.85069 4.55766 12.0669718654 -12.5218798347 0.376360283027
-108.981 39.6333 -0.00390759330013 0.000153113932052 -0.00693456864563 -0.00279543919494 4.53881 5.81885 11.1749896337 22.5256585077 -3.38448911516
-108.391 39.4998 0.000419441017423 0.0011492794431 0.025108364473 -0.0372441899081 2.5234 2.8176 15.6014489816 -15.9953909358 0.972860963577
-107.449 39.524 0.00149265212674 0.000786042067164 -0.00133072940965 0.00128833303214 4.03277 3.54586 -5.79023566855 -14.5303317291 1.62323527086
-118.808 38.9383 -0.00132789327505 -0.0016006220736 -0.0117354181787 -0.00247251178875 6.90303 8.13647 3.67177984524 23.2795431334 -1.65237452853
-117.932 38.8606 -0.00104671155195 -0.00303896963503 0.00174069361489 -0.0021126623482 3.96723 3.69103 6.19696950208 40.4802422795 -1.84468882084
-117.182 38.834 -0.000900693676003 0.00120105086277 0.0075582341107 0.0231288369855 2.7407 2.67287 -34.8665454667 -18.5913783592 -1.31819787086
-116.4 38.8247 -0.00102800799735 0.00117638613954 -0.00110989077707 0.0223934641403 3.6374 3.43417 -32.42849504 -18.7566594531 -1.38850572934
-115.654 38.8455 -0.000794558962174 -0.00339646668708 0.00633591620797 0.00708776691461 3.56178 3.42742 -25.1094441278 39.8392455131 0.0338870268249
-114.83 39.04 -0.000608516492815 0.000373829794785 -0.0185862768457 0.00167618556985 4.99313 6.48245 40.3431608139 3.26928186206 -0.0751371135945
-114.02 38.9551 6.52652531635e-05 0.00182981874837 -0.0041357969936 0.0037243104744 4.51413 4.58945 -18.4388346478 -23.4716255326 -0.121636418936
-113.277 38.9882 0.000824001825906 0.00181777872427 0.0183814716024 0.0305405539908 2.56417 2.6706 -37.8718133576 -16.9844136654 -0.0123294664481
-112.379 38.9995 0.00124455464718 0.000968849115949 -0.0140134679487 0.0078508896075 9.7285 10.5785 -0.524112601105 -16.067525646 1.4336092466
-111.172 38.9176 0.000238005750344 -0.00318167552561 0.00275287093416 0.0138696719752 4.39896 4.1853 -13.0303105806 41.8394221651 0.149537635805
-110.133 39.1025 -0.000773613716031 -0.000880308210574 0.000450846181107 -0.00747568441769 4.62912 5.1647 7.54928518721 14.7607399924 -1.05640939234
-109.263 38.9553 -0.00144623811149 0.00140863199263 -0.00163324856918 -0.00723456434791 4.71723 5.11157 4.10303411028 -10.9914836869 -0.872156549903
-108.296 38.9541 -0.00127348544045 -0.00470817388094 -0.00665889880837 0.00756606459681 5.75111 28.9018 13.6187997527 63.1489061934 -3.48123936136
-107.574 38.8347 0.000466216792214 0.000121670887347 0.00114993961142 -0.00914671607405 3.90668 7.11928 11.7495936666 -4.48450834325 0.466710770256
-106.91 38.8627 0.00132232783911 0.000116276858168 -0.00460347470709 0.00502697104184 4.51397 5.42473 -15.0744110049 -2.42256370659 1.3263574793
-119.451 38.5226 -0.000181927131146 -0.000704504567304 -0.000724038654956 0.00526018659027 4.38894 4.29391 -5.17423873392 8.91894564569 -0.224376455581
-118.106 38.3489 -0.00139653283373 -0.000909838166223 -0.0136628749085 0.0034954401639 6.17937 5.30465 7.49010373278 16.1098783214 -1.60132919495
-117.072 38.2397 -0.00370284609493 0.00103035918572 -0.010708186926 0.0218905853802 6.80992 16.138 -40.2349458963 -34.8958698172 -3.72031021918
-116.302 38.2886 0.00172036506719 0.0012623126151 0.0155796182965 -0.00228281012685 2.28786 2.45869 -5.45649427084 -18.0436986651 1.82821981543
-115.585 38.3489 0.00238105980944 -0.000431084510746 -0.00790288056549 0.0111646203082 4.11751 3.55458 -13.9921354433 7.00627143612 2.39921040405
-114.608 38.3281 -0.00151952548191 0.000491423163203 0.00584975746553 0.00357774532947 3.57756 3.1061 -1.11493958614 -2.57038258413 -1.40108837502
-113.969 38.1802 -0.00455701370973 0.00204515578044 -0.00366936105552 0.0166040495535 4.18147 4.48776 2.18101954671 -10.9581849763 -3.90371377596
-113.021 38.2987 0.000309474353129 -8.92485238093e-05 0.00108401232543 -0.000202356504439 4.02105 4.06624 3.93644834545 -0.0602346694611 0.270138663459
-112.277 38.2108 0.00404053000762 0.00129501750292 0.0118026187723 0.000997516160734 3.3477 3.38901 0.833223854774 -29.5243128843 4.23516129233
-111.483 38.2843 0.00129036114243 0.000921536303519 -0.0227749311315 -0.00299397168486 6.37877 3.33705 16.6367744424 -19.1179702052 1.58000559854
-110.711 38.4187 -0.00093098899993 0.00110416538869 0.0448692708274 0.0114655372227 2.29632 2.16777 -11.8176550359 -13.9773167867 -0.874388351398
-109.894 38.3862 -0.00375846324253 -0.00164494967007 -0.0322710962518 -0.00520317148653 7.94976 -nan 7.37906552321 39.4594334191 -4.10206639111
-109.261 38.2916 0.000424157702345 0.000521202250417 0.0609218759217 0.0486752639668 2.01396 2.0867 -29.1634796434 -5.45202965227 0.291056896228
-108.379 38.1888 5.52801223789e-05 -0.000206605259622 -0.0180510878163 -0.0123061598402 5.15593 4.46336 25.77156518 1.56371703685 -0.0973661105075
-107.55 38.3685 -0.00226333588667 -0.00289023831378 -0.0114391929375 0.0233813574682 8.05623 9.35644 -28.6366896334 32.0693939623 -1.63475790287
-106.756 38.2289 0.00304668085629 -0.00150243087676 0.0368556680123 0.02189371809 2.58837 2.77856 -19.8245261533 22.0258748629 3.10417323483
-117.225 37.7243 -0.00118660508486 0.000418125902037 0.00679913239536 -0.0576004455832 2.12248 2.16483 34.4286644865 6.70552990199 -0.558465673271
-116.595 37.923 0.000752058975477 -0.000724539748045 0.0107844324058 -0.0244396115399 2.79364 3.16082 17.0022280899 3.80436942728 0.335581851396
-115.747 37.6444 -0.000390224021921 0.00112884019568 -0.0182481581219 -0.0138636938917 4.35628 4.34243 17.3156807065 -10.4160319533 0.187134068594
-114.849 37.6083 -0.00247214025652 0.00335454235328 0.0138703579247 -0.018140485644 2.68483 2.71067 14.0104294249 -25.4386547971 -0.79618740644
-113.86 37.5808 0.000337641051566 0.00516661543233 -4.29932567708e-05 -0.0931633325291 1.60352 1.57806 58.0222455276 -27.017917462 4.97180516145
-113.168 37.7601 0.000312274819522 0.00391603850342 0.0149550449338 -0.0267823764943 2.81452 2.843 23.9769317175 -43.4482571952 2.58429658701
-112.363 37.6761 0.000525185902246 0.00010961310772 -0.00890652279345 -0.00807031475907 5.6924 7.65377 22.523829769 -5.18225293112 0.490667743625
-111.596 37.7222 0.00152641522065 0.00612417016215 0.00192124048162 0.00297848962201 4.94161 5.22287 14.2860550991 -80.7210160816 4.22066197924
-110.802 37.6354 0.0025029151235 0.00333853727255 -0.0152594316471 -0.0083719160271 6.16378 5.28747 48.9420287005 -49.5676052596 4.10907330524
-109.995 37.6903 0.000385943909618 0.00103948733294 0.00595968017411 0.043266676655 3.46985 2.98355 -38.1908678601 -10.6685874954 -0.0580653918118
-109.137 37.7459 -0.00103793544851 -0.00120623366128 0.0158071866517 -0.0485687276504 1.91208 1.91 35.8119756028 20.9436056684 -1.59035463001
-107.792 37.662 0.000340850991467 0.000641287270582 -0.0444355432477 -0.00639935334332 10.4822 7.71228 49.417680398 -7.74467185174 0.724620263003
-115.22 37.2408 -0.00256723336222 -0.000263260662972 0.0285694024095 -0.0201913111273 2.21024 2.24165 1.04862207457 10.1817441788 -2.56594217517
-114.715 36.7256 -0.00791789058643 0.00389692504774 -0.0569878980208 0.0167740312365 27.3653 -nan -35.2015014181 -87.9147357245 -8.81935196434
-113.907 37.0195 0.000215108395129 0.00102945207661 0.0121435191738 -0.0165188208325 2.74223 2.68287 11.0953544655 -13.4176562941 0.597461190501
-113.084 37.0615 -0.0164837291518 0.00142084108476 0.0243470155527 0.0116339208214 0.921691 0.97873 -11.4176282239 -15.2295255335 -16.45974778
-112.382 37.0183 0.00299676723061 0.00161812074141 -0.028267402536 0.0103133380396 5.97535 9.8745 -5.01311392057 -26.3611982849 3.18770179452
-111.506 36.9839 -0.000515317994146 0.00191002740436 0.0130770539835 -0.00540755859992 3.45783 3.56416 5.69063945759 -21.6225266446 0.136345747483
-110.804 36.9969 -0.000815078574769 0.000867024571681 -0.012771350941 -0.00351433481218 3.95106 3.72025 28.7842225109 -1.13527933307 -0.0121696798105
-109.874 37.1364 -0.00081991901771 0.00546038676568 0.0260442688397 -0.0331228120026 2.1368 2.09625 23.6111679103 -50.4814704314 2.73334518963
-109.025 36.8299 0.00144837632258 0.000192208794427 0.00770333486674 0.00372176768404 3.56326 3.83876 -3.39046579315 -6.45273939577 1.45735844555
-116.33 36.4193 0.00262406439968 -7.81558452344e-05 0.00260741150569 0.00731469728316 3.14106 3.1672 -9.24966862142 0.669418547587 2.62316733961
-115.383 36.423 3.18038275924e-05 -0.000701208394511 0.0178196264395 0.0253141391635 2.92721 2.75792 -23.9608946107 8.87789013099 0.194876634038
-114.539 36.4321 -0.00378115099231 0.00144400565022 -0.0155433246633 0.0313326311596 5.31439 16.5641 -59.1499819702 -48.9694147218 -3.59851229409
-113.965 36.4151 -0.00177019271339 -0.00665853527539 0.0179753076179 0.122559715911 1.94927 1.90157 -60.8070353491 38.8407463866 3.90621836424
-113.18 36.4182 -5.3513673619e-05 -0.00159774152837 0.00724154740077 -0.0207945880824 3.00077 4.27479 7.42395270374 19.9437818216 -0.57951784272
-112.291 36.428 0.000597974406728 0.0017015849435 -0.00235924773168 -0.0143679444245 3.85092 10.1686 26.9968375523 -22.2690377435 1.5440756862
-111.13 36.1428 -0.000821006872031 0.00268582300789 -0.0182501092105 0.00609435253049 6.93835 -nan -5.81744045096 -33.9318131274 -0.470539373476
-110.662 36.5996 -0.00101619905682 0.00147870881987 -0.00398107137205 -0.00244929404719 4.31158 6.19693 0.913913366628 -15.5952004772 -0.608942353423
-109.87 36.4199 -0.00173960501545 0.00433718367024 0.0212192025568 -0.00257406613995 2.68081 4.62697 1.49943907131 -49.5070953219 -0.500861770478
-115.43 35.8384 -0.00317598424475 2.46625618568e-05 -0.0635937177458 0.00886323090515 23.4627 6.57909 -209.277059384 13.7267007733 3.0083774454
-114.851 35.7266 -0.00293914004888 -0.000940775088399 0.0767361240716 -0.0698722172643 1.33165 1.33492 28.4867976104 33.3800015166 -2.87732452175
-113.984 35.8522 -0.00238004141024 -0.000546671547203 -0.0199762881283 -0.0726654226166 2.82787 4.95947 52.4757835142 30.9093950416 -1.54910384386
-113.105 35.6339 0.00302022900288 -0.00664231484859 -0.000116565905835 0.0347636648026 1.66415 1.84468 -73.1172512822 76.2317226425 7.27901099304
-112.173 35.8191 0.000836523012577 -0.00120990528738 0.0113514926783 0.00866613717308 3.52204 3.37761 -17.9843398685 16.9601304583 0.952580584129
-109.933 35.7113 -0.00154648704841 -0.00582547549076 0.0528847063221 0.163489247885 1.27137 1.31142 -65.0449971178 32.5984559948 3.57826329117
-109.046 35.7147 0.00220694161557 0.00158386705679 -0.0255096625189 0.00703088554965 8.09713 8.92348 -18.8543750208 -18.9301299681 2.0766529936
-114.87 35.301 0.000371529921764 0.0024011781741 0.0465617128278 0.0841541240508 2.04813 2.01313 -47.2816198542 -21.9197822987 -1.15005265134
-113.885 35.099 -0.00107024397338 -0.0249550155949 -0.0767775769548 0.00605813835584 2.90362 -nan -162.30271979 -292.75213388 12.8376883828
-113.083 35.2127 -0.000337815057043 -0.00411461259825 0.0401640937462 -0.0280104949782 2.34528 2.39286 11.7328995839 51.3618265273 -1.92452843495
-112.267 35.1787 -0.00347306862705 0.00173998288022 0.0309719001572 0.0022035149033 1.6593 1.63978 -11.3729544686 -22.5334178624 -3.45747284482
-111.532 35.0951 -0.00234604661651 0.00141149655567 -0.0120111154955 -0.0167901614813 4.54629 6.22994 13.4654964567 -3.31410456209 -1.49816274362
-110.713 35.0789 8.30470252529e-05 -0.00788835068848 -0.0415129212191 0.0347411656162 3.2087 4.00579 -101.647500236 3.34899831774 7.8883269716
-109.736 35.1181 -0.00579973392808 0.00134390918395 0.102442840326 -0.0161507873775 1.57943 1.24116 -5.17528833728 -6.49145938949 -5.54185054214
-109.388 35.1118 -0.0135239767806 0.00470180593714 -0.0561059037625 -0.000709019389302 2.05683 2.87872 -17.4430485815 -74.6460372857 -13.7958710915
-108.5 35.1259 0.0054453029775 0.0012130797084 -0.0305345396387 0.0180570979624 17.7369 -nan -98.2654983954 71.4385849845 -0.622588075845
-107.648 35.117 -0.000187067795835 0.00010129854611 0.0144325341263 0.00451360163641 3.32284 3.19251 -6.24092034794 -0.97335504517 -0.169437905521
-106.867 35.0719 -0.00209669932438 3.29556468486e-05 0.0160912244685 0.000520724930124 2.67815 2.72966 -5.34678613355 4.62570732412 -2.05779525099
-113.83 34.5935 -0.000870351199715 -0.00147806032747 -0.0104702563233 -0.00627292627389 4.55773 1.91399 10.1369779961 22.0704277045 -1.33647145423
-112.891 34.4692 -0.0115055291621 0.0011399171819 0.00957688908634 -0.007708660336 1.69144 2.25835 14.8169401382 52.6191973279 -9.85039221927
-112.237 34.4866 0.000151261708207 -0.00123328801512 0.0109772587586 -0.00713867191875 3.33224 4.56809 8.29305105256 14.6409298249 -0.275993049548
-111.441 34.4178 -0.0176142248255 -0.00263877742879 -0.129918477967 0.0794790093209 7.57326 -nan -126.491403616 -227.355957899 9.69875195633
-110.806 34.3371 0.00246879570851 3.16120709475e-05 -0.0172525845312 -0.0236261196572 3.92467 4.05945 22.9924129491 -19.4081681731 2.03105375434
-109.95 34.5293 -0.017309836527 0.00425696995021 0.0538300501635 -0.0508423618359 1.28012 1.73461 10.0022573086 38.4606410179 -14.2560412732
-109.29 34.4275 0.00331490535282 0.00196839322529 -0.0280823279527 0.0322919286201 6.95014 -nan -42.063713125 -1.90290364109 1.96807753545
-113.829 33.8142 -0.00347483622704 0.010166974783 0.00562811532883 -0.00108628128575 2.28069 2.83246 31.9366714384 -68.1748599314 4.23722008236
-113.005 33.9383 -0.00149020718826 0.000948333480562 -0.000988367520162 -0.0108840168469 2.64588 3.16106 18.496933351 -1.30785668162 -0.837015789977
-112.333 33.9535 0.000109795425516 -0.000941546333206 0.0229105067007 0.00492526367541 3.68065 3.49727 -7.33463333688 12.309094869 0.0463218142935
-111.478 33.8798 0.00662845418022 0.00495284341337 -0.219117630119 -0.18189282581 1.00222 1.04485 -254.238080356 -47.7979802894 1.3382586419
-110.844 33.6953 0.000257791783959 0.0002350233814 -0.0880561183203 -0.190447997521 1.16636 1.17244 -275.268836805 -3.04891054684 0.203147772696
-109.254 33.9571 -0.00147407677361 0.000654775471 0.0249754151599 -0.0622640263451 1.99621 2.08954 29.2040033139 6.88847735326 -0.646636287372
-112.946 33.3627 -0.00201169126447 -0.00108775552694 -0.0111741724014 0.0181053737571 4.3055 5.16229 -23.6367186849 7.91524141481 -1.71129675706
-112.158 33.2893 0.00348524007309 -0.0019287095135 0.00766578267556 0.00780781258975 3.5301 4.77002 -16.3195490918 29.7434001307 3.65073933288
-111.427 33.341 0.00024056259615 -0.0010872289385 -0.00767059812171 0.0274150590547 4.69528 3.94207 -25.5453177396 14.8065126478 0.498394305934
-110.472 33.2969 -0.00535180406609 2.7910806345e-05 0.0194571154208 0.0196729685324 3.69931 4.81654 4.29510487232 19.7776156755 -5.1283461567
-110.036 33.0851 -0.0030121084285 -0.00536643724399 -0.0270810131734 0.0260175987283 19.7187 -nan -97.306726189 -34.1901848011 5.09085091949
-109.266 33.2921 0.00277544833021 0.000168482421732 0.0210986119588 -0.0122358266084 2.89804 3.37949 8.13027299918 -15.515575758 2.65235436558
