-112.228 32.7006 -0.00193611867356 0.000460589757729 -0.0297424282786 0.0146889625531 53.4272 -nan -196.097115103 -5.24906223756 1.5953543794
-111.704 32.5618 1.47243671849e-05 -0.00488073925067 -0.0534717405832 -0.0122464045004 7.16871 40.3656 -288.74430192 -27.1819051584 -4.55701528905
-110.739 32.5716 -0.000640239372886 -0.00197381649318 -0.0218993788717 0.0138006692965 18.3712 11.257 -176.017304496 -28.424979618 1.84837870011
-109.97 32.6399 0.00341884048141 0.00193286830006 -0.00759873973966 0.00192377057393 21.0101 -nan -148.449650954 59.0317659605 -2.823210694
-109.303 32.7663 0.00163848423919 0.00163209857713 -0.0214592008906 0.00212900089633 12.802 11.5271 -9.29971391154 -35.0374286024 2.26770657599
-111.457 32.0022 0.00182584423254 -0.000839413704892 -0.0249866033172 0.0161952442861 19.6701 9.03092 -242.594064336 -22.7968972119 -2.00856281239
-110.816 31.7748 -0.00180103081222 -0.00018123375799 -0.0280968448452 0.00384001225193 7.42282 6.38269 -286.919593548 24.4121160336 0.546671258622
-110.046 31.9737 -0.00744678221095 8.40883333727e-05 -0.0129306465001 0.00943080151775 64.8829 -nan -198.252694437 -43.9274325839 6.81884771185
-109.259 31.9989 0.00131538818769 0.000509617317889 -0.00388820449933 0.00526686768153 5.28827 5.80273 -4.27175062977 -18.8052683204 1.35031138437
-109.991 31.439 0.00167846477175 -0.000124409751589 -0.0119053014263 0.00142082925106 6.1809 6.38702 10.051132542 -19.0096192518 0.960545328959
-122.707 48.7197 -0.00174280330296 0.00217629527251 0.0147536393196 -0.0161051098522 3.17764 3.26618 4.26066302857 -5.51984135508 0.202134333939
-122.085 48.9983 -0.00214296458781 0.00223550771867 0.0110214152599 -0.0172319816996 3.07128 3.09425 -0.577096847735 -5.40564556721 -0.271421052538
-121.48 49.0983 -0.00247465475406 0.00238138704007 0.00589143177845 -0.016579474516 3.12212 3.20125 0.992489634668 -2.35455703015 -0.306121792998
-119.272 48.9534 0.000520471442027 0.00111551512676 0.00122246343224 0.0162502257248 4.01742 3.83647 -13.5905070291 -16.7349184499 0.990870132781
-118.585 48.9752 0.00134556431972 0.000672036261111 0.00633820719659 -0.0133404294326 2.71212 2.77395 0.257430276734 -19.2655294453 1.44117456279
-117.559 48.9813 0.00215250911654 -0.000331957887009 -0.0049337977163 -0.0114106205411 3.39953 3.46287 13.8006075167 -22.543300352 0.866587618873
-116.363 48.958 0.000421805266999 0.00037352616932 -0.00348380688017 -0.000309970285282 4.08974 3.82045 5.77584903236 -7.75322224657 0.555704471209
-115.653 48.9339 -0.000835562100002 -6.55717941968e-05 0.00371152060774 -0.000545123506556 3.45223 3.3224 -4.44206649963 8.33295643295 -0.668808229018
-114.413 48.933 -0.000787720608241 -0.000484706732858 0.00300322020908 -0.00497807506512 3.36817 3.55862 1.19041829872 12.6429356922 -0.884873411804
-113.422 48.9725 -0.00145248795081 -0.00127058101745 -0.00410983549898 -0.0075034510274 3.47831 3.74477 11.4292135952 26.3653705021 -1.82804821468
-112.733 48.9777 -0.000586468487737 -0.00183457820173 0.00399891073936 -0.0045243519742 3.29333 3.47261 0.75120043407 22.7340053715 -1.78173349847
-111.597 48.9482 0.000461170223928 -0.00214150258385 -0.000993485695752 0.000926783915127 4.13104 4.29115 -1.31068492067 14.7384447965 -1.3180383309
-123.504 48.0575 -0.00241842193996 0.00244713162584 0.0225712206456 -0.0253509432615 2.68339 2.73779 5.28289580027 -2.07778674147 -0.113952934934
-122.096 48.2641 0.00319567082049 0.00163147179483 -0.0568996184733 0.0313368728729 4.83226 7.19164 -198.280138806 35.8898541862 -3.5660544706
-121.484 48.5183 0.000293381068477 0.00155019251218 -0.0433227487401 0.0334085574247 8.06689 11.0526 -191.640081772 20.3756619506 -0.988441652323
-120.12 48.4607 -0.000969346980514 -0.000550053199612 -0.0421203107661 0.0181215505317 12.1188 -nan -252.183187964 0.406008433 0.545794156407
-119.333 48.3584 0.00178602548067 0.00278413456623 0.0286788693677 -0.0222374072734 2.0707 2.19902 1.65177067485 -44.3915343978 3.21185396118
-118.149 48.4226 0.0031868688553 -0.0014353574488 0.00474527531048 -0.00650858641345 2.83668 2.97682 9.26230489581 -22.601687208 0.809530280767
-117.225 48.2995 0.000814919394663 -0.000329345001349 -0.00827561543672 0.00143005280305 4.37223 4.27612 16.7224392434 -7.57815486517 0.111086748058
-116.367 48.4366 0.000578818771355 0.00122983387768 -0.000677870568059 -0.00232279034737 3.54182 3.63096 11.3712098075 -16.0700127412 1.34453002073
-115.589 48.4694 0.000659079834631 0.000157103307177 0.00323066085748 -0.00231271919225 3.2512 3.35512 2.64975449945 -8.27954638537 0.554459373628
-114.468 48.3739 0.00015270144036 -0.00302402763752 0.00232144991969 -0.00590920764529 3.13537 3.14721 5.68511671942 23.8190859217 -2.31272961887
-113.273 48.3609 5.72070023292e-05 -0.0043229764459 -0.00151304995256 -0.00391935097034 3.77344 3.94313 9.28394718663 31.7084589527 -3.61914813988
-112.562 48.3129 0.000661748351008 -0.00433915792661 -0.00223425235748 -0.00235719499667 4.16692 4.35473 8.86431037539 24.4233173235 -3.32615949833
-124.566 47.9475 -0.0012015699725 0.000240670159106 -0.00814375489149 0.00989199708153 5.23533 5.23134 -7.17123314656 5.04069001214 -0.93124453516
-122.972 47.7172 -0.00180065302045 -0.00115313583791 -0.0638614936879 0.0144837397456 5.89216 7.65974 -217.410931954 -15.7519080565 1.80931743662
-121.689 47.6947 0.00275334587085 -0.00473891266666 0.0265040832605 -0.0262663138513 2.27525 2.38515 2.63780953601 23.1095794205 -1.10147692596
-120.061 47.6902 0.000273494708746 -0.0047613199255 -0.015124889685 0.0074791772488 10.614 -nan -32.2076254534 63.8135721133 -0.437784387997
-119.045 47.7849 0.0070372506604 -0.00586124074068 0.0123904249808 -0.00646713291782 3.33377 4.1624 6.3492409324 -18.3875651577 0.320464290285
-118.274 47.8006 0.00306369707532 -0.0027539010597 -0.011540034855 0.00441240850057 6.16949 5.87659 20.0896432195 -20.1358361501 -1.04580118136
-117.308 47.8192 2.57177422878e-05 -0.000355521334384 -0.00296240275833 0.00303074266172 4.40469 4.35873 10.7503503407 2.56715451549 -0.274260212694
-116.256 47.8397 -1.3436534839e-05 -0.000470430405171 0.00267285230698 0.000140015709534 3.2693 3.39566 3.78553327963 4.45410743211 -0.361774103396
-115.475 47.7092 0.00352008817785 -0.00214032263692 0.0033802755787 -0.00398417556503 3.18388 3.32069 1.3169548262 -15.4282626796 0.841841189228
-114.574 47.6795 0.00236352303747 -0.00175682949059 -0.00189042188746 0.0028283605588 4.66111 4.53893 0.426022979468 -7.39462537465 0.328126589872
-113.747 47.7687 0.000278166940048 -0.00272004873958 0.000308000846314 0.00226525712425 5.11785 4.80018 -0.746156932041 23.2590903214 -1.79082000041
-112.607 47.775 0.000334458168586 -0.00320892098174 -0.00206604535003 0.00137294866757 5.30057 4.9447 3.06135194425 24.1873741525 -2.31599347027
-111.746 47.8012 3.74636581143e-05 -0.00207668476192 -0.00313158342142 0.00122184244599 4.62265 4.53961 4.3982725266 16.724273655 -1.66113207462
-123.771 47.1161 -0.000288672904401 0.00167920460514 -0.030126701205 0.0224402562295 41.4534 -nan -196.172082206 19.8414396327 -0.320363036203
-122.803 47.1109 5.6931173711e-05 0.00167096017013 -0.0196783702442 0.011852094566 5.51591 6.54178 -207.122207179 22.4017701266 -0.363129756063
-121.989 47.1881 0.000685234953531 -0.00134755504621 -0.0163733920155 0.0215148018315 8.84213 7.70556 -195.440484554 -13.1904290132 -0.100978909866
-120.844 47.1935 0.00305597784857 -0.00300446915599 -0.00390485911217 0.00779042443566 10.9003 7.48719 -22.8816572499 27.1948569003 2.05470934615
-119.973 47.1936 -0.0020810993971 -0.000421125130027 -0.00296399910396 0.000432215400836 7.80719 5.09633 -17.9763408568 16.3105125359 -2.0829156265
-118.921 47.0573 0.00433746902662 -0.00266843630261 0.00837417057718 0.00540926771859 5.25365 4.25754 -11.0884852386 1.3076993494 2.38040155615
-118.309 47.0615 0.000487002435425 -0.000963076875548 -0.0110804330492 0.00614754697187 7.09781 5.4962 3.00556805153 4.58572408708 -0.341366548993
-117.276 47.0547 -0.000462038381005 0.000497954866964 0.00449365961134 0.000116288543555 3.83767 3.85139 -3.32528631511 -1.16931726215 -0.0336766461871
-116.335 47.0477 0.00219762952073 -0.00158573838265 0.00403302367565 -0.00482773953592 3.41381 3.49145 2.41983309661 -7.16428971882 0.350498984929
-115.353 47.0528 0.0023114130339 -0.00195098200083 -0.00280629404832 0.00485611608509 5.26249 4.97346 0.408218281604 -4.1521840636 0.212639997476
-113.506 47.0816 0.001111092946 -0.000925645499359 -0.0016533231483 0.00415402174294 5.48325 4.88853 -5.99960842953 -0.578139605081 0.220669408366
-112.52 47.0418 -3.24516702918e-05 -0.0012228684808 0.00142676926997 0.00226410223604 4.72641 4.41485 -7.64195385648 13.3647707354 -0.824529138904
-123.563 46.5459 -0.00360548783176 0.0010458842378 -0.0252423518712 0.0217439416628 11.1345 23.639 -49.9703557428 -25.0088687755 -3.74933839922
-122.72 46.5934 0.00179427468908 -0.00519786755506 0.0148577398431 -0.0147459713668 2.49291 2.7587 4.32868234403 36.336600555 -2.13303582322
-121.761 46.5605 0.00221776419058 -0.00463188031376 0.00386116266169 -0.010763540341 3.85169 4.21769 2.67424745541 27.6911612887 -1.37816930418
-120.979 46.5433 -0.00156592488337 -0.0013492942987 -0.0137342036039 0.0209348864571 6.92216 6.18657 -23.7858132918 23.5388774824 -1.86908165486
-119.855 46.5585 -0.00033922457007 -4.98025298137e-05 -0.0580933934087 0.0110203920102 10.6896 -nan -251.16024689 1.79869671444 0.266052052094
-119.06 46.4911 0.00165106086264 -0.00180569830004 0.0183525401418 -0.000406047948147 4.34265 4.48174 -16.1315579988 12.9383892802 0.730866873753
-118.146 46.5139 -0.000642279430526 0.000857794102795 -0.00842733939573 -0.00925277093242 5.04683 4.69611 3.61492361563 -1.91640844568 0.166557330275
-117.11 46.485 0.00126506046976 0.000608171458812 0.00666404690821 -0.00863510467547 3.25805 3.41163 -6.69187410272 -17.2941994063 1.37852914503
-116.209 46.3559 0.00321370408782 -0.00100410913096 -0.000515753299774 0.00394393983945 5.12283 5.18838 -4.76291922186 -17.643052354 1.84830351986
-115.571 46.4151 0.00150961258599 8.58242789971e-05 -0.00489192958592 0.00263051648639 6.33293 4.93088 6.64821895727 -17.3055442221 1.00729240812
-114.188 46.4423 0.00112900713008 0.000987929761023 0.000997922779922 0.00239007587439 5.45776 4.88566 -1.83331137424 -21.0776730986 1.49768865069
-113.493 46.4162 0.00115645025824 0.00126570100252 0.000775880287327 -0.00219332549291 4.68675 4.30154 1.62315638643 -24.0750977487 1.71412002111
-112.641 46.4246 3.95961446232e-05 0.00084249649585 -0.0022999791148 -0.000286367382159 5.06509 4.65904 -7.33097379224 -9.41464769403 0.579634699719
-120.728 40.6183 0.00141564606624 -0.000343945463262 -0.0402968862598 0.00812446747484 12.2653 6.87614 -224.457063607 -7.67594903804 -1.45034988142
-123.559 45.9306 0.00232483143322 -0.00199833597934 0.0129105531071 -0.0203748455508 2.76919 2.87841 11.5349754919 -5.24530941942 0.0750573391016
-122.419 45.9325 0.00292415956884 -0.00319814403721 -0.00334031731129 0.00296166127667 4.94898 4.81711 1.5351900376 8.77192082838 0.25695825367
-121.459 45.8839 0.00115588519779 -0.00282314025672 0.000326757479033 -0.00172694686336 4.62702 4.28039 -5.56740261011 23.9236234061 -0.561257807457
-120.782 45.7664 0.000369106301815 -0.00252436719339 0.00574179304508 -0.00210760710799 4.158 3.98558 -12.8687149133 28.9442751349 -0.782757964778
-119.928 45.8951 -7.40681353982e-05 -0.000871671371409 -0.0133664290568 0.00956877417854 8.89288 8.77477 -16.9821841627 11.4793120935 -0.408861220989
-118.777 45.7971 -0.00146219290906 -0.00142327179956 0.00531679854359 0.00198513502517 4.78957 4.88681 -11.6977454698 27.1848615846 -1.97279299812
-117.909 45.7087 8.1486830808e-05 -0.000361412406224 -0.004701318851 0.0232853117 5.949 6.41258 -57.7992826291 5.15722220731 0.176934475599
-117.228 45.9734 -0.000859194377087 -0.000524039861593 -0.00917611485078 0.0238952645726 7.96551 10.6212 -64.7358557626 2.31342975657 -0.601705097848
-116.155 45.8883 0.00175600677245 0.000715978003224 0.0031563631864 0.00224557117888 5.13807 5.0793 -10.3430130073 -21.9917335235 1.85891673024
-115.255 45.7565 0.000199893766997 0.00233173484086 -0.00563498785687 -0.00745887986518 4.80196 4.71726 8.62295549251 -21.8217701408 1.99225343479
-114.332 45.7893 0.000371437177756 0.00305205636745 0.00682820120853 0.00106954572504 4.24254 4.26875 -3.81609026562 -35.5555057824 2.3194860235
-113.37 45.8122 0.0015184855976 0.00296869118048 0.000297916687969 -0.00192866408247 4.57747 4.26468 10.3935374477 -40.8649979803 3.3186267342
-112.493 45.8409 -0.000166863788928 0.0026659563275 -0.0111847354275 0.00292778609348 5.95872 4.83872 2.14465663697 -22.5297465973 1.93689935105
-123.281 45.3153 0.00268450078626 -0.00255254161046 -0.0111460767023 0.0491891297832 4.66347 4.89255 -8.85800488004 13.9973124187 1.20383311968
-122.478 45.2059 0.00220594107918 -0.00104875172888 -0.0418345316349 0.0428199980779 5.23509 4.81384 -2.68541628382 -5.21019442073 1.2282466073
-121.317 45.2422 0.000575680077542 -0.00104420124207 -0.0049758627156 0.00257301870935 5.54803 4.82473 -8.93201352144 8.6582376778 -0.0091886792734
-120.635 45.2357 1.39163556482e-05 -0.000946311156646 0.00509611669577 0.00364582710287 4.3385 4.06262 -20.7748319627 12.3616484574 -0.281544349805
-119.669 45.2664 0.000402886890572 -0.00101852045133 -8.91263128448e-05 -0.00598971543865 4.90688 4.67483 -11.1210137079 9.68700779423 -0.137642201317
-118.96 45.2904 -0.00133063410552 -0.000635001313607 -0.00747854613499 -0.000743853373439 6.19951 5.64791 -5.6598835612 17.852839379 -1.45419597193
-117.78 45.2781 -0.00229774140841 -0.00184584224997 0.0033959399779 -0.0147949573644 3.91298 4.19134 -8.68646885469 39.1822284144 -2.93337100199
-117.12 45.2925 0.000469012855856 -0.000775200601377 0.0084007099518 -0.0130207904865 3.64316 3.86447 -9.19918872944 5.45533584022 -0.0349702180626
-116.268 45.3997 0.000558608442968 0.00118668287309 0.0112540929321 -0.0122415028723 4.01559 4.0123 -1.81987409206 -17.676917944 1.20675720662
-115.326 45.1285 -0.00267034157977 0.000658871349883 -0.059439029923 0.0237006616681 8.48805 16.2119 -220.394814571 6.64186249871 2.61756413738
-114.233 45.0931 0.00177486073122 0.00324836360402 0.0224161516316 0.000811230214206 3.25005 3.32021 -1.55421059507 -50.6632053292 3.53386201375
-113.46 45.2432 0.00111907361125 0.00396736198636 -0.00251259661416 0.00375430104867 5.03654 4.57505 10.9099681716 -43.7963814667 3.94586214032
-112.489 45.166 -0.00181370582448 0.00652462726621 -0.0114302347674 -0.00262537060009 5.15041 4.88379 27.1082229114 0.346088958637 5.8129848019
-111.805 45.2285 -0.00339696851199 0.00610497560557 0.00720366433951 -0.00404395348491 3.99325 4.62558 -2.80772721366 -26.4685491251 1.98034200996
-124 44.6764 0.000127066731761 -0.000309557882844 -0.00617664196753 0.0722080102561 4.74762 4.65864 -15.2372566017 3.3713284907 0.0131274780406
-123.292 44.6765 -0.000216677203745 -0.00197322040217 -0.0646888336308 0.0109721449315 5.1701 5.1137 8.66447813149 21.2937239478 -1.54101675885
-122.186 44.6837 0.00123230384337 0.000871517874973 -0.0397673856742 0.0574103262289 5.40683 5.08467 -6.7764786737 -18.9032930135 1.50368080968
-121.227 44.6473 0.000642863266729 0.000745049142173 -0.0218638155233 0.0599359628902 5.03146 4.60554 -9.77842864329 -13.2726949719 0.918856178361
-120.335 44.7344 0.000221597412679 0.000233075583725 0.00464423878696 0.00162061579769 4.47744 4.23076 -18.0781110817 -4.11510769777 0.290120358344
-119.565 44.5913 -0.000170648970569 0.000345573382852 -0.000173996447947 0.00278748233428 5.26187 4.77278 -17.3929760069 -3.55222950326 -0.0269371560447
-118.67 44.5191 -0.00152275767627 0.000106191790109 -0.00568166689578 -0.0014920314354 5.73697 5.12655 -12.5708881871 8.67715793449 -1.2950123404
-117.664 44.6653 -0.00185507708335 0.000155310015438 0.00425532813405 0.00678386129941 4.22456 3.99531 -27.1713364593 4.40860698925 -1.75708412659
-116.747 44.589 -0.00124819268184 0.00148712556064 0.0119597448461 -0.00254092754572 3.58153 3.63112 -13.4753793347 -9.74646003458 -0.366608338228
-116.013 44.7035 -0.00144390002218 -0.000223473836867 -0.0312792519353 0.0156588033499 32.0136 55.4907 -125.187622752 -19.7315606773 0.0137840748526
-114.855 44.5494 -0.000148826645591 0.0042983914527 0.0164267416838 -0.0269038663572 2.48428 2.55815 1.32269866221 -40.9434121784 2.98498521753
-114.255 44.5642 0.00073715308869 0.00378376469224 -0.00122156553835 -0.0169590593746 3.31162 3.63043 15.8009536446 -35.2374609868 3.66830793841
-113.367 44.6165 -0.00216475319327 0.00454316961596 -0.010909196741 -0.00234243402166 3.99936 4.36336 24.5674240175 7.92080302022 3.58165957791
-112.644 44.6173 -0.00283425817225 0.00803786880717 0.0123917714651 -0.00622085302518 2.34962 2.55891 12.5540325174 -23.1469150331 5.50354432956
-111.248 44.7038 0.00229355182131 0.000155142587815 -0.0125859468382 0.0412480381891 9.2753 -nan -65.646604065 7.4731410431 2.14897976524
-119.023 36.6801 0.000970929930494 0.000380043358312 -0.0093201607836 0.0127495436254 6.10655 6.05182 -21.0515777883 -8.81403974286 1.03468174954
-123.83 44.0035 -0.00138966307757 -0.000112740104238 -0.0258303468892 0.113454249907 5.51783 5.92974 -25.4744307206 4.70887987463 -1.38892020009
-122.411 43.7941 0.000502199347312 0.00244729733874 -0.0439836749147 0.078957604685 5.81761 5.8234 -12.594325083 -33.7006581456 1.44657826262
-121.268 44.1626 0.000674134896115 0.00267809875932 -0.0188505959582 0.0724328416244 5.09701 4.79061 -13.4907067575 -37.6532729039 1.71354916575
-120.211 43.9437 0.000753786584169 0.00210648549048 0.00361824139902 -0.00174942684503 4.66834 4.25496 -19.1316133569 -31.1657923057 1.41438723312
-119.504 44.082 -1.78853100688e-05 0.00147777212774 -0.000813030000323 -0.00142013492403 5.63775 4.91382 -15.4804609232 -18.7552694864 0.583955966174
-118.569 43.9104 -0.0015914857705 0.00194881311141 -0.00774583629068 0.00122559838149 6.86253 5.20056 -17.8644492648 -16.7478338665 -0.726683939985
-117.741 43.9733 -0.00281947096944 0.00292512474952 0.0117201551779 -0.00564775193539 3.6958 4.01073 -20.1000316004 -24.1231377201 -1.57674842284
-116.803 44.086 0.0016066134794 -0.000389860921821 0.00227797246357 0.00685082841582 7.448 8.41647 -42.5171906733 5.60895518525 1.60834062571
-115.958 43.9121 -0.0010024637817 -0.00049423627485 -0.00309733914653 -0.00159080000553 16.6043 9.0226 -31.6855632435 9.68158664804 -1.08026793548
-115.133 43.7945 -0.00212424498562 -0.000447572429829 -0.0228413054603 0.00751832863684 9.42473 7.94977 -218.787805046 -9.0409580969 2.15561826434
-114.117 43.9146 -0.00290209419939 -0.00272415662695 -0.0683838325211 0.0267121053003 3.62943 3.89517 -199.877560825 -52.89502963 3.78549177555
-113.452 43.9286 0.00444804991046 -0.00201680420084 0.0384476004886 -0.00130782556735 1.76344 1.87044 -4.476719485 -20.3941128503 2.00821368185
-112.485 43.9997 0.0047745272041 -0.0115960560442 -0.00561901510274 -0.00913959290835 4.20963 26.3779 11.778351623 27.9465229372 -7.42883806586
-111.487 43.8756 0.00121515638546 -0.00564332663493 -0.00643375897827 -0.00916352313341 4.50392 4.5157 20.8302770213 13.0857590441 -4.82298947599
-110.576 43.92 -0.000807551018853 -0.00264424085781 -0.016326304393 -0.00882307153876 4.11445 4.06599 25.2249644034 21.6392151132 -2.76413079462
-123.575 43.3654 -0.00277354185122 -0.00120145490223 -0.0129075996534 -0.00103412419305 4.16382 4.34412 1.96935265126 36.1453676625 -2.93829631084
-122.965 43.3717 0.00273532366308 0.00252947433306 0.0706271034264 0.0558180179876 3.46971 3.85258 -17.4660948508 -44.9003265003 3.38697934723
-122.109 43.2406 0.00411787062541 0.00307482532676 -0.0156306046309 0.098212397096 5.20044 7.59357 -21.2870677624 -55.9894770163 4.77619848496
-121.236 43.2843 0.00017290975535 0.00188184400158 -0.0135293868211 0.105638933918 5.23563 5.75474 -23.4107619643 -25.9921972989 0.618305018542
-120.153 43.2515 0.000852467910902 0.00403345451348 0.00715774176162 0.00295335934879 4.3149 4.84846 -31.4022054701 -57.4212491615 1.33241244877
-119.311 43.3736 -0.000189249965163 0.00301075275962 -0.0073913692397 0.00226693943368 6.61495 5.76423 -15.4227296195 -37.558554491 1.04316639021
-118.474 43.358 -0.00392274559218 0.00418055145386 0.00906264485733 -0.00056930100576 5.46268 10.67 -26.0149865485 -43.6495696178 -2.78742648729
-117.754 43.3471 0.00317719973489 -0.000515608776711 -0.0242986203239 0.015959362791 19.6803 -nan -115.161419993 45.1748622449 1.35513447954
-116.767 43.4275 0.00242766959039 -7.76425670305e-05 0.0120702575458 0.000762417685248 5.67381 5.42427 -43.6763329554 2.1516836552 2.42890841172
-115.828 43.4151 -0.00109990873662 0.000268029934858 -0.00462220134373 -0.000712204171025 15.9888 10.5733 -27.3667217718 0.522829581648 -0.987754090122
-115.098 43.25 -0.00141672126123 2.28287629581e-05 -0.0283899606286 -0.00596620588319 8.3436 8.9704 -236.198231523 4.72982206957 1.3876558373
-114.174 43.3979 -0.00219728357145 -0.000910644816518 -0.0451057741769 0.0236293830585 5.34134 7.07236 -225.432795852 -12.6520239253 2.1855719693
-113.518 43.3234 0.00676089036567 -0.00521938080255 0.020908481229 -0.00335998948567 3.57911 4.54162 -8.02685157626 0.655451839888 2.20627593091
-112.433 43.3998 0.00340627237671 -0.00408602409581 -0.00634559814276 0.00362418144157 5.81525 4.81007 -0.4855815816 5.38777649883 -0.587756938575
-111.612 43.2741 0.000164805971721 -0.00256106386446 -0.00300004343958 0.00756480022207 6.05065 4.38365 -4.47486615573 25.4907873048 -1.62711924785
-124.469 42.8088 -0.000539241447659 0.000367305470267 -0.0176982899536 0.0543524637457 4.80688 4.72366 -9.7628462684 -1.58113856024 -0.342322382973
-123.49 42.7667 -0.00323535259705 -0.000218406237707 -0.0631036330738 0.11566768222 6.90678 7.99301 -24.0627052434 11.2516112157 -3.21962066082
-121.731 42.6133 0.000168002705492 -0.000122839222759 -0.0992359468254 0.0771203373802 8.03841 8.442 -1.47624866481 0.0636461145899 0.0674550916898
-120.893 42.7258 0.000236501734483 -0.000555829131828 -0.0166949934395 0.00976754894862 65.1331 21.1145 -218.023358703 -7.80719941633 -0.243654399206
-120.251 42.7991 -0.00194249930623 0.00101441464151 -0.0099525079183 0.009381805044 14.9579 -nan -12.6720285223 -1.21984112016 -1.32275400582
-119.247 42.6912 0.000459535081895 0.00461460961833 0.0153682449108 0.00487593965738 4.99471 5.54432 -55.0690464935 -60.6059845777 -0.841772826285
-118.486 42.7308 -0.00162547257445 0.00248724390443 -0.0200032831062 0.00435986787423 13.8319 -nan -74.1619437933 -41.9555571457 -2.74710114695
-117.725 42.6996 0.00319891798213 -0.00140385670356 0.0109337471105 -0.0023762887918 4.00267 4.51537 -47.2222689158 25.0688536924 3.34127483866
-116.87 42.7779 0.00203475695485 -7.50230099683e-05 -0.00143408225871 0.00591838252256 7.08912 5.8217 -55.5168793047 8.07153853307 1.9919157994
-116.032 42.7713 -0.0018860897018 1.13877643646e-05 0.0109767958853 0.00446872152831 7.07904 6.28666 -54.1442893411 -5.67067501605 -1.84846043978
-114.903 42.636 0.000179233025524 -0.000316435769921 -0.0708108843042 0.00370994935446 5.10683 6.62588 -226.832179896 -4.68380288193 -0.197498658381
-114.084 42.6493 0.00597781038471 -0.00341020436989 0.0230663738572 -0.00648620035008 3.72134 4.51315 -11.1448282599 -6.08726562685 3.13191697509
-113.176 42.5452 0.00377713933172 -0.00155335638167 -0.00601391628034 0.0065664677817 6.92525 5.63358 -2.00515054361 -21.1162843998 1.6829391207
-112.531 42.6852 0.00182186984251 -0.000909587562501 -0.00647312801318 0.00429711715887 6.90619 5.02396 5.15797163669 -12.3459628783 0.429971481104
-111.588 42.8321 0.000112434398274 0.000418139443693 -0.00096075447744 -0.00101930146692 5.38956 4.70361 -5.91161832589 -5.63692796951 0.360710031948
-123.602 42.156 -0.00211183246051 -0.000736494916243 -0.0203367595063 0.0061286812397 14.2 14.7886 -36.0887825704 9.27680103299 -2.08806547251
-121.891 42.175 -0.000856819058379 -0.000252966671218 0.0114821130816 0.0297444940574 4.19278 5.68979 -65.9138704079 -2.90385983622 -0.616324503181
-120.834 42.0472 -0.0014662348175 0.00156494486122 -0.0242649704834 -0.00141809460461 26.8225 -nan 41.4282526788 15.7168314306 1.23758081825
-119.34 42.0187 0.00290482735478 0.0014681300482 0.00537363425466 0.00452078579799 4.94935 5.16705 -52.006492412 -10.5276436187 2.47928284175
-118.344 42.1901 -0.00120794941172 0.000747809502329 -0.013269475797 -0.000324789908193 10.0086 -nan -88.0314520182 -19.8413347276 -1.36067002205
-117.667 42.0192 0.00284223394005 -0.000165720480121 0.00396083193024 0.00483004909137 5.4957 6.67549 -39.9047009428 2.17811936717 2.84147042146
-116.471 42.0773 0.000946511412156 4.63907878258e-05 0.000229570148955 0.00518408670265 6.05855 5.02282 -58.3295089986 3.29425761895 0.892268866029
-115.754 42.1669 -0.00221847578942 0.000567820552519 0.0138569267433 0.00862733965137 5.84766 5.92455 -47.3533858263 -10.9252884821 -2.26006852796
-115.016 42.146 0.00100075980904 0.00107493136663 -0.0637183165744 0.0167740993884 6.92923 8.84007 -228.574304136 14.0013571734 -0.892691328015
-113.944 42.0886 0.00466303404951 -0.000420320403136 0.0132965330846 0.00751172108747 4.82909 4.34427 -19.8125286594 -22.2777007702 4.07378004533
-113.24 42.0343 0.00255544706217 0.000270701754392 -0.000123194531098 0.00259124126393 5.9945 5.18588 -13.453208358 -22.6906949099 2.32059188343
-112.386 42.0041 0.000849798640951 0.000814301115571 -0.00387157542109 -0.0010373540143 5.99596 5.37772 2.06712378556 -17.1121312002 1.17385089957
-111.432 42.0149 -0.000252295609559 0.00143689529056 -0.00221176826772 0.00136434130926 5.35674 5.27631 -5.6734112446 -13.3292740598 0.75876020828
-120.74 38.7552 -0.00131795915633 -0.000554540029684 -0.0110090763145 0.0231983886094 8.65359 7.94602 -188.035955675 -15.5589302 1.42607330554
-124.122 41.8473 -0.00099982721802 -0.000126137501976 -0.0100461029823 0.020746215431 6.43167 6.42492 -46.9773655981 -1.48820184298 -0.943818066019
-122.854 41.392 -0.000947597574654 -0.00013823610702 0.00857721982718 -0.0084665523111 4.99463 5.25233 -2.61702950163 8.62268774523 -0.876996802041
-122.122 41.2742 -0.00281948284248 0.00136282295649 0.00485819277304 0.00612409990998 6.93379 3.95341 -11.7859623594 -1.79511829967 -2.04436298595
-121.839 41.7826 0.00287998961869 -0.00984339820028 -0.0345607105091 -0.0261744837321 4.12526 8.88535 -300.12399723 -53.6562552247 -10.0802074901
-121.146 41.3593 -0.00337176392854 -0.00181061377258 -0.032605715465 0.00602974267838 9.39983 5.87839 16.276230893 53.054655241 -3.4886381008
-120.477 41.2047 -0.000453355770507 -0.000615184469575 -0.0571373133461 0.0121935875637 5.67874 6.73778 -202.267288385 -10.0015240185 0.593296007624
-119.171 41.3884 0.00176337665269 0.00155360572163 0.00414816244511 0.0118026240853 5.31209 7.02715 -68.9186719405 -6.18239671934 0.723620197784
-118.379 41.4483 0.00132451382926 -0.0015272204939 -0.0176179271604 -0.00284251723172 20.3043 -nan -40.1919316068 22.081610217 1.35395352106
-117.45 41.423 0.00376996966497 0.000656767905485 0.0024664582195 0.00117361998304 5.9487 5.26703 -42.2613397032 -7.27329314047 3.74148423444
-116.54 41.522 0.000290064390795 0.000810483563687 -0.00309284191428 0.00637469958841 6.98009 5.52062 -43.4265513507 -11.4340241679 0.256106374549
-115.791 41.4311 -0.00215781006581 0.00114255258431 0.00550249478586 -0.00169299025579 5.21153 5.94786 -38.085953907 -14.4010658475 -2.07962444007
-114.915 41.4157 0.00374001224044 -0.00224878617313 -0.00445933004964 -0.00470985625898 5.66465 6.92968 -6.46427839795 -5.75387053794 1.68598177913
-113.347 41.503 0.00226748458864 0.000977117021174 0.00524633289712 -0.00307034254665 5.43049 4.95559 -9.38889963552 -30.5617336545 2.41691796103
-112.448 41.4632 0.000453976337576 0.00166374245644 -0.00476891385146 -0.00149411236733 5.97921 5.31115 -1.53707903301 -22.0673578018 1.48143244253
-111.63 41.3146 -0.00105566284854 0.00329794323139 -0.00145225107419 -0.00108709210084 5.34532 4.44843 -7.5747118311 -27.9939071137 1.24064272077
-123.306 40.822 -0.00139403439177 -0.00122184810175 -0.00218521511198 0.00643904060311 5.60639 5.6341 -46.747489216 12.2509374149 -1.08566674916
-119.835 40.7484 -0.00323218716268 -0.000926195597923 -0.0222384464693 0.0104119159932 10.8777 -nan -217.550188115 -12.827802156 3.22605293155
-118.971 40.7797 0.00303936903079 -0.00209123269871 0.0302990427546 0.00513299043594 4.06372 4.45932 -42.8385105373 33.2523047678 3.20282121487
-118.134 40.7811 0.00124037934346 -0.00101825750203 -0.0222455605079 0.00197402055572 22.7739 44.3523 -32.5389302044 12.484968992 1.11946486786
-117.524 40.852 0.00432281458111 0.00222269054419 -0.00236204553722 0.00335990137731 6.11286 9.50315 -33.2729346297 -38.4525316626 4.54137286759
-115.736 40.8167 0.000229958903421 -1.61947834739e-05 0.00392291987404 0.00563308243569 5.47544 5.67381 -35.9883317315 -0.0839942628224 0.227364866554
-115.039 40.8522 0.00176452953675 -0.00145231857062 -0.00361348768861 1.37563571406e-05 6.08605 6.07817 -7.45734733635 2.69813768692 0.620903611692
-114.204 40.8556 0.0013130647226 -0.000219240425058 0.00151040667697 -0.00454738818408 5.48995 5.22906 -12.0312470831 -7.131385408 1.01083586805
-113.187 40.8513 0.0010801729585 0.00176104403694 0.00156028217492 0.00536341190296 6.26505 5.76395 -19.9822344697 -29.9019358456 1.70896075663
-112.52 40.8903 -0.00112584222142 0.00274257648776 -0.00606440903569 0.00344620971548 7.23951 5.21126 -13.905923539 -25.8197587416 0.454557527994
-111.437 40.8869 -0.00188470922557 0.00554641852427 0.000209163662285 -7.1463175071e-06 4.50493 7.03464 -6.83466851268 -45.3362974402 2.06796147521
-110.834 40.9425 0.000435022519316 0.0040233603481 0.00535071782751 0.00691540689648 3.80793 3.96846 -12.2256439579 -52.2977704761 2.65235699457
-109.673 40.9763 0.0013104521258 0.000884569451971 -0.00063065540086 -0.000142646014946 4.33874 4.0879 4.33957979321 -23.3352096655 1.49756179879
-109.177 40.8936 9.74804625625e-05 0.000373474555297 -0.00921153954956 0.00170771764283 5.11608 4.23229 7.86909808654 -4.23946385223 0.365865645341
-123.82 40.1398 -0.000277554164761 -0.000384636302034 -0.00193337649527 0.00869503359531 4.96678 4.79045 -10.2823749787 6.43741626093 -0.404317419427
-122.788 40.1767 -0.0026165221325 0.000537417894524 -0.000671227375443 0.0161495286492 6.06649 6.19344 -20.6491982084 1.09962145495 -2.42289177868
-121.086 40.32 -0.000867463046674 0.000966728544426 -0.0308267817638 0.00724160163726 13.2173 4.13515 -0.749422918886 -4.17921106987 -0.15781118971
-120.918 39.962 -0.00177098657548 0.0110133944859 -0.0253523806158 -0.00936994830102 10.0077 -nan -142.613945519 21.5914909276 -10.0147228437
-119.827 40.165 -0.00569991856856 -0.000733441988183 -0.0321832932281 -0.0171393189064 4.89004 6.17044 -299.038532068 78.859413664 0.0453537895598
-118.877 40.1614 0.00487767000107 -0.00126982674347 0.0104626986312 -0.00148970759666 6.11239 5.93132 -37.4242613728 17.701861323 4.86975998889
-118.155 40.2903 0.000460761260094 -0.00132046049062 -0.00870369952997 0.00173188184914 11.01 6.69682 -63.5143472364 19.925213815 0.974213260249
-117.19 40.1697 -0.00255478200468 -0.0013696010318 -0.00913318169486 0.00335457545095 14.0661 -nan -57.800651599 7.18131446263 -1.99620394093
-116.5 40.2917 0.00144680064729 0.00101269422679 0.0064323709989 -0.00303691929553 4.72423 5.29669 -36.6279260707 -15.9226091728 1.50902557161
-115.657 40.1313 0.00218835942471 -0.000483108879451 0.00552847378112 -0.00325062247211 4.75177 4.79713 -19.1382905383 -5.37550850763 1.8485509199
-114.745 40.2679 0.000811758021779 0.000165357770991 -0.00234253859014 -0.00303019443894 6.10974 5.43273 -11.9201722035 -8.02466409896 0.784459451286
-113.981 40.1314 -0.00052533086233 0.000370180079343 -0.00743837988173 -0.000877913289307 8.26992 7.16 -14.9650463842 -1.17603141657 -0.290361302847
-112.469 40.2807 -0.0025451563864 0.00500373054705 0.00850956062374 0.000693395370569 5.00037 6.12507 -32.3821508232 -63.7693163511 -1.41767312465
-111.502 40.2067 -0.0032403644999 6.71910290038e-05 -0.0400646962643 0.00841060879343 14.7615 -nan -250.459983606 20.8532901428 2.97217800183
-110.738 40.1948 0.004591277104 0.0053329662324 0.0250581345902 -0.0216687870656 2.27566 2.44469 0.322275672102 -103.439686193 7.03136742375
-110.008 40.2655 0.00315026715873 0.00319157848119 -0.00956035238343 0.000944426377921 4.5275 4.32093 18.555802734 -61.8604699999 4.1942506489
-109.124 40.2982 0.000229445888387 0.00385766203152 -0.00686736127566 0.00605136674471 5.47051 4.98208 -0.400254205337 -40.7701403087 3.02926146067
-120.608 39.3028 -0.00189083368641 -0.00053243930322 -0.0397139663193 -0.00958924009464 30.6989 -nan -286.53812391 22.9609318012 0.111201321963
-119.898 39.6785 -0.00298110582197 0.00159489322527 -0.0162653929034 0.0234057732456 13.1093 -nan -152.720038413 -28.0162437914 -0.110607124359
-118.889 39.5399 0.00366158695499 -0.000913955413141 0.00951489685934 0.00244896025917 5.78642 5.67976 -46.2890773211 21.0570235303 3.75899947007
-118.08 39.6946 0.000309206799933 -0.00122861989622 -0.00971104844296 -0.00021428537163 10.9062 6.69054 -40.9885761231 17.8369341407 0.366582331612
-117.14 39.5516 -0.00274425434345 -0.000664093894472 -0.00231383807133 0.00127286647864 7.63828 6.76755 -30.3148299822 15.5755716136 -2.81379781675
-116.464 39.6202 0.000875001308741 0.000549862261503 -0.00267752408637 0.00185331710351 6.28572 9.39789 -43.7456368666 -7.09917037283 0.836459888789
-115.754 39.553 0.00168634758811 0.000826015798377 0.00831340026087 0.00153736419186 4.38636 4.34776 -27.403277229 -17.289798704 1.83066751827
-114.908 39.4731 0.000828853878824 0.00128424938534 0.00280188514645 0.00508796179746 6.88879 5.91034 -29.011866282 -20.9051596789 1.08685284984
-114.016 39.455 -0.000967009919698 0.00185065087736 -0.011550456356 0.00620022935231 11.4815 12.8973 -35.382016562 -25.1541466789 -0.731739733523
-113.069 39.5906 -0.00415003404373 0.00363776467124 0.000557701230027 0.00510219202139 8.00532 9.32126 -37.2888801567 -46.4345860238 -3.72534933159
-112.279 39.5708 -0.00124168075252 -0.000349425934169 0.0221393755229 0.0108781099384 6.64446 14.5282 -36.8944236321 7.52126019958 -1.2769125031
-111.66 39.6092 0.00123561297008 -0.00136190410845 -0.0440911971852 0.0206428305152 3.97501 4.38327 -217.14529002 -17.3700338209 -1.03254207806
-110.74 39.473 0.000554057660776 0.000333789272848 -0.0127333347483 0.0570288299019 5.06201 6.55257 -171.221082269 9.5792282411 -0.591434012043
-110.246 39.6279 0.00249827194642 0.00384910672513 0.00746218684186 -0.0110966984938 3.35438 3.78855 16.0887779307 -59.0866257171 4.56425483232
-108.981 39.6333 0.000632555355872 0.00574096544751 -0.00718403407709 -0.0152015289575 3.65579 3.7808 13.7576460832 -48.4485571069 5.37020307602
-122.015 38.6333 0.00129235368705 -0.000451351446614 -0.00464473537045 0.00701706478486 5.71507 5.82661 2.36656636588 -5.61530984231 0.778439830343
-121.377 38.839 -0.00126598937003 -0.000344917281653 -0.019799286106 0.0186034928051 25.2437 24.9904 46.7038215971 18.5060104567 -0.535145675202
-118.808 38.9383 0.00404961881223 -0.000455931667661 0.00813604922431 0.00115077270762 5.91044 5.63568 -40.4219329058 9.94333393224 4.06936009955
-117.932 38.8606 -0.000438215344661 -4.28138305861e-05 -0.00776953697568 0.00503068179747 8.88466 5.39656 -32.0335116005 1.26189279778 -0.440296031002
-117.182 38.834 -0.00358656694318 0.000471237879895 -0.00403344331332 0.000623321744456 10.9143 10.6384 -50.5811053423 -17.4064429581 -3.6065710316
-116.4 38.8247 0.0014241030691 -0.00102323073924 -0.00222918823001 0.00298239483971 5.36311 5.8055 -59.1205100047 20.9696145669 1.68522540641
-115.654 38.8455 0.00087774451444 0.000933343103145 0.0152818363403 0.000530681119443 4.39975 4.23015 -39.4176942224 -13.803774091 0.891659347498
-114.83 39.04 -9.3332296519e-05 0.00191102576541 0.0121387195005 -0.00505823618899 6.44015 6.38708 -39.9262556305 -27.9080521196 -0.047724096486
-114.02 38.9551 -0.00165252477101 -0.000700188644988 -0.0614585399265 0.0125169245519 5.80243 6.20082 -225.127726823 -8.99374293287 1.61350902587
-113.277 38.9882 3.7966626314e-05 0.000138082219426 0.0188906664116 0.00919311378422 10.1903 13.7983 -56.7803829606 -1.84129603769 0.00389253032289
-112.379 38.9995 -0.00194461203171 0.000894970747475 0.00206500383102 -0.0056233273194 8.10904 10.025 -22.5076831238 -1.79026129303 -1.48209374381
-111.172 38.9176 0.00281018301025 9.40428648192e-05 -0.0731550219422 0.0104714224227 6.78638 10.0302 -218.048955867 6.66157681536 -2.79956054891
-110.133 39.1025 -0.00104937776363 0.00131206289552 -0.000758656020142 0.0656629318224 4.70979 5.10777 -155.291926485 -8.56848451411 -0.90754194347
-109.263 38.9553 -0.00135015933623 -3.04781255023e-05 -0.00467275908996 0.0566857624293 8.95369 11.7704 -114.843402215 -18.4707027408 -0.493588801257
-120.936 38.2571 -0.000463757111925 -4.71928063126e-05 -0.0314167694628 0.00484907389402 8.1806 8.16173 30.214602685 6.26818998982 -0.240615364532
-120.076 38.7028 -0.00309154693938 -0.000685927177839 -0.0250213130236 0.0112947100212 5.53637 6.04962 -207.146404424 -16.230813915 3.15898934734
-119.451 38.5226 0.00407132734761 -0.000944141561988 0.0218551370773 0.00196325203643 4.11251 4.51654 -36.6418510018 14.047657479 4.07926627509
-119.047 38.089 0.00133924768184 -9.78346906256e-05 0.00690349947669 0.00521584677502 5.18729 5.03784 -36.703824013 1.55614094421 1.33995311638
-118.106 38.3489 -0.000312850603868 0.00114768901046 -0.0120114596718 0.00403806605084 10.2284 7.98582 -53.3677121393 -17.1930613806 -0.616663857296
-117.072 38.2397 -0.00245399131728 0.000593502896275 -0.00220036109064 0.0012107247409 9.83536 9.76389 -64.8591977328 -23.6215990054 -2.46119521445
-116.302 38.2886 -0.000278616877336 -0.000504315528431 -0.00491719720737 0.00748824250908 6.11621 5.82381 -48.100404385 6.63836695774 -0.197405682078
-115.585 38.3489 0.000396469206572 0.00152488756442 0.0312998371434 0.00303904883179 3.8148 3.89424 -41.804797083 -22.1107486256 0.348729770605
-114.608 38.3281 0.00136974067727 -0.000616207280873 -0.0429820948725 0.0146811631796 6.53939 6.43016 -222.885884529 -9.69152316774 -1.38872893227
-113.969 38.1802 -0.00377470466244 -0.000500743699932 -0.0415294030631 0.00161699442987 6.15618 6.55959 -221.629258085 -7.40428445512 3.77489440687
-113.021 38.2987 0.000215704460774 0.00033308169197 0.0236796466912 -0.00780657643885 5.48618 5.41668 -18.4301285462 -5.80605204741 0.333855984454
-112.277 38.2108 -0.00263919599547 0.00041479463472 -0.0164860299227 0.00671161412904 23.2017 -nan -54.4745631643 -13.4702924182 -2.6699922574
-111.483 38.2843 0.00227345470038 5.76324320979e-05 0.015590418035 0.0098224757392 4.17069 4.21043 -30.1107968796 -9.25558877133 2.21631626002
-110.711 38.4187 0.00134790235244 -0.00159230423103 -0.00877151826995 -0.0266047553653 3.75172 3.78219 22.7892469694 -9.90390757899 -0.980765785064
-109.894 38.3862 9.77408635117e-05 -0.00280534466475 -0.00395986286025 -0.0339639498852 2.79074 2.80827 20.4906610773 15.1244403098 -2.54266418991
-120.33 37.346 0.000628376915172 -0.000258233928293 0.00261213058625 0.0014363935677 4.96433 5.04554 -18.3719411633 1.05453223457 0.531853470604
-119.849 37.8817 0.00107595245149 -0.0015218259045 0.00983257622011 -0.00749765886156 4.29167 4.27201 -14.4200126935 14.9009122934 0.461794163483
-118.171 37.4993 1.88911608506e-05 0.000538729536666 -0.0135082230397 0.0134764777297 8.94799 8.50508 -20.0359836017 -7.56401933621 0.173046698373
-117.225 37.7243 -0.00174147072719 0.000342443229368 -0.00426345635153 0.014301936886 10.9536 13.2863 -37.3302760222 -4.74495566784 -1.73814891771
-116.595 37.923 0.00105636336053 0.000669863596307 -0.00791540907223 0.0125474916192 8.67291 21.6946 -50.2942162083 -6.46429449323 0.8996192578
-115.747 37.6444 -0.00355052029815 -0.000215006028688 0.013985617596 0.0073385648328 5.1568 5.82365 -50.2676985142 -6.75395700769 -3.44573529937
-114.849 37.6083 0.000800885943285 -9.80631444524e-05 -0.03757475771 0.0157374035669 7.3943 6.53367 -218.67830783 -1.11031136517 -0.797794182908
-113.86 37.5808 -0.00244480093841 0.00124863605449 -0.0393375217727 -0.00136045011719 5.35909 6.50218 -217.995833136 16.3240443248 2.36746088046
-113.168 37.7601 8.11013115147e-05 0.00119219414054 0.0538998246969 -0.00722023951172 4.61388 4.72104 -36.3878558562 -17.7080477867 0.202339533211
-112.363 37.6761 -0.000500602331245 -0.00213237694941 -0.0697580420314 0.00753455713818 3.69613 3.78462 -219.290781154 -32.1667904995 0.640794122696
-111.596 37.7222 -0.00229931097369 0.00216269828144 -0.0474374014744 0.0179459523494 3.34223 3.42253 -195.749926218 12.1996774138 1.00205147603
-110.802 37.6354 0.00207205009914 -0.000673690675361 0.0268973543076 -0.00389483291727 3.47394 3.42239 -28.2430572388 0.79903564098 1.79303361314
-109.995 37.6903 0.00215706724582 -0.0010241890671 -0.0039186719346 0.0149552397796 4.82562 4.27921 -23.0604361566 1.64161137549 1.59232850458
-109.137 37.7459 -0.000539573543035 -0.00111451034911 -0.00351495956149 0.00259733595175 4.7898 4.48724 -3.8581884411 17.8376733036 -1.15503931129
-119.709 37.0069 0.000547961834569 0.000359678984627 0.00837576396686 -0.00168763398141 5.26966 5.47335 -20.7307412612 -6.96569637522 0.619275958695
-115.22 37.2408 0.0004721332459 0.000366749236755 -0.0450294410591 0.00910166056444 19.4088 -nan -197.751707493 7.60531395611 -0.574827501343
-114.715 36.7256 -0.000639927393002 -0.000503770850405 -0.0351207043902 -0.00687367088122 10.2994 9.23942 -218.949258605 -7.59895873123 0.647491916605
-113.907 37.0195 0.00183362715925 -0.000953708030727 0.0638176390205 0.00577685322304 2.84491 2.94666 -44.8523309295 15.9858295428 1.89491566033
-113.084 37.0615 0.00363166424006 0.00101814464375 -0.0728245398478 0.0208095991699 2.55842 2.602 -222.512585323 14.5248017864 -3.61955502054
-112.382 37.0183 -0.00502739184805 0.0028118392923 -0.00129692827815 0.0202238593464 6.68833 19.8338 -18.7464100038 -8.04201962938 -3.46077048796
-111.506 36.9839 0.00887739980235 -0.0017971548273 -0.0241807997041 0.0185332920902 7.8217 -nan -26.4536996782 -13.431699048 7.95498678107
-110.804 36.9969 -9.64790755081e-05 -0.000806875222419 -0.0101957326244 0.0149841070947 6.01447 6.14077 -93.2457516861 6.8917286209 0.544090061267
-109.874 37.1364 0.000957768778609 0.00343012259266 0.00957778411508 0.00588613729852 3.92891 3.73142 -34.3855570794 -53.5640615901 1.60591138896
-109.025 36.8299 0.00156976960707 0.00254347914716 0.0079740130283 0.00286251292563 4.07928 4.77546 -24.3145179215 -44.680411732 2.41041406059
-120.783 36.3627 -0.00205082038618 0.000474315995406 -0.0492498750682 0.0148540091415 8.01359 9.95113 -271.979762176 28.742490148 1.47401203047
-120.12 36.3356 0.000722756350325 -0.000317666505846 0.0204534682104 0.00434622510998 4.62012 5.30913 -36.8927634333 5.10443492363 0.737754207722
-116.33 36.4193 -0.00113176882616 -4.33084800625e-05 0.00500519855439 0.013428133182 5.30772 5.36702 -19.4729041828 5.86348062356 -1.08750075891
-115.383 36.423 0.00265771907584 0.000302201045345 -0.0220654269964 0.00738798704699 10.3764 8.82656 -227.755635163 -1.64377169576 -2.57932955288
-114.539 36.4321 0.000624239671784 0.000535998110425 -0.00417041858026 -0.00150003143542 11.0626 7.67453 -226.361544613 6.83997591792 -0.558859830895
-113.965 36.4151 -0.00340954759144 -0.000255798210185 -0.0416322565732 -0.00109285480263 4.76027 5.0065 -243.309366395 16.2320572927 3.04119646879
-113.18 36.4182 0.00159352062341 -5.43740327289e-05 0.0221863825851 0.00847279376824 5.82263 7.05154 -38.7524307996 -0.235225448697 1.58958762519
-112.291 36.428 0.000388574245928 -0.000940882503653 -0.00630259348764 -0.00294360765343 14.6345 -nan 19.3772505078 1.57007528511 -0.643550176643
-111.13 36.1428 -0.000503143044901 -0.000630191986851 -0.0564541873512 0.0064977054048 11.8375 8.35407 -272.278606122 -0.532804344505 -0.143936499939
-110.662 36.5996 -0.00363652090923 -0.00236773669244 -0.0747253047907 0.00736338138662 5.80867 5.28326 -244.328853578 -14.7308057086 2.60395500069
-109.87 36.4199 -0.00158058999964 -7.14377690365e-05 0.0604128333253 0.0103170986452 1.82574 1.87299 -64.3011548755 -6.86024523561 -1.46889985143
-121.236 36.0214 -0.00229687925018 0.000982896264378 -0.0153273723647 0.00328328286472 4.97038 5.00555 11.3864874395 12.8486348027 -0.964373952543
-119.903 35.8667 0.000233210572711 -0.000853962472198 -0.00083000550825 0.0125392438309 5.13137 5.13369 -9.9479244368 9.9334907102 -0.133664360765
-115.43 35.8384 -0.00252305018919 0.000243444090493 0.00178018656859 0.00391590446602 6.25229 7.36866 -12.5843803002 13.0353766896 -2.16502877598
-114.851 35.7266 0.000963896206881 0.00140236857085 -0.0327538315646 0.00383797175783 7.86861 5.23891 -215.719054986 21.6149512122 -1.04123817515
-113.984 35.8522 -0.00449736664999 0.000976175682022 -0.0432712476797 0.00836701951219 12.0946 -nan -212.492102245 5.70306115701 4.3320198127
-113.105 35.6339 0.00252517716878 -0.00144983921554 0.0132699046641 -0.00739485790523 8.47577 -nan -15.2612932748 3.30956435663 1.65444271254
-112.173 35.8191 0.000487148124538 -0.00204078216499 -0.0011829051723 -0.00364102145721 17.2661 10.616 -30.8066249605 28.6945741079 0.0832596935182
-109.933 35.7113 -0.00250784723246 -0.00153714893102 -0.0294146098864 0.00669616219911 11.1429 -nan 7.10635204797 44.3665085597 -2.76279655218
-109.046 35.7147 0.000924090327378 -0.00298549889874 0.00292802177547 0.0138843484196 6.94381 27.7283 -21.203279379 35.6782120375 -0.388073606678
-114.87 35.301 0.000779142708845 0.00412120998273 -0.0391440524006 0.0104189826723 15.0465 12.8381 -228.37097254 58.5104333618 -0.0687948762419
-113.885 35.099 -0.00340731403028 0.00110486068625 -0.0552564227449 0.00410394303747 14.5117 -nan -205.495614457 3.69250385869 3.03820357863
-113.083 35.2127 0.00308622256916 -0.000531138150383 0.0152825723505 0.00462445225495 9.23394 17.682 -53.8263511548 18.4640326129 3.12548097605
-112.267 35.1787 -6.23469309771e-06 -0.000888769863229 -0.0117302370915 0.0060617096588 21.8411 8.53273 -3.80225824287 10.6812009799 -0.546787231385
-111.532 35.0951 -0.00500506899121 0.00049983442263 0.00269693073058 0.0114115896455 12.8199 10.4727 -38.9342247163 -3.31983132374 -4.9693120952
-110.713 35.0789 -0.00157262826182 -0.000166766455508 -0.0459047785613 0.0157965788645 7.52732 7.06399 -207.102648703 -9.00869428236 1.55782027572
-109.736 35.1181 -0.00774422862471 0.00330198267095 0.0232804346112 -0.00263136974523 11.9059 -nan -60.7971697754 -81.914942554 -8.36387560096
-109.388 35.1118 0.00647982645302 -0.00156219419273 -0.0296533450604 -0.00539795490368 24.9082 -nan 26.7074631269 -86.174896136 0.589625429948
-113.83 34.5935 -0.000541961193321 -0.00255789561184 -0.0324769231311 0.030409475823 12.5606 -nan -36.6709341786 38.724061405 -0.65368492106
-112.891 34.4692 0.000596698897472 -0.00032806033285 0.0138811621357 0.000117434231893 9.40304 6.21691 -27.5025748999 2.86360464704 0.510619470041
-112.237 34.4866 -0.00214003666757 0.000914133009115 -0.0235477744542 0.000381819272169 26.1129 11.4496 45.3983817126 31.4147944791 0.772723373967
-111.441 34.4178 0.00334434297574 0.000671270652441 0.0486347781885 -0.000601132770827 3.30644 3.37869 -38.2982892426 -13.2075371207 3.37839621316
-110.806 34.3371 0.00228052600702 0.000915639285269 -0.0841757125544 0.0187433716737 5.10646 4.52603 -206.260019142 23.0597349354 -2.44510103385
-109.95 34.5293 0.000368904613374 -0.00283178166642 0.0532543302819 -0.00224748733162 2.49409 2.62895 -37.2645807251 42.4065844161 0.0572079041148
-109.29 34.4275 0.00231713551167 -0.0011205279159 -0.0280288785271 0.0134269513341 11.5612 -nan -69.4668632651 30.687684544 2.57371424602
-113.829 33.8142 0.000970199413584 0.00086843443515 0.0040198503245 0.010388678803 5.76339 5.4114 -35.4495819099 -13.8640447945 1.01611912979
-113.005 33.9383 0.000629668608058 0.000193920972625 0.00253288460026 0.00216970601333 10.441 6.86019 -36.0992112534 -3.50377866074 0.640269848138
-112.333 33.9535 -0.00289392719824 0.00133124159016 0.00172186726759 -0.000354236027832 14.2867 -nan -1.00077985475 12.2023069605 -1.39454400675
-111.478 33.8798 0.00164372869262 0.000662022645823 -0.0762715986696 0.0405320641917 3.8639 4.35246 -197.60197909 19.2751853468 -1.77125457461
-110.844 33.6953 0.00178093394032 0.0019289308492 0.0314085487698 0.00407373339827 3.24738 3.35649 -36.4077177213 -31.9259254053 1.95502596099
-110.034 33.7776 -0.000156826409283 0.00155278591048 0.00397687298243 -0.000563158797912 4.65993 4.27203 -31.3200665944 -22.8541856588 0.156383685688
-109.254 33.9571 0.000105733723707 -0.00468852975203 -0.00310121616182 -0.00522887938101 4.50995 4.91864 0.552702649092 50.3056590298 -3.20877259435
-112.946 33.3627 -0.000409292227506 0.000694318989244 0.0116168527528 0.00777957221735 7.69045 6.60308 -28.3684377759 -9.17777087548 -0.27181350458
-112.158 33.2893 -0.00410336796849 0.000886850876681 -0.0405598916411 0.00292410615521 10.6813 15.732 -209.109942818 1.46189297945 3.86206781959
-111.427 33.341 0.00173905713066 -0.0019509266346 0.0478282560139 -0.0382273733981 2.00359 2.09357 -1.95262457278 6.50205969248 0.127781182438
-110.472 33.2969 0.006352181194 -0.00156372820239 0.000276843517312 0.00857508069735 7.34206 8.176 -58.879871348 51.3606520611 6.53213122075
-110.036 33.0851 -0.000691900284386 0.00121268303202 0.00581257361129 0.0193329441736 4.80012 4.19361 -30.0140604334 -15.9766161126 -0.418773885002
-109.266 33.2921 0.00191451049062 -0.00092486522465 -0.027809312025 0.0150444528527 16.3908 9.62657 -22.1435859375 2.61425555483 1.45015284371
