-122.707 48.7197 -0.00394818903062 -0.00226597887307 -0.00515596955185 -0.00152316646107 3.95826 3.97383 6.74597843942 59.4135851147 -4.22437490693
-122.085 48.9983 -0.00639673973904 -0.00162566859196 0.00583347111331 0.00505916416875 3.36505 3.43353 -14.384095145 62.2565450349 -6.30910336048
-121.48 49.0983 -0.000666617984007 -0.000182579458626 0.0149460471291 0.00777904732682 3.06889 3.13002 -20.8545120201 5.9773080357 -0.680244737884
-120.384 49.048 0.00436433526954 -0.000898686223184 -0.0192134341413 0.00595525200554 4.70696 4.67117 24.834449593 -51.607966718 0.470105008638
-118.585 48.9752 -0.000387383901111 -0.000306009161722 0.000318646657819 -0.011836137024 3.70806 3.68095 28.660499354 5.92164953405 -0.380026059408
-117.559 48.9813 0.00160478524137 0.000595909464067 -0.00244467931506 -0.00136638637816 4.02862 4.03721 17.0959363898 -22.9660869256 1.16498119181
-116.363 48.958 -6.97707977628e-05 4.69545666645e-05 0.00109439918399 0.00686400040706 4.60419 4.34656 1.85616204657 0.37971809988 -0.00374747410054
-115.653 48.9339 -0.00413415022601 0.000249347373408 0.00143394427903 0.00716596316351 4.58507 4.43412 0.370278568153 42.4522619615 -2.30261692027
-114.413 48.933 0.000125786841101 1.55533825598e-05 -0.0199726968945 0.0176505196484 9.4117 12.4529 26.8601324951 -1.71852692223 0.0358927531528
-123.504 48.0575 -0.000847120629013 -0.000599753834761 -0.00698298928857 -0.00449405812185 3.89992 3.84237 11.460617904 13.7033463556 -0.974788413474
-122.096 48.2641 -0.00690518883066 -0.00489646978854 0.00235434057768 0.00039393717562 3.82082 3.9461 -1.73416941222 110.206827866 -8.37534926878
-121.484 48.5183 -0.00505286278285 -0.00343690396913 0.0137123027153 0.00209968549427 3.24391 3.40532 -22.6480497525 68.570833071 -6.00414074254
-120.12 48.4607 0.00385459155698 0.00278528733246 -0.0199976288483 -0.0147090371698 3.74821 3.93695 34.5187588608 -56.0966849348 3.29243568611
-119.333 48.3584 0.00176560773574 -0.000945910832745 0.00335765553546 -0.00941197863036 3.76405 3.7103 18.4515422704 -16.7234976926 -0.171906827822
-118.149 48.4226 -0.000252486369763 -0.00128334256838 -0.00612769006759 -0.00290376372144 3.63393 3.60065 30.2321751669 6.40059178603 -1.30777668839
-117.225 48.2995 0.000148694692886 0.00160691150745 -0.00124863671359 -0.00433221020085 3.6565 3.71262 29.459184979 -5.76597386372 1.60817782116
-116.367 48.4366 -0.000354567493281 0.00185815746873 -0.00195392475787 -0.00431551306025 3.88656 3.84474 14.7464185462 -5.75833882332 1.55691293436
-115.589 48.4694 -0.00299901412203 0.00155668373713 0.00198459398329 -0.00145103336071 3.88735 3.87675 3.86117925861 22.0184108663 -0.377443835195
-114.468 48.3739 -0.000762357133065 -0.0055054112837 0.00647805000633 0.00617812297535 4.32052 4.3216 -14.1226049992 64.5619579858 -4.08002223998
-122.173 37.1311 0.00056332684786 0.000808241138482 -0.00616276948655 0.00811098259451 5.3227 5.29683 -3.20412873214 -13.8855827885 0.935206672284
-124.566 47.9475 0.000776952633493 0.000301189345328 0.00212090859313 -0.00218559306248 3.68663 3.68194 2.41006872539 -10.0468622317 0.760945239171
-122.972 47.7172 -0.00165191135275 -0.0017755475107 -0.00391794359274 -0.00236419208844 3.88515 3.80003 7.9830221859 31.7242607713 -2.4150201678
-121.689 47.6947 -0.006837573364 -0.00560545754144 0.00302068354019 0.00079574862917 3.82625 3.93312 3.08590468045 117.770693106 -8.72414187396
-120.894 47.923 -0.000762433497322 -0.00038361966423 -0.0145315358611 -0.00508416012097 3.12828 3.24653 -311.26300019 9.66800110701 -0.312288046415
-120.061 47.6902 0.00286949388477 -0.00211043353443 0.0148931463666 0.00580206059857 3.44366 3.55884 -22.2681010461 9.38530689394 1.70852421447
-119.045 47.7849 0.00300658512799 0.00103023740254 -0.00933140415413 0.000715247626081 4.52417 4.52878 18.1547438731 -42.6275313104 2.1428948838
-118.274 47.8006 -0.00241310341484 -0.000368169711153 -0.00114768930807 -0.000271236702821 4.02679 3.99992 19.6740753253 32.1564090799 -1.21400353186
-117.308 47.8192 -0.00196418488439 -0.00170053066038 -0.00357324373653 -0.000631791497473 3.4881 3.52488 27.5445811976 30.8680738102 -2.07860623108
-114.574 47.6795 -0.00044798043322 0.000326051313464 -0.000963923117276 0.000566710264984 4.44158 4.34347 6.61579203764 3.04006252556 0.0555099923545
-113.747 47.7687 -0.00233448247037 -0.00166467253153 -0.00879572165791 -0.00249418198281 4.25675 4.21023 13.4701800097 38.2882879955 -2.43147900416
-123.771 47.1161 0.00243056765749 0.00152171366241 -0.000925500652585 0.00122718013795 3.90946 3.85643 6.7516725973 -37.6662768192 2.72751920085
-122.803 47.1109 0.00106273618676 -0.000687427497586 -0.00140455306977 0.000599524175271 4.14595 3.96743 6.77263431349 -5.24169486782 0.134160735551
-121.989 47.1881 -0.0041199312004 -0.00292940553308 -0.00715266059004 -0.00189498186363 4.06829 3.98185 13.7793607168 67.3095709582 -4.6372309903
-120.844 47.1935 -0.0062657714849 -0.00697005878856 0.00547928347071 0.00321898068771 3.42398 3.61295 -14.0516311829 123.892076977 -9.01682885953
-119.973 47.1936 -0.000747929826742 -0.00151617302973 -0.000231733954946 0.00397190395912 4.22702 4.34221 -18.1469099376 22.7247832301 -1.38944632969
-118.921 47.0573 0.0013077860053 0.000968081355465 0.0064425618109 0.000531076165078 3.40833 3.4963 -8.91654645793 -21.3287607888 1.62520715755
-118.309 47.0615 0.00315108510265 0.000410180941001 -0.00349929535044 -0.0022720921976 4.09041 4.02912 16.4857875991 -41.12619921 1.68812895741
-117.276 47.0547 -0.000815492212253 -0.00222164856385 -0.00186571948685 0.00121812075219 4.35005 4.24712 12.4212878711 23.8522616461 -2.34638032559
-116.335 47.0477 -0.00347122326826 -0.000312223125868 -0.00575994680142 -0.00214441949567 3.86048 3.91348 28.5383207836 47.3619325843 -0.94143063822
-115.353 47.0528 -0.00143692310488 0.000864854174949 0.00503991015921 -0.000490783350064 3.78808 3.83876 23.0327171036 15.9500539306 0.464149069698
-114.459 47.0943 0.00144195442136 0.00208653310997 0.00242227108794 -0.0022326067923 3.79347 3.78158 14.2055576952 -29.3638000731 2.48240897885
-113.506 47.0816 -0.00147515922385 -0.000769542074199 -0.00413640068068 -0.00168197303267 4.18522 4.14131 13.6265645377 22.8280530334 -1.27274604869
-112.52 47.0418 -0.000324379754249 -0.000757622656929 -0.0150116936981 -0.000148246518805 4.88362 4.90632 18.0473948993 7.32828547268 -0.819131475129
-123.563 46.5459 0.00332433432355 0.00290123091092 0.00366929123829 0.0018398190128 4.12433 4.11083 -0.195422218461 -58.4523661217 4.40975062962
-122.72 46.5934 0.00185630249211 0.00176391602081 -0.00626062636568 -0.00308017713776 4.18586 4.05379 13.9362323434 -33.512160174 2.47900325852
-121.761 46.5605 -0.00151093543376 -0.00108022791483 0.000763596299022 -0.000781590232936 3.93779 3.81602 2.62788494924 24.7428927632 -1.815869839
-120.979 46.5433 -0.00516820071058 -0.00385270557564 0.000117334746349 -0.00079707627938 3.87963 3.83581 -1.50563880657 85.6943323299 -6.38885068936
-119.855 46.5585 -0.00572743333161 -0.00383818630932 5.90981845721e-06 -0.00157496648036 3.52915 3.74883 -12.298786735 86.7274974519 -6.89373672082
-119.06 46.4911 0.000576256638695 -0.00212998392381 0.00475435082265 -0.000107847697957 3.71995 3.88236 -14.6389845472 19.9002065889 -0.683341497186
-118.146 46.5139 0.00236038805141 0.000668166251387 -0.00335045929409 0.003202963191 4.62503 4.72643 6.81397827666 -31.6361959945 1.88485495273
-117.11 46.485 -0.000900918601596 0.000301250297524 -0.00402320031855 -6.42133250383e-05 4.1413 4.0788 14.9744496491 9.39047674676 -0.110281116669
-116.209 46.3559 -0.00248388593843 -0.00201570667618 -0.00132257996695 -0.00297736421008 3.77068 3.82129 19.1361204442 41.490068673 -2.74608853799
-114.188 46.4423 0.00135925559442 0.000649916914855 0.00308996020212 0.000188737404206 4.08742 4.16241 20.1111699192 -20.5586558714 1.01651889333
-113.493 46.4162 -0.000432433202513 0.00020743381383 -0.00876432519513 0.00025793588519 4.5044 4.36684 25.6534061146 5.35510173987 0.124520407072
-112.641 46.4246 -0.00222187470492 -0.00210099065769 -0.00599757293547 0.000610347682714 4.25382 4.18202 16.427238977 38.5945691763 -2.70632202118
-120.728 40.6183 0.00827205747341 0.0115675258018 0.00382215511185 0.000165458632439 3.28279 3.72793 5.94819917274 -192.528021711 14.1638717811
-123.559 45.9306 0.00329519112941 0.00568276389748 0.00742547814357 -0.00209859957527 3.64577 3.80047 -6.99065452445 -87.3215002285 6.00645147988
-122.419 45.9325 0.00355970746698 0.00300599811405 -0.00393212610157 -0.00191078448131 4.13053 4.0469 7.5349603833 -62.5273803098 4.56570696922
-121.459 45.8839 5.15196258416e-05 0.00102403968154 -0.001221590081 0.00225009418914 4.2062 3.99359 1.73759449867 -9.95428507245 0.782068274318
-120.782 45.7664 -0.00294494823023 -0.000745431250424 0.000220046932828 0.00167379988348 4.00086 3.88263 -0.302678607605 35.4622906683 -2.59784773681
-119.928 45.8951 -0.0039876259209 -0.00379816230053 0.00174533057716 -0.00134001711601 3.7118 3.73874 -8.6239974834 73.912527111 -5.48103924749
-118.777 45.7971 -0.002978893773 -0.00138128133672 -0.000499454139702 0.0026814672917 3.87846 4.02707 -16.3977407063 37.2433231408 -3.26216592851
-117.909 45.7087 0.00334467684565 0.000293975962052 0.00867640987439 -0.00494768026184 3.07456 3.12317 -3.06246654002 -35.5356883129 2.54902133403
-117.228 45.9734 0.00122907968178 -0.00122782316592 -0.000773132013194 -0.0054244203679 3.627 3.60637 14.1294366832 -7.62505525049 -0.554962923735
-116.155 45.8883 -0.00178484564378 -0.00353759646397 -0.00748378489503 0.00377775833146 4.43944 4.38887 17.7615070527 40.7477794561 -3.9461976396
-115.255 45.7565 -0.00410007828079 -0.001893211434 0.0047091118642 -0.00265654574858 3.55752 3.61301 24.3289836791 61.3039880826 -2.83562790754
-114.332 45.7893 0.000482082744771 -8.87409529827e-05 0.00528896324716 0.00193755522831 3.71272 3.74307 24.1049780941 -6.21660324675 0.0246363650933
-113.37 45.8122 0.00127331104039 0.00089771595056 -0.00913626405446 0.00124409031794 4.00164 3.97185 29.9150608123 -18.981235783 1.03464438097
-112.493 45.8409 -0.000468853815626 0.000316372734038 -0.00558741179755 -0.00233563616003 3.85353 3.81831 14.9496723386 4.58629599718 0.133059608852
-123.281 45.3153 -0.000891333587698 -0.00145709318299 -0.0208997930203 0.0106100742783 9.36249 10.5197 -18.647264759 22.7580745468 -1.41301397923
-122.478 45.2059 0.00359770598599 0.00488267932307 0.00995445380347 0.00960508112453 4.01484 4.08807 -15.2244132974 -80.9933763457 5.49331612305
-121.317 45.2422 0.00209329340442 0.00327309639103 -0.00665878132736 -0.00233405395005 3.95811 3.89628 15.0050011293 -46.7307250781 3.88135648427
-120.635 45.2357 0.000119945002327 0.000501294323216 0.00308902364135 -0.000458314585274 3.74739 3.64075 1.14981815744 -5.84785171572 0.447526100584
-119.669 45.2664 -0.00247924431695 -0.00145712295348 -0.0026476460918 0.00535258015104 4.40054 4.29773 -5.84783292128 37.1176526379 -2.82880710334
-118.96 45.2904 -0.0042461676986 -0.00215080494767 0.00248873202761 0.000355389671162 3.51743 3.59601 -11.2126606416 57.9881580487 -4.69684267116
-117.78 45.2781 0.00348997203549 -0.00265539000989 0.00891318417441 0.00450602495566 3.6783 3.76945 -21.2078930114 10.2805957411 1.87408118619
-117.12 45.2925 0.00192879332235 -0.000569210196872 -0.00814409877282 0.00146986977491 4.78753 4.62822 12.8420752369 -19.8232595614 0.396323627351
-116.268 45.3997 -0.00175784130084 -0.00163452563613 -0.00372647589784 -0.00286940418377 3.88375 3.81194 15.7980437068 31.3036716586 -2.20639696902
-114.233 45.0931 -0.00120295377463 -0.000431638353513 0.000780814112829 -0.00356206131974 3.48668 3.5365 24.2264539125 17.6821799851 -0.698249944856
-113.46 45.2432 -0.000353487420215 -0.000223108913977 -0.0129680011225 -0.00515816578294 3.54461 3.56344 33.220029942 5.1080309876 -0.244059305643
-112.489 45.166 -0.00120707775018 0.000539038391385 -0.00642906273514 -0.0042703378007 4.02953 4.02999 14.3616546114 13.0065845605 0.0644513150661
-124 44.6764 0.00137019962029 0.000154439710301 -0.00735251404807 0.00781849110541 6.39627 6.33873 -6.07405518616 -12.4832301551 1.19998100423
-123.292 44.6765 0.000248920733488 0.000114243553677 -0.0045633471609 -0.00206308734725 6.26673 6.3238 3.60828503009 -3.48887671841 0.254526446528
-122.186 44.6837 0.00363187730238 0.00455439312952 -0.0027541739532 -0.0146695697432 3.40787 3.51531 23.1485492343 -69.3642483062 5.61212250189
-121.227 44.6473 0.00394460914774 0.00240506231225 -0.000551511436888 -0.00126952953912 3.63037 3.67537 15.9575137903 -62.7629044389 4.02628137072
-120.335 44.7344 0.000860918347044 0.00124789632919 -0.00271876156846 -0.000251080477245 4.03193 3.93897 7.19219874198 -19.6260686498 1.51464494069
-119.565 44.5913 -0.0018542520833 -3.07258438997e-05 -0.00258530595515 -0.00232265192854 3.83219 3.74699 5.15661549599 20.1619631646 -1.17530310154
-118.67 44.5191 -0.00192478450637 -0.00200700479122 0.00326240880045 0.00239088718584 3.6006 3.60146 -13.7019044439 37.6248186366 -2.71453018966
-117.664 44.6653 0.000505339949878 0.000787273812695 0.00306126841604 0.00548664978214 3.76928 3.74813 -20.5772369834 -12.8520261952 0.815125311159
-116.747 44.589 0.00203024765752 0.000130755371713 0.000684902161037 -0.00103331833048 3.72967 3.6985 -1.14517802705 -22.1810123079 1.44838832107
-116.013 44.7035 -0.00103786159164 -0.00164840274684 -0.00188737083722 -0.00130139611765 4.07549 3.99213 6.84131665381 24.4965583022 -1.94778077523
-114.855 44.5494 -0.00529822753393 -0.00270634676441 -2.83222682859e-05 -0.00228626852293 3.77426 3.89011 14.695260947 82.7943911483 -4.61628710649
-114.255 44.5642 -0.00366464192321 -0.00390556705847 -0.00564371645519 0.00365465686228 3.60527 3.76435 20.3449752395 65.2247747811 -4.82731199195
-121.551 36.3887 0.000156825445108 0.0018035755949 -0.0145041851587 0.00924364329194 8.08727 8.61966 -10.4713932338 -23.3442048911 1.03012228978
-121.461 40.8161 0.000419906604253 0.00105447044918 3.05881761632e-05 0.00347205763149 4.49867 4.85488 -6.80264225763 -15.2691109585 0.95850039248
-119.023 36.6801 -0.00140031457451 -0.000335609998563 -0.00499877155832 0.020588450177 6.33655 6.41794 -8.69160144425 15.2805539212 -1.34652545653
-123.83 44.0035 0.000328556082607 0.000433894454768 -0.00381877455689 0.00362718056072 6.48091 6.07721 -21.4642919891 -7.03341769513 0.459278353211
-123.278 43.9726 -0.000782213502304 0.000732031197856 0.00235770793504 0.00176501809628 6.51252 6.38206 -17.6986556649 -4.57152117144 -0.404489969697
-122.411 43.7941 -0.00192228194895 0.000695493519613 6.61754286546e-05 0.0117441400967 6.66692 7.02289 -26.7261752144 -1.65790227991 -1.64622954361
-121.268 44.1626 0.00252205449951 0.00190138245557 -0.00582754107855 -0.00186215951357 3.80553 3.81665 18.0566679079 -42.4487645683 2.849257003
-120.211 43.9437 0.000865104907163 -0.000184149479363 -0.0035951524252 -0.00279819405535 3.57843 3.57026 22.1203628104 -10.0040603224 0.159071603364
-119.504 44.082 0.00054918841993 0.000574879054652 -0.00136483822591 -0.00110792545036 3.69878 3.66523 9.72626261036 -10.6680142898 0.783644202463
-118.569 43.9104 -0.00292498494514 -0.000659994193275 -0.00226313099258 0.00157176306064 4.16295 4.15147 0.88201567718 36.1189725128 -2.44533780664
-117.741 43.9733 -0.00131485813693 0.000434541067339 0.00219275000378 -0.00414419826773 3.12932 3.20007 -14.0544705664 5.20430391312 -0.846222846881
-116.803 44.086 0.00304612020812 0.000546370606975 0.00160362756684 0.00105304171528 4.08262 4.06723 -7.05422492965 -33.9706030102 2.62651256092
-115.958 43.9121 0.000514212189618 0.000276522541301 -0.00215352883485 0.00380016840534 4.25502 4.12935 -0.305135053524 -7.9583815936 0.543560825666
-114.117 43.9146 -0.00155749899036 -0.00382792886566 -0.0024479664049 -0.00201020302447 3.59876 3.58933 6.22308348849 46.857411907 -4.07438922391
-123.575 43.3654 0.000479118254094 0.00232991973614 -0.00304975462543 -0.000170156954541 5.57964 5.80165 -4.90337851784 -29.1486469988 1.78308110982
-122.965 43.3717 -0.00179853561301 0.000987731005028 -0.0024452026263 0.00208558008262 6.09626 6.37006 -3.01116407204 5.15995558525 -0.761621049767
-122.109 43.2406 0.00484250947753 0.004232304803 -0.00336480243913 0.0179725722934 5.14823 5.57779 -13.5980032774 -82.9204430948 6.30203719058
-121.236 43.2843 0.00824975712264 0.00349079698223 0.00165730272276 0.00171196058625 3.65728 3.77873 22.0769890045 -122.713705579 6.52062523011
-120.153 43.2515 0.00248160926707 0.000275393340953 -0.00235394385782 0.000810894487127 4.0663 3.9148 14.3216241564 -31.3719910053 1.4946834539
-119.311 43.3736 -0.000719781345309 -0.000175393963855 -0.00349636746267 -0.00313040425315 3.93195 3.85353 16.5129146093 9.93815208619 -0.486161968375
-118.474 43.358 -0.00473542417026 -0.00122851063826 -0.00240967686955 -0.0036839917362 3.6107 3.67086 12.4042958156 65.1302161363 -3.46540956722
-117.754 43.3471 -8.38615252103e-05 -0.00260552368433 0.00445230771552 0.00101692800943 3.46107 3.51972 -12.5383705062 30.2269108461 -1.57245456633
-116.767 43.4275 0.00172869865899 0.00228252510908 0.000191782611403 0.00235799214249 3.97781 4.00999 -11.5131898228 -39.9047869353 2.75929155708
-115.828 43.4151 0.00177257925488 0.00168673150564 0.00102001902118 -0.0028338852128 3.5727 3.54325 0.710066370734 -34.1334196685 2.42847252104
-115.098 43.25 0.000188639959992 -0.000580774590888 -0.00110257952009 0.00149659242961 4.02837 3.94889 -0.329254860737 3.17227994954 -0.326240177185
-114.174 43.3979 -0.000897590068559 -0.00187131647014 -0.000283501940116 0.00126833580171 3.82671 3.7768 1.67311589785 25.847634825 -2.03734002399
-124.469 42.8088 -0.00133960144115 -0.0016987092113 -0.000612193225924 0.00360146106828 3.96538 3.98966 -1.12297808518 29.2898056248 -2.11481192531
-123.49 42.7667 0.000371942854681 -0.000569269279362 -0.00366228323321 0.00423691187946 4.16607 4.26213 -1.15935309498 2.60557099647 -0.0866907597366
-121.731 42.6133 0.00484039319677 -0.00237380785164 -0.00360611000858 -0.0142338995716 3.08746 3.22544 26.599973223 -51.2081163401 -0.568118039824
-120.893 42.7258 0.00637504033766 0.00241502527982 -0.00197579451425 -0.00162715440533 3.59488 3.65756 29.7948769509 -93.5046165686 4.07639384582
-120.251 42.7991 0.00387670613021 0.00361311795274 0.00319114144968 -0.00264602034281 3.77027 3.68947 16.2362375078 -70.8904446039 5.03499408127
-119.247 42.6912 0.000978561744853 0.00100889473541 -0.00229626476928 0.000731162926977 3.92252 3.83521 15.7064637799 -18.5814354277 1.35278429788
-118.486 42.7308 -0.000807027294771 -0.000746652717318 -0.00318692382222 4.11256790094e-05 3.99332 3.89135 14.3273370589 14.8403969419 -1.04396520675
-117.725 42.6996 -0.00289375836982 -0.00026755222595 -0.000290230876233 0.00269515718872 4.11845 4.13314 -0.256974834096 32.1709984226 -2.16041489781
-116.87 42.7779 0.000518923334122 0.00151046518968 0.000669542008219 -0.00226953026378 3.1788 3.21045 -14.7105066535 -21.596186071 1.27076501714
-116.032 42.7713 0.00286871137429 0.00103213901881 -0.000421503572126 -0.000138778891229 3.87465 3.88466 -3.89724169493 -38.8518518271 2.74748549937
-114.903 42.636 5.60603156779e-05 0.00151709516021 0.00113802731149 0.000403961141987 3.76562 3.72204 -2.5351317819 -14.9010909525 1.16504977597
-114.084 42.6493 0.00047305211208 -9.37688756577e-05 -0.00163984978679 -0.00242213210244 3.74475 3.71811 5.67632944826 -4.89963795266 0.177966729451
-113.176 42.5452 -0.000501884688834 -0.000309556657131 -0.00365361672648 -0.000575106299986 3.94828 3.92606 4.55910513551 8.36960562207 -0.533036428532
-123.602 42.156 0.000307235878432 -0.00090881331286 0.00071279793552 0.0171259074045 5.85665 5.9171 -23.2143695476 10.494082012 0.010930807158
-121.891 42.175 -0.00173843163018 -0.00472249234413 -0.00962387240228 0.00817164604946 8.22995 9.45154 -23.6774464856 69.169865299 -3.19986047805
-120.834 42.0472 0.00452645336193 0.000258852946154 -0.0032127172261 -0.00438261597375 3.59677 3.644 30.4343513849 -61.2121324514 1.46691856074
-119.34 42.0187 0.0024025498195 0.0027970646359 -0.00640181171463 -0.000260678495447 3.77023 3.7369 25.2913538169 -44.3653634131 3.43213319551
-118.344 42.1901 -0.001065800922 0.000785743279819 -0.00500765443061 0.000425489761379 4.13669 3.99465 14.9056875189 7.8430204142 0.182396163632
-117.667 42.0192 -0.00436977053206 -0.00113460898864 -0.000623835386957 -0.00329193078748 3.71819 3.71286 9.67904202266 59.9535399471 -3.33538779067
-116.471 42.0773 0.00159921548617 0.00141642297334 0.00407576621247 0.00430423376377 3.89785 3.9173 -13.9377882797 -29.1757422852 2.12077465124
-115.754 42.1669 0.000760742119085 0.00285398940427 -0.00035342674888 0.00201431014217 3.80706 3.79404 -9.69528838716 -37.8098569257 2.40795459091
-115.016 42.146 0.0016104489007 0.0018689727702 0.00135090756813 -0.00287187061274 3.4475 3.45199 -1.43444311981 -34.5410691225 2.46700957438
-113.944 42.0886 0.00027545493952 -0.000421757481705 -0.000532472260909 0.0007376150306 3.88746 3.86183 -0.846560983518 0.791640762669 -0.150197669825
-120.74 38.7552 -0.000392441110006 -0.00138995143006 0.000228488659161 0.00549216041685 8.02271 7.43689 -14.4818604062 19.8801871975 -0.996571589682
-124.122 41.8473 -0.00119876974587 -0.000127637891087 -0.00218923916117 -0.0073445300486 3.55363 3.55733 9.29033503289 13.618406518 -0.870206389373
-122.854 41.392 0.00155904003049 0.000384859511918 -0.00353518925386 0.0141504663231 6.52627 6.28987 -7.86514194436 -16.3030631579 1.51021707759
-122.122 41.2742 -0.000468493534319 0.00136559066432 -0.00778394366913 0.0109714241018 7.42067 8.13783 -5.49275474833 -11.2233735672 0.44243374979
-121.839 41.7826 -0.00162545611885 2.89402201287e-05 -0.00896162227425 -0.00201638676642 6.37144 5.99114 -3.84427380527 13.775832411 -1.24561089422
-121.146 41.3593 0.00364167630186 0.000718629611259 0.00536017991327 0.00526560477801 4.05257 3.95958 -2.96307761616 -40.2468115448 3.2409965465
-120.477 41.2047 0.00168100007401 0.00171867528188 -0.00177307320252 -0.00207714849139 3.95174 3.83031 12.2913321386 -32.7223415692 2.3633536509
-119.171 41.3884 0.000940164248337 0.00118441774595 -0.00607594944852 -0.00303464140393 3.3125 3.28705 32.2356762096 -16.3842327012 1.35886354731
-118.379 41.4483 0.00135599241113 0.00227353975016 -0.00353498641334 -0.00231957109134 3.5559 3.56981 30.2835590918 -25.9137112805 2.52738783715
-117.45 41.423 -0.000732620026475 0.000907971901341 -0.00246067443364 0.00267671510581 3.9843 3.9132 8.59046130044 1.33655585657 0.338635807729
-116.54 41.522 -0.000794322747094 0.00344799604667 0.00268185453899 -0.000901440853612 3.72299 3.775 -8.68556924353 -30.3914819724 1.58162597868
-115.791 41.4311 0.00292958917293 0.00286698032852 0.00316210232872 -0.00530644455387 3.17103 3.22395 -9.28856304525 -57.7207657 4.0852976308
-114.915 41.4157 0.00285068906848 0.0014510383261 -0.00206674098673 0.00270606160434 4.13636 3.99589 -3.73518604762 -43.4956948032 3.02042691364
-114.165 41.3602 0.00101195455687 0.00170145635521 0.00228898066637 0.000147468177918 3.79668 3.67211 -1.97255615111 -26.8265680602 1.94655415311
-113.347 41.503 -0.000263262823322 0.000580983069625 -0.0043848620619 -0.000861690407798 4.0216 4.01083 5.94327293711 -1.2599682974 0.350149743188
-112.448 41.4632 -0.00113092652872 -0.000810534783034 0.000654862365417 -0.000237036645474 3.82677 3.82596 1.0096360613 19.9372493666 -1.32244987814
-123.306 40.822 -7.47571153252e-05 -0.000871805263619 -0.00550045460564 -0.0127689547107 6.94884 7.20908 -31.7675051766 12.0081136214 -0.211765847003
-119.835 40.7484 0.00334557696181 0.00220797048465 0.00203222309387 -0.00497246379152 3.43334 3.4302 12.4423347731 -56.0412054176 3.68015014588
-118.971 40.7797 0.000401125169667 0.000391351872323 0.00136107313522 -0.0056282071413 3.69304 3.7022 20.3080085708 -7.39533866843 0.522267625368
-118.134 40.7811 -0.00053720739472 8.71338579004e-05 -0.00667570103864 -0.00457630151639 3.50067 3.49915 37.6847919868 7.38691268145 0.0287274932188
-117.524 40.852 -0.00169141844094 0.00209107313273 -0.00589998411406 -0.00337980425366 3.63669 3.6784 28.2621077619 15.4591024688 1.58486210449
-116.508 40.7186 -0.00326317360976 0.00181245461816 0.000111712210053 -0.000430258889803 4.32465 4.31534 3.99416448877 20.4909026196 -0.591703759451
-115.736 40.8167 0.002507772591 0.00177019562922 -7.56328991823e-05 0.00782166865507 4.36318 4.45038 -12.4900859199 -41.3596410222 3.06912598108
-115.039 40.8522 0.00249419945115 0.00467645422994 0.00146901042543 0.0026075435252 3.77185 3.79708 -12.7954516483 -74.6529571209 4.79520723266
-114.204 40.8556 0.00235183295649 0.00312460275544 3.41237758341e-05 0.00127492935169 3.95719 3.94811 -3.56421980678 -55.0588567845 3.88824322745
-113.187 40.8513 0.00134622626067 0.00116372712115 0.000255091067326 -0.000161440819266 3.89659 3.85382 -0.219497227168 -25.509440012 1.7495500042
-112.52 40.8903 -3.47832972571e-05 -0.000550788282516 -0.0021393091049 -0.00188077747774 3.78576 3.76284 3.34083092349 4.87482802895 -0.474635215526
-123.82 40.1398 7.16652186651e-05 -0.00159811744632 0.000553790952051 -0.00945817437546 3.58416 3.58586 6.81386639197 14.3418355984 -1.11661657478
-122.788 40.1767 -0.000711597496162 -0.000975345434979 -0.0147859689495 0.0102227301393 7.11522 7.21116 -1.217196355 16.6752049889 -1.17121497943
-122.032 39.9971 0.0016868391001 0.00123025740448 0.0173399690004 2.99895723817e-05 3.3095 3.33515 -20.2181243537 -24.5055524459 2.02028091545
-121.086 40.32 -0.000892222692535 -0.00213807593203 -0.010932825575 0.00432224294771 10.0643 20.4418 -24.0801569018 32.2145336038 -1.53216010562
-120.918 39.962 -0.000164898418221 -0.00165464587704 -0.017160469675 -0.000131954390135 10.6219 12.5294 -9.89625540094 20.6633795803 -1.03761582274
-119.827 40.165 -4.5232767261e-06 0.000736295076249 0.00161994542096 0.00705208062834 4.0649 4.1195 -5.19080153729 -8.00370843458 0.458304958266
-118.155 40.2903 -0.000558812736453 -0.000664571945534 -0.0143628899168 0.00231751116258 4.21188 4.17314 22.4122928865 10.8023176781 -0.824274445424
-117.19 40.1697 -0.00415308012682 -0.00176790386872 -0.0018344722941 -0.00211597107426 3.41209 3.44196 34.6239586531 61.9794443676 -2.36644553918
-116.5 40.2917 0.00160616264261 0.00320202491756 -0.00324342900417 0.0023077769123 4.2791 4.41422 6.95337018488 -44.9802535741 3.54025395658
-115.657 40.1313 -0.00100088007932 0.00344573831862 0.00286925839745 0.00340878101872 3.97987 4.08781 -8.60128026902 -28.600002062 1.43994506099
-114.745 40.2679 0.00370873143877 0.00581098706648 0.00380744174407 -0.00410293502817 3.23385 3.31985 -8.11365298341 -97.4859052729 6.62557819469
-113.981 40.1314 0.00272465710868 0.0032243180531 -0.000108447524148 -0.00145439638057 3.76907 3.75689 -2.07144566443 -60.0472816939 4.21982059669
-123.338 39.469 -0.000353918434184 -8.80597288226e-05 -0.0103650703152 0.0119232959054 5.64669 5.66549 -3.51393992804 3.90512614411 -0.336566544236
-120.608 39.3028 0.0014354696318 -0.00128646612606 0.0125229510789 0.00501979862461 3.74501 3.79755 -23.3535266291 10.3345803945 0.925931385553
-119.898 39.6785 -0.00273051853904 0.000226550547954 -0.00224008732932 -0.00179291536339 4.19841 4.35059 -6.44592112095 20.7078105944 -2.03604604873
-118.889 39.5399 0.00478567066016 -0.00136691446851 0.000109707971876 0.00576435739912 3.52408 3.53016 30.121309959 -60.2022555611 -0.0643708716759
-118.08 39.6946 0.00141285626885 3.17073150459e-05 -0.00529164341134 -0.00118885415062 3.74777 3.67578 23.0008031531 -18.80415403 0.544702838973
-117.14 39.5516 -0.00187879274583 -0.00153317537843 -0.00350958077913 0.00148281606047 4.12245 4.00904 19.9958148314 33.225733834 -2.15448550881
-116.464 39.6202 -0.00783543584774 -0.00226999973524 -0.00504512935683 -0.00715296758779 3.5203 3.65724 32.1836389539 115.844582345 -3.6612014723
-115.754 39.553 -0.00838622430481 0.00213948342808 0.00224499570756 -0.00744049209321 3.11199 3.29493 19.3600000344 99.0760697248 -1.24684641657
-114.908 39.4731 0.00198999400766 -0.000560082165586 -0.00276150697984 0.0141809873867 6.43172 7.34601 -34.4126402826 0.620034728959 1.78595026479
-114.016 39.455 0.00324107294458 0.00570614786389 0.00698950969962 0.00367801708531 3.74033 3.80946 -10.381462303 -93.220992118 6.13214379143
-122.015 38.6333 0.000700941878325 -0.00123408254393 -0.00578206489932 0.0114430722575 6.75196 6.81478 -24.8448834284 13.8688647055 0.329941630803
-121.377 38.839 0.000670789087293 -0.00163006037374 -0.00345574704444 0.00597154440413 8.52674 8.59042 -8.92361255858 14.1168961131 -0.319912022634
-118.808 38.9383 0.00304090096292 -0.000490115673018 -0.0117515758427 -0.0113915017165 3.9395 3.91716 24.7596666596 -37.8528442817 0.621795243658
-117.932 38.8606 -0.000165819976932 -4.32759058963e-05 -0.00902385174686 -0.00256175574549 3.82243 3.72086 31.0971293015 2.44068272907 -0.0810138787019
-117.182 38.834 -0.00316036116247 -0.000504031721568 -0.00129834073175 -0.00312595829519 3.54047 3.50834 26.243513858 45.2239394629 -1.43865573077
-116.4 38.8247 -0.0034821346122 -0.00329108704234 0.00491888920003 0.000980963092651 3.61722 3.58231 12.9766122304 66.8572294891 -4.59315002725
-115.654 38.8455 -0.00325332245756 -0.0035971836511 0.00116624632348 0.003577971768 4.28003 4.20016 9.18041109097 67.4267482233 -4.78941584017
-114.83 39.04 -0.00411806295693 -0.00288452908752 -0.00798875403184 0.00501856573201 5.02696 5.5642 9.67004487177 72.3267336594 -4.61261358912
-114.02 38.9551 0.00401125027737 0.00421487020968 -0.0340722701519 -0.0029132050704 4.74011 5.18131 31.2709528724 -66.915388769 4.7951426961
-120.936 38.2571 -0.000994632135865 -0.00110733692945 -0.0161354937231 0.00684070111517 8.36334 8.79649 -18.3046736085 19.9210058516 -1.3544025138
-120.076 38.7028 -0.00196213326812 -0.00164148662538 -0.00280420911962 0.0180378540106 8.63593 9.03327 -21.8624035711 31.6154174076 -2.42197811626
-119.451 38.5226 0.00444402536861 -0.00171239182928 0.0187424924732 0.00910010118742 3.61292 3.69948 -21.5149048057 -1.11965595931 3.47764399245
-119.047 38.089 -0.00171066440776 0.000373006691064 0.00212250208604 0.0164915977499 4.4438 4.32139 -23.8186192276 3.29457042399 -1.48161251502
-118.106 38.3489 0.00202790399112 -0.000150492480443 -0.0116360857174 -0.00503717063491 3.62752 3.69145 27.2816882247 -26.890373871 0.47905796813
-117.072 38.2397 -0.000717427175257 -0.00235460783374 -0.00423776373142 -0.00162715551702 3.88563 3.89113 28.3295872376 19.0904722208 -2.46097030765
-116.302 38.2886 -0.00294411378591 -0.00146369816677 -0.00458210436429 0.00102840242574 4.37867 4.24352 25.086889399 46.814684714 -2.30851503975
-115.585 38.3489 -0.00680686661459 -0.000159493804843 -0.00223324036073 -0.000556580516929 4.17502 4.28256 19.9752116118 91.6264316227 -2.74742179991
-114.608 38.3281 -0.00177030837065 0.00122901245629 -0.00819691026164 0.0192090863796 9.67157 11.489 -22.6342231123 -4.75495430661 -1.0521237449
-113.021 38.2987 0.00285886559972 0.00177016297083 0.00181046973709 -0.00321217815301 3.65481 3.65874 -2.18524500099 -48.2680181509 3.22451317281
-121.328 37.5049 -0.000583773862375 0.000177236036675 -0.0112586327308 0.00876313491752 7.37507 7.31872 -7.94536709618 2.40813437679 -0.392187090199
-120.33 37.346 -0.00160145134404 -0.000160371829422 -0.00814892431266 0.000360789038271 7.7604 7.5725 -4.18122007796 15.7445644776 -1.36385520341
-119.849 37.8817 0.00313397779784 -0.000578010078254 0.0115697479435 0.00878279177964 3.65086 3.62449 -28.7905718339 -2.78447226484 2.90157137563
-118.171 37.4993 0.0029486288815 0.000940712185974 -0.00507849418999 0.00277125598257 4.45351 4.54655 8.59761676838 -41.8498137612 2.52913218951
-117.225 37.7243 -0.000764090612872 7.87812168053e-05 -0.0127516640301 0.000420433742958 4.70748 4.47644 27.6171275698 10.1783473186 -0.147413285856
-116.595 37.923 -0.00363415882179 0.000434748019478 -0.00256897259406 0.00110413025368 4.1467 4.13816 21.628442866 46.1116015178 -0.967320890561
-115.747 37.6444 -0.00359860765131 -0.00124757472561 0.00723970326255 -0.0094633357857 3.24326 3.24845 7.28795402031 52.8288318066 -3.11391485504
-114.849 37.6083 -0.00268714213544 -0.00143605114904 -0.00850958588594 -0.0124117403724 3.50137 3.6882 18.9865467672 44.0966734832 -2.37349189691
-113.86 37.5808 0.00185849267648 0.00121932551498 -0.0198345096679 0.0293833917938 11.9979 12.5846 32.4132694797 -29.4530239023 1.48140827032
-113.168 37.7601 -0.000385798576471 -0.000561645059042 -0.0109171687927 0.0386864347934 11.5668 15.0689 -42.0053823527 8.90838867528 -0.459732753015
-121.786 39.2291 -0.000918572372327 -0.00129612559705 -0.0105781633476 -0.000930926901915 10.9957 11.733 -11.7356941161 22.0980025309 -1.44140118744
-120.674 36.8953 -0.000827326328069 0.00117916978444 -0.0115956214823 0.00030540461684 7.68793 7.54263 1.56922024499 -4.26457647376 0.197361168181
-119.709 37.0069 -0.00258922917976 7.70688140127e-05 0.0169391558677 0.00530147147155 3.61086 3.60524 -17.4197679084 14.6169526082 -2.3143069248
-115.22 37.2408 -0.00319100732754 0.00100717672629 -0.0037048232306 -0.009336093805 3.40524 3.41708 16.2218617425 35.0194215966 -0.519009984771
-114.715 36.7256 -0.00283605963267 -0.00575332734319 -0.000454923455225 0.00230099171732 3.95577 4.00127 -2.92457592518 88.9113118528 -6.06175746892
-113.907 37.0195 -5.23036033612e-05 0.000349209748377 -0.0184000131425 -0.0218205581378 3.74906 3.74519 33.2851350941 0.0436873100577 0.338472610321
-113.084 37.0615 -0.00281241953777 -0.00136576525419 -0.0382709454596 -0.0302095300652 2.66498 2.64391 -304.26122982 34.483522737 -0.570689907034
-112.382 37.0183 -0.000509236895676 -0.000818653134824 0.0205017764027 0.00531890104235 4.06277 4.08344 -12.7049181385 14.1196082784 -0.90371347583
-120.783 36.3627 0.00106561560315 4.50149498832e-05 0.0142883119673 -0.00342694067831 3.75697 3.77101 -10.4954365848 -8.24760260041 0.941532598477
-120.12 36.3356 0.000119109396306 0.00153194994399 -0.0226843115485 0.00188346735955 10.853 10.4407 4.49386737383 -16.4196966082 1.18618097733
-116.33 36.4193 -0.00154355664765 -0.00082046172121 0.000724621152411 -0.0047356788685 3.6113 3.62183 4.9388376137 24.9070261516 -1.61408263901
-115.383 36.423 -0.000701807292888 -0.00252012690546 -0.0105280142713 0.0428950425947 8.97845 9.23294 -53.9658820192 35.1839370719 -0.376221433423
-114.539 36.4321 -0.00124301449086 -0.00141689449704 -0.00857884222306 0.00923529161678 5.04559 4.9779 0.907416060571 27.3830487138 -1.8848411255
-113.965 36.4151 -0.00698903360667 -0.00121970900649 0.0209640995723 0.0353564834952 3.61089 3.76413 -41.7246181599 29.4636393468 -7.08241869809
-113.18 36.4182 -0.00092951365136 -0.000214489983249 -0.0331608403678 -0.00713484491793 3.63663 3.7313 33.8953779288 13.9706719532 -0.325382090564
-121.236 36.0214 0.000380393961921 -0.000578024455136 0.00866341233346 0.000398857454055 3.85391 3.87435 -8.9199908933 4.21144725576 0.0240119466839
-120.87 35.636 -0.00257728271202 0.000400069279959 -0.00244108560298 0.0198996228871 4.85644 4.89492 -16.5717686673 9.6634931942 -2.19565122985
-119.903 35.8667 0.00152097235143 0.00148013130488 -0.0172294863673 0.00307015843185 5.61622 5.63294 2.57083315191 -30.4372410764 2.12229270095
-115.43 35.8384 -0.00162515239992 -0.00301331402151 -0.00546394041608 -0.0209975723443 3.45228 3.40656 14.2406220714 42.4268613259 -3.42292514273
-114.851 35.7266 -0.0040550780596 -0.00354715516304 -0.00552862275559 -0.00901284713277 3.71862 3.62229 20.024987207 75.2230307622 -4.85513518878
-113.984 35.8522 -0.00640611940637 -0.00276964247974 -0.023757554254 -0.0228582592462 2.80994 2.85755 -310.69908022 88.4902750601 -1.94549766245
-113.105 35.6339 0.000826154448823 0.000400946290705 0.0265067112476 0.0141123934535 3.04352 3.08083 -32.1712365695 -9.17736072479 0.906254599727
-114.87 35.301 -0.00174151528877 0.000673609969712 -0.00469413618571 0.00151273717583 4.03554 3.89647 9.85794052529 15.8675452205 -0.402263977262
-113.885 35.099 -0.00530055147533 -0.00324192935099 -0.0064651128518 0.00575961492118 4.46388 4.71857 10.1911547606 91.9173769555 -5.57124223772
-113.083 35.2127 -0.000165561191918 0.0021080777826 -0.0191327703173 0.00587724901322 12.4606 16.8837 15.6501740821 -11.4092740476 1.82551545163
-112.267 35.1787 0.00312604409034 0.000984821960667 0.0207737984084 0.00438663081634 3.40454 3.42941 -17.6228409401 -36.999577838 3.17524766541
-113.83 34.5935 -0.00358492319317 -0.00147043006733 -0.00952204921439 -0.0025131884459 3.75682 3.77381 13.7394998295 57.1110094385 -3.02324770472
-112.891 34.4692 -0.00128045441003 -0.00388394201953 0.0232246536993 0.0116070167337 3.59495 3.74915 -44.2682906718 59.0944814689 -1.54910497183
-112.237 34.4866 0.00310759373126 0.0042378831994 -0.0183548736554 0.0242497695692 15.6052 -nan -28.4623715977 -75.6272474089 4.39963697682
-111.441 34.4178 0.00490897450172 0.000130371006301 0.0116385384768 0.0160000021131 3.969 4.07433 -19.1650132353 -39.3692784146 4.28378742705
-114.524 33.7503 0.000353291803557 -0.000495164154416 -0.000435319298858 -0.00912442803229 3.69332 3.69096 10.8423891279 -0.36170480246 -0.220741560623
-113.829 33.8142 -0.00142077514462 -4.158561958e-05 -0.019746241804 -0.00793796764102 4.18041 4.1425 31.3475061156 20.8487440177 -0.333167165133
-113.005 33.9383 -0.00342379257857 0.000264133316146 0.0057813648094 0.00852558387541 4.15696 4.19156 -10.4438731395 27.9115406271 -2.5611151989
-112.333 33.9535 -0.00210861224753 -0.00766579516798 -0.0495421817834 0.00388134160735 2.95805 3.08399 -269.682044168 -65.8160065049 -3.4484611688
-111.478 33.8798 0.00149007318494 -0.00168934594306 -0.00562296353606 -0.00149649241513 4.08302 4.15846 6.28196904443 -4.28059196533 -0.561354127824
