-122.707 48.7197 0.000630570490865 0.0001321494674 -0.000152633717935 0.000458317415577 3.93568 3.92641 -0.704488867825 -7.05668060928 0.543707524422
-122.085 48.9983 0.000472272775004 6.03291981828e-05 -1.63946698039e-05 0.000612786116083 4.10514 4.08058 2.05019622157 -5.15255270324 0.362088354411
-121.48 49.0983 0.000374736268447 -1.13493410621e-05 -0.00165713234527 0.000480937953039 4.27635 4.23874 6.14959127534 -3.84184049283 0.219006295952
-120.384 49.048 -0.000522305927658 -0.000642055013559 -0.000345929553314 -0.00234799439981 3.97318 3.93654 7.166965595 10.5946330741 -0.82588018954
-118.585 48.9752 -0.003172541086 -0.00145616415561 0.00133489107713 -0.00252803333346 4.20109 4.20038 13.5638647526 46.6546015644 -2.74251630732
-117.559 48.9813 -0.00196312967347 -0.000918763437642 3.79284730501e-05 -0.00575753369559 4.11454 4.26707 31.0768942494 27.8940854468 -1.19988383392
-116.363 48.958 0.00184344393051 0.00131381267865 -0.00390148457795 -0.00176945351986 4.00962 4.23125 -310.537203861 -20.9734689466 0.933870776441
-115.653 48.9339 0.00242595534625 0.00091738840905 -0.00412503375129 0.00262695729929 4.66643 4.6677 26.5153504281 -34.5615582185 1.3666472142
-114.413 48.933 0.00119542449561 0.000647449358343 0.00310195879772 0.00416447739023 4.52169 4.36788 7.38510935044 -18.4483738996 1.14425054588
-123.504 48.0575 0.000868544922214 6.46196024228e-05 -0.000576002673896 0.00267760322839 4.13692 4.14468 -4.96251343599 -7.87475348072 0.715960140424
-122.096 48.2641 0.000856080150281 0.000549818435275 -0.000257971791279 0.000596143837064 4.06532 4.06364 -0.146998518819 -13.1971098297 0.993065695996
-121.484 48.5183 0.000770894645355 0.000187472430282 0.000905227283193 -3.80032238571e-05 4.02494 3.98551 2.97441349989 -9.36427361799 0.646298058784
-120.12 48.4607 1.50877002206e-05 -0.000571339441128 -0.000446223425967 -0.000818642592062 4.081 4.01412 7.43546069048 4.21376501708 -0.459083546951
-119.333 48.3584 -0.00129128610794 -0.00126591680527 -0.000622211374112 -0.000109982209628 4.33004 4.18872 9.14919800175 23.7008613701 -1.76188962898
-118.149 48.4226 -0.00270540572875 -0.00252377956691 0.000623117322688 0.000207939327692 4.33452 4.27744 12.8252988607 47.9610760988 -3.49042978755
-117.225 48.2995 -0.00368976172974 -0.00196322378349 0.00013510477294 -0.00110347691227 4.1506 4.34241 25.3473724759 54.782838577 -2.80688484197
-116.367 48.4366 -0.00112412780667 -0.000762493999312 0.00199968396001 -0.00317974011214 3.17305 3.33928 -311.429507891 13.1807159366 -0.555350467179
-115.589 48.4694 0.00219080482805 0.00204111164867 -0.00641189976227 -0.00897198981753 3.45541 3.60693 -317.513753537 -27.2978218293 1.85148386837
-114.468 48.3739 0.000817657692061 0.00287662872095 -0.0055668797625 0.00491110733861 4.81152 4.76709 7.74166417362 -28.6249781602 2.91484308582
-122.173 37.1311 -0.00104438002929 -0.000246752091561 -0.0163994339752 0.0094164802755 6.82786 7.01041 -10.2679847623 10.3260179979 -1.02926733906
-124.566 47.9475 0.00036857851365 -7.15952982035e-05 0.00360222079561 0.00459986806006 3.97153 3.96939 -7.06851178559 -2.06925754237 0.257244369747
-122.972 47.7172 0.000606106674727 0.000727153396773 8.21556534823e-05 0.00135808599701 4.01913 4.02672 -4.7800216009 -12.5506289083 0.930344675898
-121.689 47.6947 0.00125640008219 0.000555513942058 0.00144157578712 -0.000718227142825 3.75943 3.78149 0.204451206294 -17.167871293 1.27406052187
-120.894 47.923 0.00126357045642 0.00018945791399 0.00128840135508 -0.000638220242754 3.91932 3.83864 3.92417109875 -14.615757455 0.950901156262
-120.061 47.6902 0.000506721983017 -2.86994609801e-05 -0.00183312156674 0.000779781458987 4.36324 4.16807 8.05995722082 -5.37066670048 0.264629842895
-119.045 47.7849 -0.000665488321995 -0.000348046364261 -0.0010485059231 0.000632704636388 4.37324 4.17671 9.46821276833 10.0729797842 -0.648924960183
-118.274 47.8006 -0.0023842037995 -0.00102195426569 0.000825889505826 0.00114630248147 4.31831 4.17891 9.05764559715 34.6074943726 -2.12402144626
-117.308 47.8192 -0.00312086848929 -0.00175450458182 -0.00266800097937 0.000186845873482 4.07352 4.12738 18.2626391079 48.0153389507 -2.77753984442
-114.574 47.6795 0.000522977521682 0.00384046928547 -0.0183271059354 -0.00922857376698 3.32864 3.44847 36.2397753057 -7.76955644227 3.84635735354
-113.747 47.7687 0.000898968000586 0.00252914668574 0.00537655157896 -0.00445710057063 3.70202 3.76609 7.82002600503 -27.2171087102 2.65406251528
-123.771 47.1161 -0.000469037078134 0.000551641854158 0.000983127799638 0.00285222325831 4.0619 4.08113 -6.20749889992 -2.08692432628 -0.041663381255
-122.803 47.1109 -2.60479099714e-05 0.000918139292416 0.00260203376306 -0.000958103180832 3.48582 3.54786 -8.18068303595 -9.67758382737 0.519459428647
-121.989 47.1881 0.0012613807455 0.000662618555416 0.000787729749786 -0.00144316930784 3.77343 3.80656 -1.14079543974 -18.059550428 1.36795297344
-120.844 47.1935 0.00152002650241 0.000542587037992 -0.000404111054433 0.000462764192904 4.09444 4.0105 4.6235946091 -20.4093525752 1.37988333285
-119.973 47.1936 0.000491054004726 0.00141250259667 -0.00134255307212 0.000212899513296 4.29596 4.10571 8.10530427283 -16.2610513277 1.44059186253
-118.921 47.0573 -0.000113907579241 0.00022467277643 -0.000315041738022 0.000319550561335 4.1193 3.96924 10.1820281529 -0.281186230497 0.131599026837
-118.309 47.0615 -0.00128827739981 -0.000173806734092 0.000294288499757 -3.73314645466e-05 3.96737 3.8665 9.29715655181 16.0718354289 -0.827664777143
-117.276 47.0547 -0.00270537275198 -0.00167669221896 0.00138013790842 0.000812452896792 4.01756 4.02093 10.2499597758 43.2728952521 -2.80003131123
-116.335 47.0477 -0.00418261075757 -0.00249533985054 -0.00118584744589 -0.00014811428695 3.93767 4.1915 19.9545811976 65.0973222991 -3.72743752725
-115.353 47.0528 -0.00418109617166 -0.000951983165152 0.00147409693569 -0.00346445293951 3.39257 3.65158 31.2490347485 58.3988067478 -1.43752229498
-114.459 47.0943 -0.000803627902428 0.00159100586399 -0.000185330413487 0.00523479910892 2.93285 3.13847 -314.731150046 14.0568211356 1.68984445307
-113.506 47.0816 0.00363513692531 0.00195389860774 -0.0050247004255 0.00151472367221 3.84665 4.03078 31.0323929417 -52.2159091506 2.26012984116
-112.52 47.0418 0.00106507861556 0.000684472264804 -0.00146762400561 0.00653484993166 4.5269 4.4147 2.92191026455 -17.5000793091 1.14469261739
-123.563 46.5459 -0.000201200865151 0.000997625381696 0.00171561373865 -0.00481403572682 3.56619 3.59793 0.0905663783714 -7.82245268837 0.538418121821
-122.72 46.5934 0.000501899778735 0.000248402064261 -1.19908903277e-05 -0.000857383084322 3.83279 3.91762 -6.46372113805 -6.7232269269 0.549113160925
-121.761 46.5605 0.00158119144818 0.00102395474518 0.000804899269572 0.00165776322046 3.88276 3.90406 -7.36289988364 -23.8395142029 1.87723519765
-120.979 46.5433 0.000582310735702 0.000939030211337 0.00035424394567 0.000644253222777 4.03896 4.00035 0.283047017181 -14.4063374133 1.08056019117
-119.855 46.5585 0.000833920653544 0.00111599012106 -0.00141425331054 -0.000323517150966 3.98871 4.07599 9.88290438267 -17.6781614225 1.39028699549
-119.06 46.4911 0.000973909317148 0.000276792155384 0.00024190851847 -0.00139093112605 3.80829 3.80728 9.40862810055 -13.1375913478 0.759926058292
-118.146 46.5139 -0.00053187441583 -0.000311435126659 0.000572411142994 -0.00132029560822 3.78235 3.7331 11.3276887769 8.38603452343 -0.535041890914
-117.11 46.485 -0.00140200861682 -0.00137372054956 -0.000519007826338 -0.000275604672157 4.07643 4.01998 13.6119625601 25.5157210485 -1.85516484241
-116.209 46.3559 -0.00280546948697 -0.00209139829525 -0.0016896989522 0.0011963518855 4.5144 4.39948 14.1345994231 47.0107145673 -3.08356218592
-114.188 46.4423 -0.00254703265762 0.000123868779206 0.00117226552347 -0.0176312251141 3.03535 3.11745 -320.310825165 35.1992261656 0.243809289061
-113.493 46.4162 0.00163375955425 0.00363527979691 -0.00802250883215 -0.0125433860563 3.30368 3.54293 -317.08007404 -16.5948097311 3.42027250136
-112.641 46.4246 0.00102979475008 0.00451125003878 0.00408245827712 -0.0150370122389 3.26163 3.36394 11.4292761449 -38.3801092378 4.54235514769
-120.728 40.6183 0.000431005659575 -0.000725230807133 -0.000213496236489 0.00213421886916 4.31047 4.07763 -10.8182629135 5.29127350053 -0.0266121018785
-123.559 45.9306 -0.000203580382775 -0.000617181434226 0.000630963099297 0.00162798367999 4.17923 4.22249 -9.74952208156 8.38928319253 -0.508637111138
-122.419 45.9325 -0.000129611429573 0.000426507732731 -0.00117063731978 0.000538012223787 4.05965 4.12227 -8.77392241158 -3.6629669932 0.141152949996
-121.459 45.8839 0.00116610621233 0.00153880285621 0.000445210790883 0.000343139946818 3.67791 3.79377 -8.09194976605 -26.0338631319 1.85734136376
-120.782 45.7664 0.00180462294193 0.00112662628662 0.00194010534265 -0.000489354289875 3.61409 3.65104 -2.94265630386 -27.7724449188 2.08967733976
-119.928 45.8951 0.00103201128959 -0.000410836751751 -0.00102734911919 -0.00127119892188 3.83754 3.83628 5.75350072834 -7.69512292884 0.3038673131
-118.777 45.7971 0.000648592802271 -0.000134863017318 0.000532767693464 -0.000783687599673 3.83651 3.83539 7.29906698456 -6.20242581992 0.260300089701
-117.909 45.7087 -4.96534734852e-05 -0.00138888099956 0.00107981429591 -0.00182318509611 3.78266 3.74198 12.2026660125 9.83938223079 -1.23766606417
-117.228 45.9734 -0.000944769125478 -0.00132714325186 -0.000674523397882 -0.00116150926364 3.97742 3.8908 16.6715211936 19.1772126715 -1.59553669405
-116.155 45.8883 -0.00289409368838 -0.000993239107815 -0.00284155730765 0.000982452286981 4.35525 4.26181 20.9770980502 42.096379784 -1.85516769507
-115.255 45.7565 -0.00545097759831 -0.00241390648162 0.00131265947948 0.00031895485 3.94743 4.25336 27.3896741904 80.2930323674 -3.41386050647
-114.332 45.7893 -0.000140683481527 -0.000141895122565 -0.00407385409544 0.0352042706076 14.6604 -nan -51.8229137878 1.99163130949 -0.142555872683
-113.37 45.8122 -0.000700582850302 -3.00411757336e-05 -0.00515624919807 0.0325535069198 13.2434 -nan -69.9064774449 -2.32374052531 -0.664186196851
-112.493 45.8409 0.000754564921324 0.000963445321252 0.00557660377455 0.0356146750884 5.92257 7.04048 -52.2744423306 -13.8486166823 0.793785683487
-123.281 45.3153 -0.000707321948154 -0.000441198611035 -0.00126996572374 0.00142583278008 4.42602 4.41764 -12.5987243094 9.91590635835 -0.833340284448
-122.478 45.2059 -0.0010570863911 0.000770751939601 0.00109294076062 0.00307343534874 3.7904 3.86296 -15.363239225 -2.36173575807 -0.56326057536
-121.317 45.2422 0.000957136708671 0.000888441353884 0.00156115550051 -0.0015085655737 3.36886 3.49271 -9.59961873806 -17.3131747925 1.2947105261
-120.635 45.2357 0.00253013670583 0.000518012666535 0.000445501897523 -0.000606847785115 3.81533 3.9458 -2.67449429599 -28.5693935011 2.20433112939
-119.669 45.2664 0.00133553591906 -0.000339654978553 -0.0024720509104 -0.000495575487985 4.11011 4.04823 2.9724063369 -10.8701848772 0.606292073553
-118.96 45.2904 0.00107845779465 -0.000424543196551 0.00181148185295 0.000694370109993 4.0888 4.03179 2.95212462351 -7.64793304588 0.361104501514
-117.78 45.2781 0.000456938904645 -0.00130364650041 0.00058257756561 0.00253077687607 4.36369 4.18481 6.51365410765 5.07720265186 -0.808840559021
-117.12 45.2925 -0.00133362071795 -0.001170885448 -0.00272291582061 0.00112690228623 4.3636 4.16335 17.1897584448 23.2500368947 -1.60502724495
-116.268 45.3997 -0.00268269461365 -0.00135599966729 -0.00279482489898 -0.000116151864974 3.92851 3.91198 19.4862299823 41.190920313 -2.19902492594
-114.233 45.0931 -0.0033030219234 -0.00569619100639 0.00698228535801 -0.0115785311462 3.32412 3.54879 23.9284046987 63.4254532601 -6.31561813425
-113.46 45.2432 -0.00123977331817 -0.00381191473667 -0.0125791242539 -0.0139316247185 3.21285 3.39713 -323.238818501 17.2159056129 -3.8102412156
-112.489 45.166 -0.00105279182125 -0.00273459253511 -0.0162866225137 -0.0282831788699 2.78715 2.86389 27.2937657134 20.1284722389 -2.85834672636
-124 44.6764 -0.000531435016417 -0.000389629151907 -0.00361288444525 0.00337778975038 4.68731 4.61599 -4.96497897637 8.47845475941 -0.658899585058
-123.292 44.6765 -0.0019109786777 0.000249626525794 -0.000644939757096 0.00213838190353 4.21736 4.22858 -10.23408141 10.990774014 -1.47796922939
-122.186 44.6837 -0.00114163745987 0.000394773043496 0.00198755226291 -0.00134079084918 3.30338 3.38176 -12.8026510426 3.38543285327 -0.774873575034
-121.227 44.6473 0.0021680085231 0.000213705921094 0.00130585439662 0.00224813063003 3.70351 3.84762 -13.9399491615 -17.6037160535 1.97099461731
-120.335 44.7344 0.00258789429434 0.000129046769057 -0.00026498144531 0.00157215328323 4.14141 4.1013 -6.01427178018 -23.9057867219 2.07302051915
-119.565 44.5913 0.00191101504471 0.000471803059068 -0.00101019238416 0.0020673266285 4.35002 4.21997 -2.93404909366 -22.7027803901 1.71044315104
-118.67 44.5191 0.00115327328133 0.000419897784844 0.00159695676965 0.00133427386193 3.96096 3.85638 1.31185844002 -15.7154437187 1.07684407744
-117.664 44.6653 0.000121195353523 -0.000339864549876 -0.000996562931221 -0.00075177447084 4.00325 3.88517 7.94527406841 1.19789244234 -0.216209982501
-116.747 44.589 -0.00101895845134 -0.00127093598768 -0.000864731839312 -0.00174788682782 3.85107 3.7774 12.3144109531 20.7477157896 -1.60183635729
-116.013 44.7035 -0.0021912745829 -0.00194756946228 0.000853445170701 -0.00166762843766 3.84113 3.82212 14.611640574 38.9764825003 -2.69334429526
-114.855 44.5494 -0.0025539145624 -0.00214780562983 0.00258102255939 -0.000694399597043 4.09962 4.06801 20.6517484958 43.0681116415 -2.82800657667
-114.255 44.5642 -0.00285063714348 -0.00229241064681 -0.00722633191843 0.00707992794013 4.5824 4.33424 21.7114799888 47.1470113618 -2.99473040217
-121.551 36.3887 -0.000889857829958 -0.000275915110797 -0.0192035165391 0.000173852557161 10.2342 14.0249 8.51419100799 12.0768766262 -0.794616624702
-121.461 40.8161 0.0013902376241 -0.00106562906463 0.00360003546713 -0.000104949984255 3.59381 3.56724 -8.72656431201 1.47967581117 0.557234101197
-119.023 36.6801 0.00231463943083 0.00405385102678 0.00595186017032 0.00225140897747 3.58547 3.70392 -15.4869772807 -66.9106642695 3.92219035887
-123.83 44.0035 -0.00135264278747 6.94374917741e-05 -0.00186958954184 -0.00280702585425 4.20158 3.9745 -2.23793242581 10.9231084951 -0.997279463354
-123.278 43.9726 -0.00252303701891 -8.65549443758e-05 0.000844715900575 -0.0065807511249 3.54275 3.60053 -4.64016875511 21.8332223882 -2.04731531555
-122.411 43.7941 -0.000656863149987 7.45791242872e-05 0.000452786404583 -0.0036328120272 3.36758 3.48105 -7.1542447597 4.43363738544 -0.487251469108
-121.268 44.1626 0.00143747473137 -0.00052516807841 0.0012306764469 -0.00311528495457 3.57959 3.65864 -11.6384164579 -4.62611580546 0.922045792693
-120.211 43.9437 0.00147755587379 0.0014789910095 -0.0024196484516 0.00173118637561 4.17593 4.0858 -9.17747771945 -28.3300108121 2.06652181888
-119.504 44.082 0.00147092252723 0.00175877459271 0.000373183976384 -0.00025615315768 3.83485 3.80381 -5.88098397891 -31.4905020074 2.26016848929
-118.569 43.9104 0.00223216421737 0.0011703197587 0.00300139890187 -0.00224217891109 3.46579 3.51571 0.631476892352 -33.6727277485 2.3659678018
-117.741 43.9733 0.00142574021437 -0.000301170816113 0.000129973251419 -0.00251040117415 3.78823 3.72602 9.25073447995 -14.3649420781 0.515620992383
-116.803 44.086 -4.5105961434e-05 -0.00111211968355 -0.000555125405319 -0.000751803755566 4.09371 3.94812 11.551866302 8.09907171143 -0.991953538626
-115.958 43.9121 -0.00164851196479 -0.00115236250405 -0.00293187650285 0.0017124179918 4.4296 4.27788 12.7100115654 27.7849706861 -1.78019631482
-114.117 43.9146 -0.00239116307058 -0.00146338007782 -0.00162980197275 -0.00205811355113 3.40205 3.49791 21.0556699891 38.0757096747 -2.09660875828
-123.575 43.3654 -0.000826036738711 -0.000160598767418 0.00362331937767 0.00327285477465 3.95903 3.94353 -14.1148733059 7.13671295293 -0.805914612593
-122.965 43.3717 -0.00199235657269 -0.000706431447368 0.00146610239772 0.00501469123284 3.73835 3.76073 -14.2766104145 21.2493428419 -2.08985443149
-122.109 43.2406 -0.000445465944382 -0.00179300932335 0.00243160495727 0.00194840388064 3.74905 3.84828 -14.622106744 24.4017895821 -1.2498829441
-121.236 43.2843 0.000655502383794 -0.000531649865811 -0.004989768453 0.00238798680805 4.63952 4.74327 -12.3442504207 1.45770871497 0.276926362875
-120.153 43.2515 0.000679822830717 0.00221933487034 0.00207288300499 -0.0010019387742 3.45797 3.62742 -15.199218229 -31.1306819787 1.69950934774
-119.311 43.3736 0.0028933484168 0.00139171581266 0.000557953964614 -0.00190917228494 3.3736 3.4607 -6.32715453424 -40.3360209494 3.11319014532
-118.474 43.358 0.00358058140503 0.000267941925786 0.00229912112821 0.00062022584102 3.82859 3.82332 -3.02489881707 -37.1274813968 2.76125807573
-117.754 43.3471 0.00185372181313 0.00040917677774 -0.00135356884907 0.00225041187853 4.52908 4.30583 4.44573645176 -23.8376995823 1.45862999943
-116.767 43.4275 9.82654137923e-05 -4.83358192942e-05 -0.00257752142746 0.00224191220832 4.50196 4.23293 9.95935614794 -0.823482224629 0.00947304438186
-115.828 43.4151 -0.00198735100805 -0.000253452344363 -0.00132324206044 -0.000629897026752 4.02282 3.9359 12.5114866679 26.2779203022 -1.14512742034
-115.098 43.25 -0.00255638820587 -0.00172103786718 0.00196372993745 -0.00183884158439 3.55467 3.5825 11.6060469189 43.0136484569 -2.71407570261
-114.174 43.3979 -0.00168757941639 -0.0035057912693 -0.00155304456906 -0.00102324500747 3.47357 3.54554 13.5092904027 42.2446044988 -3.89032161539
-124.469 42.8088 -0.000240802331863 0.000191290960909 -0.00652749445804 0.000881173667211 4.4323 4.41692 6.15361253983 0.607859559416 -0.0250979371708
-123.49 42.7667 0.000218539408896 -0.000139035014381 -0.00436080991008 0.00630518995844 4.54731 4.49009 -1.93768852865 -0.444178802055 0.0793101732877
-121.731 42.6133 -0.00101323805536 -0.00210924054401 0.00231259637221 0.00455423455273 4.38248 4.27578 -17.7810726001 32.1120682207 -1.82370982762
-120.893 42.7258 -0.00188146829692 0.000396487398137 -0.00526199661497 0.00239564090205 4.24217 4.45691 -9.90301516267 10.0960911882 -1.33021724381
-120.251 42.7991 0.000609867454616 -0.000571452747457 0.00372475660145 -0.000635504166973 3.04058 3.19303 -18.0065593237 3.22071535231 0.285107812515
-119.247 42.6912 0.00280726721664 0.000146054382966 0.00229691799474 9.42167054417e-05 3.58313 3.69635 -13.1279471085 -22.7716951755 2.43922731111
-118.486 42.7308 0.00260930266474 0.000901709575489 -0.00167369526147 0.00113298508421 4.28583 4.16203 -4.62670758486 -33.6181711634 2.54056412755
-117.725 42.6996 0.0016555413823 0.00183716604126 5.3637164222e-05 0.00114697993752 4.21902 4.09104 -0.45623276619 -34.3552545339 2.47273801398
-116.87 42.7779 0.000564129208223 0.00111177323235 -0.000296411228196 -0.00159994331678 3.84306 3.77825 6.88845617713 -15.3301216423 1.23535098121
-116.032 42.7713 -0.00035014826167 5.31005476873e-06 0.00139008154094 -0.00195325658784 3.50175 3.46485 9.59177700249 4.1712032737 -0.175984808233
-114.903 42.636 -0.000864319471484 -0.00257624394804 0.000667664533844 -0.000515231815732 3.83702 3.80118 12.4500835391 27.3574215326 -2.68778777382
-114.084 42.6493 -0.00218623982492 -0.00249011478925 -0.0035580410767 0.00268749548433 4.42547 4.40516 14.7929011998 42.4850096746 -3.15975064632
-113.176 42.5452 -0.00214050820902 -0.00104825690344 -0.0032254436182 0.000914071512294 4.15194 4.15674 11.7418326792 33.8382836522 -1.87625792345
-123.602 42.156 0.000231520261123 0.000266780546497 -0.00228336780411 -0.0115776902277 3.41783 3.36771 9.74598016169 -4.74579992891 0.353030779777
-121.891 42.175 -0.000782638347383 0.000803694744384 0.000992713430944 3.92370275951e-05 3.99306 3.77119 -6.65102692411 -2.53452498643 -0.154933629073
-120.834 42.0472 -0.00116726589005 -0.000975961224433 0.00104292070025 -0.0048232977112 3.16995 3.25862 -5.08503707103 20.6251182465 -1.52127300997
-119.34 42.0187 0.00106870927752 -0.000368910606489 5.81417313767e-05 0.000179472348896 3.86465 3.87581 -17.9412259352 -2.32462209285 0.776971166228
-118.344 42.1901 0.00147175052567 0.00230163160924 -0.00143457846473 -0.000277684615313 3.93899 3.9214 -8.33293976716 -37.9309733983 2.58118672794
-117.667 42.0192 0.00203968505356 0.00255229840527 0.00275444846499 -0.00176917822208 3.4192 3.44851 -2.44551373154 -45.4911320106 3.2457538138
-116.471 42.0773 0.00174735751264 0.000163687193949 -0.000518748823177 -0.00193802738963 3.623 3.6405 7.3253395141 -21.6399234928 1.11554998856
-115.754 42.1669 0.00133298096734 -0.000809015887629 0.00116047001222 4.60025909465e-05 4.0004 3.936 9.12514155273 -10.0656299692 0.00648685064789
-115.016 42.146 -0.000238374562441 -0.00113181106659 -0.00185408812988 0.00141164825669 4.41916 4.1014 11.3772362096 10.5844242606 -1.10873286341
-113.944 42.0886 -0.00198698342938 -0.00173608768069 -0.00427411874179 -0.00386786965918 3.78313 3.73466 16.3288411195 35.462413193 -2.36079774611
-120.74 38.7552 -0.000290970366486 0.00339741229867 0.0017743477506 -0.00261855352407 3.66804 4.02363 -11.7976763732 -39.1062346645 1.47620146401
-124.122 41.8473 0.000762411915886 0.000980044081097 0.00585178018136 -0.0026707127868 3.68431 3.6829 -3.82221897413 -16.9260085534 1.19732036001
-122.854 41.392 0.000275485054823 0.00103820971571 -0.00672600639865 -0.00129336357603 4.4139 4.22616 3.10146840527 -12.8077480053 0.926137780102
-122.122 41.2742 -0.00098188708739 0.000164562419303 0.00141919664239 0.000440499506073 3.90532 3.85918 -5.41073406508 6.31234665671 -0.686855640802
-121.839 41.7826 -0.00116713037298 0.00250414336839 0.00180644276422 -0.00108502133954 3.59553 3.68054 -3.20474820551 -16.3326957676 0.697203354186
-121.146 41.3593 0.000429423495364 -0.00112598985208 0.00380129072127 -0.00201410565345 3.23998 3.45218 -9.49821020141 9.65292529057 -0.269596153119
-120.477 41.2047 0.000664464049897 -0.00163623911258 -0.00422349168283 0.00113194760156 4.34527 4.44504 -5.48533784265 12.0855583577 -0.496191820975
-119.171 41.3884 -0.00130382100455 0.000515147183291 -0.00191194654557 0.0050399624085 4.38046 4.46715 -18.9985210135 1.63542609748 -0.939712922471
-118.379 41.4483 0.000571818528758 0.00331126839723 0.00221815351051 0.0006095778971 3.21408 3.29994 -20.8916542653 -45.3638146732 1.93285199819
-117.45 41.423 0.00377639651929 0.0015169329016 0.0036256066982 -0.00140445773245 3.37864 3.52159 -5.06901598396 -51.4492465159 3.81866840156
-116.54 41.522 0.00299735273306 0.000413528446796 -0.0009896942334 -0.000323956951673 4.2638 4.27254 5.01698942137 -37.3663048681 2.12559610554
-115.791 41.4311 0.00138784657699 0.000319900181172 -0.00450692851408 0.0027498108484 4.64185 4.33547 9.25079302297 -19.0886364159 1.00270646233
-114.915 41.4157 0.000564092456531 0.00011620423181 0.00307580362847 0.00122845073205 3.94846 3.82021 3.91702775152 -7.44445871225 0.426590709731
-114.165 41.3602 -0.00144137176931 -0.000127573087392 0.00120662237398 -0.000219479386476 3.93655 3.86217 5.22721056397 18.0393679216 -0.912430225052
-113.347 41.503 -0.00526275939157 -0.000674196571936 -0.00803877830256 -0.0022069151274 4.06918 4.32147 26.4689403171 75.5357929736 -1.73634278689
-112.448 41.4632 -0.0016407869005 -0.000840758016926 0.00749086262175 -0.00177666639834 3.49084 3.62737 2.92580321707 26.2103374922 -1.61983917097
-123.306 40.822 0.000928299185853 0.00232028810829 -0.0026590712796 0.0053751375493 4.6387 4.57922 -18.9944705865 -34.3887707207 1.72604009881
-119.835 40.7484 -0.00159109237626 -9.63499847878e-05 -0.00376740964212 -0.0033588996596 4.03971 3.93259 1.25985760572 16.8338027494 -1.18220173669
-118.971 40.7797 -0.00401813670804 3.76118962118e-05 0.00162332066685 -0.00394807350947 3.55937 3.80157 -10.8267237571 31.4293762206 -3.29339498456
-118.134 40.7811 0.00224459670982 0.000232637400508 -0.000514896332856 -0.000272391844969 2.83103 3.14666 -27.7840157803 -13.0543045497 2.20375155622
-117.524 40.852 0.00572097024851 0.000744613996098 0.000807321220859 0.00293843210719 4.30687 4.61961 -13.3394964496 -53.278848075 5.18283275377
-116.508 40.7186 0.00248218655336 0.0017286056417 -0.00110401086137 0.00365178023602 4.45512 4.08824 -5.60136138915 -41.7981054403 2.99972083076
-115.736 40.8167 0.00154922182293 0.00156635064941 -0.00054590566205 -0.00114570827882 3.93761 3.84101 5.55027239424 -30.8721333383 2.17617864946
-115.039 40.8522 0.000484221433287 0.000735801338057 0.000570993735879 -0.00257947297871 3.69425 3.57404 9.11402733307 -11.3478434938 0.880314154331
-114.204 40.8556 -0.0013526980975 0.000955498792758 -0.000105988228066 0.00105253384308 4.19943 3.95291 6.9312625191 8.91880787846 0.0753671217079
-113.187 40.8513 -0.00301896250967 -0.00144592293213 -0.00131219909845 -0.00220081950229 3.79236 3.83139 14.3669982659 48.0034541979 -2.55061814932
-112.52 40.8903 -0.000998403299247 -0.00196783498027 -0.00299008493095 -0.00451812159638 3.64686 3.68137 8.06116899339 26.4469725391 -2.20422294675
-123.82 40.1398 0.000852400584817 0.000272366828015 -0.000210672796711 0.00739531387994 4.2973 4.35686 -10.6803024753 -9.02532701552 0.876516092548
-122.788 40.1767 0.000954682322091 0.000373224566511 0.00411408367972 0.000219833240316 3.56182 3.58445 -10.8786152139 -11.1071157992 1.0129204018
-122.032 39.9971 0.00143029294193 0.000117456425 -0.00410333248799 -0.000368785869037 4.02529 4.026 -5.83794216132 -12.9747922269 1.22783250719
-121.086 40.32 0.000758879537177 -0.000853658435439 0.000743743489158 0.00390018273 4.25831 3.98953 -15.579494785 5.73401278639 0.283759920892
-120.918 39.962 0.000195259648084 0.0013089824705 0.0024281979597 0.000870201483811 3.97327 3.9102 -14.9316672461 -17.4453865309 0.78474711476
-119.827 40.165 0.000692333050086 0.000327717319697 0.00725399042402 0.00404861988927 3.78602 3.74355 -7.4417125824 -9.47986234695 0.751222598613
-118.155 40.2903 0.000492196755393 -0.00373526341747 -0.000485212151446 0.000336425778669 3.49222 3.69133 -19.2072132482 44.0156125489 -1.23505669714
-117.19 40.1697 0.00190599424858 0.00260460272996 0.00143969069436 0.00364557183183 3.76574 3.90215 -22.7085160355 -44.7604476174 2.80357629224
-116.5 40.2917 0.0027375000808 0.00399037518473 0.000493508818114 -0.00101436466944 3.82633 3.80712 -9.03457247165 -68.5976101959 4.62864099509
-115.657 40.1313 0.00248001663874 0.00121366041602 0.00156463816904 -0.00216784412704 3.5504 3.52864 3.73340282396 -38.587155083 2.47918194428
-114.745 40.2679 0.00115868850232 0.000170370106715 -0.000963905701022 -0.000567753984485 4.02083 3.97807 8.6743608324 -15.3808585876 0.75521207751
-113.981 40.1314 -6.9839702464e-05 -0.000741256466074 -0.00446874766708 -0.000423317765848 4.07291 4.12959 10.1035277196 6.12890848565 -0.679135522124
-123.338 39.469 0.000975484292979 0.000502729669047 0.00928844654507 -0.00202432081386 3.45743 3.45039 -6.99951779322 -13.2228270913 1.09164008558
-120.608 39.3028 0.000419213283089 0.00193183708857 0.0038261890909 0.000633323514089 3.88967 3.76721 -13.7583721499 -26.5811701145 1.30373451922
-119.898 39.6785 -0.000471537850499 0.000255844396871 0.00142908804148 0.000470247843017 3.99109 3.99363 -16.0734892124 -0.1119755137 -0.299094177122
-118.889 39.5399 -0.00035700258117 -0.00212082679116 -0.00240510514137 -0.00257193219039 4.00733 3.93469 -6.04933807182 26.5640417329 -1.60288793831
-118.08 39.6946 -0.00154281799497 -0.00182708529996 -1.10564699211e-06 -0.00145946890476 3.91624 3.7514 -13.7755526771 33.5244194914 -2.27451886579
-117.14 39.5516 -0.00192718737515 0.00273346611508 -0.00241689343967 -0.0019388863358 3.88188 4.1472 -25.836967183 -26.7018802055 -0.836393009823
-116.464 39.6202 0.00554364598004 0.00324042928401 0.00523098115871 -0.00324128204868 2.82625 3.08923 -18.0026702772 -79.0419674213 6.42025909537
-115.754 39.553 0.00477776396574 0.00169617551296 0.000711706950073 -0.00144198814575 4.06385 4.12375 0.296415183701 -67.2435062518 4.44297893512
-114.908 39.4731 0.00233038165766 0.00019738356847 -0.00354368150772 0.00181067814964 4.43699 4.16923 6.49622164304 -29.1868889794 1.48475028164
-114.016 39.455 0.000247680018343 0.000692230657727 5.42443394774e-05 0.000261333650652 3.98221 3.81341 4.18437619195 -8.74675204419 0.705994794483
-122.015 38.6333 0.000918654912077 0.00305665896392 0.000101158771604 0.000255761740424 4.40687 4.26704 -2.8769935362 -41.616907374 2.60966385766
-121.377 38.839 -0.000325732412208 0.0026626786594 -0.00429211074876 -0.00526370835693 4.47222 4.43049 -0.959586560967 -25.2990198635 1.49282059153
-118.808 38.9383 -1.72231103789e-05 -0.00050015042885 -0.00206658775249 0.00265523151257 4.50636 4.24461 -9.39957127723 5.94890803407 -0.301250941665
-117.932 38.8606 -0.0029583690206 -0.00060655187987 -0.00200370392072 0.00287846539862 4.55104 4.51596 -15.580786923 28.4042604349 -2.8696435505
-117.182 38.834 -0.00317482117685 -0.00166864651449 0.00205783288401 -0.00298027760146 3.17612 3.47862 -22.1274167478 40.2276046136 -3.57894759294
-116.4 38.8247 0.0033574163694 0.000650960152594 0.000995913057525 -0.00114967702748 3.18105 3.43941 -29.1625373729 -23.5889169883 3.39582870338
-115.654 38.8455 0.00460028815871 0.00212665810049 0.000185272720182 0.00269102160358 4.31169 4.62679 -14.2429629394 -62.0331429824 5.00954786702
-114.83 39.04 0.00205015522551 0.00204349275954 -0.00245854735352 -0.000912946627894 4.32453 4.09352 1.82470612631 -41.523412438 2.88030778919
-114.02 38.9551 0.000730727353977 0.00131097705612 -0.000139854764966 -0.000495749451318 3.97048 3.87648 2.92262639957 -19.9183826695 1.4851746752
-120.936 38.2571 0.000511658058632 0.000609583715163 -0.0197970308253 0.0192616809411 12.9557 29.4077 -18.5318518979 -10.7514318695 0.711292680406
-120.076 38.7028 0.00331437650434 0.00187699949566 0.00392478844164 0.000670320415191 3.34482 3.50264 -14.2893011073 -45.735337365 3.80857732634
-119.451 38.5226 0.00250554247601 0.000903496835999 -0.0011442564925 0.00235660410581 4.42272 4.0235 -7.5294727885 -31.2438565702 2.55797813352
-119.047 38.089 0.00140882225239 0.00239501197336 8.17832805477e-05 0.00252856079279 4.47566 4.47698 -9.09616382487 -39.4517781022 2.5200303766
-118.106 38.3489 -0.00139994053754 0.000703689099478 -0.00210798217022 0.00211371852244 4.39672 3.91397 -8.1507702231 3.8877005783 -0.701963654022
-117.072 38.2397 -0.00250430569028 -0.00244534821501 0.00164136941784 0.00588079984101 3.92609 3.68597 -23.474744109 46.129556604 -3.2475434237
-116.302 38.2886 0.000775883180099 -0.000101459213064 0.000857505449245 0.0054633538053 3.21436 3.33401 -35.0830503667 -0.827867363881 0.739335814658
-115.585 38.3489 0.00337747354561 0.00342047196099 0.000782379593931 0.00223958759965 3.93484 3.84612 -21.367042149 -65.7846796846 4.540678712
-114.608 38.3281 0.00290274315029 0.00276054184486 -0.000293018352798 -0.000930781111711 3.97475 3.92189 -2.38692078187 -58.0202473151 4.00138405883
-113.021 38.2987 0.00089099311879 -0.000273927020137 -0.00173061677806 0.00013712720004 4.06285 4.39385 0.868739013433 -7.63747584716 0.343430876686
-121.328 37.5049 -0.000664717078983 0.000905788817344 -0.0190809845666 0.00645990321729 14.0714 16.339 -21.1339452059 -8.83435854156 -0.316355073953
-120.33 37.346 0.00316130687066 0.00124425676163 0.00793721238388 -0.0093512729559 3.8578 3.66084 -3.2378965456 -41.8979290873 3.24457849379
-119.849 37.8817 -0.00149640991863 0.000797613524639 0.000784775568462 0.000559145028436 4.0631 4.08892 1.20734730988 6.60371034123 -0.523052385998
-118.171 37.4993 0.00145344804675 0.00155422036667 0.000665239551619 -0.00361853021017 3.84236 3.8272 -0.774656688629 -30.5062554251 2.12419578951
-117.225 37.7243 -0.00150159275037 0.000289559834835 -0.00362899260382 0.00146911691021 4.33 4.14627 -5.98003865827 10.5039567195 -0.975470978309
-116.595 37.923 -0.0025158910722 -0.000532494876035 0.00239694871345 0.00605894184101 3.50892 3.45049 -25.368729033 20.0641412355 -2.54062244149
-115.747 37.6444 -0.000706786246366 0.00321941351015 0.00695966089913 0.00412436718269 3.36698 3.62488 -37.6068909491 -44.3058598316 -0.172452196477
-114.849 37.6083 0.00635548221339 0.00460178479015 0.00323195855091 -0.000715395619874 3.5131 3.43055 -13.8258707238 -107.165583755 7.84282564588
-113.86 37.5808 0.00395707584927 0.00136455378656 -0.00252682016887 -0.00111892974445 4.16446 3.92519 1.25712357296 -57.143095175 3.57689020985
-113.168 37.7601 0.00101952356736 0.00103193872538 -0.00153633592942 -0.000560427565639 4.08457 3.5545 1.87067514714 -21.0336520787 1.44137631237
-121.786 39.2291 0.000851559998944 0.000730125109143 -0.00537053380627 -0.000798678468158 4.42044 4.21312 -5.04856673437 -15.2806788473 1.11882800734
-120.674 36.8953 -0.00025651716249 0.00450756095691 0.0117304481533 -0.00247345912998 3.25912 3.35414 -2.02613969522 -47.2658648003 2.65865654539
-119.709 37.0069 -0.000361670702152 0.0021343543674 -0.0136625110728 0.0119550538277 7.54609 6.93023 -15.8658222521 -24.9505845123 0.630197444942
-115.22 37.2408 0.00482161279062 0.00351988094557 0.000958566282248 -0.0040956746709 2.88743 3.26205 -29.8650277373 -69.8592445626 5.65600221788
-114.715 36.7256 0.00483069669616 0.00171977459187 -0.000592109049751 -0.00542551168463 3.57989 4.02719 -29.3059198981 -46.0103198924 5.12636668307
-113.907 37.0195 0.004106107167 0.00371920104722 -0.00124592599298 0.00234407188069 4.41397 4.23065 -10.4362433718 -79.9427309215 5.52709566465
-113.084 37.0615 0.00197720141194 0.0027128150896 -0.000461049502499 0.000198876809935 3.96653 3.89019 -1.21728867286 -48.134181966 3.34151500737
-112.382 37.0183 5.76684809598e-05 0.00125367835588 0.000414152484858 -0.00136322306265 3.91437 3.90723 0.225528069359 -12.3567713037 1.00613011747
-120.783 36.3627 0.00273768063764 0.000680505912611 0.00502870886863 0.0261425953816 5.77821 6.59466 -47.2658737134 -5.33767372482 2.6459631496
-120.12 36.3356 -0.00237916648857 0.00528084221803 -0.0167073238686 0.0195965261384 11.8357 -nan -53.1359707167 -80.7887992434 -3.38792294105
-116.33 36.4193 -0.00134105235292 -0.000297080397935 0.000583089604719 -0.000583473615042 3.95786 4.10304 -5.67385252071 15.8304646499 -1.21872840885
-115.383 36.423 -0.000731810458432 -0.00285110935876 0.00913609471128 -0.00394684975488 2.81065 2.95702 -26.2905557363 42.7271025008 -1.67898906529
-114.539 36.4321 0.00325487333003 0.000802371030287 -0.00678365014652 0.00673699642211 4.49536 5.00081 -44.2003448159 -14.5737147313 3.29693826188
-113.965 36.4151 0.00359185874442 0.00695743324117 0.00285226759224 -0.000738542033373 3.37703 3.74632 -28.7135148247 -113.899057062 5.71233992766
-113.18 36.4182 0.00267533198169 0.00457378845633 0.00222243929017 0.000300342842204 3.66125 3.91235 -5.43473533139 -75.9123794087 5.09464260496
-121.236 36.0214 -0.000732436404555 -7.21571560996e-05 -0.0164173186865 0.0106510145737 9.67421 15.3326 0.181952819918 7.55341451129 -0.604090641214
-120.87 35.636 -0.00174211417016 -0.00413745137546 -0.00592860664515 -0.00359769743635 3.91725 4.26472 7.90354415561 57.9471217263 -4.24850538237
-119.903 35.8667 0.000239425369722 -0.000628494895517 -0.0139435911117 0.00889940627485 6.80771 7.50838 0.481297567318 4.40086378427 -0.24275207312
-115.43 35.8384 0.000108179800038 -0.00134421926963 0.00745650176628 0.00935736274807 4.06835 3.80836 -16.3612454636 16.2692123773 -0.576376001923
-114.851 35.7266 -0.00285894142391 -0.00179827674503 0.00347488222341 0.0114194992551 5.14632 4.75829 -34.1812996984 34.964767924 -3.1835281468
-113.984 35.8522 -0.00433814299264 0.0026734564699 -0.0181713594774 0.0147848285778 9.2073 -nan -53.6012586945 -45.5295845548 -4.58250277414
-113.105 35.6339 0.00576078384792 0.00467944797275 0.0116473530318 -0.00569959393316 3.36269 3.58647 -6.66378651462 -108.528773133 7.41157384533
-114.87 35.301 -0.00258861987148 0.00209213508549 0.00376204741238 -0.00563167587806 4.09563 3.94753 -4.18421136896 2.92693443866 -0.502526011187
-113.885 35.099 -0.00169605461149 -0.000769518209921 -0.0359100973238 0.0191561469264 16.9062 -nan -120.383001545 -20.6186434277 0.235018295837
-113.083 35.2127 0.0089041465953 0.0102202668411 0.0102205589875 0.0170611699744 3.67372 4.83974 -27.0124055844 -189.489156511 12.032232131
-112.267 35.1787 0.00271729457698 0.00215768108663 1.70688652083e-05 0.0053835694532 3.79807 3.83966 -1.67232414397 -51.537575693 3.42381375954
-113.83 34.5935 -0.00500916844092 -0.00260612740504 0.0143426023448 -0.0122523647275 3.53446 4.10497 -20.3439648446 68.1526371024 -5.64630178175
-112.891 34.4692 0.00343059558857 0.00187762922322 -0.0124232605725 0.00479625723411 10.0715 -nan 28.0405655046 -56.3109339829 2.63561760812
-112.237 34.4866 0.0125172936663 0.00389763366663 8.55204055813e-05 -0.0154106305853 2.80261 3.34724 20.2469340977 -195.594120998 8.07003748717
-111.441 34.4178 0.00211452469444 0.000562899238751 -0.00557348634545 -0.00354122909892 4.05499 3.80721 7.17743070629 -31.2200610952 1.62034505876
-114.524 33.7503 -0.00100670342582 0.00024975501816 0.0422365705565 -0.00569772206912 3.2394 3.30765 -9.32487242462 5.94608863914 -0.659035575669
-113.829 33.8142 0.00429926489481 -0.00212118863872 -0.106445495408 0.035627747749 2.60576 2.63401 -232.853579777 -38.2227118387 -4.49976805017
-113.005 33.9383 -0.00073006399909 -0.00290548831669 -0.0184429358212 -0.00123785893956 4.82857 5.05398 19.5049688177 26.8173034962 -2.96222199224
-112.333 33.9535 0.00283434624228 0.000666132124027 -0.0102327657705 0.029764586085 19.0298 -nan 2.88348119106 -39.4459982175 2.28635671795
-111.478 33.8798 0.00283806029574 0.0021203548058 0.0029082662136 0.0047437535979 4.1505 4.23044 -2.33160514541 -52.9970303898 3.48372212055
