-114.58 32.5356 -3.75006171458e-07 -0.000144912929824 0.0115447643949 0.00685887532694 3.84465 3.77427 -18.5123414596 1.36466960837 -0.0893927474775
-113.767 32.7683 0.00046301565988 0.000277863139219 0.0041927844726 0.00779746299774 3.68283 3.82037 -26.6376021574 -5.66128913901 0.539971643083
-112.883 32.7513 0.00110861192479 0.00123204836472 -0.00439008493591 0.00295134058619 4.89346 5.63974 -21.4241224003 -19.7643107891 1.6231839462
-112.228 32.7006 0.00109290679035 0.00156604746709 0.00212121447711 0.00149593120155 4.36012 4.89945 -19.930695907 -22.9127440352 1.82873601987
-111.704 32.5618 0.00145211169127 0.00146607564237 -0.000292085973284 2.68845336742e-05 4.32406 4.73371 -14.3359084502 -24.8818174403 2.06320939579
-110.739 32.5716 0.0010330608509 0.00097661466644 0.000917094994113 -0.000123485461471 4.34884 4.40441 -9.24601258954 -17.1737446178 1.41168024879
-109.97 32.6399 0.000579284517735 0.000452059850043 -0.000160406498044 0.000686297804617 4.61671 4.27433 -5.94821937709 -8.90995661588 0.705917938591
-109.303 32.7663 -0.000105359107857 -3.93575617283e-05 -0.000818888131449 -0.000450533758379 4.50213 4.43637 -2.76857215409 1.33835223518 -0.0894279161544
-108.633 32.5466 -0.00036219366905 -0.000357915904989 -3.82514014079e-05 0.000424673553812 4.43855 4.28631 -5.71817000439 6.11939659431 -0.500341162787
-107.785 32.5324 -0.000694653449023 -0.000658481515333 0.000233743233223 0.00154852318412 4.35823 4.37637 -6.44368044271 11.5809439617 -0.936752413234
-107.001 32.6995 -0.000741602828751 -0.00108881775487 0.000982833743517 0.000888435909444 4.36756 4.87461 -5.6071525451 14.9160198136 -1.3171484619
-105.454 32.7001 -0.000419046028295 -0.000701198060717 -0.0010063673591 0.00163470928337 4.4387 4.47432 1.3801285164 8.32622555547 -0.812481749079
-104.657 32.6588 -0.000463530239321 -0.000369715762409 0.000818072202539 0.000726903482405 4.60114 4.677 4.27008931119 7.0023410858 -0.513232656556
-104.02 32.6462 -0.0010362897426 -0.000237598588702 -0.00147675299713 0.00073552793786 4.74263 5.10935 12.0656205473 13.1723250987 -0.465447405887
-103.357 32.6764 -0.000745884533868 -5.98560208288e-05 -0.00396388645143 5.92009548723e-05 4.49484 4.63058 8.6524752213 9.10760649472 -0.26191437206
-112.812 31.9559 0.000379525485084 0.000469247096197 0.00411322794512 0.00128648210581 3.81367 3.90982 -17.5379181687 -7.27737892311 0.592676050436
-111.457 32.0022 0.00139155198427 0.00071572319539 0.00227786421385 0.00248075317064 4.03688 4.12596 -12.1092634332 -18.2235087815 1.47575657952
-110.816 31.7748 0.00124337998514 0.000767782636428 -0.00135681743448 0.0019807318304 4.37247 4.39994 -6.17794285795 -17.7183785951 1.36113811224
-110.046 31.9737 0.00115158053343 0.000955592700363 0.000513971006681 0.0017258727136 4.57134 4.51089 -9.05626722058 -18.2467828027 1.4683703174
-109.259 31.9989 0.000405823519027 0.000600421678954 -7.69171879919e-05 0.000657273032094 4.54288 4.26683 -6.16554051179 -8.31338746369 0.72441432791
-108.527 31.9041 -0.000106418954255 0.000506790992794 -0.000778039048443 0.000968207974166 4.52092 4.28192 -5.47479499078 -2.43811623831 0.357901081311
-107.778 32.0094 -0.000567211472652 3.46125939407e-05 -0.000137270732017 0.00271295486618 4.35345 4.13187 -6.18014427409 5.50588879008 -0.292773698973
-107.101 32.1046 -0.000721861348429 -0.000201767045953 0.000670358234815 0.00289421036953 4.30371 3.97457 -6.49280155884 8.74679306371 -0.573035590321
-106.428 32.0062 -0.000793353617055 -0.000169609420325 -7.93261673542e-05 0.00364347083799 4.3102 4.3078 -3.88552240768 9.47418557927 -0.55511255641
-105.523 32.076 -0.000378431537885 -0.000147148401587 0.00128996466335 0.0011932845135 4.4077 4.31273 -3.52782580809 4.97047871185 -0.316613759898
-104.823 32.1101 -0.00049721731837 -0.000157352733639 -0.000201018729635 -0.000262165718118 4.49192 4.30132 4.80845140784 6.46053270321 -0.325575844237
-104.101 32.0618 -0.0010139033515 -0.00018882802976 -0.00175289714199 -0.000476241913335 4.47106 4.29676 10.1520911724 12.7941058992 -0.446919941421
-103.292 32.012 -0.000880150038613 2.68925128675e-05 -0.00262132044745 -0.00108814435517 4.18462 4.17252 7.20665304703 10.3828915308 -0.237588375478
-109.991 31.439 0.000784950022136 0.000843732340171 0.00117889938554 0.00117343385424 4.24055 4.24165 -4.61249604659 -13.792958906 1.14084445976
-109.281 31.3757 0.000485496864932 0.000672098583777 7.86924441801e-05 0.00322886347684 4.37479 4.31356 -5.14783188434 -9.61142451851 0.828971239157
-108.528 31.3369 0.000139094933422 0.000662043244484 -0.000519506199383 0.00248203003753 4.22294 4.1889 -4.74585140038 -5.96405039081 0.627539441871
-105.483 31.4425 -0.000270252851285 -0.000161975748642 0.00113512819838 0.000291660252513 4.26336 4.25996 -1.75362141156 3.91856571329 -0.27073297806
-104.971 31.3711 -0.000337620522585 -0.000356436522946 0.00128640656062 -0.000679489425937 4.27323 4.16828 1.3642732166 5.68891190768 -0.465092184909
-103.979 31.3165 -0.00105709086235 -0.000297949284152 -0.00108752636102 -0.000743714202344 4.34078 4.21957 7.63290496829 13.7479702807 -0.60486895669
-103.492 31.3691 -0.00176520657244 -0.000414490420148 -0.00104256975116 -0.000741417675825 4.24805 4.46872 8.74009727431 22.7062756642 -0.889128091265
-102.81 31.3818 -0.000861684739661 0.000237358644764 -0.00170022373785 -0.0010559447207 4.30656 4.48978 2.73314539348 8.9714883054 -0.0961423636868
-104.986 30.7862 -0.000287184581071 -0.000162076155136 0.00100913703338 0.0012454309308 4.31775 4.24215 0.283079585904 4.12645855186 -0.271461735265
-104.029 30.6689 -0.00092351888036 -0.000462345110323 -0.00153071029816 3.06175704294e-05 4.5142 4.34539 6.23442609617 12.8934521779 -0.740789308392
-103.402 30.8498 -0.00165908040934 -0.00044969759624 -0.00120351254238 0.00051596653152 4.47575 4.34271 8.02221721169 21.6403827157 -0.912188164677
-102.685 30.7263 -0.00107789658845 -0.00037415117259 -0.00201009171694 0.00125033617099 4.45707 4.58481 4.43815120114 14.4161940669 -0.718407614111
-104.09 30.0609 -0.000545959550348 -0.000216725817133 -0.00125783755006 0.000668774135792 4.4808 4.28723 3.51784279643 7.4281651472 -0.40634034875
-103.612 30.1456 -0.00161118742876 -0.000285625853317 -0.00128084448738 0.000209331481321 4.493 4.44873 7.1833619212 20.5107543338 -0.770327905702
-102.788 30.1615 -0.00106894489287 -0.0007536078873 -0.00162136789054 -0.000387504074034 4.18915 4.39496 5.01123546336 15.9777339183 -1.06720009279
-104.133 29.554 -0.000447665231875 0.000147350340716 -0.00131838508595 0.000603395095898 4.26561 4.21441 3.22671468112 4.5317424372 -0.0355351478762
-103.389 29.4528 -0.00115949325482 -7.48283464689e-05 -0.00168488513274 0.000569381536894 4.2861 4.39778 6.71777929825 14.3106318912 -0.437751397154
-102.888 29.4862 -0.000821117329795 -0.000274319160894 -0.00154664839521 0.00123448189637 4.20505 4.15271 3.08310480997 11.0237499065 -0.557813211594
-122.085 48.9983 -0.000290882937118 -0.000203555492602 -0.00269795840259 0.000892221604504 4.17387 4.18419 0.343624334017 3.56868126737 -0.338315855769
-121.48 49.0983 -0.000443534431573 -0.000304609936308 0.000861459628337 0.000321727106761 4.01739 4.08071 -5.8451488251 5.36159240764 -0.525456288338
-120.384 49.048 4.34763071056e-05 -0.000212622433769 0.000889862467084 -7.02453236645e-05 3.74134 3.81598 -6.70173545119 1.15063385468 -0.125500218491
-119.272 48.9534 0.000364921124183 -0.000268194716003 0.00155524635112 0.00173016276553 3.78739 3.89606 -5.83746047837 -0.981685785706 0.0401544694003
-118.585 48.9752 0.000473591587482 -0.000469254591644 -0.00117106551632 -0.00161025419063 3.9997 4.06365 5.75972618759 -1.8758714402 -0.177754849124
-117.559 48.9813 0.000210602042052 -0.000530964073426 -0.000565006240491 -0.00316531482819 3.95864 3.9843 9.43817345762 0.323598027173 -0.393646567866
-116.363 48.958 -0.000101712725057 -0.00050866346813 -0.000400754062116 -0.00797455967468 3.71894 3.7864 13.1647037508 2.78986995575 -0.512571877196
-115.653 48.9339 -0.000355145632804 -0.00043325512764 -0.000686387502106 -0.00332591563405 3.93475 4.00924 11.3442144287 5.05288826942 -0.533010609712
-114.413 48.933 -0.000835672996726 -0.000444226423509 -0.000554448264686 -0.00194317049241 4.11048 4.21511 12.3583903346 9.71928013414 -0.696902337595
-113.422 48.9725 -0.000998346820804 -0.000255772509639 0.000447071402304 0.000587681950615 4.30379 4.45026 10.3889125852 10.6744043618 -0.590900650709
-112.733 48.9777 -0.000774698772622 1.14652995971e-05 -0.0016564648641 0.00261780953277 4.42475 4.54526 7.99672304503 7.4317796064 -0.285397649713
-111.597 48.9482 -0.000467368272355 8.84325198733e-05 -0.000255503027887 0.000686312089678 4.1411 4.18491 2.39156634366 3.93794149076 -0.134704544862
-121.484 48.5183 -0.00024745376473 -0.00105725679291 0.00202436441886 0.000607743064923 4.15909 4.28202 -10.2854379596 9.5933639998 -0.896260612807
-120.12 48.4607 2.84565490914e-06 -0.00104243082511 0.000818183811904 -0.00108560280925 3.8469 3.96075 -8.79950299182 7.49681229003 -0.734846090071
-119.333 48.3584 0.000457205873612 -0.000955770863257 8.78713611348e-05 -0.00172029798574 4.00988 4.11946 -3.77650303491 2.5934770214 -0.448395550489
-118.149 48.4226 0.000456144057071 -0.00109232440497 -0.00161546397754 -0.000490997072205 4.12149 4.17828 4.52087768525 1.59386325483 -0.714798048443
-117.225 48.2995 0.000150149643975 -0.00108283837772 0.000536979449311 0.0030026013753 4.30471 4.29494 0.499647724802 4.88166145397 -0.820085984471
-116.367 48.4366 -0.000354880262598 -0.00130449549754 0.00132782590529 0.00326004087997 4.35027 4.38655 3.34749440394 9.93337542853 -1.30727162418
-115.589 48.4694 -0.000528202658844 -0.00107674153753 -0.0019243865725 -1.11405879697e-05 4.07537 4.11399 14.7155785841 8.67189770747 -1.18728761419
-114.468 48.3739 -0.000887804860253 -0.00111955766335 -0.0001244878557 -0.000706511673374 3.97254 3.9441 13.1278729683 12.5253196468 -1.34527593346
-113.273 48.3609 -0.00153145056735 -0.000765707440458 -0.00100364580165 -0.00272526173255 3.73423 3.82691 14.4972883404 17.6686658925 -1.16720191991
-112.562 48.3129 -0.00150041055474 -0.000682076203383 0.000100680856088 -0.00157162908897 3.76831 4.09987 9.57271812423 17.2946251678 -1.16994811883
-111.707 48.4128 -0.000448884192185 -0.000253692078348 -0.000547110206536 -0.00028444329079 3.88499 4.16819 5.18237820546 5.41227715381 -0.416917796398
-120.894 47.923 -0.000265102643443 -0.00103750285516 0.00352625762809 0.000431000832871 4.00085 4.04976 -15.2694970098 10.0193210698 -0.846642576126
-120.061 47.6902 9.21063487485e-05 -0.000782021952244 0.000445392466984 0.00202718314773 4.08933 4.13672 -15.6611608311 5.72998519154 -0.410603300282
-119.045 47.7849 0.000644092442478 -0.000902727448647 -0.000601036677489 0.00195978404856 4.23481 4.27466 -9.34505163511 1.83695772447 -0.187461523688
-118.274 47.8006 0.000567261014232 -0.000956605632848 0.000368128282496 0.000678001932913 4.3282 4.24489 -2.82047911287 1.3958644949 -0.411013078427
-117.308 47.8192 0.000142824652113 -0.00108494576162 -0.000250707921156 -0.00180972085178 4.20331 4.09358 4.31620679759 4.30074872181 -0.870928756913
-116.256 47.8397 -0.000220329329807 -0.00116204208044 -0.000490385859813 -0.000612899990388 4.30222 4.19856 8.01564750465 7.23781367002 -1.14500906616
-115.475 47.7092 -0.000472329528707 -0.00114655130777 -0.00103602131825 0.000303890832355 4.29741 4.22285 9.65170102485 9.23449155699 -1.23995749846
-114.574 47.6795 -0.000988499649816 -0.000984030985898 0.000569585272631 0.00049664159013 4.15767 4.0861 7.28150863892 13.7423038819 -1.30687028771
-113.747 47.7687 -0.00144175856385 -0.000951901034985 0.000714440661586 -0.000440535809242 4.03062 4.0765 9.10290258934 17.8297881707 -1.4261620953
-112.607 47.775 -0.00140011347034 -0.0013626184153 -0.00168335017536 -0.0022644565205 3.83152 3.96392 13.8643124771 18.2787252096 -1.7048871657
-111.746 47.8012 -0.000880897856487 -0.0014208989777 0.00090505993983 -0.00258568759907 3.84066 4.01309 6.80319251928 14.4587770812 -1.6517881478
-110.763 47.6327 -0.000563159542266 -0.000890271638703 -0.000447910945018 -0.00246311991996 4.08739 4.16343 5.29876782744 9.29482270408 -1.04141722479
-121.989 47.1881 -0.000111310294773 -0.000309453335386 0.000441676347938 0.00406861027765 4.29503 4.25195 -6.04920110628 3.00894121761 -0.300605505475
-120.844 47.1935 -0.000393558807915 -0.000584317185046 0.00211448347707 0.00151248457839 4.12171 4.11994 -15.1491221649 7.22103614583 -0.67006739923
-118.921 47.0573 0.000583798096641 -0.000388653228075 -6.63073258033e-05 0.000416769160342 4.00392 3.98295 -11.3211243708 -1.22374049915 0.157898999537
-118.309 47.0615 0.000606772658688 -0.000529947960683 0.00116787009311 0.000415658831672 4.18795 4.08094 -7.53260408067 -0.942507387329 0.0179122427727
-117.276 47.0547 0.000326667209846 -0.000692654693907 -0.000225953753079 0.000513051956801 4.41449 4.26602 -0.541557044618 1.30292010588 -0.384381038218
-116.335 47.0477 -0.000182762851769 -0.000861197177171 -0.000451950930535 -0.00032147933075 4.39546 4.27881 5.28955225381 5.93955515086 -0.84591162475
-115.353 47.0528 -0.000651389049341 -0.000870679790531 -0.000666441167209 1.4559703604e-05 4.40341 4.28747 7.11972398369 10.1311654776 -1.06619719921
-114.459 47.0943 -0.00114354793299 -0.00102160686799 -0.000646485457617 -0.000328482129848 4.30318 4.31927 8.3095484605 15.3801271236 -1.39381849188
-113.506 47.0816 -0.00109322117517 -0.00126233803935 0.0013475666955 0.00115937643893 4.32616 4.41488 4.31769719868 16.3748847602 -1.61988290568
-112.52 47.0418 -0.000890737919653 -0.0013302229356 0.000626391327172 0.000285277676782 4.32171 4.30823 8.06675502949 14.1386635162 -1.56877711777
-111.549 47.0308 -0.00106487672779 -0.00113591496242 -0.0019785583754 0.00170827472663 4.76692 4.68241 10.8096355116 14.6702772768 -1.41845676538
-110.687 47.1523 -0.00107280892482 -0.000884486412513 0.000622955515365 0.00265828104599 4.88692 4.85872 2.89497375251 14.4623245148 -1.26547107779
-109.802 47.1961 -0.000557880331733 -0.000194179415834 -0.00245424830742 0.00417963018361 4.88293 4.88657 0.00948944193144 6.25667249697 -0.434733411208
-120.979 46.5433 -0.000237904382177 -9.79279675833e-06 0.00246513100161 0.000891790343292 4.10223 4.06576 -11.2678433778 1.71350717681 -0.183844483556
-119.855 46.5585 -1.76899118235e-05 -0.000251154355811 0.00114552119726 -0.00223178712658 3.77129 3.84966 -14.3984013143 2.12710092984 -0.173504433733
-119.06 46.4911 0.000785274053739 -0.000241623065946 -0.000325854565203 -0.00157875579246 4.03369 4.14728 -11.8342947215 -3.69808324658 0.41329117815
-118.146 46.5139 0.000807955953982 -0.000286799113391 0.000263772656445 -0.000606857010636 4.27691 4.25634 -7.34156909773 -4.25662622035 0.329050847659
-117.11 46.485 0.000372121450798 -0.000501904508132 5.39158701425e-05 0.000472236624254 4.44172 4.30763 -3.09280120087 0.0593235573226 -0.176139392752
-116.209 46.3559 -8.07377963319e-05 -0.000918909118627 -0.000350562541466 0.000451331601185 4.55897 4.37749 1.00026794983 5.9016630779 -0.819936989772
-115.571 46.4151 -0.00047636082678 -0.000988441381885 4.04840483372e-06 -0.000534976263331 4.489 4.34579 5.72024229196 9.24388065196 -1.09693926472
-114.188 46.4423 -0.000801393787607 -0.00111831000821 -0.000401940282523 2.00295754205e-05 4.40862 4.33652 6.82510429364 12.7311572042 -1.35173118074
-113.493 46.4162 -0.00107889153869 -0.0011791674781 0.000580874620322 0.000347622860351 4.45985 4.30351 6.95115687368 15.646140165 -1.51799564774
-112.641 46.4246 -0.00115386469813 -0.000738973413281 0.00024772809183 0.00274817090994 4.84568 4.64921 6.98290315256 14.4666477024 -1.13806653755
-111.676 46.5336 -0.0012635689611 -0.000374683349462 -0.0015494098911 0.00238821884162 4.90353 4.6662 12.6453611764 14.1271979669 -0.729461469369
-110.858 46.462 -0.00132629424007 -1.37421108868e-05 -0.00342882292601 0.00399385462925 4.91807 4.8324 8.22888660933 13.3847109981 -0.485139781647
-109.914 46.5663 -0.000729074183724 -0.000240457839495 -0.000987142036448 0.00418418645543 4.63747 4.66699 -0.16382012747 8.1452700569 -0.559155043351
-119.928 45.8951 0.000334658914751 -0.000164158083627 0.00327647526919 0.00199209244971 4.03487 4.03657 -15.6428204409 -0.813826369058 0.161435178469
-118.777 45.7971 0.000657791244805 -0.000217894686022 -0.000113822242452 -0.000219059235255 4.16482 4.13741 -13.9533111728 -2.77551584351 0.355944699772
-117.909 45.7087 0.000825477306346 -0.000119830477528 0.000183613523446 0.000266074783153 4.30243 4.22257 -9.83591370767 -5.3256869142 0.492679982091
-117.228 45.9734 0.000665808209111 -0.000355407043898 -0.000313468337185 -0.000679040033676 4.44139 4.30276 -3.41103056307 -3.28870983145 0.123407369697
-116.155 45.8883 0.000239439877306 -0.000659549426294 -0.000114582336374 0.000141297829023 4.57953 4.35991 -1.45751297881 1.89717324185 -0.405641555193
-115.255 45.7565 -0.000395498469657 -0.000777639535238 0.000286244410418 -0.000221740389318 4.47672 4.24097 1.58845608597 7.87625672374 -0.87026980481
-114.332 45.7893 -0.0010179716654 -0.000745611790182 -0.00105164590943 9.16352914394e-05 4.54816 4.38571 6.52710020554 13.2414369706 -1.10952007464
-113.37 45.8122 -0.00140626136542 -0.000596657722959 -8.63766102566e-05 -0.00026588760919 4.35034 4.27111 7.79602762731 16.3799212617 -1.10451428607
-112.493 45.8409 -0.00173621696029 -0.000282622882261 0.000601890119068 -0.000704824452653 4.23467 4.3019 10.6188281424 18.5982328481 -0.854095249786
-111.626 45.7843 -0.00172403778402 7.0001511271e-05 -0.00105098667672 -0.000624245078693 4.21759 4.38116 13.5271038368 17.6580579757 -0.414146223621
-110.659 45.9054 -0.000929856464187 0.00058710746385 -0.00423918483063 -0.000839379522867 4.12042 4.33015 10.6149803613 7.54855247109 0.264496485374
-120.635 45.2357 0.000240983840764 0.000108665050974 0.00369173976888 0.00495400957959 4.16089 4.15193 -12.0790793156 -2.51591378228 0.252881682691
-118.96 45.2904 0.00064480843569 0.000256054760095 0.00160442985113 0.00234772749006 4.24269 4.20396 -17.2140525955 -6.26365694697 0.667960367869
-117.78 45.2781 0.000944578105184 0.000213132521679 -2.5697690106e-05 0.000817552309461 4.43157 4.29923 -13.980543504 -8.31290186543 0.848921497979
-117.12 45.2925 0.000826820299238 8.42225945637e-05 -4.38542239344e-05 0.000413746574186 4.61115 4.39442 -6.73240591935 -7.2296548083 0.603802311613
-116.268 45.3997 0.000346618754838 -0.000187446226151 5.58205580473e-05 -0.000619906896098 4.59087 4.28166 -2.71021209524 -1.80528075837 0.0527460361473
-115.326 45.1285 -0.000209454840539 -5.66090359025e-05 -0.000337402622297 0.00168790064759 4.71116 4.36984 -2.21362017338 2.18622031673 -0.166239040166
-114.233 45.0931 -0.000944939421379 -0.000603464900282 -0.00031436063096 -6.90505979565e-05 4.38363 4.21074 1.88170535893 12.047014624 -0.994610004251
-113.46 45.2432 -0.00146190434765 -0.000583387422461 0.000567537300543 -0.000282757165993 4.18892 4.19058 4.55057661366 16.8951670484 -1.17743108007
-112.489 45.166 -0.00188300606868 -0.000770701859748 0.00173514227585 -0.00167260168489 3.88433 3.9736 7.812311537 22.0135103511 -1.4363501594
-111.805 45.2285 -0.00200752140715 -0.000579261431265 -0.00172828043939 -0.00268376447654 3.83603 4.1214 15.0173815423 22.6458698266 -1.0759720505
-110.74 45.3212 -0.000965301512098 -0.000369793657555 -0.00405217938045 0.00133100150922 3.80212 4.01137 11.6081025269 11.2181266572 -0.642383551121
-118.67 44.5191 0.000686318208539 0.000825992169783 0.00230965474971 0.00247794004972 4.0783 4.12882 -17.4353111931 -11.390371384 1.04647987942
-117.664 44.6653 0.00104355596402 0.000815495387938 0.000967912118304 0.000893606564341 4.25877 4.20977 -12.8743997217 -13.9144391555 1.32009276039
-116.747 44.589 0.0010024626719 0.00065529620286 -0.00089087568101 0.00137297495781 4.5752 4.35381 -7.13708759018 -12.6922431559 1.15187936111
-116.013 44.7035 0.000392981166794 0.000423261171671 -0.000851379730778 0.00191946883748 4.62553 4.35087 -3.39531453894 -6.086271542 0.574134449876
-114.855 44.5494 -2.71798634005e-05 3.54273671558e-05 0.000218623756562 0.000987000212819 4.31279 3.98561 -1.48002009095 0.0307928692091 0.0142988676994
-114.255 44.5642 -0.000865047927595 -0.000305819455804 1.72728002452e-05 0.000577168709606 4.24997 4.03076 -0.450214472515 9.66512100818 -0.721047121382
-113.367 44.6165 -0.0012614743004 -0.000902069564971 0.000338961071358 -0.000307872275973 4.07876 4.05669 1.60928587049 16.7141359963 -1.40717507892
-112.644 44.6173 -0.00162996732543 -0.00104827382235 0.00188643212212 -0.000118404626306 4.09793 4.12805 3.0468212242 20.9722510498 -1.68369238574
-111.248 44.7038 -0.00157072240066 -0.00122742341 -0.00371728749683 -0.00101407011529 3.9662 4.09962 14.7136651661 19.9943503701 -1.58792204446
-110.576 44.3951 -0.00105499223961 -0.000646931168321 -0.00695675908397 -0.0026353922117 3.69549 3.78076 15.3647947093 12.919203851 -0.87746232389
-119.504 44.082 0.00018387414349 0.000417089598312 0.00362483559774 0.00368486854858 4.14767 4.17583 -9.94642505867 -4.53756318966 0.42240330875
-117.741 43.9733 0.000901546945541 0.00124655826597 0.00187992378821 -0.000642113767334 3.94174 4.05883 -10.4072058706 -16.2651050061 1.5189261091
-116.803 44.086 0.000988215097898 0.00114295008925 -0.0011110825113 0.000501712708984 4.27113 4.21538 -5.89661436869 -16.0101943044 1.51066192425
-115.958 43.9121 0.000779464728868 0.000964412720946 -3.14390156038e-05 -0.00065701106965 4.0887 4.13282 -3.40492651489 -12.9629376812 1.23902306782
-115.133 43.7945 0.000702702681347 0.000482525040042 0.000323256557195 -0.00110144325285 3.95471 3.96566 -0.906772225602 -9.23912878349 0.790334224506
-114.117 43.9146 0.00020078395853 -0.000353790780908 0.000235985975995 -0.000191748669068 4.05054 3.9058 -0.212738879294 0.189517621114 -0.193434103265
-113.452 43.9286 -0.000704344174682 -0.000635942674572 0.000208546041125 0.000417555143447 4.15395 3.91597 0.478593947348 10.1435765487 -0.907012845542
-112.485 43.9997 -0.00141104497028 -0.00111569259683 0.000462743285197 0.00139140744221 4.30343 4.19352 1.62195902686 19.3994728366 -1.65890157745
-111.487 43.8756 -0.00200387963481 -0.0010190589991 0.00075518047964 0.00152187812936 4.20639 4.07478 3.41582019626 24.6914441213 -1.8025642144
-110.576 43.92 -0.00215630107868 -0.000777322963511 -0.00149047850953 -0.00162498667528 3.59209 3.68126 9.69335102064 25.2474082628 -1.44777398857
-109.817 43.7013 -0.00123957730743 -0.00053956753121 -0.00453094210054 -0.00416467196175 3.79391 3.95308 9.31339869617 14.9163323357 -0.916180332062
-118.474 43.358 0.000224556793413 0.000560399578953 0.00596495656323 -0.000758913588051 3.72046 3.83485 -9.43612483634 -5.9392325611 0.556581683586
-117.754 43.3471 0.00143683640006 0.00053381294147 3.33496602948e-05 9.95530993329e-05 3.69109 3.81814 -8.42730956256 -15.2227091949 1.3712276536
-116.767 43.4275 0.00105101102833 0.000913233958388 -0.000859284116918 -0.00121036912725 3.86029 3.98946 -2.63317401854 -14.9949363908 1.35941235037
-115.828 43.4151 0.00101871839414 0.000514732156394 5.01279644002e-05 -0.000825698142084 3.83283 3.93702 -1.59306830428 -12.259201255 1.00377515425
-115.098 43.25 0.00111216231683 9.03422166361e-05 0.000366244307268 -0.000966845279003 3.88783 3.94499 0.155999691502 -10.7488373902 0.673323488342
-114.174 43.3979 0.000472946835088 -8.25075303604e-05 -0.000511456313146 -0.00040909219833 4.07939 3.94607 1.58583419893 -4.00301397959 0.167512910935
-113.518 43.3234 -0.000435815128919 -0.000240187296057 -0.000202038662348 -0.000202980682894 4.16914 3.95675 2.00890659466 5.45048734841 -0.423152503575
-112.433 43.3998 -0.00123440332823 -0.000668057364749 -0.0002333550089 -0.000357475763659 4.16938 4.03413 2.37586258416 15.4270798855 -1.17167687221
-111.612 43.2741 -0.00191645539084 -0.000635332076568 0.00115862904769 0.000663598532191 4.18439 4.26807 1.55657777456 21.9440992508 -1.46928041739
-110.02 43.2112 -0.00187702538097 -0.00144227231144 -0.00118173521368 0.000643557201993 4.04645 4.36418 4.27542623414 25.5991313539 -2.08848365125
-116.87 42.7779 0.000981542052471 0.000235100968591 0.000560129866672 -0.000254127068311 3.81027 3.88796 -5.06203966132 -9.88192630967 0.801281041584
-116.032 42.7713 0.00141856725069 1.36962587362e-05 0.00111942832392 -0.00220874547876 3.71345 3.76827 -1.42111322584 -12.7772307134 0.82088492288
-114.903 42.636 0.00099890925309 -9.28823996235e-05 -0.00137913906227 0.000177072260284 4.145 4.03355 0.978855036367 -8.7965373226 0.443473986297
-114.084 42.6493 0.000490142600383 -0.000126454353136 0.000193310997992 -0.000335809288589 4.15458 4.0195 0.955560927387 -3.90700985672 0.143519623172
-113.176 42.5452 -0.000230767056829 -0.000280873036551 0.000373383831543 -0.000700190247121 4.13155 3.98009 1.11863440462 3.75937270258 -0.358707640076
-112.531 42.6852 -0.00103074621096 -0.000503741812345 -0.000209376846648 -0.00134168705071 4.15552 4.00107 3.09076374303 12.6790952491 -0.923842526186
-111.588 42.8321 -0.00155558290776 -0.0010526958376 0.00017898716315 -0.00191534435118 4.13324 4.11743 2.30242324494 20.6801392277 -1.65401125868
-110.92 42.7507 -0.00176452152082 -0.00122710714794 0.000460441481149 -0.000219500249337 4.19351 4.19078 1.30495803032 23.7257457736 -1.91364381135
-110.042 42.6372 -0.0020793098278 -0.00128972056706 -0.00208187173282 -0.000920314115721 4.36652 4.29392 2.87418089144 27.1612484927 -2.06725598888
-108.847 42.8247 -0.00115276982963 -0.000647646313023 0.00373362421327 0.00193818052358 4.13698 4.2366 -3.92472138489 14.7818630755 -1.15652341922
-116.471 42.0773 0.000820499804317 0.000151795310957 0.00448472828507 0.000514600344212 3.95946 3.98851 -10.0055373694 -7.63049797803 0.677272123199
-115.754 42.1669 0.0012134096913 0.000251579173036 -0.000190313677708 0.000788226651009 4.19294 4.15209 -4.72132835267 -12.1889980456 0.944447660202
-115.016 42.146 0.00104284990061 0.000235753368763 -0.00121771046864 -0.000109135319214 4.39875 4.2146 0.677418464609 -11.1038712793 0.752245972546
-113.944 42.0886 0.000502528278531 8.88495263115e-06 5.8646319743e-05 -0.000142311767333 4.27209 4.07697 -0.342752640175 -4.7533807114 0.275125804606
-113.24 42.0343 -4.33055927034e-05 -0.000228584728072 0.000623764042139 -0.00020331108107 4.30243 4.11352 0.12179134457 1.72262363375 -0.218000371634
-112.386 42.0041 -0.000540078184858 -0.000561974068714 -0.000773263449193 0.000480394903352 4.5161 4.2825 1.76046577376 8.28160868085 -0.752884491436
-111.432 42.0149 -0.00118209314747 -0.000680271422694 -4.51850948413e-05 0.00151372342501 4.64255 4.30236 -0.0598574529338 15.2283115636 -1.17944875324
-110.873 42.0995 -0.00183199621928 -0.000895862977133 1.80299818021e-05 0.000906015729167 4.66948 4.4534 -0.856680531629 22.7378436289 -1.69751413057
-110.036 41.9243 -0.00215353035237 -0.000757328668447 -4.36303876064e-05 0.00217460301519 4.68142 4.51225 -2.00307155826 25.1309694091 -1.75288486764
-109.357 42.1012 -0.00190963819729 -0.000882500487049 -0.00186766510716 0.00103747257613 4.47584 4.70735 -0.427450919378 23.5925310767 -1.69013980828
-108.34 42.0073 -0.000825420223018 -0.000869590985959 0.00405974033905 0.00327626160485 4.06938 4.18342 -13.4836509422 13.4702909107 -1.1977250453
-107.369 41.9641 -0.000236420391275 0.000251472826087 0.00166398276422 0.00700867857495 5.13325 4.91661 -14.1097105544 0.169146524391 0.0361590617251
-116.54 41.522 0.000665161274619 0.000789573589488 0.00312732232346 0.00156056265229 4.36651 4.27214 -11.0440123206 -11.3021116171 1.0287822469
-115.791 41.4311 0.00113363648569 0.000820219071016 0.000406561941955 0.00106006063623 4.32487 4.27449 -8.84498554644 -15.3436495873 1.36888167224
-114.915 41.4157 0.00130667096749 0.000698124723629 -0.000984127986291 0.00183066790871 4.51408 4.31917 -5.28666919229 -16.1639184474 1.35383841341
-114.165 41.3602 0.00101981067667 0.000594914950424 0.000867453560409 0.00128317403061 4.37137 4.12803 -3.39794340621 -13.064481229 1.0762651708
-113.347 41.503 0.000370183056398 9.82429882635e-05 0.000428280114737 0.000821489312662 4.49553 4.2015 -0.799646049726 -4.06995289753 0.280497410209
-112.448 41.4632 -0.000447856298116 -6.74282955402e-05 -0.000705971363932 0.00133407832144 4.79741 4.44369 1.800060577 4.74531787092 -0.275641137646
-111.63 41.3146 -0.0011373196759 -9.18569736159e-05 -0.00079125849885 0.00125767918928 4.84294 4.44921 1.6238493327 11.7131966256 -0.623026361621
-110.666 41.4729 -0.00175229872991 -7.71617292137e-05 -0.000371367783772 0.00186095534206 4.81811 4.52089 -0.50615013678 17.5316549265 -0.938662557838
-110.067 41.4272 -0.00226225848098 -0.000184811406337 0.000325594676657 0.000835515607829 4.36223 4.37364 -2.3442450125 22.9030276852 -1.33003203445
-109.157 41.5047 -0.00170223739759 -0.000419708478372 0.000400401610451 0.000234524141719 4.26756 4.39505 -2.23717074386 19.0054093956 -1.22254255184
-108.187 41.4906 -0.000937523385193 -0.00101218955797 -0.00145865775322 0.00153055838941 4.59005 4.78121 -2.90751588353 14.973879555 -1.34669403267
-107.364 41.6067 -0.000555186099699 0.000539270556842 0.000631742527232 0.00246701310219 7.20772 7.40661 -27.768944514 -1.31684356434 -0.138071310966
-102.772 33.9696 -0.000337823186502 -0.000400578866745 -0.00434278344349 0.00122079400394 4.59942 4.9328 6.40505539654 5.44306703826 -0.483440766564
-116.508 40.7186 0.000707277407476 0.00181762544562 0.0083075823608 0.00180460886952 4.14104 4.14077 -17.5287267345 -20.6048013579 1.68589779374
-115.736 40.8167 0.00138656244393 0.00143122650595 -0.000333696541974 -0.000193302200714 4.12479 4.154 -8.17755680867 -22.0366394213 1.99069337218
-115.039 40.8522 0.00132302677001 0.00133369140187 -0.00152835954159 0.000314452536384 4.30276 4.24277 -2.61559129693 -20.5834231559 1.85355793405
-114.204 40.8556 0.00117950373403 0.00105710213135 0.00146684406075 0.000262596295914 4.12357 4.0611 -2.44346420331 -17.5294271005 1.53985779545
-113.187 40.8513 0.000664379335966 0.000530127307818 -0.000487017217976 0.000750972857553 4.44609 4.26119 2.07053752731 -9.39673367359 0.787395640142
-112.52 40.8903 -0.000385587667169 0.000318603228343 -0.000721103818766 0.000952632741501 4.59278 4.25694 3.13669908468 2.16997879211 0.102823706511
-111.437 40.8869 -0.00123438367119 0.000291696335179 -0.000603098336202 0.000171504263839 4.39759 4.22852 4.54317008155 11.1529430121 -0.267049410341
-110.834 40.9425 -0.00174019927691 0.000268932635281 0.000304783264769 -0.000283026984614 4.15667 4.20559 0.212733493024 15.6529505384 -0.617073988378
-109.673 40.9763 -0.00194724280452 -0.000415606328291 0.000614722779805 -0.00223048176932 3.85199 4.01052 -0.106886599899 21.6284570909 -1.29955094912
-109.177 40.8936 -0.000906421112657 -0.000962461665389 0.0011413681903 -0.00145745639408 3.95433 4.53695 -1.16139090125 14.3423747951 -1.28327247868
-108.263 40.8338 -0.00100349901878 -0.000900282346094 -0.00157861470114 -0.00167867785721 4.36271 4.44454 3.46718156731 14.6353781123 -1.23069339323
-107.52 40.76 -0.0014068429742 -0.00060964634323 -0.00154843869075 -0.00519740931192 4.12032 4.23064 6.20125409711 17.5250849626 -1.06728059712
-106.454 40.8023 -0.000390964897707 -0.000190192705579 -0.00198483793708 -0.00120606595594 4.21347 4.25473 1.76904746055 4.98848501805 -0.333982055339
-116.5 40.2917 0.000551717060986 0.00184885225218 0.00267849221801 -0.00295734073242 3.73487 3.94166 -4.35686728943 -17.5344649508 1.79273052826
-115.657 40.1313 0.00160113569278 0.00213092010021 0.00261224194553 0.00171313672763 3.81001 4.06746 -14.6640680172 -29.6253570412 2.61577470875
-114.745 40.2679 0.00166766938056 0.00127463059442 -0.000779104650662 -0.00231332289659 3.71506 3.80519 -1.35250716938 -23.4418996373 1.98897903026
-113.981 40.1314 0.00153010130985 0.000407998035705 -0.000580858800948 -0.00156396287297 3.86414 3.86719 4.30837191586 -17.3490516442 1.07334049087
-112.469 40.2807 2.21482495935e-05 0.000382304508059 -0.00167112474686 -0.00118872735988 4.16534 4.03482 5.95488999578 -2.04428719758 0.356072278132
-111.502 40.2067 -0.00111042116897 0.000108922061522 0.000619933221293 -0.00220270589107 3.89421 3.8339 3.36683254223 10.6857975022 -0.402500446721
-110.738 40.1948 -0.00134106866412 -0.000292452500082 -1.48378957293e-05 -0.00308335214713 3.7289 3.7909 2.02207085837 15.0612667029 -0.878514989033
-110.008 40.2655 -0.000781458751464 -0.000716432659648 0.00185874977911 -0.00130150998717 3.9043 4.00927 -2.92871526352 11.8707265173 -1.02097829333
-109.124 40.2982 -0.000906970024282 -0.00132013033612 2.19854221539e-05 -0.000850542434445 4.27355 4.27456 0.913549768629 16.1283746847 -1.5891015128
-108.242 40.1348 -0.00126967757418 -0.000984939675751 -0.000885975285602 -1.54173196715e-05 4.44704 4.40072 2.79040888827 17.9658277482 -1.42594626294
-107.47 40.2149 -0.00117193564218 -0.000747056337687 -0.00205932639712 0.000679498097082 4.34353 4.43617 3.4206799316 15.7832040744 -1.15217758235
-116.464 39.6202 0.000245719367331 0.00133958429218 0.00285111835765 0.00298786873455 3.99747 4.42181 -11.3723515289 -12.5739941121 1.11599680407
-115.754 39.553 0.00191360179122 0.00105246994185 0.00113003609349 -0.00237476091688 3.36445 3.70675 -8.57992537151 -23.8270177748 2.06314934194
-114.908 39.4731 0.00267555650336 0.000581375687388 0.00171490544509 -0.000838801653243 3.48635 3.64174 -3.76202449775 -28.0784006512 2.06172113708
-114.016 39.455 0.00192831132082 8.14123571392e-06 -0.000349204860827 -0.000872626443156 3.97753 3.85857 4.06840776674 -19.2641587215 0.914864208017
-113.069 39.5906 0.000729939113314 -6.6474524662e-05 -0.00177735753329 -0.0012229036701 4.11177 3.98706 7.90003981468 -7.28214588508 0.230137362869
-112.279 39.5708 -5.09134179282e-05 2.62874953436e-05 -0.000118087001265 -0.000577583435319 4.10178 3.95674 4.65788376606 0.387865354334 0.0011749777978
-111.66 39.6092 -0.000673670503266 -1.39749907426e-05 0.000590424227167 9.76748540439e-05 4.04637 3.9549 1.92447968775 6.82516201378 -0.332487391366
-110.74 39.473 -0.000718725956439 -0.000523664822729 0.00052097940542 0.00148076510331 4.21835 4.19012 -0.420823768935 10.1162458376 -0.812975866505
-110.246 39.6279 -0.00085855925789 -0.000911572278819 -2.16885652446e-05 -0.000312257312268 4.22158 4.20447 1.72842334185 13.5307311797 -1.20477240904
-108.981 39.6333 -0.000732291098866 -0.00071261920456 -0.000192453535612 0.00234144146553 4.60745 4.31844 -1.17886463907 11.354791446 -0.980131092156
-108.391 39.4998 -0.00149460673666 -0.000641900137984 -0.000550365293282 0.00168503334688 4.54312 4.44603 0.934058492852 18.7249512267 -1.24667039502
-107.449 39.524 -0.00129585955945 -0.000529243159918 -7.05406557476e-05 0.000524259743983 4.18712 4.20181 0.133067631093 16.1405685077 -1.05716438117
-116.4 38.8247 0.00019873190024 -0.000571118095656 0.00265019165783 -0.00257540517416 3.65355 4.06975 -7.98529823723 2.63840771439 -0.291276633934
-115.654 38.8455 0.00208187984207 -0.000192450974931 0.00217079241606 -0.000124273295266 3.45385 3.8995 -12.2661436126 -14.8346795715 1.35649611933
-114.83 39.04 0.0025579493422 -0.000399964332615 0.000824638171384 -3.59228654232e-05 3.95676 4.14772 -5.58704746384 -19.841161631 1.27565292721
-114.02 38.9551 0.00229028120282 0.00031091722636 -0.000114704713628 0.000714649059217 4.36336 4.28968 0.0906278032393 -23.880859737 1.48097506931
-113.277 38.9882 0.000892998349711 -4.94369867756e-05 -0.00151910323255 0.00124411297185 4.48373 4.23966 5.43205110065 -8.86610292443 0.349905513693
-112.379 38.9995 -0.000137930527873 6.96919065592e-05 -0.000308697470154 0.00111770472893 4.31715 4.19832 4.53799267845 1.05657377944 0.00110316692747
-111.172 38.9176 -0.000447009929924 -7.76974564043e-05 0.000262753185892 0.00144994051585 4.27245 4.17962 1.80445986967 4.9420357627 -0.279682112995
-110.133 39.1025 -0.000680764815315 -0.000297981291778 -0.000232610859448 0.00259269816716 4.48994 4.3134 0.617097470666 8.51570451973 -0.587037347543
-109.263 38.9553 -0.000992447690544 -0.000170012274245 -0.000419603211297 0.00164982077471 4.42002 4.22724 1.5605331056 11.111093843 -0.600993453521
-108.296 38.9541 -0.00136738171042 -4.64384670395e-05 0.000152480618047 0.0013491203328 4.21468 4.13449 -0.24134342828 14.2528581077 -0.681983949194
-107.574 38.8347 -0.00190909864326 -0.000182378567406 0.000546126310488 0.000919577016745 3.98792 4.14256 -2.55581804967 20.339807619 -1.10432162934
-106.91 38.8627 -0.000669913746214 -0.000295967241295 0.00233715945421 -0.000440033108132 3.78671 3.87013 -3.15398502068 8.49026395229 -0.589441248724
-116.302 38.2886 0.000364041265098 -0.00114146103197 0.00228995333221 -0.000268239927546 3.86082 4.2478 -11.6840104531 6.35825842487 -0.536597164526
-115.585 38.3489 0.00216911662578 -0.000779274169027 0.000820329121555 -0.000671538674187 3.72326 4.11747 -13.905575607 -10.1430145287 1.06840925317
-114.608 38.3281 0.00233462084768 -0.000301924121505 0.0011296419649 0.00104068687954 4.15749 4.25699 -9.76895929324 -17.2605090493 1.35464380315
-113.969 38.1802 0.00155656873847 -9.84495277503e-05 -0.00113541985831 0.000425793200886 4.57759 4.40905 -1.03666234184 -14.240310478 0.77222797841
-113.021 38.2987 0.000710167728317 0.000135068315716 -0.00167020332035 0.000585450898624 4.38694 4.20149 3.23481381791 -7.89505923384 0.455422420518
-112.277 38.2108 -9.86457835373e-05 0.000182435276742 0.000817807714291 -0.00030864482543 4.09618 4.03544 2.2752764834 -0.0113541311865 0.112730229021
-111.483 38.2843 -0.000436902519629 2.24874381852e-05 0.000180779491065 -0.000602440409021 4.01812 4.0718 4.14500119518 4.40357701353 -0.172549588461
-110.711 38.4187 -0.00066300811311 -0.000136690176684 -0.000381826723307 -0.000108585524058 4.10142 4.11019 4.73066176019 7.60390718298 -0.403773032832
-109.894 38.3862 -0.000769595666878 5.6312723295e-07 6.4611492432e-05 -0.000317189505253 4.0352 4.18453 3.7795297384 8.05658406957 -0.328097783715
-109.261 38.2916 -0.000862770378212 -4.91339575042e-05 -0.000617883889364 -0.00134440283977 3.87691 4.02206 3.80375391852 9.34028836989 -0.405964318185
-108.379 38.1888 -0.00106007176845 -0.000301377392205 0.000165620523163 -0.00287502387145 3.79238 3.83387 1.98907294992 12.6579056757 -0.733902664151
-107.55 38.3685 -0.00124660372184 -0.000519889229378 0.00106824297106 -0.00162859720814 3.66779 3.75954 -0.917775262442 15.7025541745 -1.0457849867
-106.756 38.2289 -0.000384512093217 -0.000507237529637 0.00160418097409 9.60603486928e-05 3.91626 3.98863 -2.49988982423 6.82876886382 -0.630144538716
-116.595 37.923 3.57554425085e-05 -0.00123862616353 0.00538751182443 0.00309441520942 4.06673 4.04144 -16.6388115298 10.6270379571 -0.753066284736
-115.747 37.6444 0.000997002789033 -0.00114872520155 0.00196499539879 0.00115494498636 3.98887 4.1037 -18.851010615 3.47457304968 0.0924711369039
-114.849 37.6083 0.00176913491119 -0.000129194136639 0.000538145185327 -0.00139293520633 4.13982 4.08889 -10.8550459571 -13.5595368842 1.13263108341
-113.86 37.5808 0.00140763784143 -0.000119403172356 -0.000612569488568 0.000138162314582 4.30945 4.12363 -4.99186248615 -12.0360461062 0.756840967177
-113.168 37.7601 0.000526417093761 0.000120547349414 -0.000645966600579 -0.00162213653361 4.1244 3.97229 1.51058573949 -5.92809130947 0.368883938398
-112.363 37.6761 3.43429853383e-05 -7.63819191454e-05 0.000216496331098 -0.00170149231938 4.00181 4.02285 1.85852256756 0.0844879150395 -0.0498921751016
-111.596 37.7222 -0.000124760900004 -0.00047423549461 0.000112509554524 -0.00130893415867 3.96225 4.0273 2.93667719606 3.81752707773 -0.478178158586
-110.802 37.6354 -0.000465828391593 -0.000812228488866 -0.000277070335647 -0.00165780791424 3.889 3.9479 4.31424845313 8.95047217739 -0.933715760848
-109.995 37.6903 -0.000755517385276 -0.000996905933572 -0.00033511815042 -0.00286801631848 3.71822 3.86259 6.05804786285 12.6547681981 -1.21374193638
-109.137 37.7459 -0.000600400148408 -0.00110017384618 0.000565996090585 -0.00234549206895 3.82651 3.97063 2.93072080856 11.8723304516 -1.25160183947
-107.792 37.662 -0.000553480871541 -0.000865077008754 -0.000130190038612 -0.00182293359554 3.91421 3.9513 0.812790402685 10.3624005102 -1.02143966363
-115.22 37.2408 0.00134291690456 -2.62621235565e-05 0.0037017397335 0.00090323769185 4.03413 4.00678 -21.3282818539 -8.64748438516 1.0802622058
-114.715 36.7256 0.00138446191829 0.000700084722448 0.00225892431369 0.0023913162326 4.03176 4.20289 -22.9999826648 -15.6032869879 1.53930060273
-113.907 37.0195 0.00122335477784 0.000223296414777 -0.000807875317924 -0.00151470326679 4.09838 3.93463 -6.75061129783 -12.5706705417 0.944978372079
-113.084 37.0615 0.000742712882259 0.000282186086398 -0.000749865864846 0.00058943563715 4.39182 4.20265 -3.64142714316 -8.89458630234 0.65996735823
-112.382 37.0183 0.000523443718361 -0.000276362645381 7.74158175367e-05 0.00133181192087 4.39272 4.27374 -2.20797777312 -3.30608626012 0.0573424345771
-111.506 36.9839 0.000321460735153 -0.000508974273413 0.000750623124588 0.000396481424719 4.20464 4.07416 -1.44675829059 -0.0395409637021 -0.261733501738
-110.804 36.9969 -0.000181031286855 -0.00114905974146 -0.000342075700582 -4.3538734493e-05 4.19662 4.07164 1.76768045833 8.20025544327 -1.09830831347
-109.874 37.1364 -0.000420891125447 -0.00136325930199 0.000612621239759 0.000367989807793 4.29557 4.25625 -0.713682886604 12.2261721261 -1.39153343074
-109.025 36.8299 -0.000616627351753 -0.00119494583108 -0.000239994313993 0.0013471440654 4.46437 4.34157 -0.266833589842 13.1401460407 -1.34418041826
-116.33 36.4193 -2.5757242111e-05 -0.000227175802728 0.00367767368365 0.00702782244568 4.30864 4.28484 -12.0450114181 2.08825851979 -0.175529917991
-115.383 36.423 -0.000115466946732 0.000291057648147 0.00106890888609 0.00147612364945 4.0558 4.1606 -26.1900600486 -2.22557717972 0.0468770927585
-114.539 36.4321 0.0012839426178 0.000610929677469 0.000807577499065 0.000194109750791 3.91801 3.93589 -21.0756480916 -14.4337892667 1.39780706718
-113.965 36.4151 0.00161169902755 0.00114447377284 0.00126648210759 0.0020365400707 4.23817 4.16499 -15.9910898657 -22.3056556163 1.96535433993
-113.18 36.4182 0.00105303891309 0.000529175917542 -0.00243327547846 0.0011260874441 4.5983 4.47361 -5.35702996687 -13.4657051816 1.05852403244
-112.291 36.428 0.000855240667596 0.000245620046137 0.00190084664883 -3.20791503574e-05 4.1798 4.04868 -4.37537092303 -9.78002670466 0.697273674954
-111.13 36.1428 0.000420348921396 -1.38971176566e-05 -0.000971993194842 0.00191488410503 4.58099 4.40819 -1.46431432226 -4.10978560679 0.209645335442
-110.662 36.5996 -1.12793976975e-05 -0.000467935434388 -0.000736504035626 0.00139737771406 4.56092 4.26676 -1.12295322689 2.93965001985 -0.406827685071
-109.87 36.4199 -0.000284013241581 -0.000580404517873 0.000530789058477 0.00238651100326 4.68258 4.41937 -3.28446346541 6.49696966352 -0.642006217555
-109.208 36.2925 -0.000628063217226 -0.000656739033568 -9.89638148191e-06 0.00112013393201 4.68865 4.40378 -2.71942749384 10.3807624411 -0.88814578136
-108.52 36.3758 -0.00083677355052 -0.00080480942083 0.000635751688959 0.00154977998672 4.54759 4.33769 -2.98577451984 13.4057547306 -1.12193790248
-115.43 35.8384 -0.000356076076105 0.000449644277955 0.006716795961 0.00633308141531 4.03982 4.28938 -18.8446817518 -1.62135399941 -0.008975061015
-114.851 35.7266 0.000717353093933 0.00158098237837 0.00326197468252 0.00216055118059 3.72893 4.21452 -28.850344681 -20.1133866569 1.37368029973
-113.984 35.8522 0.00152136522042 0.00122578310459 -0.000517372228571 0.0017834194806 4.0865 4.23418 -15.313349066 -22.4547526658 1.95059522724
-113.105 35.6339 0.0011546542233 0.000610522216065 0.000642929641366 0.00174164772656 4.20625 4.13179 -9.87743957391 -14.8315430597 1.22484269484
-112.173 35.8191 0.000774177071408 0.00040250133832 -0.000418549017733 0.000732386757828 4.288 4.20775 -1.89970302016 -10.1830011853 0.759870487458
-110.794 35.6218 0.000470221567995 0.000169482888478 -0.000330318468637 0.000256973556548 4.37886 4.25249 0.60167045494 -5.81775328688 0.379270763509
-109.933 35.7113 -0.000182921374602 -7.27950780725e-05 0.000123489762041 -0.00029033097224 4.37393 4.16318 0.175581465147 2.31041355129 -0.152939038415
-109.046 35.7147 -0.000549307162213 2.70605158821e-05 0.000221545618654 0.00110200521405 4.55672 4.28205 -2.0856051509 5.4378005971 -0.258250415724
-108.466 35.7992 -0.00109369166771 -6.62757229109e-05 -0.000654160959208 0.000808454347435 4.60142 4.35118 -2.3498008443 11.5964853842 -0.614015101635
-107.638 35.8054 -0.00140929527192 1.69947196091e-05 -7.22470981669e-05 0.00272736978627 4.45633 4.33706 -5.05313334355 14.0445096183 -0.746016450583
-106.909 35.9138 -0.00120014237862 7.35627472892e-05 -5.92798164828e-05 0.00289816744408 4.26294 4.32432 -4.98539163575 11.6975059771 -0.573158338178
-106.183 35.7452 -0.000739566235874 7.54924097791e-05 0.00294251969935 0.00214416177589 4.00386 4.04273 -6.20976893139 6.98155891245 -0.335237465064
-114.87 35.301 0.000163765400185 -5.97459501588e-05 0.00593219575204 -0.00282827245495 3.56222 3.92174 -14.6230379626 -0.760596534805 0.0815973296677
-113.885 35.099 0.00162772900486 0.00123915795596 0.00117148036036 -0.00263057236229 3.57701 3.69611 -13.9904802286 -23.6449162733 2.03408225425
-113.083 35.2127 0.00159548423336 0.000893479658838 -0.000962670526834 -0.00327350061152 3.88796 3.86036 -4.37912933619 -21.304807474 1.66540844877
-112.267 35.1787 0.00145185320139 0.000372287352733 0.000338326649849 -0.000608863150453 4.07504 4.08894 -2.96644448168 -16.6021035252 1.1260733433
-111.532 35.0951 0.000772577308105 -0.000121800804003 1.91535757065e-05 -0.00112575631131 4.10208 4.04119 0.816352799187 -7.19393270078 0.280546742777
-110.713 35.0789 0.000471757601471 0.000242671253177 -0.000317445671475 -0.00103860002815 4.13061 4.0825 3.05063278203 -6.29437063627 0.430964812628
-109.736 35.1181 -0.000120787552607 0.000269577216265 0.00149466765961 -6.69756352047e-05 4.28527 3.85078 2.94414905113 -0.1410995115 0.187618335875
-109.388 35.1118 -0.000952895380167 0.000264107258235 -0.00173693618566 -0.000236113403377 4.3357 4.13316 3.921697854 8.9402514021 -0.166433650349
-108.5 35.1259 -0.000826744661129 0.000509454807222 0.000340815202675 0.000682111359604 4.42666 4.34503 -1.17439471796 5.59299828986 0.0351737799209
-107.648 35.117 -0.00127489042554 0.000419527829511 -0.000693970869455 0.00160450443338 4.39753 4.31808 -4.04574252536 10.355659203 -0.314181128326
-106.867 35.0719 -0.00129036550655 0.000380832252184 0.00058670461586 0.000973401984081 4.0829 4.14405 -8.32447292498 10.0002442177 -0.437179029563
-106.15 35.1605 -0.000913557417715 0.000221153683753 0.00109493745354 0.00106343958699 3.91248 3.99119 -8.75626162409 7.4554575633 -0.346472978862
-105.408 35.2106 -0.000402715452955 0.000155754119966 0.00182331948971 0.0030745309771 3.99728 4.05161 -5.28306603104 3.18971177736 -0.0749981548127
-104.461 35.2177 -0.000159318807631 -0.000258507552392 -0.000245056990062 1.96575482266e-05 4.04614 4.01519 3.64726226004 2.94077485533 -0.29884750658
-103.766 35.0891 -0.00065535851994 -0.000293614648101 -0.00219885281831 0.00196324017673 4.4983 4.52896 9.99420903779 8.60511050189 -0.448603465013
-103.063 35.0637 -0.000459393196785 -5.98486381418e-06 -0.0028455486126 0.0020831030018 4.61096 4.77205 5.47267544643 5.33134135294 -0.151157935864
-113.83 34.5935 0.00148508044461 1.7241180729e-05 0.00227372530221 -0.00293033901989 3.76806 4.04155 -14.0315829538 -12.1329754872 1.09223174673
-112.891 34.4692 0.00201107683085 0.000111591823234 -0.00164623725921 -0.000949011494431 4.03363 4.02247 -6.89134048148 -19.3439422157 1.34806561332
-112.237 34.4866 0.00122928759409 -0.000319614029142 0.00154141445102 -0.00133592295349 4.06759 3.94114 -3.93264928795 -9.686296645 0.450947947219
-111.441 34.4178 0.000809829298109 -0.000242336121905 -0.00156290656133 -0.00124589316379 4.25005 3.98903 2.96855694479 -7.16884142656 0.164202491642
-110.806 34.3371 -0.000110925651026 -0.000291086221248 0.000178733544148 -0.000998560389576 4.17516 4.06673 2.77440145103 2.78068516473 -0.309372418914
-109.95 34.5293 -0.000252425000251 0.0002169470525 -7.78876876129e-05 -0.00114380324012 4.10165 4.06075 3.09344916866 1.54014337234 0.0812653086811
-109.29 34.4275 -0.000674756970639 0.000202019149899 -0.000398996260656 -0.00089587590531 4.00845 3.99453 4.46601260498 6.3422834127 -0.0979964578909
-108.498 34.5421 -0.00103012918969 0.000152784800608 -0.000347825527872 -0.000992664639462 3.99643 4.05753 3.46556466676 10.4401793887 -0.297132830057
-107.786 34.4457 -0.00133094675291 0.000252856773973 -0.000688560398865 -0.00187345667632 3.84891 3.93644 2.68250923441 13.2139117543 -0.338779187235
-107.01 34.5058 -0.00124607045503 0.000491065917017 0.000545650351843 -0.00190469989722 3.82275 4.02225 -2.10621938866 10.2063688743 -0.18362763075
-106.188 34.581 -0.000738873507834 0.000204727731655 -0.000841448411611 -0.000116647576741 3.8382 4.04639 -3.16740157779 6.53552950685 -0.18913549814
-105.435 34.5646 6.28744465511e-05 -0.000140450522239 0.00272546722587 -0.000150828831934 3.79536 3.94979 -6.10537650599 0.25914729058 -0.0855910373157
-104.662 34.5271 7.89027400998e-05 -0.000386848860442 0.00133449679396 0.000633298938637 4.2434 4.25834 1.70784371394 1.00879375009 -0.322738004712
-103.81 34.5508 -0.000564972025305 -0.000585994855446 -0.00316859709928 -0.00018860466393 4.66215 4.76948 12.4129598854 8.25409395585 -0.692332961227
-103.097 34.6469 -0.000416716920465 -0.000895950127722 -0.00246562371973 -0.000379363064715 4.71606 5.26091 5.47574967619 8.31264875794 -0.981971878268
-114.524 33.7503 0.000271838100088 -0.00022918633646 0.00615457613417 0.00631192613639 4.28587 4.40507 -26.1515866791 0.699365438643 0.117642719842
-113.829 33.8142 0.00159271608945 -0.000275699286053 0.00199946114994 0.00472952098859 3.94724 4.21521 -27.5906651188 -6.48767880461 1.24790246184
-113.005 33.9383 0.00212633444574 0.000172819115009 -0.000796046006608 -0.000236026847975 4.30883 4.36504 -15.1278489775 -18.6328453735 1.678583652
-112.333 33.9535 0.00146923664771 0.000104192303539 0.000697094894585 -0.000278049022199 4.50958 4.35145 -9.09462800753 -14.0607876967 1.036907536
-111.478 33.8798 0.000890022590711 0.000111135030134 -0.00037905935419 0.000654426758919 4.57121 4.28207 -4.6574267606 -9.41611268798 0.608482981201
-110.844 33.6953 3.39452241729e-07 0.000250597043547 -0.000360501087557 0.000846381297478 4.52815 4.26915 -1.90334186741 -1.61276233479 0.21181159158
-110.034 33.7776 -0.000564641980422 -0.000294659720705 0.000477341310757 0.00102749740129 4.30649 4.33949 -0.373159077847 7.64800892649 -0.538688163562
-109.254 33.9571 -0.000619757442906 -0.000333212369296 -0.000321430066662 -0.00109250628806 3.9454 4.06381 3.51715938937 8.46247411581 -0.568723172596
-108.377 33.9085 -0.00108291898285 -0.000403233161056 -0.000509316268273 -0.00159394622945 3.85125 3.97033 3.37881649179 13.9155550004 -0.824588088797
-107.674 34.0087 -0.00144632328972 -0.000376036923278 0.000367454853778 -0.000992890125311 3.6471 3.8283 1.31700233449 17.691422423 -0.983505562618
-106.965 33.937 -0.00123109581952 -0.00106185298777 -1.88590716041e-06 -0.00170941879208 3.47212 3.82773 1.68205446016 19.0539548937 -1.49016520113
-106.921 34.0739 -0.00114069822077 -0.000171985716823 -0.000201375408875 -0.000606033976324 3.51262 3.8807 1.08339960664 13.3352470143 -0.657867801167
-106.055 33.9315 -0.000496159988859 -0.000698809497489 -0.000829382663986 -0.00318692251045 3.69951 3.90367 -1.08482182334 9.30454469021 -0.849313129531
-105.436 33.9257 0.000487580273515 -0.000784034008532 0.00266985817582 -0.00214207156104 3.81817 3.84237 -2.34437383461 -0.677625910757 -0.457358293202
-104.693 33.9229 0.000237797134041 -0.000781314754061 -0.000599234072416 -0.000536649689317 4.38732 4.53429 4.88653391245 0.636911587829 -0.647842404537
-103.825 33.9232 -0.000410162151601 -0.000593110081926 0.000779157201631 -4.85473596589e-05 4.63381 4.49467 8.43232241536 6.87344756152 -0.684439313472
-103.163 33.8839 -0.00103317538054 -0.000380100337769 -0.00159366996656 -3.00836375114e-05 4.83501 5.07993 17.3010256137 13.1750547353 -0.501383861515
-113.657 33.1999 0.00101189167439 7.84577100682e-05 0.00441075555047 -0.00231199908267 3.82853 3.66873 -23.0793459661 -7.53921058471 0.881150647378
-112.946 33.3627 0.00179972508948 0.000759935166843 -3.0708327836e-05 0.00144119812134 4.51268 4.01903 -21.9778123969 -19.9113057916 1.90378528096
-112.158 33.2893 0.00124371441291 0.00106307825464 -0.000298882326461 0.00258457150494 4.80593 4.03013 -15.3122718592 -19.4599066729 1.63446270044
-111.427 33.341 0.000767700729328 0.000945219683655 -0.000593474386301 0.00150295222602 4.74633 4.03825 -7.9115135008 -14.2896316193 1.21769874304
-110.472 33.2969 0.000264849237709 0.0002687415168 -0.000486634807988 0.000344440006715 4.38407 3.63007 -4.68613663725 -4.46964702764 0.371982309673
-110.036 33.0851 0.000295703871644 -0.000103729762666 0.000885409108102 -0.00122216995623 4.07098 3.75588 -3.48300967602 -2.29245302521 0.0763186956179
-109.266 33.2921 -0.000425373130099 -0.000487639681645 -0.000137483184356 0.000663136537349 4.27281 3.87732 -1.77549390655 7.45558798788 -0.637213231185
-108.592 33.1132 -0.00080859288825 -0.00068102629027 -2.97444259994e-06 0.000197076461952 4.16931 3.80834 -1.44158261731 12.6549332231 -0.995509822232
-107.671 33.3086 -0.00114857921903 -0.000994623383429 0.000125313555488 -0.000908346854585 3.90861 3.66996 -1.92736630342 18.1571925841 -1.43513155927
-106.964 33.2555 -0.00074241135917 -0.00134820532243 0.00108849581275 -0.00024530573225 3.93117 3.60515 -1.98152677277 15.9805140114 -1.5390199411
-104.717 33.2797 -4.44300183227e-05 -0.000903645633335 -0.000432371835362 0.000307256773711 4.51652 4.17458 4.57969432948 4.49513729423 -0.859482575645
-103.98 33.2716 -0.000757270512179 -0.000417023769128 -0.00206975376245 0.000332902503023 4.75632 4.05052 12.7098743944 10.2151527908 -0.56842195103
-103.215 33.315 -0.000618331616283 -0.000261946337643 -0.00457609319142 0.00212535223089 4.77647 4.41913 8.72931494274 8.22738104224 -0.418575647827
