-114.58 32.5356 -0.000352710415418 -0.000202175471976 0.00447288588641 -0.000566675409994 3.77802 3.71069 -6.33888486434 4.77012149456 -0.381315679946
-113.767 32.7683 -0.000822776833668 -0.000541177811825 0.00219939466236 0.00779923501831 3.62252 3.81351 -21.9079789797 10.939845869 -0.98428025987
-112.883 32.7513 0.000738605813541 0.000928022800968 -0.00216287374666 0.00377593079641 3.89967 4.35256 -28.1465215895 -14.04180814 1.10086915356
-112.228 32.7006 0.00193793214709 0.00167730307074 0.00188891582735 0.00146611204273 3.60189 4.13287 -25.770592334 -29.5198450764 2.53569141866
-111.704 32.5618 0.00302516229295 0.00185918493896 -0.000205880419554 -0.000891101216437 3.61588 4.12313 -18.521381387 -40.654186266 3.51120992418
-110.739 32.5716 0.0025689127764 0.00132003234442 0.000255988812722 -0.000738543398037 3.95242 4.16281 -9.3046804461 -34.1040175457 2.66030847255
-109.97 32.6399 0.00163757031917 0.000805851175779 -0.000701868375958 0.000704084914227 4.19064 4.21758 -5.74895475995 -21.8403887776 1.61024753618
-109.303 32.7663 0.000998346978433 0.000273957982489 5.1910646214e-05 -0.000326730277698 4.09441 4.07948 -5.04906208043 -11.8865556622 0.790827010208
-108.633 32.5466 0.000240750658154 0.000132569186731 0.000349124557371 0.000835598191684 4.21056 4.11424 -5.18762846298 -3.33993271533 0.244759591629
-107.001 32.6995 -0.00104527060591 -0.000626421632663 0.000121717920445 0.00131589245866 4.24406 4.39956 -3.41915293366 14.9412916268 -1.07519373816
-105.454 32.7001 -0.00256982881279 -0.00223290526619 0.0010040476883 -0.00100337285238 4.15863 4.17998 -2.36232796887 40.9962591925 -3.19191939218
-104.657 32.6588 -0.00409531859195 -0.00276676001183 8.23269770384e-05 -0.00138316189076 4.12798 4.51116 6.37471936196 59.0821577353 -3.96335293475
-104.02 32.6462 -0.00530881567651 -0.00322552652589 -0.00118704888186 -0.00133718277701 3.9087 6.06404 21.3017799879 68.2861919302 -3.57144383112
-103.357 32.6764 -0.00174976120129 -0.00238632919785 -0.00717341142424 -0.000395729767914 3.14377 3.51082 23.2725017239 22.3754137149 -2.42483527024
-112.812 31.9559 0.000254829366306 -0.00016204358007 0.00663687085518 -0.00210068526633 3.26151 3.35677 -18.4203888491 -0.432752047938 0.0946839784257
-111.457 32.0022 0.00242548662385 0.000413680872718 0.00227082859268 0.00486023028472 3.7069 3.87417 -17.906619944 -23.0256405 2.10538109384
-110.816 31.7748 0.00264843391606 0.00070935620106 -0.000632500005641 0.00382234241633 4.01031 4.06291 -12.5486149216 -29.3831038462 2.33348995672
-110.046 31.9737 0.00227818164784 0.00104057833658 0.000643302491092 0.0010233578681 4.02316 4.00559 -9.23404956961 -29.5234888827 2.24971887494
-109.259 31.9989 0.00105310897831 0.000572554705468 0.000217931189534 -0.000598327763409 4.08127 3.94361 -4.00592541315 -14.6024094446 1.05890028538
-106.428 32.0062 -0.000627029081956 -0.000232903083269 0.000117598096797 0.00292095869225 4.24376 4.05234 -2.04027133681 8.16423786096 -0.509687084766
-105.523 32.076 -0.00194652590912 -0.00132129233121 0.00137109996527 0.00202510318778 4.47015 4.16676 -6.65786213446 29.1333971236 -2.1702196487
-104.823 32.1101 -0.00300832824965 -0.00188109591428 0.0004870140579 0.00174304497436 4.5945 4.22342 -1.47660510914 43.8892188945 -3.05303518853
-104.101 32.0618 -0.00417403085631 -0.00256354890975 -0.00238201313662 0.00218559606001 4.58507 4.38431 9.14359910314 58.7670741218 -3.62273479851
-103.292 32.012 -0.00245943907258 -0.00323116378747 -0.00171039113705 0.000166123224328 3.77957 3.92343 10.4489951691 39.6334574217 -3.73467113628
-109.991 31.439 0.00174083856395 0.00072480757166 0.00386242993205 0.000100180945497 3.78689 3.82763 -8.5315370766 -22.1873141443 1.65459072686
-109.281 31.3757 0.00165378681548 0.000582962994839 -0.000650136298838 0.00159518379652 4.1818 4.14832 -3.20039255581 -20.9573711334 1.38675854782
-108.528 31.3369 0.000497392762101 0.000179715118063 -0.00109809027502 0.00168418039059 4.21669 4.12282 -0.959021700548 -6.416970929 0.404393859452
-105.483 31.4425 -0.000912237171935 -0.000516067973479 0.00136625630881 0.00201122228984 4.35931 4.15686 -2.52967583404 13.0485285469 -0.894328073566
-104.971 31.3711 -0.00212560689224 -0.00100638984777 0.00101957459747 0.00187857382696 4.44721 4.12513 -3.63341850833 29.2599040048 -1.92886985352
-103.979 31.3165 -0.00354426453628 -0.00192047469608 -0.000915605658191 0.000436350929794 4.20155 4.35335 2.61062041486 50.235337962 -3.13943677658
-103.492 31.3691 -0.00316636490724 -0.0025830289957 0.000881595549881 -0.000715828736103 3.92334 4.4957 2.85331895159 48.9550939491 -3.58234325869
-102.81 31.3818 -0.00158384960265 -0.00223103759859 -0.00133669217688 -0.000349031988515 4.03571 4.3765 3.40929334166 28.5913203371 -2.6492611448
-104.986 30.7862 -0.00113012405008 -0.000222621757157 0.000297083145388 -0.000920862987847 4.11686 4.05161 -0.566488991424 13.9030295502 -0.708533810191
-104.029 30.6689 -0.00229163978125 -0.00175485181579 0.000806642704466 -0.00236589589939 3.97936 3.99159 -0.676732046451 35.6290866226 -2.58513540399
-103.402 30.8498 -0.00234296029809 -0.00265283008201 0.00110836073973 -0.00251702138469 4.04986 3.93073 0.716249352304 40.6098287796 -3.37996359263
-102.685 30.7263 -0.00095504416715 -0.00302183711046 -0.00376372591426 -0.00219863206376 4.001 4.03626 5.63338769368 23.6648414457 -3.16853075996
-104.09 30.0609 -0.000913990871669 -0.00130963083804 0.000583477837646 0.00131896109351 4.34352 4.08406 -3.94475456212 18.2277394802 -1.59012598551
-103.612 30.1456 -0.00136063353635 -0.00193277374135 0.00127320006047 0.00168608643481 4.45474 4.66523 -4.46431773516 27.0756842316 -2.35292474982
-102.788 30.1615 -0.000759654013598 -0.00261233487099 -0.00181268997259 0.00118726549512 4.42118 4.79652 0.81397590521 22.1484822393 -2.69737696994
-104.133 29.554 -0.000399451383244 -0.000366404399809 -0.000352645143785 0.00270864059632 4.31666 4.32317 -0.954639997811 6.62118565864 -0.5068989226
-103.389 29.4528 -0.000566637291869 -0.00064446364997 0.00228974007624 0.00338676982639 4.24967 4.20889 -4.56090293197 10.336569502 -0.840603789522
-102.888 29.4862 -0.000745829544824 -0.000757875437891 -0.00255960067549 0.00273123758644 4.32746 4.16555 -0.528059933761 12.725899307 -1.00363066771
-122.085 48.9983 -0.00120420209909 -0.000728872139198 -0.00184045017206 0.00026418661444 4.09477 4.08665 -1.39590800927 14.0260639437 -1.32513212025
-121.48 49.0983 -0.00326910162804 -0.00201408908021 0.00442483784421 -0.00195432321684 3.79433 3.85087 -7.53111015025 37.6845119439 -3.73233096125
-120.384 49.048 -0.00516310490041 -0.00317465273947 -0.00293567296727 -0.00642316013478 3.61198 4.84075 3.99621064983 61.3960304567 -5.44771026702
-119.272 48.9534 0.00294063061833 0.000784766766806 -0.00368010587352 -0.0157997742568 3.53067 4.55817 18.4235879448 -30.981497789 1.61651281836
-118.585 48.9752 0.00288682521833 0.000885043369618 0.00288903105851 -0.0127613013734 3.59968 3.69139 10.9070489036 -30.6050790663 1.98770618086
-117.559 48.9813 0.00279386437428 0.00140783477393 -0.00362465036383 -0.00655117611346 3.83581 3.96506 15.3082473976 -31.7880853253 2.23812498405
-116.363 48.958 0.00227303384471 0.00112687488843 0.00105852674773 0.00169965651801 4.21767 3.9197 3.52002463626 -26.1013035338 2.10730389099
-115.653 48.9339 0.00126608280199 0.00074280394987 0.00073195123856 0.00130276665521 4.23633 3.89521 1.07180450699 -15.1699807221 1.29711094379
-114.413 48.933 0.00172115436031 0.000544373878509 -0.000497201824921 0.00176432902349 4.24864 4.04484 0.691163889077 -18.2264051006 1.35507635244
-113.422 48.9725 0.00103919641981 0.000187198104863 3.63173832266e-05 0.00224383666489 4.25767 4.07785 -1.6706578242 -10.1673078409 0.718602898288
-112.733 48.9777 0.000454538995436 6.27249942147e-05 0.000153735278298 0.0018031833007 4.28503 4.14312 -1.36503838723 -4.37925897196 0.292979654632
-111.597 48.9482 -0.000394540063848 -0.000357494281669 -0.000130249459363 0.000686163090264 4.22228 4.10464 -1.33608810305 5.47642751405 -0.509347198965
-110.699 48.9448 -0.00109500962223 -0.000465678304989 -0.000287049853829 -0.000657036336928 4.14459 4.13183 -0.54229303932 12.4426775703 -0.943038148674
-109.846 48.9198 -0.000368144132304 -0.000398033907406 0.000158485634065 -0.000608566744902 4.06186 4.15589 -0.406215015606 5.42080246457 -0.525613939188
-121.484 48.5183 -0.00163993705122 -0.00308815609741 0.00569957817017 0.000882183359158 4.23703 4.21021 -16.6660769445 35.0650559229 -3.14396680136
-120.12 48.4607 -0.00420196444613 -0.00471006130782 -0.00716056474599 -0.00356574644542 4.06249 4.31323 -5.73423682402 63.9603794716 -6.31194183827
-119.333 48.3584 -0.00350701822486 -0.0065317641921 0.0127292771667 0.00269580773218 3.10739 3.94856 -35.7892515782 74.8307356234 -5.40630049338
-118.149 48.4226 0.00259585407696 0.00127421648759 -0.00887738869344 -0.00742928836548 3.8339 5.12654 21.7860881394 -28.946654531 1.82251864273
-117.225 48.2995 0.00209266227196 0.00150959667568 1.89144466084e-05 -0.00891251747499 3.83529 4.48467 13.2729539419 -25.7433206596 2.15251860101
-116.367 48.4366 0.0029714845408 0.00273052550644 -0.00147248495855 -0.00422635116743 3.85685 3.90444 13.6322158048 -38.4990179393 3.57231008873
-115.589 48.4694 0.00226128631003 0.00216193491065 0.000930334203013 0.0014456369072 4.26018 4.17511 2.37299885152 -31.6037951896 3.00823717612
-114.468 48.3739 0.00243178131935 0.00195469551093 0.000126648015745 0.00025492352831 4.29779 4.26878 1.7632215061 -32.1859949535 2.91039306972
-113.273 48.3609 0.00140188640741 0.00110857879393 -5.81107172043e-05 0.000558140244253 4.42081 4.23501 -0.794809948276 -18.6109807193 1.67988329182
-112.562 48.3129 0.0012700319288 0.000626194349831 -0.000105876201255 0.00151711027903 4.58063 4.3936 -3.46070541468 -14.7595661537 1.22699071982
-111.707 48.4128 0.000264180005563 -0.000140197329509 0.000539438696092 0.00124980262171 4.59313 4.31723 -5.27833595273 -1.43555984061 0.0364012964825
-110.799 48.2921 -0.000388478070998 -0.000528054605028 0.0007170962265 0.00181784300207 4.63669 4.52727 -6.73306805176 6.59798487951 -0.655514950721
-109.777 48.3943 -0.00045275039054 -0.000783940185428 -0.00036130466103 0.0015952466328 4.5705 4.58773 -3.21311289715 8.42678460168 -0.905042579906
-120.894 47.923 -0.00144458186384 -0.00287309630602 0.00141319321283 0.00368270158903 4.40159 4.14992 -21.2129797387 32.6906308493 -2.7466508737
-120.061 47.6902 -0.00246220549649 -0.00274874606106 0.000693637570293 0.00603562166892 4.27802 4.09385 -25.804824817 36.7854129863 -3.46452695893
-119.045 47.7849 -0.00227751281027 -0.00407431514457 -0.00114030485587 0.00779726885666 4.10143 4.18947 -33.8116138001 47.5693466644 -3.57450124083
-118.274 47.8006 -0.00198035646441 -0.00418348278804 0.00131351071493 0.014126906117 4.67345 5.80633 -43.2589127668 46.5278343659 -2.80161147105
-117.308 47.8192 -0.00182644759241 -0.0021186828757 0.00505155696084 0.010556833944 4.96946 7.15871 -39.8839497172 26.3567661621 -2.34067319113
-116.256 47.8397 0.00154565649924 0.00165667120551 -0.0058985841615 -0.00353994759123 4.40846 5.32918 15.2724434827 -20.6402847232 2.05308086173
-115.475 47.7092 0.00270837687514 0.00253131837109 -0.00380997414114 0.000299685154991 4.16079 4.46662 13.9312788717 -35.3280252924 3.26697149383
-114.574 47.6795 0.00204093476975 0.0019410187669 0.00381584694201 0.00152336862212 4.11726 4.23388 -1.14537349403 -29.0764121881 2.74063581792
-113.747 47.7687 0.00254784453569 0.00201595317077 -0.00109527979148 -0.00111070280355 4.28053 4.29372 5.16780970722 -33.4106301792 2.93223584078
-112.607 47.775 0.00159296200672 0.00112179957437 -0.000356938888174 -0.000932396346465 4.40229 4.21267 2.15761988914 -20.4344027005 1.74216888871
-111.746 47.8012 0.000736482095712 0.000781134459737 -0.000381629914314 0.000901310515527 4.64503 4.34641 -2.51002968448 -11.0142342044 1.05357081205
-110.763 47.6327 7.82318934391e-05 0.00016876774561 0.00117686397795 0.000714495442182 4.60914 4.3692 -6.04662398792 -1.71286937704 0.183119771082
-121.989 47.1881 -6.97796669466e-05 -0.000619408392882 0.00068901679982 0.00466252831494 4.39426 4.2336 -6.67311465283 4.93601655225 -0.491820025737
-120.844 47.1935 -0.00136773634186 -0.0012055192061 0.000175826077494 0.00335193589461 4.63834 4.37397 -17.2693297331 18.2785608874 -1.81490271566
-118.921 47.0573 -0.00189645966937 -0.00215230032983 0.000835545907756 6.70641738243e-05 3.96064 3.86923 -22.1214132816 29.4051099266 -2.75638201941
-118.309 47.0615 -0.00163965554949 -0.00237284520152 0.00091371849318 -0.00140975956154 3.99049 3.89568 -21.6800265116 29.9904282234 -2.6759141381
-117.276 47.0547 -0.00195627895388 -0.00314722168741 -0.00144986546079 -0.000431606634049 4.37688 4.57139 -17.4251499559 38.4478103356 -3.49003601189
-116.335 47.0477 -0.00270605102609 -0.00299306871395 0.00912813997908 0.00658264003042 4.48649 6.26457 -28.9788363165 40.969799688 -3.78637736991
-115.353 47.0528 0.00229566373612 0.00232562241856 -0.00843139057462 -0.0106441824907 3.34492 3.63896 28.0211333289 -26.0374257386 2.50124546744
-114.459 47.0943 0.0025524514354 0.00210755282092 0.0042007166918 -0.0035726050957 3.89577 4.0321 6.09991577326 -33.9450592011 3.00825713645
-113.506 47.0816 0.00313410239351 0.00228210732875 -0.00144512822817 -0.000274852726469 4.46028 4.62184 7.35557089043 -40.1441080016 3.35259915395
-112.52 47.0418 0.00207885449805 0.00180808487858 -0.000373203587163 -0.000808669142628 4.53288 4.35348 4.02136233048 -28.3561681349 2.54299769721
-111.549 47.0308 0.00106626296936 0.0010656931132 -0.000572417304928 -0.00114831151262 4.5427 4.28152 -0.125579131097 -15.5278481983 1.45421003069
-110.687 47.1523 0.000334288708356 0.000910750912161 0.000611858131462 -0.000940435489941 4.31567 4.10142 -3.88563572438 -8.28289229188 0.946627675517
-109.802 47.1961 -0.000240640131146 0.000128633791264 0.000890429065819 0.00101180734871 4.4698 4.38168 -6.55580185297 1.33353321758 -0.0315283638967
-120.979 46.5433 -0.000695677125834 6.67975120488e-05 -0.000228801978864 0.000954182576588 4.48211 4.31815 -8.82740364074 4.51973563962 -0.451670736354
-119.855 46.5585 -0.00156246535498 -0.000936982969464 0.00212207080339 -0.00297364619448 3.88185 3.78759 -16.0292775923 17.6334347915 -1.80848853605
-119.06 46.4911 -0.00139605841111 -0.00129757939016 -0.000164725321907 -0.00232367388817 3.84702 3.82933 -17.5360558476 19.5511123115 -1.89582727835
-118.146 46.5139 -0.00106407890597 -0.00173380600751 0.000818213937053 -0.0024817574585 3.91274 3.91858 -18.334125276 21.1807204424 -1.89187288732
-117.11 46.485 -0.00135446791103 -0.00230306516439 0.00110702526072 -0.00173318779608 4.28012 4.1883 -16.0017288626 27.6776421985 -2.51826478894
-116.209 46.3559 -0.00237703229883 -0.00307635512581 -0.00700554275905 0.00056041736454 5.19797 4.78333 -8.85646591005 40.3911180258 -3.87596333694
-115.571 46.4151 -0.00442984703607 -0.0028576576183 0.0117236964209 0.0133385696777 4.75339 5.27123 -32.5261250411 47.0254604484 -5.21842427697
-114.188 46.4423 0.00246111383627 0.00206337856216 -0.0113141210205 0.00550658388919 4.67791 5.4558 25.4518126329 -28.3992261094 2.31959840553
-113.493 46.4162 0.00196751504283 0.00212283978363 0.0057126283655 0.00230252619666 4.39531 4.47525 2.22901566879 -29.3066829135 2.80987018629
-112.641 46.4246 0.00255585669917 0.00269022437579 -0.00222069473486 0.00158640030936 4.71307 4.66921 6.79073882234 -36.59106486 3.49095004353
-111.676 46.5336 0.00157691014392 0.00199534640957 -0.000404745904823 0.000448962811369 4.4916 4.29145 1.83012386127 -24.9486719548 2.50134098137
-110.858 46.462 0.00063844036665 0.00147342958695 0.000232027948199 0.00078317794624 4.50054 4.38469 -2.70392746499 -14.1882439182 1.58871166421
-109.914 46.5663 0.000241516400343 0.000819889770197 0.000633179628584 -0.000339172074434 4.3438 4.24873 -3.80245577946 -6.90689289093 0.822752990093
-119.928 45.8951 -0.000547413711554 -0.000307984593553 0.00377921071257 0.00105909956697 3.98909 3.93084 -13.4507817366 6.14911586471 -0.616489096309
-118.777 45.7971 -0.000742508748215 -0.00113960309397 2.52899330273e-05 8.43819380358e-05 4.01753 3.9329 -16.7716953329 14.2233614538 -1.28629313887
-117.909 45.7087 -0.000681030440322 -0.00112836789562 0.000246055538253 0.0013108909177 4.1559 4.0419 -18.7663716349 13.8294588572 -1.21956196123
-117.228 45.9734 -0.000930920755971 -0.0014929852117 0.000194633033429 0.00114323983271 4.44119 4.22231 -16.1341234468 18.3838532465 -1.67062429835
-116.155 45.8883 -0.00206267763906 -0.00184729352474 -0.0028489410995 0.000690344150885 4.84092 4.49088 -9.80219519713 29.3467217367 -2.75808746085
-115.255 45.7565 -0.00405591154391 -0.00308383977074 0.00592063265206 -0.00133699786463 3.95861 4.45461 -7.53507522551 54.2007568536 -4.97175534795
-114.332 45.7893 0.00140762399599 0.00238694350049 -0.0088558962396 -0.00709056516541 3.59667 4.04799 30.7750685423 -15.5240390061 2.41326332531
-113.37 45.8122 0.00189083782512 0.00330857270977 0.00313963901873 0.0016315489774 4.17805 4.07898 9.43722494288 -31.9441399006 3.77298923765
-112.493 45.8409 0.00297769168409 0.00388347653903 -0.00177387080673 0.00132646305963 4.26552 4.23577 12.1635757422 -43.4970628668 4.6208483458
-111.626 45.7843 0.00218065645948 0.00309305498585 -0.000116193974122 0.00347656551112 4.64356 4.35391 2.9637656111 -36.0545882535 3.74379682132
-110.659 45.9054 0.00178850401179 0.00219364117868 0.000689680692322 -0.000500738513749 4.35595 3.9558 -2.05713460671 -28.8130929093 2.80162774029
-109.716 45.9046 0.000300800201493 0.00133132432956 0.00122790270441 -0.000469277980059 4.25186 3.94056 -4.11519323617 -10.486318127 1.28581784906
-120.635 45.2357 -6.17914343648e-05 6.46638097827e-05 0.00195563167021 0.00299439547173 4.20956 4.20016 -8.39442263947 -0.0229507292685 0.00186810802581
-118.96 45.2904 -0.000382421341569 -0.000416378701754 0.000719930616751 0.00260738809397 4.28369 4.18824 -18.0768824062 5.92105154147 -0.555042562748
-117.78 45.2781 -0.000516267405377 -0.00052774244954 0.000168362383945 0.00136288991321 4.23491 4.12305 -19.7674353237 7.72617743121 -0.727172949797
-117.12 45.2925 -0.000633279495364 -0.000750860128722 0.000668675989984 0.000271607003278 4.20673 4.10426 -15.1158734448 10.4254300643 -0.970119586662
-116.268 45.3997 -0.00152864663905 -0.00135355706875 -0.000495401318588 -0.00193399921553 4.18193 4.00501 -8.56470400811 21.7270288405 -2.02855428889
-115.326 45.1285 -0.00245273415494 -0.00255859210536 -0.00200216256828 -0.00265260388548 4.17457 4.26705 -7.41260738844 37.7323661619 -3.53693646559
-114.233 45.0931 -0.00344041480036 -0.00432815631686 0.00878574226901 0.00706942276678 4.03345 5.39934 -29.3645741342 58.6237387577 -5.10020313331
-113.46 45.2432 0.00163834430946 0.00358586806943 -0.00538659749918 -0.0127616884181 3.03864 3.54594 26.2066832536 -20.9570251462 3.71525141908
-112.489 45.166 0.00228552119789 0.00404407031825 -6.4100232409e-05 -0.0128592464909 3.27158 3.7083 18.6373414937 -33.1688615144 4.42654596334
-111.805 45.2285 0.00291438571637 0.00503592324335 -0.00244382048982 -0.00957519919178 3.55216 3.79376 16.643327629 -43.2846073117 5.57053627313
-110.74 45.3212 0.00264430620868 0.00451086394963 0.000874997755735 0.00105273491707 4.45466 4.56724 -2.02230113199 -49.9467809381 5.2283876717
-109.563 45.3171 0.000246407421977 0.00255940534588 0.000920478994794 0.00383720320469 4.29819 4.32691 -4.44209459858 -17.309656798 2.28948408631
-118.67 44.5191 -0.000312098851732 7.92505081502e-05 0.00167011382193 0.00190875968833 4.04724 4.02167 -16.3153170396 1.39962230768 -0.195284543385
-117.664 44.6653 -0.000372624934119 -0.000185311382457 0.00195483501608 -0.00116551910094 3.7662 3.75765 -16.5428382341 4.02921048475 -0.406265437751
-116.747 44.589 2.23236465036e-05 -0.000749195486327 0.00083180782242 -0.000840192668443 3.93174 3.89542 -13.7591022252 5.75253416082 -0.489094905207
-116.013 44.7035 -0.000493543140751 -0.00151233303203 -0.00056463475223 -0.00192917039725 4.21022 4.01686 -8.4279617798 14.7250045197 -1.45795284735
-114.855 44.5494 -0.0011573655156 -0.00264646866084 0.000121977912491 0.000968698519933 4.452 4.00573 -11.1666829293 28.6943772079 -2.71610659926
-114.255 44.5642 -0.00322389302215 -0.00377367745877 -0.00358154049087 -0.00210734798515 4.64074 4.38827 -5.75116564133 52.4838449365 -4.95702886373
-113.367 44.6165 -0.00406588451885 -0.00462605865523 9.39327606436e-06 0.0114957673944 4.56871 -nan -37.497170007 62.71922291 -5.46940239886
-112.644 44.6173 -0.00305981148061 -0.00330977434382 0.0131962939863 0.00933399435157 3.67448 6.23693 -45.4184008922 42.9237161358 -3.76797177054
-111.248 44.7038 -9.05910467033e-05 0.0047402975755 -0.0136160735921 -0.0126018624063 3.23524 3.79371 21.5926061549 -6.14923067973 4.68259422151
-110.576 44.3951 0.000101596424513 -9.61536799204e-05 0.0117100791034 0.0341059099779 4.06734 5.71014 -61.1845214611 1.05837076881 0.101912250387
-119.504 44.082 -0.000126350293955 6.83210900208e-05 0.000925698864224 0.00279383706079 4.18724 4.17029 -6.56829853297 0.49926894236 -0.0349609776748
-117.741 43.9733 0.000117740628386 -6.74313677026e-05 0.00362708144617 -0.000910491860606 3.71516 3.73767 -15.5858943523 -0.252740426988 0.0472545227956
-116.803 44.086 0.000583448174311 -0.000546423319592 0.000502673315956 0.00036457821831 4.08087 4.00315 -15.1721523298 0.3251167586 0.0825023400922
-115.958 43.9121 0.00053243425401 -0.000791806062639 2.59742496631e-05 0.00247925891461 4.47598 4.11837 -11.9662023332 2.01588961927 -0.180032439754
-115.133 43.7945 -0.00038523158675 -0.00093698082209 -0.00042614012402 0.00294743209831 4.67246 4.16619 -9.79806982759 9.93369635027 -0.951607881376
-114.117 43.9146 -0.00133050776575 -0.0022061189707 0.000591252308172 0.00195766122257 4.57098 4.11253 -11.4075275987 26.9677986188 -2.51873633566
-113.452 43.9286 -0.00316748817088 -0.00295051493092 -0.00355156470118 -0.00124453503334 4.57854 4.19297 -6.68849082506 47.0006856135 -4.27501322967
-112.485 43.9997 -0.00420536093892 -0.00409417044041 0.00305083561867 0.00478891004835 4.31645 4.91524 -31.4354196019 61.1082374883 -5.63591324386
-111.487 43.8756 -0.00391636974911 -0.00289485097707 0.0124868077168 0.0254597918537 3.19216 3.89143 -62.0377249249 30.4282652899 -3.82341697696
-110.576 43.92 0.00178909427899 -0.00386433717675 -0.0203740215717 -0.0189676866264 2.63925 2.8752 -330.427138215 -20.1022494815 -3.88080873931
-109.817 43.7013 0.00146722194 0.000912295781421 -0.0180923870035 -0.009062986243 3.03282 3.10211 27.0264017665 -16.4824559405 0.948566553861
-118.474 43.358 -3.70994666035e-05 5.13129534044e-05 0.00485361015637 0.000643709141567 3.814 3.83891 -9.09887154244 -0.0995238837033 0.0108245020821
-117.754 43.3471 0.000447058921985 5.96602783502e-06 0.00038431115116 0.00378065276043 3.8055 3.81693 -13.2133190548 -3.27646085147 0.335507271401
-116.767 43.4275 0.000766853372978 0.000215552813818 -0.000191232524098 0.00271071126649 4.26968 4.19449 -13.3077287592 -7.33675039138 0.709123321837
-115.828 43.4151 0.000510390872045 0.000305225751274 -0.000667465984278 0.00279308875428 4.5303 4.30445 -10.8843485456 -6.27974962668 0.574271385561
-115.098 43.25 4.69145197441e-05 0.000301807592504 0.000327832371189 0.000631825891428 4.2713 4.06649 -8.54777912687 -2.54906454431 0.258055725132
-114.174 43.3979 -0.000912811928818 -0.000575199795393 0.000176754590849 0.00125580363239 4.37391 4.06201 -7.84124574897 11.6789404664 -1.02589166397
-113.518 43.3234 -0.00214753958773 -0.0010183027667 0.000741536675517 0.000439420582972 4.29642 4.00074 -7.50361141549 25.3109122619 -2.14110970453
-112.433 43.3998 -0.00365063119628 -0.00264038563948 -0.00108893832722 -0.00142436973725 4.60606 4.28743 -5.61781236129 49.5197233052 -4.28589334318
-111.612 43.2741 -0.00596163077594 -0.00423052001903 -0.00291230351409 -0.00360417538614 5.02517 5.6293 -0.135809348635 80.3339889412 -6.64704084984
-110.02 43.2112 0.000182304849917 -0.00165710885682 -0.00275431192351 0.00464597818768 3.84738 4.37778 19.5390308132 0.916991393807 -1.60728817669
-116.87 42.7779 0.000385640077451 0.000473994427659 0.000636491096568 -0.000926243443556 3.94225 3.97971 -6.26897309201 -6.52179861878 0.610931200949
-116.032 42.7713 0.000698006175768 0.00045916839378 0.000802837012526 -0.00234292421219 3.75426 3.78315 -4.86915998845 -9.07017778577 0.792724850616
-114.903 42.636 0.000291768743772 5.42027595192e-05 -0.00190624604115 -0.00220854672315 3.90307 3.90048 0.35119231095 -3.02273036919 0.201246770622
-114.084 42.6493 -0.000272170791302 -0.000286401848257 0.00147128163265 -0.0018608574733 3.88176 3.76386 -4.33187464099 4.27432800732 -0.391882415655
-113.176 42.5452 -0.00121253486294 -0.000850346694924 -0.000164776779626 -0.00111898646273 4.13849 3.98111 -2.39277754645 16.3478360857 -1.37918211633
-112.531 42.6852 -0.00266089377679 -0.00133343631564 0.00181844112729 -0.000729012203947 4.26541 3.99358 -2.20269256666 32.7085140337 -2.5644792971
-111.588 42.8321 -0.00381502874204 -0.00256757461995 -0.000766641178607 -0.00043752710044 4.39997 4.36531 10.1765929286 49.3996065659 -3.7058160343
-110.92 42.7507 -0.00225677714142 -0.0028759250363 -0.00124264180811 -0.00220975628568 3.89376 4.21149 22.8373496089 28.5781356361 -3.11530707436
-110.042 42.6372 -0.00108085179543 -0.00217075531768 -0.00147137113527 -0.00230430910947 3.84819 4.01581 27.0317666196 12.773174374 -2.201709218
-108.847 42.8247 0.000405698973907 -0.000514593027855 -0.00500473072369 -0.00285871296959 4.10816 4.22995 22.4664080169 -3.9894773538 -0.475023978611
-108.342 42.6579 0.000565682730852 -0.000400193580284 0.000122439641205 -0.00322033182952 3.85569 3.89833 8.3475636651 -4.53930968805 -0.194042971928
-116.471 42.0773 0.000315322904562 5.58785870867e-05 0.0044430261602 -0.00205815498132 3.72185 3.78832 -7.90788006831 -2.98309949834 0.25141381803
-115.754 42.1669 0.000775817919604 2.82762118986e-05 0.000578376223365 -0.00176494157716 3.83575 3.90268 -5.9839289591 -6.78799457774 0.512271792279
-115.016 42.146 0.000774123488353 -0.000143793357999 -0.000862726005496 -0.00114689950809 4.02135 3.98916 -2.10926898409 -6.09350290317 0.323266785201
-113.944 42.0886 -0.000102026328567 -0.00050319290635 -0.000622566019483 -0.00025353835137 4.08327 3.96748 -2.26763637799 4.05174569822 -0.473871829643
-113.24 42.0343 -0.0010738111317 -0.000768165025145 0.00109463360316 5.43766762672e-05 4.16137 4.03984 -2.81291325625 14.6341884348 -1.23813869446
-112.386 42.0041 -0.00187194589629 -0.00151497758243 -0.000871930836565 -0.00077165465221 4.21369 4.12598 4.18523225259 26.1565420745 -2.19006438677
-111.432 42.0149 -0.00308136343228 -0.00204180231175 1.20638170714e-05 0.000336944662733 4.39873 4.35551 6.58568077362 40.6161679542 -3.09386955132
-110.873 42.0995 -0.00359235333385 -0.00256616054547 -0.000160155590026 0.000844529891389 4.51501 5.02026 13.4845172009 46.4997321984 -3.45432434716
-110.036 41.9243 -0.00171350738632 -0.0012321908666 0.000328655268249 0.00210105781802 4.4858 4.85878 21.2764685259 20.8871815957 -1.44550905547
-109.357 42.1012 -0.000439109674981 -0.000923656682447 -0.00252758672587 -0.000635713964675 4.19199 4.31589 25.3152972204 5.45668670053 -0.944769667304
-108.34 42.0073 0.000593788431834 -0.000541840119295 0.00231423712962 -0.000686084287097 4.13657 4.09977 11.5939200495 -4.78057251561 -0.359339091068
-107.369 41.9641 0.000567029777808 -0.000710144740285 0.00036298006769 -0.00526668975035 4.6359 4.40711 7.0921112787 -3.36111117787 -0.479434526452
-106.434 42.031 0.000357572552855 6.53536137691e-05 -0.00597682322838 -0.00404853101075 4.05209 4.02863 8.45689967055 -4.09676541565 0.16942150818
-116.54 41.522 0.000562523457988 0.000189556969819 0.0032694149194 0.00181573303428 4.22717 4.22412 -12.0006124657 -5.79904292276 0.535751433075
-115.791 41.4311 0.00098308789622 0.000142920217956 0.000426472494223 0.0021518349121 4.15837 4.11962 -11.2194293905 -8.8369769794 0.79130192395
-114.915 41.4157 0.000913356316258 -0.000258135983689 -0.000238993520218 0.001642027657 4.21302 4.04565 -7.72571792539 -5.85425515878 0.394882679506
-114.165 41.3602 0.00031988419856 -0.00049062753649 0.000135492500706 0.000651711385737 4.20153 4.0014 -3.98397141199 0.334929530577 -0.208387280334
-113.347 41.503 -0.000519229226248 -0.000860426726574 0.000146660691571 -0.000339501582706 4.22333 4.06017 -1.57452251218 10.0655915688 -1.00440850908
-112.448 41.4632 -0.00152408074453 -0.00137075046475 -0.000221384455979 0.000685026457102 4.32882 4.16363 1.49142620813 22.3457007634 -1.94050629911
-111.63 41.3146 -0.00240330700553 -0.00181626683512 0.000220134294875 -0.000667676644077 4.33592 4.22046 5.5694253519 33.0061988483 -2.65015734858
-110.666 41.4729 -0.00358174300341 -0.00185742225786 -0.000163864746569 0.00126223019943 4.58549 4.73661 12.421388497 44.6269759521 -2.81871014276
-110.067 41.4272 -0.00217113131604 -0.00119098883103 -0.000408878339722 0.000751011146502 4.41538 5.018 22.3478622857 25.8508477242 -1.42943453829
-109.157 41.5047 -0.000506554781826 -0.000248866915358 -0.000582404425354 0.00263068279821 4.73135 4.9397 23.4140458626 5.93906802975 -0.289620577552
-108.187 41.4906 0.000517766373999 0.000370338636529 -0.00178745328372 0.00191823802575 4.80014 4.73074 15.9688254236 -6.58778375982 0.465214709296
-107.364 41.6067 0.000431809103595 0.000753246034381 0.00144918847956 0.0080171663344 6.2299 5.38816 -5.49057707443 -8.7116009664 0.867514560582
-106.596 41.4033 6.87369743743e-05 5.54726600217e-05 0.00264641669388 0.0043008085422 4.46203 4.26909 -2.98266642539 -0.993289631625 0.0818734911566
-102.772 33.9696 0.000699704553531 0.00171201682335 0.00156886643017 0.000979473778805 3.9952 3.77817 4.39731927429 -15.1334954173 1.84731558061
-116.508 40.7186 0.000503366414481 0.000920479239998 0.00630160145828 0.0029063512862 4.30897 4.27838 -18.3946336912 -11.4645885236 0.961065872849
-115.736 40.8167 0.00123304898479 0.000675698382214 4.08488949086e-05 0.000501024350361 4.03613 4.06198 -12.4372885999 -14.9103178959 1.35481196802
-115.039 40.8522 0.00139606544887 0.000475495439345 -0.00061716596287 0.000654511069848 4.22278 4.12416 -8.39006782836 -15.1656470732 1.27707403797
-114.204 40.8556 0.000528872952392 0.000143116737764 0.000806790153941 0.000636439633054 4.24699 4.04346 -6.70273342226 -5.59704721281 0.443215497769
-113.187 40.8513 -5.60969281725e-05 -0.000324124633514 -0.00021730153657 0.000505538338343 4.30815 4.1139 -2.76338239122 2.55725665878 -0.299784925109
-112.52 40.8903 -0.0010408524341 -0.000891780524454 -0.00040725407537 0.000506755953011 4.38458 4.13806 0.396334450094 15.1484678706 -1.29621925562
-111.437 40.8869 -0.00249347840575 -0.00169000947423 0.0012851953174 0.00213289882964 4.66658 4.40812 -0.29043745885 33.8838155754 -2.71679943166
-110.834 40.9425 -0.0034897976062 -0.00182446610719 -0.00173910533811 -7.10102853618e-05 4.45683 4.73841 12.3577839737 43.7371394808 -2.77260054672
-109.673 40.9763 -0.0023362859218 -0.000746893111605 0.000743661312051 -0.000669463366795 4.09971 4.47293 25.2371226781 26.9381423174 -0.882213198279
-109.177 40.8936 -0.0013317314245 0.000233079825192 -0.00394157426633 0.000150134941307 4.1345 4.62963 27.8437493807 15.1190670596 0.224748468965
-108.263 40.8338 -0.000128867839725 0.00130456954492 0.00306960157159 0.00349520645799 4.66527 4.96791 11.1528034254 -2.7717772809 1.215765427
-107.52 40.76 0.000694411959595 0.00188771364515 -0.0040314115849 -0.0019931515693 4.30984 4.33847 12.8373558801 -12.9521731035 1.99981754197
-106.454 40.8023 0.000129275161127 0.000728603499907 0.00495881757799 0.00149855357044 3.99161 3.97243 -4.37384950423 -5.51119537279 0.693884654427
-116.5 40.2917 0.000526813320162 0.00100677351373 0.00388523704882 -0.00314786692152 3.75183 3.86446 -7.40611341245 -11.7780409608 1.10376327391
-115.657 40.1313 0.00129501792584 0.000818325835244 0.000567697042738 -0.000321215670275 3.9342 4.05871 -13.3882347998 -16.5545371129 1.50380488267
-114.745 40.2679 0.00148863570982 0.00081832998315 -0.000324898527009 -0.000516214701411 4.15262 4.11436 -8.61761191523 -18.5590798555 1.59668378313
-113.981 40.1314 0.000912825589978 0.000567600215955 0.000654050381542 0.000211789467013 4.18215 4.04696 -6.22724567091 -12.0016358711 1.01104453054
-112.469 40.2807 -0.000305538342949 -0.000500426669125 -0.000397966362609 -0.000245483194882 4.33362 4.11814 -0.292955820119 5.87402899948 -0.586322404846
-111.502 40.2067 -0.00153093497606 -0.00140605114885 -0.000487964224679 -0.00197935837702 4.25268 4.01746 4.07863950016 22.5913309508 -1.93534979752
-110.738 40.1948 -0.00325391035541 -0.0017531070886 0.000325166875546 -0.00165176825476 4.26095 4.17475 5.71222524391 41.895422807 -2.91723241507
-110.008 40.2655 -0.0047113705463 -0.00208932085664 0.0015442131238 -0.00244306779545 4.00623 4.33079 10.7882213854 58.4226093748 -3.45243530815
-109.124 40.2982 -0.003191851549 -0.000790411712354 -0.00365514662191 -0.0022837869386 3.47982 3.788 -331.060094807 36.3543943669 -0.750357422481
-108.242 40.1348 -0.00108599299707 0.000714044192826 -0.00130499583148 -0.00216861889988 3.44513 3.81383 20.7494385846 11.408622833 0.580748701268
-107.47 40.2149 0.000383925418901 0.0011597056834 0.00184606142819 -0.00145344484393 3.34894 3.54594 7.22414285229 -8.64786791365 1.22125846725
-116.464 39.6202 0.000389762483221 0.000221180590493 0.00365807512708 -0.000587714686531 3.95625 4.16122 -10.1667669139 -4.84347110266 0.430211855331
-115.754 39.553 0.00127167140329 0.00043549668222 -0.000876579866846 -0.0012810187839 4.03782 4.17044 -9.73485348662 -13.730989207 1.18798078934
-114.908 39.4731 0.00138944768202 0.000904870221264 -0.000216120729952 0.000538881069688 4.15546 4.16113 -11.8648405684 -18.279417191 1.62047979037
-114.016 39.455 0.0013149620951 0.00115409362262 0.00108910566075 2.26000661635e-05 3.99768 3.99157 -8.19493933007 -19.7635487058 1.73089083805
-113.069 39.5906 0.00093818971978 7.04600344112e-05 -0.000244981682994 8.58769132208e-06 4.17341 4.08409 -2.37628281973 -9.27705467199 0.580194259072
-112.279 39.5708 0.000431885469059 -0.000396053767075 0.000170083747998 0.000183249286309 4.31328 4.03202 -0.570506801525 -1.84859216112 -0.113421787146
-111.66 39.6092 -0.00102954436295 -0.000464997399122 9.95922851599e-06 0.000718158907188 4.47948 4.04489 1.36711741855 12.8222992572 -0.905072940598
-110.74 39.473 -0.00226045323425 -0.000936803400549 -0.000843984266978 0.00186337109378 4.68954 4.22302 2.59104947879 27.9060558083 -1.86105950336
-110.246 39.6279 -0.00357921638027 -0.00171005493439 0.000966645128413 0.000780664295864 4.4636 4.24049 2.2664869315 45.3885435315 -3.14529225588
-108.981 39.6333 -0.00394713058537 -0.00217203107328 -0.000910426598331 -0.00338770744507 3.78642 4.25014 14.1210461869 50.0874801313 -3.06592343951
-108.391 39.4998 -0.00261159309105 -0.00284917318245 -0.00179761599509 -0.00425168538963 3.45325 3.91692 18.8818179023 34.8150920921 -3.21678623934
-107.449 39.524 -4.22530991458e-05 -0.00146616458419 -0.00168054064146 -0.00326732381511 3.31126 3.49862 13.5928843953 4.39794983871 -1.43619199741
-116.4 38.8247 0.000233201450319 -0.000214581835524 0.000488173550639 0.000521029354497 4.38311 4.42557 -11.3548631976 -0.123938531002 0.0153091654587
-115.654 38.8455 0.000710012880258 0.000178044039603 0.000247886018781 0.00127630750765 4.17643 4.22898 -15.6390888864 -6.76020911947 0.65327349564
-114.83 39.04 0.00110477950595 0.0010534197934 0.000504961199357 -6.81310899819e-05 4.00477 4.09784 -12.0710561941 -17.243903742 1.52600486254
-114.02 38.9551 0.00167854491327 0.00103281929432 0.0011174436112 -0.000161929074231 3.84709 3.98127 -9.85624769901 -21.9865018553 1.89132271137
-113.277 38.9882 0.00163170549613 0.00051981274659 0.000641217054343 -0.000226228062559 4.08699 4.01358 -3.82033679416 -18.5494157314 1.36986939596
-112.379 38.9995 0.000315600890842 0.000217057544164 -0.000743262859434 0.000324244259193 4.44128 4.18235 1.49705735603 -4.35496759494 0.344144636318
-111.172 38.9176 -0.0010748301633 -3.09044656067e-05 -0.00196988529927 0.00197434257309 4.77572 4.4041 2.59494837411 11.1127547703 -0.522156947806
-110.133 39.1025 -0.00282907529492 -0.000699327304672 0.00106286212316 0.00303027012411 4.65745 4.39594 -0.0515985178104 32.3257592878 -1.99104362577
-109.263 38.9553 -0.00314990132011 -0.00149332124111 0.00291622526837 0.00506050557665 4.53144 4.56987 -3.03483550614 40.0368623674 -2.91977731641
-108.296 38.9541 -0.00204385175837 -0.00219239279477 0.000433014041552 0.00334693877656 4.59475 4.62676 6.48145757302 31.2854978425 -2.78371974914
-107.574 38.8347 -0.00184492514383 -0.00233883137882 -0.00253266406277 0.00175275199965 4.66656 4.42612 15.906885346 26.3499595783 -2.65353766898
-106.91 38.8627 -0.00087054840439 -0.00104164159327 -0.00411234479118 0.00299179934105 4.67162 4.75583 9.79072937706 13.224035988 -1.24892323795
-116.302 38.2886 4.62723891624e-05 -4.86063806906e-05 0.000469726365148 0.000689127135174 4.44124 4.44793 -14.2385129297 0.061702271463 0.00216572534559
-115.585 38.3489 0.000279417632817 0.000366326652927 0.000374968355649 -0.000114113804805 4.0269 4.0865 -18.2403758749 -5.21816417328 0.446297233253
-114.608 38.3281 0.000809106987856 0.000709015713452 0.000163881371488 -0.00148084414725 3.63274 3.74481 -15.0513981207 -12.1582627158 1.07564497049
-113.969 38.1802 0.00206339746272 0.000581469108018 0.00140608251482 -0.000789132389023 3.78893 3.89634 -10.6148318613 -21.7862183754 1.83005850916
-113.021 38.2987 0.00154397139848 0.000358114463268 -0.000453543225278 -0.000253376066585 4.1862 4.13554 -0.922866632492 -17.1227460509 1.13042117128
-112.277 38.2108 0.000478221113894 0.000435497834694 -0.00103642745723 5.00683676407e-05 4.45223 4.21758 2.98214757414 -7.20226459877 0.608906877441
-111.483 38.2843 -0.000833951313981 0.000522041919339 -0.00115117585321 6.83905231012e-05 4.43527 4.22368 4.47172674219 6.02502396923 0.10620146517
-110.711 38.4187 -0.00177666429889 0.000272939426305 -0.000919062199916 2.48750436842e-05 4.37241 4.22745 4.25740183887 17.1660015656 -0.516737949997
-109.894 38.3862 -0.00237786356427 -0.000105809686303 0.000656132974689 0.000251857351588 4.15843 4.2026 1.53019025834 24.9871155357 -1.19275752828
-109.261 38.2916 -0.00231618246803 -0.000501518267759 0.0020014872482 -0.00108896505874 4.05023 4.15544 1.90285484945 26.6600241432 -1.4874961051
-108.379 38.1888 -0.0013219038554 -0.000759010430744 -0.00115460527182 0.000105715847472 4.47718 4.39471 10.4094807363 17.3634066579 -1.12070961783
-107.55 38.3685 -0.00170704611502 -0.000608717791918 -0.00361020878056 0.00456771042855 4.99763 4.88554 13.4418020554 21.0543165766 -0.996781464954
-106.756 38.2289 -0.000767106488805 -0.000573647597531 -0.00126563907152 0.00406884069679 4.45998 4.45475 3.0011206052 10.9317222387 -0.832414916313
-116.595 37.923 -1.53156651463e-05 -5.87165383786e-05 0.00261586363935 0.00454758282851 4.51578 4.48374 -16.6123810488 0.625003140275 -0.0489202883485
-115.747 37.6444 -0.000237567043251 0.000177406099023 0.00270218197352 0.00127359607169 3.95543 4.00938 -19.958447029 -0.022884734666 -0.086125556017
-114.849 37.6083 0.000854191457003 0.000369386407581 0.000787157475793 -0.000972352666791 3.64818 3.75045 -21.2353316156 -9.13327306725 0.909012845351
-113.86 37.5808 0.00190063548892 0.000108044243637 0.00145847952001 -0.000354674694398 3.84622 3.88698 -14.7512526923 -15.7889128085 1.46377065308
-113.168 37.7601 0.00161847811287 0.000376777250729 -0.000354372945283 -0.000893292819325 4.25196 4.15769 -3.25079350485 -17.7327946032 1.23592775989
-112.363 37.6761 0.000415243543826 0.000562739119231 -0.00160261370238 -0.000345720523314 4.40928 4.20651 2.0012966564 -7.34500035851 0.693624934336
-111.596 37.7222 -0.000634877433444 0.000489953726618 -0.00023764315065 -0.000904262044099 4.13698 4.03049 3.27515093171 3.94175368993 0.145504964062
-110.802 37.6354 -0.00133345560738 2.71008253968e-06 3.55167593212e-05 -0.00209355485116 3.87481 3.86275 3.63683077496 13.8787026871 -0.586948252769
-109.995 37.6903 -0.00183681719274 -0.000515210213049 0.000410195691588 -0.00297903451867 3.75903 3.81305 4.56513324987 21.9409741112 -1.23457433432
-109.137 37.7459 -0.00186609589324 -0.00085869647837 0.00175521643097 -0.00232371822436 3.92195 3.99632 4.61345855085 23.9807437633 -1.54161023237
-107.792 37.662 -0.00110466997305 -0.000270023944136 -0.00711394515905 -0.0014981176278 4.23608 4.26904 13.8498790699 13.3493701228 -0.522509016516
-115.22 37.2408 0.000413762552072 0.000282427725902 0.00566028639107 0.00116404429954 3.69455 3.75887 -28.6421720146 -5.07979311745 0.497948189434
-114.715 36.7256 0.000613274080012 0.00078612123198 0.00160278405573 0.00146201275964 3.65833 3.72773 -29.8254616323 -11.2830277601 0.904501693426
-113.907 37.0195 0.00168183068902 0.000692447243667 0.00050521506002 0.00118145837268 4.09558 4.02043 -20.9587362707 -17.9892897741 1.76242180292
-113.084 37.0615 0.00131522299723 0.000949547599252 -0.00159167816621 0.00292646942918 4.58424 4.40146 -9.82412695764 -18.6693989901 1.58294201754
-112.382 37.0183 0.000507162522376 0.000730629790299 -0.000104125922671 0.00170375885615 4.3297 4.2372 -4.31323147772 -9.71340540761 0.88932837555
-111.506 36.9839 -0.000145762779068 0.000211562032449 0.000981279540979 0.000600393478274 4.09846 4.02794 -1.75483325429 0.120355926603 0.10109810653
-110.804 36.9969 -0.000759476622478 -0.000575778817864 -5.63869480086e-05 -5.2480720682e-05 4.07458 3.98777 1.96331765663 10.9856353853 -0.864870093853
-109.874 37.1364 -0.00135950292181 -0.000816964969377 0.000758175154361 0.00121173702305 4.17695 4.14462 1.49713643436 18.5315613281 -1.35534525219
-109.025 36.8299 -0.00151528403977 -0.000546345865032 -0.00082253869091 0.00228436011977 4.35682 4.17507 2.27810361856 18.8373584424 -1.16095399149
-116.33 36.4193 -0.000201117537829 2.90530760578e-05 0.00134550024736 0.00522320180342 4.42979 4.41994 -10.6731137918 1.39720937223 -0.121511981379
-115.383 36.423 -0.000691120513133 0.00027659411362 0.00344772139588 0.00014332601575 3.76473 3.87177 -25.4598450848 1.36576946527 -0.450165132465
-114.539 36.4321 0.000599105578998 0.001040102423 -0.000757202453149 0.0027379471795 3.84937 3.99851 -29.1582330076 -13.8626217526 1.01640648915
-113.965 36.4151 0.00148415930478 0.00158941776336 0.000578310722339 0.00285436956567 3.9797 4.1789 -27.6204753228 -24.5342349743 2.07885716382
-113.18 36.4182 0.00187470413286 0.000962285087354 0.0012573545342 -0.00134140839988 3.93018 3.96717 -13.2723948768 -23.2954761105 2.00778558994
-112.291 36.428 0.000946857151422 0.000319916997328 -0.000901512524411 -0.00246290005111 3.94555 3.87133 -0.724768693753 -11.3463847112 0.772163992459
-111.13 36.1428 -0.000184237597525 -0.000295691601391 -0.00165745723071 -0.000466645361894 4.16034 4.05748 1.2535056433 3.57841378849 -0.347960689278
-110.662 36.5996 -0.000533196296003 -0.000102413503174 0.000508854624987 0.00237544284858 4.35983 4.19783 -1.12366574338 5.9741991851 -0.362547698351
-109.87 36.4199 -0.00133101580782 2.39867147149e-05 -0.000397233843101 0.00183569058894 4.30914 4.26361 2.9226063581 13.9135174967 -0.569772632418
-109.208 36.2925 -0.00184908921795 0.000149360560887 -2.53866856104e-05 0.00157826215078 4.13961 4.2224 2.36268534211 18.7775753588 -0.689117090322
-108.52 36.3758 -0.00169361978611 -0.000133218702358 -5.73309609452e-05 0.00297648489177 4.13581 4.12497 0.617517441947 18.4924965213 -0.902919280244
-115.43 35.8384 -0.000505670286236 0.000265668199752 0.00536918476429 0.00447617051622 3.91667 3.93198 -16.299990091 1.40846953655 -0.216376175865
-114.851 35.7266 -0.000202805207005 0.000692674859354 0.00260956120735 -0.00231998833653 3.53104 3.66515 -25.0470910717 -5.60349951373 0.191418826844
-113.984 35.8522 0.00138826673427 0.00113815010486 -7.76272867814e-05 -0.00201307388322 3.44438 3.54504 -22.3638720562 -20.1223317217 1.7901570525
-113.105 35.6339 0.0022219839103 0.00141162519732 0.00187650663429 0.000574851913125 3.77633 3.83405 -18.0261525679 -29.3694869345 2.6092778128
-112.173 35.8191 0.00129206263847 0.000345591264842 -0.0007989227448 0.000271312504506 4.22419 4.07539 -5.20773038695 -14.600672292 1.04483641972
-110.794 35.6218 -0.000424019159312 -0.00023242230364 -0.000965493493369 -0.00173405725144 3.96971 3.85132 0.371906737591 5.70910750871 -0.412269473966
-109.933 35.7113 -0.00156724598333 -0.000665766600363 0.000689106918889 -0.00183865363121 3.77683 3.82199 0.653376226433 20.056447392 -1.338325076
-109.046 35.7147 -0.00200242251019 -0.00110805116326 -0.00010591358506 -0.00273572964553 3.59404 3.7441 4.54728167911 27.0876734741 -1.83136440892
-108.466 35.7992 -0.00173165380981 -0.000242750170003 -0.000363526989524 -0.0024270777656 3.67367 3.85295 6.59556181807 20.2067015763 -0.86501001031
-107.638 35.8054 -0.00204448873708 8.9896538706e-05 0.00111752836641 -0.00372958336708 3.62085 3.79009 8.20002141906 22.6465504441 -0.594203973276
-106.909 35.9138 -0.00178994194665 0.000191074107011 -0.000601883047204 -0.00706847909042 3.49105 3.64114 10.4191605806 19.8457694574 -0.327385011533
-106.183 35.7452 -0.00180913677271 0.000485935632887 -0.00769966870617 -0.00617498706591 3.58051 3.79474 15.959145657 20.2785732273 0.149287643428
-114.87 35.301 -0.000101984335202 0.000478207220481 0.00736469338756 0.00563141578889 3.63 3.72159 -20.7928316562 -3.8163326543 0.197617729882
-113.885 35.099 0.00116275378412 0.00162621614377 0.0013964926433 0.00044160948336 3.52005 3.64399 -27.5120334658 -23.3002789081 1.81830241255
-113.083 35.2127 0.00271889602348 0.00160704832467 0.000452826239228 2.33046905032e-05 3.74437 3.90843 -19.3779497121 -34.6714991175 3.12715356338
-112.267 35.1787 0.00208384882014 0.000868403614708 0.000178739118029 0.00181762383733 4.24156 4.11465 -12.0070648777 -24.8773150527 2.0621387117
-111.532 35.0951 0.000936554320956 0.000159235893876 -2.2388442472e-05 0.000614920268838 4.15456 3.94989 -6.11536277842 -9.98619898091 0.689794213217
-110.713 35.0789 -0.000170549832982 -0.000133813907151 0.000185676255258 0.000243130273642 4.15995 3.97886 -4.23505941294 2.56658632428 -0.206756524711
-109.736 35.1181 -0.000961211713947 -0.00139868483169 -0.000320217063226 -0.000947547149281 3.84309 3.72235 -3.08866383651 18.5932635366 -1.69606383871
-109.388 35.1118 -0.00154936630248 -0.00147111423361 0.000221068296438 -0.00126391393951 3.9337 3.93517 0.383171759894 24.6246845795 -2.03465001833
-108.5 35.1259 -0.00205566966605 -0.00214259997892 0.000167299251426 -0.00164554627285 3.66327 3.87573 0.996504473725 33.6148293866 -2.84818599172
-107.648 35.117 -0.00252415860536 -0.00264510345075 -5.71711658842e-05 -0.00158143986482 3.56918 3.81649 3.47112308576 40.6345983127 -3.44812484914
-106.867 35.0719 -0.00313255134899 -0.0024399021724 0.00130531254709 -0.000559707025509 3.47708 3.67281 5.65802847146 45.8112894693 -3.41549250494
-106.15 35.1605 -0.0040920496844 -0.00227523115621 -0.00338563910615 -0.00276937259134 3.22891 3.65622 16.6802971578 53.2700410515 -2.93864481053
-105.408 35.2106 0.000334126168246 0.000958371815064 0.00172671323024 -0.00845696166379 3.16405 3.32925 13.9713411695 -6.33420297668 1.00665706807
-104.461 35.2177 0.00108175262779 0.00109890711184 -0.000384393839116 -0.00517347816173 3.6151 3.75528 14.4515064997 -15.3345734837 1.27957259765
-103.766 35.0891 0.00172890552829 0.00101633429191 -0.00258446608657 -0.00136031226582 4.04206 3.98626 18.0352911652 -22.2722806736 1.20509102656
-103.063 35.0637 0.000609709379258 0.00034364841516 -0.00240619137556 -0.000577093589922 4.33512 4.06943 5.68263619061 -8.36487579953 0.517320958332
-113.83 34.5935 0.0011697374889 0.00127628216784 0.00669575717935 0.001136865731 3.43678 3.61784 -28.1994203842 -19.8139724944 1.64330495174
-112.891 34.4692 0.00311901527877 0.00164754411603 0.00092295846847 -0.00124130111131 3.58053 3.74481 -18.9435111303 -38.3682513636 3.45942868635
-112.237 34.4866 0.00298429313668 0.00126674036846 -5.46375944399e-05 -0.00103625158131 4.03044 3.9679 -11.0305027656 -36.2220608997 2.94933515799
-111.441 34.4178 0.00159073026444 0.000695035190082 -0.000566798538804 0.000523131752203 4.29671 3.96506 -7.3437193849 -19.9837332087 1.52952841111
-110.806 34.3371 0.000606565532371 0.000335296942433 -0.000179539382286 0.00126402166437 4.21378 4.01809 -6.90079422133 -8.18256847869 0.634022076301
-109.95 34.5293 -0.000118757655549 -0.000504269605963 0.000735344262042 0.00167301794882 4.17789 3.9756 -7.44189918176 4.7663990674 -0.473902701832
-109.29 34.4275 -0.000736831867043 -0.0010211877703 2.93832456153e-05 0.00196472370063 4.21567 3.99723 -5.90482268744 14.2649078894 -1.25914835908
-108.498 34.5421 -0.00133850065686 -0.00188813076811 -0.000124329584472 0.00165472999826 4.1831 4.02888 -4.92968072274 25.9168074097 -2.31313392635
-107.786 34.4457 -0.001803053833 -0.00270593951969 0.000362523733206 0.00127341659096 4.07689 3.90647 -3.21176272277 35.472342777 -3.24842740371
-107.01 34.5058 -0.00278623074117 -0.00315436114322 -0.000103513459122 -0.00018206313233 4.09115 4.05527 -0.542970177238 47.5624463529 -4.09019854722
-106.188 34.581 -0.0037921326558 -0.00306529022595 -5.76850676607e-05 0.00229834206057 4.08329 4.27954 4.32306278888 56.5626274723 -4.27408095432
-105.435 34.5646 -0.00301521863854 -0.00261376888292 -0.000694872232081 -0.00200675499772 3.17675 3.81177 18.1922522608 40.5723560836 -2.99841879874
-104.662 34.5271 0.000226545723154 0.000462806242416 0.00360600266416 -0.00260147493205 2.96853 3.23126 23.9018728607 -2.89980721199 0.468383668772
-103.81 34.5508 0.00178946526604 0.00160604354744 -0.00547917607829 -0.000404728098202 3.62581 3.60142 -331.102474841 -20.3253195978 1.4686629485
-103.097 34.6469 0.000836196293844 0.00267229167846 -0.00366515641668 0.00185966401273 4.27168 3.70391 8.98298996453 -18.3475151059 2.79774342127
-114.524 33.7503 -0.000884976652587 1.30349556391e-06 0.00184289858257 0.000776630323926 4.34102 4.43881 -14.767412648 6.97049890288 -0.657532374293
-113.829 33.8142 0.000490513474516 0.000605043509154 0.00380187070763 -0.000767866820184 3.03747 3.2191 -29.7140494519 -9.03341676915 0.714576731398
-113.005 33.9383 0.00302835337188 0.00128747024414 0.0018410937666 -0.000979631662943 3.55021 3.83626 -24.925005835 -32.365149083 3.24140421605
-112.333 33.9535 0.00317768275795 0.00153805394325 -0.00148296887301 0.000217965889906 4.19314 4.25599 -14.3827528107 -39.426513476 3.35384720073
-111.478 33.8798 0.00193430108461 0.00162239796888 0.000250883426187 0.000498888719588 4.22821 4.05247 -10.7366768805 -30.1406312471 2.49797684318
-110.844 33.6953 0.0013067334624 0.00119562947403 -0.000657819008753 -0.000265359015313 4.17415 3.7443 -7.04888550313 -21.160160902 1.74419029899
-110.034 33.7776 0.000548317609362 0.000315786596677 0.000196374301149 0.00107877203925 4.19717 4.10515 -6.97930593101 -7.5516704011 0.581338560924
-109.254 33.9571 -0.0001595316345 -0.000318160827443 0.000193263624201 0.000221759570064 4.1949 4.08931 -6.63011912199 3.7985308253 -0.351360939435
-108.377 33.9085 -0.000592998511423 -0.00104543160673 0.000170494380573 0.000643141872253 4.193 4.1469 -5.83636488637 13.0393230705 -1.19776576149
-107.674 34.0087 -0.00150634695189 -0.00163581622635 0.00049524588172 0.000532038120493 4.24888 4.14211 -4.86624833325 26.0461847601 -2.19078874166
-106.965 33.937 -0.00246857469015 -0.00153065632356 -0.000907717241744 -0.000704628635881 4.31834 4.35372 -1.14016709581 35.2040740729 -2.5224701962
-106.921 34.0739 -0.00259702477086 -0.00224563743707 -0.00051628318383 0.00181859218755 4.44563 4.14063 -1.96302668019 40.7902644438 -3.22810850664
-106.055 33.9315 -0.00374380760643 -0.00220921482865 0.000555028108482 0.000679087364116 4.20084 4.33888 -0.303445913629 52.8352628994 -3.66385572431
-105.436 33.9257 -0.00327115589167 -0.00283822491609 0.00158730368716 0.00137490451457 4.12075 4.15562 7.68262497792 48.8176518025 -3.72575226975
-104.693 33.9229 -0.00274340223599 -0.0027227471963 -0.00210179001507 0.00376168558993 4.07838 4.89501 24.868746325 33.9121220848 -2.75133824169
-103.825 33.9232 -8.0148564239e-05 0.000793743579212 0.0012127742744 0.000375157282537 3.47945 4.07932 -329.799032563 1.90477935432 0.797768159576
-103.163 33.8839 0.00128193747804 0.00230015240253 -0.00683755612987 -0.000302084603412 3.77981 4.29927 -322.259333596 -8.7016824566 1.9359457032
-113.657 33.1999 0.000106218738514 -0.000444243612956 0.00530739554726 -0.00185218068092 3.38325 3.52754 -24.3509302642 3.75177716686 -0.152216658216
-112.946 33.3627 0.00239767913594 0.00123599075242 -0.000840994258824 0.00187256195583 3.80845 3.92016 -29.5218249197 -26.530311744 2.69705961018
-112.158 33.2893 0.0025809638973 0.00223054244465 0.000685107471155 0.000863576830482 4.01036 3.8132 -20.672968901 -40.0174532491 3.40634356769
-111.427 33.341 0.00222510437633 0.00211041120465 -0.000585158971948 -0.000619349303063 4.05923 3.9314 -10.6005413617 -36.7735406235 3.05543695014
-110.472 33.2969 0.00167248600942 0.000965403502048 -0.000523242821022 -0.000968535543239 3.97426 3.41957 -7.00275633959 -23.0775133406 1.78085781401
-110.036 33.0851 0.00137065811311 0.000655617860197 8.29615318172e-05 -0.00201742418521 3.8393 3.45898 -5.19030473548 -18.1101339929 1.3249616714
-109.266 33.2921 0.000475898715464 -5.93906104015e-05 0.000108794997179 -0.000385587931645 4.09077 3.698 -5.42676498774 -4.32461262486 0.222260629348
-108.592 33.1132 -1.73936285242e-05 -0.000510310152158 0.000243744474915 -0.00085636820569 4.06736 3.61261 -4.21071974188 3.55411972307 -0.437465834546
-107.671 33.3086 -0.000902210353026 -0.000630904021982 -0.000116365800343 0.000411470686536 4.23634 3.67364 -4.25749785673 13.3856780974 -1.01515065895
-106.964 33.2555 -0.00163733554523 -0.00169390610736 7.62498125593e-05 0.000139713321438 4.2724 3.66931 -2.83428042228 27.6882986856 -2.28840923565
-104.717 33.2797 -0.00310661688963 -0.00288814114566 -0.0016322497964 -0.00230533218411 3.83167 3.75304 14.7411170391 44.2101036838 -3.42137802486
-103.98 33.2716 -0.00318939541005 -0.00117802579731 -0.001285106407 -0.000313583361296 3.34825 3.33695 -327.570655592 37.104710514 -0.754521415408
-103.215 33.315 -0.000180024104934 0.0012730485508 -0.0103773831657 0.000589056826775 3.09538 3.1229 -334.247109403 2.61403181234 1.2771288758
