-113.767 32.7683 0.00159453133908 -0.000310472782637 0.00487055400995 0.00041498743884 3.38217 3.39018 -3.39708751746 -2.50956098462 1.42307255572
-112.883 32.7513 0.0024512753998 0.000279060796113 0.00259947263965 0.0112474763562 3.66327 3.66354 -13.9461451458 -8.04042444617 2.46639006512
-112.228 32.7006 0.000447033681671 0.000184734063356 -0.000384769208778 -0.000892046525509 3.80765 3.8027 -2.07969842418 -4.32082174615 0.483320769212
-111.704 32.5618 0.000549002735726 -0.0026355104786 -0.000277556995634 0.0051418478457 3.95339 3.9562 -7.97087132577 31.9352962932 -0.132827849409
-110.739 32.5716 -0.00304328952973 -0.00391261263509 0.00211008785061 0.0076019744541 3.59736 3.60893 -12.5410740659 58.7603699172 -3.71830037152
-109.97 32.6399 0.00137941221916 0.00346277702537 0.000139249129379 0.00599946304261 3.52551 3.49468 -9.92243596107 -49.4340594303 2.17317751341
-109.303 32.7663 -0.00130024219651 -0.00215461103562 0.0018860204952 0.0119922761801 3.65242 3.64669 -13.2286184774 31.7925623 -1.69399115471
-108.633 32.5466 0.000681643415134 -0.000870548625594 0.000852007380106 0.00679223587542 3.65941 3.65283 -11.9545417884 9.41305956197 0.470867312578
-107.785 32.5324 -0.000417725524895 -0.0066476185217 0.000638141017799 0.00774171456687 3.55881 3.582 -9.59644859822 88.3691368341 -2.21717167569
-107.001 32.6995 -0.00126903170073 -0.00519169264274 0.00636188768317 0.0121337034983 3.29803 3.31815 -25.4337070211 70.994380835 -1.33320336745
-106.262 32.6349 -0.00204318892868 0.00269438341811 0.00410446866648 1.64756853821e-05 3.37484 3.37749 -4.2712379926 -23.4533510641 -0.861715418837
-105.454 32.7001 0.00084015901328 -0.000119169064137 -0.00225565802495 0.00645181312419 3.79732 3.79459 -2.27829638109 -3.41598710698 0.710434772678
-104.657 32.6588 7.58035069985e-05 -0.00136614628113 0.00839458892067 0.0156633678801 3.36399 3.35892 -25.355623702 18.828532093 0.0133380619516
-104.02 32.6462 0.000615819209099 0.00206612969717 -0.00020581426133 0.00881102721156 3.71721 3.71135 -16.7601828093 -29.8266548376 1.02273184192
-103.357 32.6764 -0.000280323156659 0.000636328426909 0.000545138108469 0.0166677117768 4.02393 4.02076 -19.5683993941 -8.10443326493 -0.171717640867
-112.812 31.9559 0.000749141887441 -0.00211648743732 0.00374659838525 0.00282485902714 3.59809 3.59876 -3.25216144011 23.386960208 0.0495595066555
-111.457 32.0022 0.00103039601234 -0.00105108777061 0.00164488145955 0.00751206483578 3.77356 3.76739 -10.1167133649 10.7163976273 0.782018895724
-110.816 31.7748 -0.000523142998836 -0.00181922018441 0.00150926637614 0.00429667367658 3.6857 3.68811 -5.71228435766 25.2680143658 -1.03435165827
-109.259 31.9989 0.000515009229956 -0.00320030396055 0.00416423801256 0.00531461651069 3.40437 3.40706 -7.03102331336 39.20884977 -0.443787709341
-108.527 31.9041 -0.00116022852567 -0.00331933337451 0.00126548524521 0.00375645427519 3.46331 3.46244 -6.1889742651 47.6142120834 -2.14588854542
-107.778 32.0094 -0.00259483275319 -0.00424617857063 0.00214751234943 0.00465011028782 3.41545 3.41137 -8.31609215865 65.5037947302 -3.7134992157
-107.101 32.1046 -0.00214294137955 -0.00104371113933 0.00457217348286 0.00582492557716 3.52058 3.5027 -10.0715026627 21.6178466489 -2.34506015495
-106.428 32.0062 -0.00154060548205 -0.00326056738925 0.00166470400952 0.00857504285756 3.56326 3.58649 -9.46332383799 48.9137540286 -2.41355201421
-105.523 32.076 -0.00119014449492 -0.00172283991568 -0.00183735870834 0.024155713365 3.59688 3.61356 -24.301676891 24.485577299 -1.26795459449
-104.823 32.1101 0.000791843743308 -0.00142192539833 0.00406109363451 0.0159228602719 3.34477 3.35267 -20.9081583559 18.2980435147 0.623168111175
-104.101 32.0618 0.000841410665382 0.00140472476289 0.00749922245973 0.0162551625289 3.44505 3.45515 -17.2627390238 -21.3847024988 1.0896250499
-103.292 32.012 -0.00088261181403 -0.000639433655225 0.00435027292263 0.0193352014117 3.92685 3.93526 -18.9293056023 10.9000610387 -0.978207354589
-109.991 31.439 -0.00125394556318 -0.00171278867146 0.00370166724701 -0.000182744229158 3.54909 3.55299 -2.07701442126 27.541425694 -1.78697121253
-105.483 31.4425 0.000571731374813 -0.00554414571971 0.00325153820337 0.00673596683284 3.63206 3.63219 -6.75370762945 69.423089212 -1.34265821415
-104.971 31.3711 -0.00264825135874 -0.00525049944983 0.00529433973146 0.0133933272015 3.61529 3.60611 -16.9011571888 78.1221875071 -3.5227866255
-103.979 31.3165 -0.000657407621884 -0.00505574182801 0.00124385477385 0.00851835699694 3.40081 3.40055 -10.7306057911 70.1773715315 -2.10370922372
-103.492 31.3691 -0.000691174455491 -0.00435172776094 0.00869226263851 0.0154356990748 3.20761 3.20681 -26.0848061402 61.2131320085 -0.844981053723
-102.81 31.3818 -0.00120604209704 -0.00364523111968 0.00510289516532 0.014728833581 3.64008 3.64171 -25.2025936379 52.1592528228 -1.42498501631
-104.986 30.7862 -0.000124987070922 -0.000360594837935 0.00205373023794 0.00383121437396 3.78211 3.77224 -6.52024852454 5.30420236585 -0.241006160455
-104.029 30.6689 -0.000375295986579 -0.000892179371244 0.00320206403148 0.00553062528711 3.49266 3.47698 -12.5103593187 13.4040876167 -0.58981979837
-103.402 30.8498 -0.00152814906831 -0.00217399149138 0.00243479499186 0.00445896429353 3.4281 3.42282 -14.1736789646 34.7103647454 -1.99904641948
-102.685 30.7263 -0.000501407164752 -0.0016352950328 0.00551152013493 0.00845386833081 3.70949 3.70376 -16.4086468252 24.0187087654 -0.829098948771
-104.09 30.0609 -0.000452379135044 -0.00027147361243 0.00430375457896 2.84639431798e-05 3.46763 3.4709 -4.31101115877 5.94004201202 -0.521821409674
-103.612 30.1456 0.000252721181392 -9.33539721636e-06 0.0015356906405 -5.65581392332e-05 3.32776 3.32722 -7.22952719936 -1.09143376829 0.23427990223
-102.788 30.1615 0.000241024094518 0.000367410582526 0.000191080245077 0.00359014813163 3.80116 3.79679 -9.09151399127 -6.00777513973 0.346613826949
-115.653 48.9339 0.000621782781594 0.000819756198288 0.0045510309166 0.00144857211046 3.52618 3.52694 -7.71045199657 -11.8609091528 0.849343869775
-114.413 48.933 -0.00119265934192 0.000210429586973 0.0070862053831 0.00690952530598 3.38708 3.38653 -12.0917498822 1.32818465295 -1.0962918606
-113.422 48.9725 -0.00306522694801 0.00299798427469 -0.00262206374364 -0.00639272120392 3.6846 3.72853 5.68347856317 -9.69133370417 -0.880234315168
-112.733 48.9777 0.00292989906957 0.00283039846313 0.00673649399316 0.0100544760751 3.44474 3.47275 -12.5781709411 -43.663706747 3.60088918335
-111.597 48.9482 -0.000178852920128 -0.00100751292482 0.000644192305949 0.00447326122623 3.55253 3.55528 -11.8498656861 12.6052482356 -0.479011324502
-110.699 48.9448 0.00248340958315 0.00192902147144 0.000835767608658 0.00988691818503 3.62673 3.64001 -13.0239960016 -32.2923273346 2.94788873784
-109.846 48.9198 0.00181639486551 0.00175753988121 -9.97766953294e-05 0.00659902068335 3.77389 3.77097 -9.3777822432 -28.9485502869 2.34027881556
-108.743 48.9286 -0.0023037604633 -0.000858767779869 0.003126023344 0.00323722769837 3.55123 3.54472 -9.07922495235 21.3868817664 -2.45585466896
-107.926 48.8799 0.00190966619525 -0.00609549610027 0.00513062309161 0.0088970881583 4.12526 4.11043 -13.4645990837 64.706829798 -0.23429825457
-106.925 48.9912 0.00277996013794 0.0031309975724 0.00204063174354 -0.00597191551278 3.45991 3.45732 1.00657906389 -52.8997419629 4.07181278447
-105.915 48.9926 0.00247016085831 0.00284220377075 0.00361864253813 0.00492441133767 3.63068 3.62802 -6.42888960206 -46.9754342068 3.52525176442
-104.879 48.9592 -0.00490758756091 -0.00120989799732 0.000308066698814 -0.00181397702808 3.65312 3.64917 -1.6354202931 48.2644487943 -4.73993585845
-104.002 48.9239 -0.00119061010199 0.00241838185024 0.00145274569991 0.000719744736395 3.64997 3.65762 -1.25474086687 -16.5515322081 0.428670792783
-115.589 48.4694 0.000572963320283 0.00049141480795 0.00151728627748 0.00146068741463 3.63439 3.63491 -15.7065665961 -7.15484446924 0.652050749351
-114.468 48.3739 -0.000646405135362 0.000421524477825 0.00659462312487 0.00393986347107 3.4304 3.43532 -15.6186894074 -3.5071871154 -0.550492468749
-113.273 48.3609 -0.0002849050742 -0.000711831570438 -0.000164305150554 0.0101188308812 3.77148 3.75605 -14.9616223825 9.36419008941 -0.438448244042
-112.562 48.3129 -0.00155371999025 -0.00127719811869 0.0015668293438 0.00652826513894 3.57077 3.52623 -9.83426789408 21.2094474541 -1.8823475176
-111.707 48.4128 0.00017021164434 -0.000150017475972 0.00369497317902 0.00208075110611 3.4232 3.41867 -13.7471335056 1.22675403052 0.123386650641
-110.799 48.2921 -0.000405859447505 -0.00121128377693 -0.000317930692273 0.00966884863929 3.84018 3.848 -16.8369704454 15.9290384596 -0.674217088269
-109.777 48.3943 0.00173498047404 0.000576610928817 -0.000329055032415 0.00584404306054 3.52733 3.52829 -15.7066192866 -12.7911879569 1.82581984861
-108.944 48.4551 0.00185630286465 0.0019677764353 0.00110091902707 0.00900505589219 3.61044 3.59588 -15.2805259684 -30.5122132447 2.3411426477
-108.021 48.4389 -0.00265156084811 0.000142604751868 0.0055527184268 0.00679647033964 3.60006 3.59458 -10.9165186128 10.8096440291 -2.40910492806
-107.017 48.4278 -0.000627399175916 0.00336847216148 -0.0144912151278 -0.0225607201488 3.41814 3.43474 22.3066756043 -17.4349157221 2.43871660511
-105.996 48.3008 0.00042874433973 -0.00210730155609 0.0101838795909 0.00959015227454 3.42436 3.43304 -14.9874724775 23.6262290527 -0.300116781407
-104.991 48.4643 -0.000561203023214 0.00543187292971 0.00487920394267 0.00614345407361 3.78184 3.80988 -9.37791332157 -59.5856309002 1.88840874394
-116.256 47.8397 -0.000446098834084 -0.00109107634312 0.00446949344267 0.0032689512299 3.57939 3.58263 -5.80147646185 14.3467421172 -0.784804829022
-115.475 47.7092 0.000877279669473 0.000924765387341 0.00323601793411 0.00608501264079 3.51553 3.51735 -14.1119609642 -13.2815938427 1.04799115282
-114.574 47.6795 -6.23485119493e-06 -0.00251502149063 0.000235156321463 0.00570053857618 3.60198 3.60346 -13.1491576889 30.1090155427 -0.594412944876
-113.747 47.7687 -0.00212299214286 -3.86310683117e-05 0.00420732905368 0.0102025537507 3.4641 3.46337 -19.1068230888 4.26335199505 -2.10628911921
-112.607 47.775 0.00110684263339 0.00765518107335 0.00561600159554 0.00675897333984 3.43692 3.44887 -9.5731918204 -94.5139497327 3.51813765472
-111.746 47.8012 0.00181062495981 0.00151198849055 -0.00339962174258 0.00527629083155 4.07302 4.07169 -16.1341663661 -23.4895449971 2.10482256115
-110.763 47.6327 0.000383922655069 -0.000325858203695 0.00616531933803 -0.00042129961852 3.45085 3.45088 -6.74615529537 1.86072753396 0.224398752714
-109.049 47.7343 0.00398489099237 0.00221064304429 0.00313947319292 -0.00815740765334 3.48742 3.49757 5.36868132066 -52.6838299158 4.51411610101
-108.004 47.7133 -0.00247316597638 -0.00245490562326 -0.00441300534668 -0.0178974025567 3.40403 3.40998 13.1827886557 44.3659701419 -3.48431862221
-107.096 47.8264 0.00113368395782 -0.00153973752016 0.00635751687754 0.00568153173036 3.54397 3.55782 -8.36186412912 11.7298052554 0.378213144503
-105.884 47.7456 -0.0026542346571 -0.00200852746734 0.00338477025614 0.0035171756217 3.66795 3.66467 -8.22398922495 38.2431106863 -3.26799156618
-105.184 47.8026 -0.00164503028725 -0.00589589160555 -0.0081095173555 -0.017132479468 3.44263 3.45039 15.0499274813 65.0635792239 -5.57898298184
-104.425 47.5302 0.0006952648598 -0.00125981792288 0.00585787566211 0.0137638099767 3.77906 3.77344 -17.583447678 12.7306082006 0.269993545059
-115.353 47.0528 0.000959331611568 -0.000365567345156 0.00116700482846 0.000418771196221 3.67849 3.67946 -5.0786117827 0.0287652110802 0.767832734506
-114.459 47.0943 -7.98897575978e-05 -8.09503722089e-05 0.000850160041935 0.000248431636886 3.55783 3.5411 -5.76591472517 1.2843338847 -0.103438187857
-113.506 47.0816 -0.00164156112809 -4.65928015816e-06 0.00103453673315 0.00270895261167 3.49902 3.50304 -6.87344696704 7.19058241469 -1.53914122423
-112.52 47.0418 -0.00148002940724 -0.00272816898087 0.00390756477213 0.00930882311939 3.55003 3.5834 -11.4663149168 37.9144351269 -2.203431727
-111.549 47.0308 0.000503615417404 0.000470022064789 0.00150011806761 0.00950596341389 3.49611 3.5049 -12.4574504953 -7.45304473206 0.616871343002
-110.687 47.1523 0.000238124227946 -0.000403517240127 0.00364349062286 0.00769753005501 3.57801 3.58093 -13.749904625 4.05030143971 0.116898633457
-109.802 47.1961 -0.000178363906862 -0.00250801555656 0.000803583391849 0.00201927032427 3.64874 3.65653 -11.4775722079 30.7012595319 -0.99189170663
-108.88 47.1646 -0.00075301071584 -0.00182549434683 0.0055896299259 0.00749133164624 3.50936 3.51399 -14.3087646679 24.9892902238 -1.25761394454
-108.136 47.0911 -0.00220409175034 -0.00195349372009 0.000806254694839 0.00628963022344 3.77657 3.76782 -8.29948659515 34.1549388979 -2.80479818819
-106.994 47.0658 -0.00207330456273 -0.00539815739341 0.00685569361665 0.00622043606359 3.39889 3.41032 -16.4916867569 74.0025265711 -3.53054932145
-106.18 47.1498 -0.00181488519909 0.000180840431365 -0.00101767077065 0.00295498856538 3.86341 3.86952 -2.10996110738 10.3303127182 -1.4476462198
-105.207 47.173 -0.00162652760068 -0.000491781686096 0.00595078985265 0.00630270231442 3.527 3.52325 -10.6953404707 14.40203119 -1.68558323562
-104.327 47.1152 -0.000633647883775 0.00355984132684 -0.0102273599082 -0.0125714482539 3.7612 3.75298 12.6629502114 -24.6704008801 2.23371040045
-115.571 46.4151 -0.0017126806497 -0.00591142674294 0.00218311505463 0.000831628500469 3.56632 3.57025 -0.876486755739 74.8944803721 -4.01263203459
-114.188 46.4423 -0.0017142082155 0.00230759067411 0.00126059227853 0.00418172933838 3.62243 3.63461 -10.991533197 -21.8397858002 -1.03109130898
-113.493 46.4162 -0.000925186780662 -0.000248799192235 0.00943207032901 -0.00119884414167 3.06424 3.07949 -5.774885251 7.0800988096 -0.952212759622
-111.676 46.5336 -0.000766330999413 -0.00070075069947 0.00242478418088 0.00494410398306 3.53586 3.54445 -10.4358432935 11.3807774801 -0.947761361666
-110.858 46.462 -0.000633292001633 -0.00149034016439 0.000241611654887 0.00234350675809 3.55274 3.54819 -7.98524380502 20.4258097837 -1.13452546503
-109.914 46.5663 0.00117910639642 0.000306531544859 0.00502249676576 0.00289428421298 3.38658 3.37653 -11.5350214927 -8.48805594014 1.21503013276
-108.786 46.4611 -1.22529431853e-05 -0.000749238804819 -0.000349394649971 0.00193514645701 3.5897 3.58572 -13.2743155979 9.13818703328 -0.243016036747
-108.13 46.5038 -0.000391083017395 -0.00136221710361 0.00226733213557 0.005108073502 3.44795 3.44787 -12.0825957561 18.0958598268 -0.828983926091
-107.076 46.5408 -0.00149959562564 -0.00195241414199 0.00692792404071 0.00576922828018 3.4993 3.48313 -13.4259510172 30.0924205182 -2.06294636373
-105.949 46.4386 -0.0036070418336 -0.00323902932152 -0.0156109195634 -0.0169834383057 3.86271 3.91139 20.0228663044 62.4173365972 -4.74360418179
-105.306 46.4978 0.00451793182733 -0.0016038192882 0.0140619327951 0.00661736846215 3.1649 3.17394 -12.6842533993 -2.37898314393 3.60277801687
-104.307 46.5608 0.000580614784225 -0.000101183434547 0.000817185144835 0.00428574495099 3.80535 3.82089 -5.19398878254 -2.66426547594 0.451072297216
-115.255 45.7565 -0.000436258913762 -0.00179709143708 0.00199937362594 -0.00195862036172 3.55699 3.55286 0.214489640386 22.3456441837 -1.17141645907
-114.332 45.7893 -0.00340200794453 -0.00327196773313 0.00102383155655 -0.00139764573399 3.33303 3.33956 -3.06920012199 53.9661420018 -4.41464180998
-113.37 45.8122 -0.00209385812076 -0.00482623910306 0.000186488780225 0.00174123252612 3.49502 3.49602 -7.05332960953 65.5484682846 -3.61763210343
-112.493 45.8409 -0.00199352304404 -0.00296655430617 0.000367196710137 -0.00284107243891 3.45082 3.45136 -3.30431871094 44.2218259024 -3.04406492885
-111.626 45.7843 -0.00204527848312 -0.00310972950583 -0.00289160687653 -0.00473592730071 3.54649 3.55148 1.5760006314 46.835837225 -3.32889305884
-110.659 45.9054 0.000280739065171 0.0012807930153 0.0075535894318 0.00395912747962 3.34831 3.35753 -9.68833471284 -16.4667023197 0.69628303501
-109.716 45.9046 -0.00288243744742 0.00122751186485 -0.00125734337036 -0.00344216475479 3.49379 3.49912 -2.34487942365 3.34308126929 -1.97398138339
-108.944 45.8538 -0.000505086639205 0.000141663363635 0.000356912352076 0.00464988890968 3.70546 3.71068 -11.4338523739 0.44183614831 -0.429111211728
-108.149 45.8006 0.00392878050769 -0.00166920987936 0.0166878371943 0.0173335153331 3.56364 3.5667 -17.4586110582 8.49091334526 3.40357234647
-107.123 45.8231 0.00109452577609 0.00193876431319 0.0010792631772 0.00455451603249 3.47829 3.48 -13.629669896 -28.2359302542 1.66243775058
-106.257 45.7794 -0.000508329740582 -0.0030562627125 0.00261231734951 0.00490538905294 3.71667 3.71767 -8.6084855806 38.7521246541 -1.73640447238
-104.445 45.8452 0.000370084362959 -0.00185070930584 0.00582960210506 0.00474263554207 3.77139 3.76699 -9.25825266184 19.708449046 -0.468488071668
-113.46 45.2432 -0.0011543689077 0.00034638359881 0.000574722957298 0.000454320672884 3.51808 3.50235 -3.0637566681 1.83479645453 -0.917849159189
-112.489 45.166 -0.00151469917067 -0.00252503322851 0.002130122508 0.0031502796774 3.41198 3.40583 -6.09845883153 36.5234361572 -2.33318083966
-111.805 45.2285 -0.00252240100852 -0.00185953866011 0.00155445515294 0.00275458968096 3.49917 3.49836 -5.36451633264 33.9678141533 -3.04577347612
-110.74 45.3212 -0.00335316921441 -0.00251962374115 -0.00133174678481 -0.0023115439495 3.55746 3.56661 -0.45877262682 48.455001138 -4.15061620893
-109.563 45.3171 0.000472301617638 0.00107245819178 0.00103077348251 0.00635577598167 3.66188 3.65992 -11.1989766428 -14.9102465746 0.794571709723
-108.214 45.2202 -0.000869269338548 0.00210904488983 0.00596613714728 -0.00150582483142 3.32446 3.32023 -7.39020178759 -20.284733612 0.0588452237077
-107.207 45.225 0.000385964885947 -0.00108418273362 -0.00292897039119 -0.00563141657639 3.6926 3.6865 5.14487679131 8.12648968468 -0.350166311771
-114.855 44.5494 -8.42663224383e-05 0.00367969055026 0.00131526042005 0.0020725801141 3.71218 3.71713 -3.7862964104 -42.188493278 1.27380725005
-111.248 44.7038 -0.00221724470717 -0.00197543251521 0.00334871353244 0.00177463651108 3.4806 3.47986 -4.61948906531 34.2851215683 -2.82595375292
-109.664 44.6769 0.00253585745207 0.00249960869962 -0.000681924994765 -0.00590382129279 3.47914 3.49073 0.927093852667 -44.0770917573 3.45666645296
-108.986 44.6704 0.000418062193167 0.00511886720813 0.000966886792864 -0.00738818570944 3.38259 3.38417 1.28764808858 -58.7899944487 3.04194829778
-107.999 44.4868 0.000238110479383 0.00353171874521 -0.000511089617211 -0.00602941104098 3.43734 3.46099 1.45496792291 -40.1038011998 2.10372984429
-107.042 44.6277 0.00486120658684 0.000798562910679 0.00391094558194 0.00400504663707 3.23661 3.24049 -9.14329448221 -34.1134633954 4.7884954644
-106.352 44.5943 -0.000307979822951 0.00249748967427 0.00128755907289 0.00483438667136 3.62381 3.62766 -7.64898406063 -27.7872368368 0.776903981392
-105.401 44.562 -2.86509733065e-05 0.00550237731936 0.00389198467428 0.00325601753008 3.42102 3.42612 -9.25590890318 -65.5270862783 2.23390299017
-104.552 44.7473 -0.000696193532517 0.0033681727034 0.00141610472371 0.00236963975668 3.65733 3.65685 -7.31299903015 -35.2467863982 0.911641999107
-115.133 43.7945 -0.000189912566581 -0.00198211974872 0.00331628669383 0.00180752943693 3.58355 3.58977 -3.07422758737 23.8060056732 -0.91149280283
-114.117 43.9146 0.00734604899806 0.0063873003903 0.00557749866298 0.00516231391844 3.28793 3.33626 -7.28893452696 -104.977527369 8.98853199886
-113.452 43.9286 0.000901785191926 0.00338460042076 -0.0022999942228 -0.00020574832853 3.65291 3.65889 -0.59808663391 -43.2597409854 2.27912989025
-112.485 43.9997 0.00238489812484 0.000877628554517 0.0024929893518 -0.00179981536341 3.32994 3.32129 -1.90115130686 -22.8681259957 2.53158539707
-111.487 43.8756 0.00175914058227 -0.000701970428986 -0.00060752713796 -0.000527833527427 3.33842 3.30308 -2.98975208906 -1.32292691119 1.29998516369
-110.576 43.92 -0.00104175604118 -0.00229547806838 0.00297820879285 -0.000514830323147 3.31504 3.3077 -2.85917003602 32.1965335672 -1.93767490914
-109.817 43.7013 -0.00230848282029 -0.00374929815604 0.00305261167348 0.000130333653181 3.25922 3.2633 -5.54109561025 56.0012322272 -3.62085296686
-108.994 44.0363 -0.000640656091806 -0.00399738630466 0.00327466806967 -0.00561968414433 3.24581 3.26809 0.620052239499 48.4798028449 -2.59236101561
-108.128 43.9496 -0.00298644161113 -0.0055119787846 -0.00195074594602 -0.00329011172821 3.49559 3.50686 1.25336995444 80.9899542652 -5.456966159
-107.292 43.8122 -0.00430539308546 -0.00390303996123 -0.00315474213498 -0.00504401976221 3.53612 3.56362 4.28575891146 73.9427823615 -5.77474206157
-106.484 43.8924 -0.00229276678023 -0.00427846303777 0.0085614358917 0.0219258661884 3.45386 3.48563 -24.4951590572 59.4033100775 -2.84828803653
-105.463 43.9605 0.00357577516712 0.00265914497443 0.0040094643184 0.00634075400923 3.56398 3.60677 -8.52243224923 -51.3006249469 4.35917091014
-104.626 43.8594 -0.000543831156153 0.000796464309833 0.00359857582991 -0.00527823047458 3.35641 3.38741 1.21347275338 -4.46721236601 0.0132121189045
-114.174 43.3979 0.000257855691798 -0.00155930003394 -6.01482923503e-05 0.00641569686182 3.8217 3.82864 -7.69281466587 17.6387968826 -0.230699869533
-113.518 43.3234 -0.00187195371414 -0.00150362326958 0.00651658077009 0.0131543866932 3.39182 3.39785 -17.3323404563 22.2721241516 -2.07685926807
-112.433 43.3998 0.00242836280358 0.00497337340437 0.00247430760892 -0.000938198099464 3.35795 3.38069 -2.04626498747 -70.1146240406 4.29445222424
-111.612 43.2741 0.00272322325994 0.00548758033934 0.000625478321686 -0.00255053539515 3.38664 3.41102 -1.01747449836 -78.0264763874 4.88749187993
-110.712 43.3629 0.00116124067122 0.00129384430172 0.00106765688823 -0.00296962253232 3.29271 3.259 -1.93334551126 -21.4377319924 1.61550023908
-110.02 43.2112 -0.000238057180459 0.000832243124814 0.00107741057538 -0.000638627082148 3.47 3.43207 -4.28714258951 -8.45560316673 0.129650960665
-109.053 43.2649 -0.00095806397705 -0.00231191786273 -0.00121348143177 0.0042518904129 3.58046 3.55575 -8.18154594828 32.3262486103 -1.73977093362
-108.084 43.3531 -0.00174370262105 -0.00335017841856 -0.000976973208574 0.00386052632726 3.64113 3.62891 -6.82755002446 48.9260462641 -2.94590044701
-107.446 43.3459 -0.00546202695572 -0.00480384113095 0.0029301070053 0.00218151051245 3.37717 3.38307 -7.11429068821 86.1301314542 -6.94494406176
-106.479 43.4126 -0.0021917132049 -0.004902960299 -0.00427091895235 -0.00673616043496 3.55645 3.56334 5.95958276232 68.2364976892 -4.74524403761
-105.552 43.4036 -0.0023124542986 -0.00781054182914 0.00299242181463 -0.00315732809965 3.13313 3.14241 -0.0526243058381 102.829379265 -6.17484132627
-104.661 43.3305 -0.00261141636896 -0.00732525236691 0.00293405161603 -0.00909387269852 3.23433 3.24779 2.35023974398 98.633000678 -6.41638054898
-113.176 42.5452 0.00219022726258 0.000855486440759 0.00497227197836 -0.00370250767988 3.29766 3.2996 -1.1111232382 -21.4792404135 2.34695247359
-112.531 42.6852 -0.00141325832915 -0.00133241213417 0.00266996947632 -0.00189358228606 3.2805 3.28715 -2.4844438951 22.7693337106 -1.8337056692
-111.588 42.8321 0.00186801162948 0.00123682433431 0.00347232834335 0.00823445811328 3.13468 3.15469 -15.2183435843 -20.4532117115 2.08673599491
-110.92 42.7507 0.00576415637222 0.0107981337682 0.00236751120283 0.00476285658291 3.4788 3.52093 -9.29188201798 -154.705292235 8.91005148644
-110.042 42.6372 0.00147715554661 0.00713593447696 0.0014921913195 0.00474571070668 3.55732 3.55871 -8.53800957077 -92.8813201729 3.83573609357
-108.847 42.8247 -0.000430386008107 0.00201517155075 -0.000217973113383 0.00274399509771 3.66167 3.65647 -5.76622075991 -21.6041885449 0.424242189421
-108.342 42.6579 -7.75683442161e-05 -0.00105486415805 0.00134396788749 0.00274517179849 3.57237 3.56314 -5.6168454131 12.904070398 -0.507189551937
-107.251 42.6332 0.000227184604353 -0.000944170526261 0.00461803537059 0.00234801369721 3.43655 3.42154 -6.35773349606 9.98697316214 -0.187195242129
-104.815 42.7225 0.000555667712362 -0.00343918804451 0.00488914727582 0.00691448105666 3.60048 3.58671 -9.08325663688 38.5661834793 -0.898311436512
-103.87 42.612 -0.00430209653479 -0.00248760418494 0.00516663501426 0.00498345951181 3.38648 3.40768 -10.1388726195 53.4713555856 -4.94074433797
-103.178 42.7016 0.00289346482923 0.000465869461327 0.00624167020892 0.00028843610024 3.51515 3.53376 -1.85328087053 -26.181371905 2.6839049613
-113.24 42.0343 0.00068170937415 -0.000124588565826 -0.00175959070449 -0.000520151510467 3.6626 3.66259 -3.7141941309 -1.77183286322 0.585464206787
-112.386 42.0041 4.42290553456e-05 -0.00266467716007 0.00366713026573 0.00143124295398 3.4493 3.4489 -10.4106367885 32.493730289 -0.690952004088
-111.432 42.0149 0.000935388911223 0.00171241771473 0.00379791391017 -0.00153780318072 3.42383 3.40685 -2.74586260551 -24.9367290348 1.55988800951
-110.873 42.0995 -0.00422526766712 -0.0114407742929 -0.00612243881752 -0.0163535022851 3.59379 3.70205 12.4719217664 147.394924455 -10.6064152962
-110.036 41.9243 -0.00118601679152 -0.0034360794579 0.00267888143098 0.00262131958368 3.47038 3.49594 -7.87250788225 46.9559931448 -2.31079806718
-109.357 42.1012 -0.000745668435167 -0.00463003982568 0.000312843196796 -0.00549577668602 3.46264 3.4802 3.61150894857 55.7787872648 -3.1204913438
-108.34 42.0073 0.00392669665866 0.00461274911838 0.00245935392595 -0.00081126360875 3.43429 3.43505 -1.66893507158 -77.1781965462 5.63685534146
-107.369 41.9641 0.000407144108387 0.00343320801038 0.00398617248042 -0.00633619653742 3.25752 3.25153 -2.5957389839 -42.2512193469 1.97129337922
-106.434 42.031 0.000366324440581 0.000463019861415 -0.000186690370981 0.000999486169547 3.57342 3.55978 -3.45446667224 -7.6510787738 0.540772530382
-105.701 42.1143 -0.00134225482947 -0.00108332211729 -0.000989063172572 -0.00144229012462 3.5064 3.49297 0.172307035163 21.5876722669 -1.71343355977
-104.933 42.0432 -0.00297528393592 -0.00247362296779 0.00199239900695 0.0002159863262 3.51569 3.51918 -3.78307709564 47.878155311 -3.8014268589
-112.448 41.4632 0.000714472256595 0.000670322360495 0.0034808331267 0.000644475200995 3.65725 3.63715 -9.79709668205 -10.7760411887 0.87402203473
-111.63 41.3146 7.92249412789e-05 -0.000920126026899 0.00254026124953 0.00481487676306 3.48857 3.45815 -15.1694754278 11.3675464028 -0.106602121197
-110.666 41.4729 0.00123523980803 -0.000922532509982 -0.00143130108511 0.00189500370673 3.71795 3.68083 -4.85036350712 4.8188372223 0.782834828368
-110.067 41.4272 -0.00292207451829 -0.0057455062179 0.00373431850884 0.00294967606098 3.42523 3.41498 -9.42136233874 82.5669972892 -4.60499647037
-109.157 41.5047 -0.00111948067205 0.00146189886195 0.00215136289205 -0.000732728058259 3.46097 3.46648 -0.800184818146 -9.93201483841 -0.30028985769
-108.187 41.4906 -3.25333764643e-06 0.000710975601312 -0.00276053057054 -0.0104856489361 3.51212 3.53566 7.70601882217 -7.36315071261 0.429076902605
-107.364 41.6067 0.00346246557236 0.00451079738655 0.00281203746341 0.0101167547172 3.58326 3.59417 -14.8908267413 -69.2555578629 4.54475121467
-106.596 41.4033 0.00280438844111 0.00265860856402 0.00592002363362 -0.000152510198053 3.35946 3.37578 -6.5442314441 -47.26850243 3.65361869918
-105.722 41.468 0.000824391758425 0.0019711362429 -0.00131173574339 -0.00217449268508 3.51887 3.50671 -0.592943386366 -28.0126521419 1.72652194591
-104.825 41.4676 -0.00112201896292 -0.000615036947435 0.000261993130269 -0.00155029175612 3.46844 3.45701 -0.830621014685 14.8339285278 -1.27772944921
-104.055 41.4347 -0.00112940563614 -0.00239686516366 0.00272418697912 -0.00241181845329 3.39216 3.3893 0.789815982534 35.021242229 -2.27813807895
-102.772 33.9696 -0.00284773486751 -0.0013792994274 -0.00576312701416 -0.00203183784152 3.84153 3.80857 2.55153259283 37.6251673059 -3.14035363454
-112.52 40.8903 0.00258092481622 0.00487618380392 0.00932329123065 0.019749643412 3.5979 3.61142 -26.4201168669 -62.0135266208 2.52945423651
-111.437 40.8869 0.00104159375119 0.00298833045979 0.00419567807854 0.0156046945408 3.50585 3.51786 -17.1802454782 -40.1512024518 1.5211919391
-110.834 40.9425 -0.000261995900258 0.00302761687261 -0.00209997421399 0.0125456777917 3.35992 3.36486 -18.4956167897 -38.1340484691 0.199845547996
-109.673 40.9763 0.00034992673539 -0.000995507426897 0.00198103954358 0.00419536407716 3.61666 3.59328 -7.6882036117 10.5275054637 -0.0208820719108
-109.177 40.8936 -0.00310804450338 -0.00143747699672 0.00293142242914 0.00421798829964 3.46925 3.41566 -9.86078943994 30.7515948925 -3.40488505249
-108.263 40.8338 -0.000933709676841 -0.00313191436979 0.00260545937264 0.00606808207844 3.61487 3.6061 -7.61552316352 42.675969579 -2.02535277899
-107.52 40.76 -0.0045397461726 -0.00314097029666 0.00551411637165 0.00907739322236 3.3739 3.36295 -15.4076537487 55.0144693561 -5.18165867533
-106.454 40.8023 -0.000248935568343 -0.00144860057045 0.00730706377168 0.00447377740191 3.3924 3.406 -18.8063600177 19.4500584873 -0.545644916028
-105.944 40.8947 0.00186747835741 0.00303651210707 0.00212250885092 0.00927846104611 3.5376 3.55668 -11.8463506354 -46.2704361319 2.7735666326
-104.882 40.8271 0.00242482434313 0.00167661062494 0.0021150838779 -2.19769828963e-05 3.44436 3.44112 -3.80275155621 -35.1088978967 2.93062712212
-104.087 40.8132 -0.000379653456931 -1.46368043917e-05 0.00188592258976 -0.00226537028532 3.57732 3.56618 0.49421599885 2.96924456111 -0.32489602702
-112.469 40.2807 0.00474034117042 0.00104159921027 0.00185671750454 0.00699917683647 3.7597 3.7786 -5.63982621394 -33.3044882908 4.81115697396
-111.502 40.2067 0.000488314796488 -0.00314214677593 0.000945031625369 0.0080067074632 3.71169 3.72112 -6.44302939094 35.9698615452 -0.61052770059
-110.738 40.1948 -0.00352201688431 -0.00657846050536 0.00430547121786 0.00390108922317 3.1128 3.13013 -8.44387348251 95.3338104411 -5.42900790814
-110.008 40.2655 0.000672044702951 0.00468732404577 0.00535875212352 0.0139239077563 3.44315 3.45909 -23.5028067582 -61.4531535369 1.00458369954
-109.124 40.2982 0.00256007223182 0.00791584371662 -0.00126440607499 0.00731471084785 3.51819 3.54819 -12.9442284741 -108.673797198 4.56974153746
-108.242 40.1348 0.00228804684486 0.0062225861723 0.00549697691237 0.00818022817722 3.37988 3.38086 -12.1194451511 -87.0363623821 3.99663560994
-107.47 40.2149 0.000171491418249 0.00278822733764 0.00203570902541 0.00401167131159 3.38385 3.357 -8.8140711887 -35.2008212894 1.15398357828
-106.547 40.1618 -0.000934602657042 -0.00103198712275 0.00301432018008 0.00341778380341 3.37672 3.36273 -14.2912269646 16.6102614227 -1.18499732184
-105.918 40.2109 -0.00318562924903 -0.001873295249 0.00617957729748 0.00705872625663 3.18269 3.18914 -16.4531315209 34.8172407001 -3.55450204637
-105.073 40.1227 -0.000406455420693 0.00135505218317 -0.000766395511385 0.00397944827784 3.74417 3.75259 -9.21760115822 -14.6714643004 0.143148231862
-104.12 40.1129 0.00137365579814 0.0033606379178 0.00436144130291 0.00374682339066 3.73536 3.74153 -6.83012465867 -48.7467367814 2.69636639977
-113.069 39.5906 0.000840718504041 -0.00286121209285 -0.00119298611124 0.00620066281422 3.68996 3.69582 -3.91651741858 30.3927342805 -0.235999645992
-112.279 39.5708 -0.00119670796748 -0.00490899637627 0.00125820205119 0.0126978042392 3.23173 3.23803 -13.1760407076 65.0193315704 -2.21262222689
-111.66 39.6092 -0.0014270623727 -0.00303690606648 0.00596936025601 0.0129322891749 3.27578 3.2762 -18.5074338586 41.2900740571 -1.80876237357
-110.74 39.473 -0.00174764692668 -0.00472031269291 0.00398069938979 0.0153025894682 3.38135 3.38217 -20.8388382081 63.3231242495 -2.21549365263
-110.246 39.6279 -0.000431745217681 0.000787490067039 0.00177990376727 0.00582557834773 3.5721 3.60277 -9.08663803744 -8.01442194613 -0.16693729978
-108.981 39.6333 0.000177881675543 -0.00431343482362 0.0126722411935 0.0299597539377 3.45513 3.50173 -22.994404042 56.1583021039 -0.210446443971
-108.391 39.4998 -0.000792763811534 0.000619696191005 0.000603919625545 -0.00311741682181 3.56515 3.59479 -0.303154701428 -2.24230840826 -0.404624440886
-107.449 39.524 -0.0007495247152 -0.000853661377321 0.000732965828738 -0.0048466344996 3.1526 3.17437 0.351388999734 14.7384638114 -1.07421734483
-106.759 39.5952 0.00363362991877 0.00715975420573 0.00933694231513 0.00615447657308 3.21405 3.22113 -14.2053377186 -104.702018508 5.44535705304
-105.839 39.3741 0.00182107330304 0.00643599202917 0.00241300174271 0.00481626619841 3.49962 3.55224 -8.65523627807 -88.9012463265 4.10181093459
-104.908 39.5144 -0.000954261999088 -0.00128649463292 0.00366096508797 0.00900804115786 3.45621 3.44864 -13.7238877359 20.373208358 -1.30244418102
-104.168 39.5125 -0.00228968197302 -0.00125100144781 0.00582531651101 0.0163802658352 3.64522 3.63325 -25.4378015455 20.3921508399 -2.42122727203
-111.172 38.9176 -0.000614352123165 -0.00367216841052 0.00445753730991 0.000181656533239 3.41026 3.40506 -9.73402027972 48.0228258475 -1.62054667436
-110.133 39.1025 -0.00153991838732 -0.00567783074157 0.00053096723517 0.00773730635249 3.64019 3.66081 -16.4323923551 76.5839557775 -2.55129676566
-109.263 38.9553 -0.00251558159939 -0.00278869867402 0.00539921541369 0.0066070541765 3.47142 3.47095 -12.2821629294 44.0574419842 -3.16288056582
-108.296 38.9541 -0.00532048243696 -0.0101839528574 -0.00106170706982 -0.000459015528762 3.55746 3.64071 -8.86761530187 150.275031937 -8.41865574522
-107.574 38.8347 0.00203797669207 -0.000848235140601 -0.000753984356958 -0.00581649201737 3.24984 3.27947 0.591966734562 -3.53658906629 1.3551016422
-106.91 38.8627 0 0 0 0 3.00479 3.00975 0 0 0
-105.834 38.9045 -0.00442330847889 -0.00646798253218 -0.00208705915207 -0.0202078693145 3.27281 3.33639 12.7351595988 103.73866616 -7.65162514343
-105.149 38.9641 0.00798896794986 0.0105455089945 0.00464306390234 0.000221069422549 3.47945 3.59231 -8.9354373374 -171.802145532 11.3735627286
-104.247 38.9145 -3.99561683377e-05 0.00340225957621 -0.00113742386834 0.00355208452655 3.91655 3.92055 -7.97527228246 -41.8316681323 1.33950494216
-112.277 38.2108 0.00103621073688 0.00037899865546 0.00341812030487 -0.00150574993718 3.52502 3.51669 -2.71983279703 -9.59133994416 1.10264893399
-111.483 38.2843 -4.42950886531e-05 0.000588762824707 0.00254553651129 -0.00351084254414 3.35306 3.32943 -5.35750682455 -6.98534873865 0.161187834114
-110.711 38.4187 -0.00114583777801 -0.000686868162656 0.000914501036653 0.00234600642816 3.55334 3.53522 -7.53330837748 13.273830068 -1.30528918835
-109.894 38.3862 -0.00390081594324 -0.00303317386138 -0.00197248368122 0.000329014014968 3.60367 3.59992 -9.01484647175 53.5187284614 -4.64137224834
-109.261 38.2916 -0.000609537867581 0.00106816093395 0.00139058941905 0.00244590094845 3.272 3.26235 -10.3357901001 -11.1161352722 -0.271667300623
-108.379 38.1888 -0.00115176721742 -0.00905713524822 0.00460960537965 0.00412889697224 3.52621 3.51312 -18.9022275039 120.851376319 -2.56250752629
-107.55 38.3685 0.0023307789825 -0.00233527042588 0.00908888961981 -0.00250461396216 3.12382 3.12257 -2.5591024735 14.2005678587 1.06191675921
-106.756 38.2289 -0.00119429149104 -0.00248196972798 0.00337671295455 0.0112457853242 3.58912 3.58405 -9.74795055798 36.6035254285 -1.95682792018
-105.826 38.1907 -0.00518101178517 0.000645556400421 0.0105699646145 0.00951095158914 3.29766 3.3119 -10.2100629779 15.5172233343 -4.65273945808
-105.107 38.2315 -0.00214070834573 -0.00999699019988 -0.00470654983316 -0.0120879679837 3.69016 3.74527 7.06612149956 124.2666372 -7.81792638218
-104.283 38.1474 0 0 0 0 3.1642 3.16672 0 0 0
-111.596 37.7222 0.000680702920667 0.00474759407383 0.00565082122534 0.0169879898132 3.74766 3.75056 -20.0881091539 -62.3276308971 1.0974257693
-110.802 37.6354 0.00276894271726 0.00644483856292 0.000928468017808 0.00283014206386 3.3542 3.3668 -7.59018544532 -91.397209507 4.63866758664
-109.995 37.6903 -0.000652285381174 0.00358217701516 0.00318354206435 0.00151933710995 3.4755 3.46435 -5.5405261186 -40.9389901837 0.666311348647
-108.36 37.83 -0.00148389382974 0.00120672228443 0.00540260711235 0.00104777548134 3.60435 3.56428 -8.13406743673 -8.45107586702 -0.99143456024
-106.002 37.7059 0.0021828852083 -0.00184219363437 0.00507627333013 0.0143102781856 3.73331 3.73639 -14.5361816055 16.2431182076 1.62541067895
-105.213 37.6407 -0.000301263637335 -0.00402740010189 0.00883628250947 0.0117799132626 3.10176 3.08491 -19.9808512963 54.2790576159 -1.01959650552
-104.435 37.6606 -0.00111744329285 -0.000831825946549 -0.000197538506907 0.00682115725548 3.84502 3.8416 -6.46055744654 16.5709139714 -1.36200999289
-111.506 36.9839 0.00362356932683 0.000464266095211 0.00360176341927 -0.00830240442705 3.27021 3.27211 3.54289362298 -27.8513037602 3.40771209536
-110.804 36.9969 -0.00331069125035 -0.00898692742133 0.00519545155845 0.0112657857324 3.47433 3.51303 -13.0527652012 124.406588526 -5.16062903912
-109.874 37.1364 0.00292530469962 0.00137604811175 0.0014428033051 -0.00270517137539 3.64669 3.66986 1.85526156743 -34.1533438363 3.22865555773
-109.025 36.8299 0.000498881120306 -0.00169237447726 0.000233759902846 0.00448815288119 4.00492 4.01094 -10.2210543789 19.6333788824 -0.00349175766535
-107.534 36.9914 0.0033104556015 -2.51382186718e-05 -0.00381695220351 -0.00443999555649 3.56542 3.57868 2.37886824019 -22.127350986 2.8418556492
-106.903 37.0138 0.00021692630474 -0.00105212849419 0.00388344854506 0.000172307284315 3.01412 3.00636 -6.68375486494 12.0157592139 -0.191034354695
-106.037 37.0361 0.00108386107604 0.00124065898058 0.00405157132882 0.0112964259746 3.29395 3.28306 -17.5547993306 -19.3584900412 1.31387211452
-105.052 37.0738 0.000561689138737 -0.000658347405176 0.00717020488979 0.00694453604896 3.34209 3.33112 -15.9730888758 6.78795844943 0.383193166783
-104.411 37.1388 -0.00189889798655 -0.00108582179724 0.00327705039214 0.0080046673036 3.64358 3.64107 -11.4056914156 22.494613955 -2.15133344779
-112.291 36.428 -0.00122493890052 0.00127782827219 0.000638141067342 0.00226610245743 3.82437 3.84649 -2.00465390827 -9.44428306136 -0.656591726053
-111.13 36.1428 0.000616798765843 0.000584883237293 0.00768983112169 0.00624150641296 3.52614 3.52982 -8.47078346302 -9.64146131813 0.756172216425
-110.662 36.5996 0.00169425655663 0.000761859251664 0.00263862945747 0.0156411898574 3.92001 3.88709 -16.1873096985 -13.4324276073 1.793989008
-109.87 36.4199 0.000705450684641 -0.002375020655 0.00541334873756 0.00263365844335 3.36133 3.34994 -6.5647432235 26.5344981994 -0.120091592416
-109.208 36.2925 0.000652461689308 0.00156510684377 0.00137587261756 0.00557296175323 3.48769 3.44959 -12.1872271221 -22.2640143708 1.01543395876
-108.52 36.3758 -0.000454203029509 0.00126525155782 0.0030390766617 0.00286811955961 3.56073 3.50125 -3.80331001818 -13.1275604396 0.0793148381685
-107.658 36.4277 -0.00249428315455 -0.00347632024429 0.00510287591403 0.00354337633456 3.34335 3.31996 -6.32133336008 55.5154639911 -3.58800878425
-106.855 36.3773 0.00282595331429 0.00520009825417 0.00211861783313 0.0156579875351 3.58498 3.60096 -18.21020715 -75.5548174404 3.69188811849
-106.192 36.3289 5.16782539739e-05 0.00310361023869 0.00448976082807 0.00960182832881 3.23411 3.23697 -13.9280866723 -40.7112315174 0.846725247451
-105.278 36.4093 0.000706884347966 0.00617360628313 0.00372405071123 0.00307282035195 3.52018 3.54257 -11.7664547302 -82.7425251664 2.56459023313
-104.408 36.3998 0.00085643995693 0.00582741661579 0.00119641876299 0.00856169387704 3.35704 3.38674 -19.444924558 -80.3046414388 1.9426427845
-103.744 36.3945 -0.000789105398773 0.00273343261715 0.00404745695207 0.00653505944378 3.59449 3.61252 -8.16133899662 -30.3527395726 0.329169904629
-112.173 35.8191 0.000442539242911 -0.00447208168222 0.00291360650936 0.00353680095792 3.71943 3.72401 -0.800367048202 51.4764099052 -1.34179118411
-110.794 35.6218 0.00120785720586 -0.00393983132109 0.00970571928822 0.0366112686322 3.5305 3.53478 -23.6438344028 51.5964164169 1.12977533552
-109.933 35.7113 -0.000399587045596 0.00290932517014 0.00401104287106 0.0559078016283 3.36886 3.36673 -35.1536985649 -38.8746330537 -0.882583584306
-109.046 35.7147 0.00137070031982 0.0113868097722 0.00845830114169 0.0551973925512 3.14817 3.1664 -32.8867176407 -148.463607009 0.0312869877955
-108.466 35.7992 0.00328345675367 0.00883841093902 1.2357973753e-06 0.00430679540351 3.22212 3.25563 -8.29057929811 -125.882616403 5.90407199372
-107.638 35.8054 0.000789488605247 0.00489898601242 0.00423904993391 -0.00209125874754 3.27944 3.29066 -3.60501215596 -64.472536457 2.69495033054
-106.909 35.9138 -0.00183636450091 0.000845767250176 0.00273055501141 -0.0107382744916 3.22984 3.24013 3.00848436791 2.97660224691 -1.13845514165
-105.272 35.7259 0.00247894079579 -0.00160403457704 0.00328001592736 0.0099994951492 3.55369 3.54328 -10.1089555911 9.5734890425 1.81634254814
-104.616 35.8383 -0.00270841204417 -0.00305226914689 0.00561908756984 0.0161749427761 3.42892 3.41608 -15.0789735567 49.7594368075 -3.39718138135
-103.786 35.7964 -0.00434934162588 -0.00315810841221 0.00121810513001 0.00757743770991 3.7223 3.73469 -4.20821222694 65.3455273166 -5.29879900072
-111.532 35.0951 0.00324038421031 0.00430789868761 0.00351594783537 0.00238833337721 3.49726 3.49176 -1.6757590438 -68.5336216106 4.63188728795
-110.713 35.0789 -0.000662110406036 0.00333236167841 0.00112418383401 0.00478178208839 3.5184 3.50983 -4.56761857137 -38.3754468605 0.517635515402
-109.736 35.1181 0.00475360447871 -0.000316970507805 0.00467385935696 0.0209767595687 3.32893 3.26838 -16.8822465388 -5.12048460108 4.65535765993
-109.388 35.1118 -0.00613873763673 0.000690146109363 -0.00089513944691 0.0150896636599 3.47221 3.46711 -10.0518093375 13.0625380619 -5.72901916094
-108.5 35.1259 -0.00144896488097 -0.00171126414703 0.00287201434641 0.0153221375095 3.65499 3.71667 -12.5060610269 26.8795956432 -1.81523992267
-107.648 35.117 0.00106851673015 -0.000206184870482 0.00526184125534 -0.00271551951139 3.09026 3.1042 -2.25280899696 -3.49326552266 0.884385973928
-106.867 35.0719 -0.0014622585251 -0.0015475575406 0.00477222509701 0.00268344996894 3.4738 3.472 -5.26455834758 26.8717465528 -1.94025522361
-106.15 35.1605 -0.00199459638236 -0.000163714871701 0.00787580566928 0.00454833510466 3.26352 3.26903 -6.49810242564 12.0813609538 -1.91372746404
-105.408 35.2106 0.00402134877583 0.00607823080259 0.0113888749221 0.01134259264 3.32135 3.3006 -10.815701665 -95.7744455172 5.70480975391
-104.461 35.2177 0.000558228516576 -5.43541855713e-05 0.00171925538329 0.000201946462554 3.4679 3.42745 -4.18827351908 -2.61527039768 0.480722667106
-103.766 35.0891 -0.00133204983209 0.00168848622973 0.00105025422814 0.00535579342018 3.65651 3.63967 -6.42976420949 -13.9109211872 -0.540435066074
-103.063 35.0637 -0.00594236773564 -0.000409645003823 0.00241748985585 0.0191408779341 3.87352 3.88181 -20.2815642687 20.4736560677 -5.91811202589
-111.441 34.4178 0.00274323554847 -0.00704692418409 0.00508553181971 0.0220677571999 3.54193 3.50856 -18.0669997572 88.8878948004 2.03917963899
-110.806 34.3371 -0.00283788997059 -0.00548510113207 0.00571691110219 0.0117353643862 3.23281 3.2548 -9.61740441441 79.7034139068 -4.12162642023
-109.95 34.5293 0.000767529750708 0.00275452913065 0.0042417744492 0.0256751540611 3.61194 3.61641 -18.2830795532 -37.5633615587 1.07848257199
-109.29 34.4275 -0.00117601323728 0.00255663283742 0.00772505351381 0.0339619479353 3.29905 3.29863 -26.3065892061 -34.4194829847 -1.21972718336
-108.498 34.5421 0.000687632841634 0.00232221619105 0.00458633948554 0.0157284287915 3.58436 3.57529 -15.9236064976 -32.2955721735 1.08317258557
-107.786 34.4457 0.000237916501493 -0.00314773533432 0.00313327086376 0.0133605572855 3.57921 3.57531 -15.6886389423 41.0838583522 -0.356801115846
-107.01 34.5058 0.000753923247718 -0.00345352324228 0.00505922534372 0.00591636882014 3.26058 3.25478 -14.9407998076 43.5539358169 0.00663725473959
-106.188 34.581 0.000107790229749 -0.00194484259302 0.00242237701343 0.0103689804654 3.47377 3.4663 -12.1768499349 25.0808953673 -0.421615404149
-105.435 34.5646 -0.000620455725028 -0.00481251588983 0.000280531970369 0.00301754553182 3.59316 3.63233 -4.86757477669 63.6722699347 -2.4942625245
-104.662 34.5271 -0.00357517029841 0.000295060498394 0.00146806951303 -0.00732944054329 3.39546 3.39094 3.5726087301 23.0683160404 -2.85132272605
-103.81 34.5508 0 0 0 0 3.07355 3.08158 0 0 0
-103.097 34.6469 -0.00051264818376 -0.00890748666895 0.009614220425 -0.0138491620896 3.06759 3.10519 5.0309548316 104.566146138 -5.58837523284
-114.524 33.7503 0.00043193181424 0.00142520072284 0.00103533726526 0.00147921774613 3.74002 3.73992 -1.96249705506 -19.2638329124 0.876260515167
-113.005 33.9383 0.000249981553879 -0.00109325082544 -0.000474761385124 0.00111045912774 3.59223 3.58434 -2.91270959413 12.3908017734 -0.127391706627
-112.333 33.9535 0.00146837823581 0.00257200699626 0.00388089154141 -0.006905421272 3.17077 3.17238 1.16549330277 -38.6770668969 2.38677939541
-111.478 33.8798 -0.00184796796495 0.00268992760242 0.00206960633246 0.00703432392377 3.66653 3.66681 -9.95175779536 -28.8647087399 -1.17186883439
-110.844 33.6953 -0.000252927815476 -0.00579776256785 0.00304085195236 0.00205892583689 3.57682 3.57866 -7.88872897537 74.8785839925 -1.82999374398
-110.034 33.7776 -0.000369789600183 -0.00669850072604 0.00242537562885 0.0145079803661 3.59002 3.60671 -8.67878139305 87.2658764127 -2.17295569838
-109.254 33.9571 0.0011311211639 0.00186460612724 0.00421473261103 0.015261479922 3.85122 3.8756 -15.1309674367 -27.2018565162 1.43692172114
-108.377 33.9085 0.00173979293691 -0.000620887435762 0.00613414998908 0.00770977204874 3.30402 3.30483 -8.85842929456 1.19234095432 1.48432596646
-107.674 34.0087 -0.000724760140365 -0.000520642767575 0.00123771400639 0.0094351677556 3.54218 3.51899 -8.90132869367 9.64877695289 -0.847531275608
-106.965 33.937 -0.00347724703493 0.00300235771083 -2.17522109539e-05 0.00935921213869 3.74026 3.75982 -15.5778174662 -30.726806001 -2.82209690679
-106.921 34.0739 -0.00079190132327 0.0040750769712 0.00310568163173 0.0101776104811 3.43153 3.42464 -28.2113589165 -55.5255454108 -0.879290277933
-106.055 33.9315 0.00331405259537 0.00911371595121 0.00351783952524 0.0168981935362 3.27816 3.31335 -18.1503410012 -130.141572176 4.76420113351
-105.436 33.9257 0.0019330016809 0.00467877590238 0.00512979826255 0.0189513864841 3.46793 3.47672 -19.2076947692 -67.4243506967 2.63209703792
-104.693 33.9229 0.00106747580568 0.0032618221848 -0.000680467622484 0.00650082058444 3.62809 3.63956 -6.79489047666 -47.1279179097 2.20702172818
-103.825 33.9232 0.000973378125846 -0.00185763350625 0.00127941876792 0.000608298805882 3.37267 3.38222 -4.06151653171 17.4549193562 0.0842569914801
-103.163 33.8839 0.0011652200361 -0.000949594549018 0.00593391558178 0.00094061187657 3.23126 3.21108 -6.08891859164 5.51583670883 0.681613917866
-113.657 33.1999 0.0015043109573 0.00152646033134 0.00221411819992 0.00223492684426 3.70385 3.70961 -3.64517377436 -24.9670318719 1.89982834096
-112.946 33.3627 0.00089254248841 0.00212962181695 -0.00071959346511 0.000120012684497 3.78598 3.78539 -2.2010357431 -30.207293663 1.56347340888
-112.158 33.2893 -0.000110070192367 -0.00128677439167 0.000405990179138 0.00870325196069 3.77553 3.7725 -9.92572325645 16.8505043942 -0.389867419893
-111.427 33.341 -0.00187215918818 0.000645226621814 0.00141242466152 0.00355438006282 3.60525 3.60943 -5.72928930655 -0.723445231894 -1.59284879127
-110.472 33.2969 -0.00170749832313 -0.00299121210016 -0.00184360666628 -0.000876461128043 3.88156 3.8804 -5.26858346303 44.9874776091 -2.57132498632
-110.036 33.0851 -0.000723398346598 -0.00449869119141 0.00605114789049 0.0101871459519 3.55808 3.54866 -15.4165595832 60.869568814 -1.39081373532
-109.266 33.2921 -0.000452955090637 -0.00292550449646 0.00287770625898 0.00498979919237 3.5717 3.57327 -3.1435314532 38.7276646943 -1.49793964852
-108.592 33.1132 -0.0014143627469 -0.00513687963582 0.00469608222232 0.0147337918006 3.34576 3.36166 -19.4117804978 70.8071346362 -1.9211388544
-107.671 33.3086 0.0023159230933 0.00458306061417 0.00692851423657 0.0132677367303 3.50106 3.52141 -11.6084504532 -67.9336882463 3.38012928421
-106.964 33.2555 0.000625000941131 4.60476984735e-05 0.00245012533366 0.0209767423449 3.61534 3.62762 -21.0140122999 -1.43512831579 0.62654359986
-106.232 33.2621 0.000172723923402 0.000500692688752 0.00215413669694 0.0133933438403 3.46339 3.47514 -12.734363491 -7.21605150153 0.291302535772
-105.365 33.3298 0.000639741066101 -0.00056701779559 0.00416078235686 0.0167603858114 3.42702 3.42583 -13.0886167772 5.30249344464 0.474774406168
-104.717 33.2797 -0.000735507410383 -0.0020279674389 0.00139317455326 0.00307955086515 3.41403 3.42094 -8.29391223725 29.7565368298 -1.38478800324
-103.98 33.2716 -0.000265419430079 0.000115017539792 0.0019353335756 0.00125113672824 3.50512 3.50083 -4.50643311727 0.0671061272396 -0.194241659847
-103.215 33.315 -0.000360019721822 -0.000111789183854 0.00410132909906 0.00708672818336 3.76308 3.75677 -6.11952331052 3.41959747987 -0.374780107262
