-114.58 32.5356 -0.000252103036329 -0.000354775341912 0.000994919178438 0.00338512731472 3.89621 3.88429 -5.37318078827 3.32279285296 -0.414156987919
-113.767 32.7683 -0.00094614856635 -0.000849270093277 0.00280638206461 0.00463088882152 3.60689 3.62715 -13.5544681608 9.20624313788 -1.23781863092
-112.883 32.7513 0.000248519879227 -0.00168734827173 -0.00132200949349 0.00403748839895 3.92886 3.96124 -16.336714121 10.8633256967 -0.522619118061
-112.228 32.7006 -0.000281920893296 -0.00130522437419 0.00170879706374 0.0036824804513 3.96887 3.96067 -14.7455464012 10.002521576 -0.862442705757
-111.704 32.5618 -0.00211661966029 -0.00133163838931 0.00785553324468 0.0110925293345 3.83139 3.83335 -20.1104456815 16.0583849624 -2.46788392058
-109.97 32.6399 0.00263407539809 0.00536434648181 0.00605957841706 0.0177339616924 3.9488 4.01916 -26.6699939012 -46.8661315765 4.0792133229
-109.303 32.7663 0.00244661977168 0.00360018255674 -0.00281979996488 0.00713774875819 4.10743 4.13096 -12.7155623051 -34.6881256043 3.95287210049
-108.633 32.5466 0.00181083013289 0.00326203534723 0.00206705175854 0.00297448000136 3.70446 3.71332 -15.893318229 -30.0054747918 3.13573484148
-107.785 32.5324 0.00159835337325 0.00166116424997 0.00212251153187 0.00315889890704 3.74163 3.75702 -15.0938040028 -18.0692025801 2.20628601566
-107.001 32.6995 0.000595798502396 0.0012695724702 0.000129902114952 0.00286098452068 4.07177 4.06132 -8.68930378229 -11.2160433252 1.22708390001
-112.812 31.9559 -0.000346394998949 -0.000615853436251 0.00131336516639 0.00474793450194 3.84883 3.84063 -7.85077255091 5.4872178972 -0.6366912251
-111.457 32.0022 -0.00139927210954 -0.000571034883439 0.00313006557288 0.00663425958635 3.82742 3.83335 -10.2799340577 9.78801085751 -1.48482672267
-110.816 31.7748 -0.00195840222017 -0.00171109641061 0.00549227414537 0.0103493468186 3.69429 3.72991 -10.7351372384 19.8740088115 -2.5727644881
-108.527 31.9041 0.00296027972203 0.00241342342199 0.00349251454902 0.00684051244367 3.41101 3.44256 -17.4264288476 -28.2609339003 3.73047028432
-107.778 32.0094 0.00276543014946 0.00161337455269 0.00135486415392 0.00230948806888 3.62165 3.61603 -10.4060275778 -23.4938376198 3.19462383722
-107.101 32.1046 0.000941593522562 0.00101963386508 0.00166424735598 0.00380795171286 3.90245 3.88582 -8.45242464082 -11.2808658264 1.36216298228
-109.991 31.439 -0.00132208086021 -0.00129408392521 0.00823307911885 0.0100614032279 3.64591 3.66302 -12.3913120765 14.4154582472 -1.80303154002
-122.085 48.9983 0.000459880008123 -1.25886350458e-05 0.000330474950436 0.000100755801831 3.77648 3.77912 -0.775642893537 -1.36427053269 0.38746237327
-121.48 49.0983 4.40165016653e-05 -3.1390901594e-05 7.74020433521e-05 -0.000275381698035 3.76195 3.75345 -0.967608239805 0.0250354571931 0.0214673016238
-120.384 49.048 -0.00103230623659 8.54991029589e-05 -7.11070619336e-05 0.000111494617617 3.73302 3.73801 -1.87098861741 2.78738670593 -0.84303539379
-119.272 48.9534 -0.000610300827214 0.000140998364617 0.000257669664017 -0.000138758764276 3.63302 3.64036 -2.85979747023 1.1619851053 -0.454906099563
-118.585 48.9752 -0.000533678481694 -0.000136802372481 -0.000451659458819 6.27916303619e-05 3.70613 3.71067 -2.83100019464 2.43804664941 -0.528503284102
-117.559 48.9813 7.86296404331e-05 -8.15823702959e-05 0.00129586425237 0.00240566959218 3.61578 3.62882 -7.05259642677 0.232213984022 0.0328697681012
-116.363 48.958 0.00187330074864 0.00086098330209 0.00118559458751 -0.000932890457082 3.63905 3.61175 -2.86031257842 -10.9724039892 2.04537536719
-115.653 48.9339 -0.00022020273182 0.000276948339342 -0.00281702787493 -0.000515990283469 3.95303 3.88223 0.173016536098 -0.634004514842 -0.019641920618
-114.413 48.933 -0.00186989748425 -0.000775541053239 0.00049886374318 0.00596830915805 3.78186 3.81357 -9.89776036226 9.83110261891 -2.02089602954
-113.422 48.9725 0.000571272241823 0.000761146438627 0.00310257063773 0.00365631020104 3.43468 3.46577 -10.2580057651 -6.12187429997 0.847158526209
-112.733 48.9777 0.00136551787699 0.000846891998041 -0.00168346050681 0.00205269109679 4.0131 4.01612 -2.23665449046 -9.68867402585 1.60519684847
-111.597 48.9482 0.000216721830225 0.000145400600197 -0.000493273340776 0.00338843733902 4.00457 3.9841 -3.68114940888 -1.60443489509 0.260974351991
-110.699 48.9448 9.0546628859e-05 0.000506432052138 0.000748293585124 0.00302028079957 3.91683 3.90962 -4.23433974406 -3.17069720111 0.354755395887
-109.846 48.9198 1.69430256466e-05 0.000216676272171 -0.000170460064295 0.00213201285895 3.9519 3.95452 -2.50967657777 -1.25755523378 0.140028538337
-121.484 48.5183 -0.000434990459974 -0.000108539423306 -5.96450103803e-05 0.000253221844065 3.86079 3.85504 -3.6796246261 1.85346946851 -0.433587203932
-120.12 48.4607 -0.00109099444381 2.38784645535e-05 -6.96470576702e-05 -0.000102345764717 3.7793 3.77915 -3.70686335994 3.18316734525 -0.938503781023
-119.333 48.3584 -0.000553688531476 -0.000381306273869 0.000515862158448 -4.2880879038e-05 3.77627 3.78371 -4.85230058331 3.74305624031 -0.668814646358
-118.149 48.4226 -0.000387329920169 -0.00037661056303 -0.000609650822992 -0.00082490584473 3.84929 3.84699 -2.93516329898 3.2945696004 -0.526410748555
-117.225 48.2995 -0.000858424677769 -0.00107916140523 -0.000992256024472 0.00218888088059 3.9499 3.95162 -8.79642416154 8.5659157632 -1.24327608872
-116.367 48.4366 0.000467983451626 0.000909829458939 0.00165111616898 0.00369296608257 3.82061 3.83807 -13.5091401364 -6.52516292017 0.769072231439
-115.589 48.4694 0.000821911548656 0.00221663754146 -0.00225165191682 0.000787513792696 4.12719 4.12336 -4.95509273383 -15.0219391001 1.83185357996
-114.468 48.3739 -0.000966691043039 -0.000829398363992 -0.000365113025125 -0.00250821501158 3.81013 3.79271 -2.7498613165 7.98844075414 -1.26323841589
-113.273 48.3609 -0.00156338530145 -0.000799034459806 0.000881493916001 0.00184722413177 3.85397 3.89928 -13.6660071965 8.88160948082 -1.75123929344
-112.562 48.3129 0.000914918320609 0.00039285074956 0.000743138897669 0.000253309450344 3.83856 3.92591 -12.4923097585 -4.89877223412 0.995442855299
-111.707 48.4128 0.00094837276801 0.00105927833095 -0.00152458538657 -0.000226083449082 4.07771 4.08188 -4.56616035889 -9.39320267809 1.37128459358
-110.799 48.2921 0.000208977522166 0.000462187793947 -0.000365157290342 0.000488363401249 3.99303 3.99206 -5.27455180778 -3.38789489707 0.425344197818
-109.777 48.3943 0.000279069936672 0.000215854646348 0.00170788731782 0.0011130464024 3.93224 3.9313 -5.5663669074 -2.26335307407 0.351532666114
-120.894 47.923 -0.000841854280253 -0.000295098345632 0.000325174294861 0.00104358489678 3.84798 3.84425 -4.87749096649 4.05339489539 -0.881415242667
-120.061 47.6902 -0.00132933835152 -0.000481131263605 0.000292666395509 0.000602365263272 3.84061 3.84595 -5.0790841443 6.58698016985 -1.39774769512
-119.045 47.7849 -0.000629289517731 -0.000381760574583 0.000310155288405 0.00111709387449 3.86252 3.8752 -5.77500260894 3.98720139415 -0.735041465502
-118.274 47.8006 -7.11450107854e-05 0.000128711096347 -0.00037930120565 0.00213084805337 4.02218 4.02105 -6.72365511197 -0.512440690089 -0.00319091874819
-117.308 47.8192 -0.00045120542688 -8.26669895508e-05 -0.00115132606776 8.5977945731e-05 3.93384 3.93139 -3.62876556258 1.94774755449 -0.428628482312
-115.475 47.7092 0.00101925484797 0.00109882421647 0.0027246540824 0.00109531790499 3.65783 3.6605 -13.3843776265 -9.14617086207 1.36169685048
-114.574 47.6795 0.00102603494559 0.000668264003489 -0.00087581183002 2.72016866644e-05 3.94737 3.9225 -4.00379243354 -7.30995267747 1.22435667945
-113.747 47.7687 -0.00150211326919 -0.00117985202056 -0.00148727437798 -0.000755959982422 4.00814 3.99088 -3.42628283103 11.9675923506 -1.90309490654
-112.607 47.775 -0.000951804191273 -0.00142098201262 0.00181191078043 0.000423501039065 3.74358 3.7536 -10.5963509488 11.3333138624 -1.48801907486
-111.746 47.8012 0.000328871038907 0.000702785131162 -0.000858046621386 0.000147997892365 3.94106 3.95862 -8.36977860488 -5.20635619146 0.630707120539
-110.763 47.6327 0.000639817558529 0.00017062934687 0.000195662142539 -0.0018705064622 3.80813 3.8118 -3.48420297745 -3.43230581843 0.62294743423
-122.803 47.1109 9.21355005718e-05 1.30369585068e-05 0.000101202201229 0.00217665357904 3.89759 3.89239 -4.15302700666 -0.337325474579 0.0872085436062
-120.844 47.1935 -0.000879821617702 -0.000190291185691 -0.000210390280018 0.0004244257363 3.85482 3.85027 -3.70600177641 3.74075736573 -0.858067573196
-119.973 47.1936 -0.00131393072777 -0.000856897160573 0.000809013889607 0.000132519938314 3.76909 3.77566 -4.28762476991 8.7367297911 -1.56576419569
-118.921 47.0573 -0.00139590134194 -0.000492818061443 -0.00122508258502 -0.000674439381286 3.94002 3.95452 -1.35636614015 7.45418083378 -1.43825950933
-118.309 47.0615 -0.00101439744611 -0.000581343361693 0.00094642246406 -0.000791352838663 3.79504 3.81957 -3.27212087325 6.54258429936 -1.16865811894
-117.276 47.0547 -0.000212106564189 0.000379955656973 0.000407181558295 -0.00123040224772 3.86835 3.8952 -2.29521786016 -1.3089963976 0.0289964535772
-116.335 47.0477 -0.000501176682676 1.13068450897e-05 -0.00286995010607 -0.00122683950525 4.0626 4.08786 -0.740339951387 1.80888941172 -0.404020070255
-115.353 47.0528 -0.000450887122677 9.87492596411e-07 0.00129667816639 0.00213911533826 3.74495 3.77623 -11.2617015754 1.2424834042 -0.408357738773
-114.459 47.0943 0.00179544515594 0.00222163612201 0.00178501869207 0.00249300667864 3.78407 3.77822 -11.5026245593 -18.3432989956 2.5691308751
-113.506 47.0816 0.00055770271941 0.000689106549594 -0.00141487281434 -0.000243060325347 3.9482 3.90619 -2.81544034317 -5.89451053091 0.849040346143
-112.52 47.0418 -0.000985899217581 -0.000141985247369 -0.000371009921989 0.0012692926066 3.93326 3.89506 -5.60072729015 4.33025609461 -0.911209430631
-111.549 47.0308 -0.00074231253439 -0.000389703826947 0.000713474146308 0.00105788379711 3.75489 3.76236 -11.9235056163 4.60009929227 -0.838095140597
-110.687 47.1523 0.000885408186737 0.00057161141527 0.000904288304064 0.00129514852415 3.8411 3.84624 -8.09403940795 -6.43190214703 1.052921866
-109.802 47.1961 0.000119438192981 8.81352835162e-05 -0.00118145510692 -0.000843994274178 3.95164 3.94658 -3.27836257542 -0.972209335254 0.148421943221
-123.563 46.5459 0.000152267648348 0.00043976874214 0.000978915887097 0.00370124561756 4.01454 4.01456 -7.14902376135 -2.81041062569 0.326499361905
-119.855 46.5585 -0.000789385555276 -0.00104181121186 0.00124788206325 -2.26812267524e-05 3.74311 3.7367 -3.49094712684 8.20087780191 -1.21175973563
-119.06 46.4911 -0.00102902512538 -0.00103303328474 -0.000258991118631 0.000229674495322 3.7983 3.79833 -3.19406789635 9.03275275956 -1.41736745068
-118.146 46.5139 -0.00102543176078 -0.00160542694701 0.000216513272142 -0.000242182101589 3.80615 3.81743 -1.74891600076 12.2342623703 -1.73985080581
-117.11 46.485 -0.00114767631455 -0.00211653476365 0.000258257457121 -0.000282168061598 3.82805 3.85065 -2.57852140979 15.5741495959 -2.11680294477
-116.209 46.3559 -0.00118491244992 -0.00147426554219 -0.000637041651244 -0.00191263578307 3.88863 3.9079 0.920277475569 12.3907949817 -1.83409223653
-115.571 46.4151 -0.00104054646309 -0.00186272391964 -0.00110874291048 -0.00249588700027 3.77 3.78849 1.04300279486 13.9135404131 -1.95898889084
-114.188 46.4423 0.000246300735025 0.000254972024049 0.00156617026086 -0.000770682195819 3.59487 3.64063 -9.72616565309 -2.2662769072 0.335906590183
-113.493 46.4162 0.0022614195323 0.00203157748866 0.000368447457181 -0.000719523950041 3.81508 3.85012 -3.87696028881 -19.7676945937 3.00742580414
-112.641 46.4246 0.000249345458437 0.0015845486171 -0.00186618567884 -0.00128900758435 3.93204 3.91894 -0.767678326523 -9.57508036325 1.15399276834
-111.676 46.5336 -0.00105226073894 -3.81604890698e-05 0.000400560790484 0.000462769330582 3.80793 3.7947 -5.16557008668 4.1355620094 -0.902428663661
-110.858 46.462 -0.000264633953769 0.00108626238554 0.000819724544592 0.000730177450135 3.70271 3.71564 -10.421085893 -5.71440463686 0.281355193309
-109.914 46.5663 0.000550940669522 0.00129516393924 0.001433932895 0.00162496461825 3.87796 3.86856 -6.94382676576 -9.61960266594 1.15590446735
-123.559 45.9306 0.000252784307177 -8.61238760381e-05 0.000127122003831 0.000896665195923 3.85318 3.85569 -4.18549588054 -0.282682087115 0.180079423962
-122.419 45.9325 0.000301226689647 0.000127872156081 0.00156805534173 0.000628555733683 3.71457 3.71301 -6.81316091269 -1.54361555619 0.326573396544
-120.782 45.7664 0.000255727527541 0.000800695751509 0.000502739345646 -0.00109876131514 3.62523 3.61923 -3.10027911179 -5.15153819232 0.633721950354
-119.928 45.8951 -0.000369839773117 -2.45818221312e-05 -0.000390086580145 -0.000531366477969 3.79037 3.77954 -1.8865160682 1.40186766898 -0.32433064367
-118.777 45.7971 -0.000134966452722 -0.000791652779426 -8.87392975936e-05 0.000522867016246 3.82019 3.81414 -3.13194159259 4.77299240321 -0.534922731374
-117.909 45.7087 -0.000100961675635 -0.00146117250804 0.00021945722058 0.000205773115779 3.77884 3.76079 -1.96919336354 8.25276018186 -0.894714992355
-117.228 45.9734 -0.000971671742308 -0.00212589509169 0.000575174715153 0.000451876019298 3.83713 3.8275 -3.01543816856 15.0709348452 -1.96921761429
-116.155 45.8883 -0.00106240008125 -0.00190642243977 -0.000332059781434 0.00122475990963 3.95573 3.95729 -3.49157565505 14.3472939802 -1.9276469326
-115.255 45.7565 -0.00128051787634 -0.00159778532722 -0.000667999086329 -0.000783504228838 3.85417 3.85921 -0.529284024238 13.6111923057 -1.97841120056
-114.332 45.7893 -0.00176920869209 -0.00262298685001 0.000312613782318 -5.38981465086e-05 3.7521 3.79021 -4.77543042498 21.2163987099 -2.90209400358
-113.37 45.8122 -0.000793734169785 -0.000484004873411 0.00149689706963 0.000387363868589 3.70804 3.75665 -9.38967644573 5.4325520332 -0.928378793126
-112.493 45.8409 0.000619802669456 0.00111007330155 -0.00143397054723 -0.00152163115 3.83165 3.86026 -1.37591876398 -8.59127976611 1.1610845748
-111.626 45.7843 -0.000189820379358 0.000217468724346 -0.00084940801182 -0.00148392335114 3.75564 3.76242 -0.304158143711 -0.364688425887 -0.0142200124437
-110.659 45.9054 -0.00048297842613 -0.000336701711948 0.000385994851575 -0.000575676073039 3.74299 3.77995 -5.16404180435 3.79896333741 -0.58866291003
-109.716 45.9046 0.000718851580777 0.00124220342299 0.00213185635062 -0.000131491594798 3.75911 3.79775 -6.92901526493 -10.0093042788 1.27422759988
-122.478 45.2059 -0.000526959372191 -0.000375226536426 0.000889278031208 0.00121257780743 3.88113 3.88253 -6.05592439143 3.59848198333 -0.641157022006
-121.317 45.2422 -0.00106225242875 0.000226792672029 8.41663972463e-05 0.00264764372806 3.6149 3.63455 -8.11117778487 1.67920294797 -0.852364252001
-120.635 45.2357 0.000864691053142 0.000975039667601 0.000988081619925 0.00105955235358 3.68091 3.70955 -7.55325060917 -8.00883440275 1.2140884771
-119.669 45.2664 0.000429356290742 0.00034253869 -0.00154794636294 -0.000936828743557 3.84775 3.84272 -1.76657610627 -3.34467623002 0.546941333819
-118.96 45.2904 0.000374632866604 -0.000330034400793 0.000587571965785 -0.000887026943058 3.73058 3.71775 -2.17401050166 0.456794688186 0.13256318477
-117.78 45.2781 1.51275933869e-05 -0.00082820083677 0.000384846410966 -0.000151799224104 3.80776 3.77688 -1.50971168643 4.40215137178 -0.455801934571
-117.12 45.2925 -0.0010450985088 -0.00113995217773 -0.00101142420038 0.000257383287225 3.95775 3.92424 -1.01320225884 10.0736785101 -1.51123300776
-116.268 45.3997 -0.00120072929893 -0.00143191717238 0.000511658221064 0.000441307210859 3.87275 3.86545 -3.42347682693 12.271194934 -1.78836288056
-115.326 45.1285 -0.00078824678244 -0.000908727496465 0.000489148384165 0.00129807010076 3.83193 3.81905 -2.86955950373 7.99420403044 -1.16309729641
-114.233 45.0931 -0.00128114914534 -0.00200822460288 -0.00140872058648 9.06797616574e-05 3.85982 3.84612 -0.640303464692 16.0567196271 -2.23205162657
-113.46 45.2432 -0.00201459165072 -0.00207083485297 0.000821647246053 0.00111929991361 3.75036 3.78477 -7.40344141722 19.0875210765 -2.78755669425
-112.489 45.166 -0.000611135775572 -0.000693633136535 0.00156744640183 0.00122351619348 3.61437 3.65596 -8.76179969688 6.21386114457 -0.874435661667
-111.805 45.2285 0.000548259922267 -7.28899924546e-06 -0.00152990358394 0.000158716014022 3.80703 3.82443 -1.24693443254 -2.26343474039 0.430549894026
-110.74 45.3212 -0.000453539268243 -0.00231800673257 -0.000108587706241 0.0010387482954 3.77354 3.78294 -2.62470641805 14.8361985073 -1.74580975274
-109.563 45.3171 0.000375014190907 -0.0010667346536 0.000149623562851 0.00220711866822 3.83571 3.84229 -3.67776041989 4.50689703767 -0.325513027559
-122.186 44.6837 -0.00045195521994 -0.000168396049199 0.000394843239002 0.0020375193895 3.79438 3.79188 -2.84424558505 2.38277872115 -0.473438935639
-120.335 44.7344 0.000294879959122 0.000150984998123 0.00156810989738 0.00160768859957 3.65766 3.66928 -10.1007305139 -1.67196488959 0.33105420396
-119.565 44.5913 0.00101725958007 0.000728779591769 0.000377379466761 0.000142991050812 3.75051 3.7534 -5.82757771829 -7.33864954705 1.2446008603
-118.67 44.5191 0.00075807121265 0.000324133999579 0.00023617220632 0.000145828071457 3.76389 3.75006 -3.18704292722 -4.44920822993 0.812970911938
-117.664 44.6653 9.11901939916e-05 -5.18629424082e-06 -0.000137766373419 4.48777387405e-05 3.83981 3.81738 -1.39247943883 -0.315009087656 0.071822963987
-116.747 44.589 -0.000905334003408 -0.000573282700165 -0.00127236419578 -0.00015279581157 3.91605 3.89459 0.0617521689193 6.64623636207 -1.06833665672
-116.013 44.7035 -0.00119363597841 -0.000735876066964 0.000288606027817 0.000640421058195 3.79796 3.79729 -2.02765024943 8.59440020881 -1.39986286488
-114.855 44.5494 -4.3852764093e-05 -0.00092092691082 0.00151544884406 6.12524410616e-05 3.6571 3.64589 -1.79253450969 5.2208448764 -0.574553421721
-114.255 44.5642 -0.000729283100522 -0.00117662115885 -0.00161992192625 0.000107799773545 3.83175 3.80203 1.29322646143 9.32976940106 -1.30862577202
-113.367 44.6165 -0.00250353603678 -0.00233308428342 -0.000679108342726 0.000721243356947 3.79618 3.81352 -0.785971274043 23.1103893335 -3.4063776961
-112.644 44.6173 -0.00140486151331 -0.00212019855767 0.00180490800408 0.000529999292543 3.51814 3.55364 -6.300187319 17.5269165915 -2.32044184551
-111.248 44.7038 0.00234735071334 -0.000676973385572 -0.00198835703352 -7.07436355205e-05 3.84474 3.8538 0.0727132438541 -6.7114600037 1.3880182493
-110.576 44.3951 0.000633526656848 6.08087009546e-05 -3.18801712601e-05 -0.00118730933098 3.59345 3.4818 2.04879276075 -3.2847127992 0.513448655367
-120.211 43.9437 -0.000611012874095 -0.000372112118055 0.00244885138995 0.00211397804358 3.77214 3.77828 -10.0384962656 3.86635044226 -0.711676273526
-119.504 44.082 0.000598952425559 0.000858084037971 0.000501157336053 0.00146080700306 3.66182 3.67549 -11.3106813226 -6.68207726273 0.900440366068
-118.569 43.9104 0.000982493850377 0.00137886480387 0.000929669158077 -3.6760077678e-05 3.63738 3.63814 -6.10368342688 -11.067694076 1.54214796165
-117.741 43.9733 0.000535338912995 0.000975197475596 -0.000323691241819 -0.000239740699845 3.8176 3.80027 -2.14362766273 -7.32239110897 0.993049634604
-116.803 44.086 -0.000442958295796 0.000235049529432 -0.00105394768741 -0.000196408607529 3.83403 3.81742 0.415009093648 0.546739728575 -0.209415395613
-115.958 43.9121 -0.000716038638167 -0.000376923771933 1.4832666376e-05 -0.000933891159751 3.67471 3.68521 0.187277461829 4.95170074817 -0.797314073389
-115.133 43.7945 2.20421278515e-05 -0.000772685410709 0.00093408718024 -0.000928267924094 3.5727 3.58624 -0.522166365997 4.08482815798 -0.450691683369
-114.117 43.9146 0.000257698235086 -0.000633166460759 -8.93723390314e-05 -0.000922562772082 3.65738 3.65362 1.64130223408 2.19731637254 -0.208052983424
-113.452 43.9286 -0.0014704273536 -0.00106965000673 -0.00118414751139 -0.00172447124079 3.62432 3.60336 2.8563651669 12.2272103271 -1.81043197959
-112.485 43.9997 -0.0020095601592 -0.00189351806709 0.000834344642489 0.000302294315112 3.53081 3.54059 -1.99696715336 18.8994757661 -2.74408719552
-111.487 43.8756 -0.000847223204735 -0.000503784275288 0.00147293309336 0.000742104296417 3.46368 3.49245 -6.82611224222 6.18100480396 -0.985165048236
-110.576 43.92 0.000906994350821 0.00671336006104 0.000526950019873 -0.00393127971841 3.22664 3.29559 6.31715794129 -37.501683946 5.469940778
-109.817 43.7013 0.000887568654458 0.000223363431009 -0.00466793086287 -0.00284764190271 3.85687 3.8546 4.67305683786 -5.59897458621 0.786030363217
-120.153 43.2515 -0.000518773322243 -0.000126244332296 8.749475988e-05 -0.000637154467689 3.74438 3.74448 -1.2657980934 2.59369172709 -0.498594338852
-119.311 43.3736 -0.000666411216379 0.000343639456466 0.00172417172906 0.000984914638263 3.51308 3.53074 -9.78297210233 -0.0741831861084 -0.443980798127
-118.474 43.358 0.00081949681432 0.00149497450395 0.000441125639203 0.00107382916502 3.62147 3.64767 -8.61398764122 -11.2644773647 1.4245388695
-117.754 43.3471 0.00103810061106 0.00132499431326 3.67031687069e-05 0.000586992946196 3.76282 3.76551 -5.07407840316 -11.1353549834 1.5804867639
-116.767 43.4275 0.000319972450555 0.000551872564819 -0.000555908579483 -0.000227646871834 3.75742 3.7414 -1.36746974352 -4.26096668582 0.582782642454
-115.828 43.4151 -0.000185125156918 -0.00060624560599 0.000192764045655 -0.000227933259619 3.63094 3.61942 -0.762539097691 4.03708133595 -0.512157718123
-115.098 43.25 -5.22917049626e-05 -0.00103818939905 0.000408667594333 7.71809008667e-05 3.64523 3.63789 -1.69763268059 5.9235493158 -0.657796393959
-114.174 43.3979 -0.000379682181716 -0.000727183569651 0.000107559278139 -0.000211543397576 3.64099 3.63028 -0.364366560786 5.55084910101 -0.747197991792
-113.518 43.3234 -0.000921941119516 -0.000603320254813 -0.000461348020311 -0.00036663738965 3.67326 3.6586 1.30108820922 7.30911009399 -1.09396541135
-112.433 43.3998 -0.00217005775758 -0.00170547557581 -0.000650670795728 -0.001398927165 3.58733 3.5754 1.73219106531 18.9464783719 -2.75683428427
-111.612 43.2741 -0.00382161542405 -0.00169254982572 0.000803004897145 -0.000360748627288 3.59343 3.63269 -2.00438496606 25.8987150388 -4.06043029832
-110.712 43.3629 -0.00027914457059 0.00030961895777 0.000487558792451 0.00144976088821 3.64938 3.75027 -8.7202994124 -0.850612427709 -0.0779240471919
-110.02 43.2112 0.00225974156991 0.000708259545263 0.00202431662712 0.00218753996107 3.78886 3.83131 -4.49869222584 -13.5773455894 2.24636087829
-119.247 42.6912 -0.000959860734039 -0.000265784116978 0.00128220451375 -0.00131038850752 3.62331 3.63005 -2.90528343759 4.97144894382 -0.946329004478
-118.486 42.7308 -0.000101984434578 0.000477714305134 0.000128444132794 -0.000546374619541 3.60394 3.63915 -7.17240153445 -2.42392169421 0.147910666765
-117.725 42.6996 0.00133272536738 0.00117786528847 2.189424142e-05 -0.000190127393615 3.63459 3.65594 -6.4833092069 -11.3456767061 1.74730172304
-116.87 42.7779 0.00132088965027 0.00128597961087 1.18227519859e-05 0.000326667841872 3.6901 3.68317 -4.4086585522 -12.142588121 1.80882451462
-116.032 42.7713 0.000683957393224 0.0010058958357 7.18714055729e-05 7.8484788127e-05 3.65784 3.64015 -1.79648550245 -8.27397242413 1.1451255968
-114.903 42.636 0.000652663137931 8.20865646229e-05 -0.000263660784681 0.000806139443994 3.71785 3.68566 -2.14337342593 -3.11528858992 0.574754519891
-114.084 42.6493 -0.000357912943807 -0.000454520403291 0.000585624562134 0.00106937213847 3.68944 3.66857 -3.19165960725 4.01015148845 -0.555528159526
-113.176 42.5452 -0.000721932569153 -4.53585250578e-05 0.000721023926489 0.0012425641025 3.69728 3.67676 -3.4640164236 3.21118131317 -0.612496552626
-112.531 42.6852 -0.00165076577817 -0.000595647919724 -0.000625671453978 0.00033751133132 3.7482 3.72566 -0.411957806943 10.5672135167 -1.65756795277
-111.588 42.8321 -0.00256501809036 -0.00254641931969 -0.000164002778298 -0.000528412106973 3.65637 3.66197 -1.16858141568 25.4356005947 -3.59341189925
-110.92 42.7507 -0.00154200407014 -0.00440231704664 0.000108585041137 -0.000293876964474 3.73396 3.78803 -4.4299607973 31.9159865362 -3.82061097503
-110.042 42.6372 -0.00149233611094 -0.000862818942815 0.000489605884299 -0.000814703298367 3.8135 3.85332 -5.38827391457 11.2586520498 -1.71690677352
-108.847 42.8247 -0.000800541640862 0.000131239017719 -0.000795677239446 0.00083502513586 3.87428 3.89364 -2.39453536173 2.88229621144 -0.543421142221
-108.342 42.6579 -0.000158974532133 -5.66668920895e-05 0.000164825937668 -0.000232656374542 3.78333 3.79879 -1.73347491759 1.05803445965 -0.158632412208
-119.34 42.0187 -0.000147754658394 0.000726986641014 0.000330300147757 -0.000751121620163 3.72779 3.70716 -1.46956752993 -3.36916990932 0.300198653687
-118.344 42.1901 -0.00057021578897 -0.000294584957812 6.19822630664e-05 9.92347929711e-05 3.69115 3.7002 -5.64173587133 3.67657263729 -0.64009662113
-117.667 42.0192 -0.000183613315269 0.000288193481256 -2.2377873297e-05 -0.000146227263088 3.67362 3.68656 -6.96174914763 -1.04529255834 -0.0116258972258
-116.471 42.0773 0.00083829868929 0.00199989788628 0.000672079607425 -0.00030222507809 3.57061 3.58233 -6.20003028293 -14.6152444068 1.76599165537
-115.754 42.1669 0.00175432898322 0.00173682580639 0.000162106002259 -0.000668993930909 3.63982 3.64238 -2.52809724053 -16.7117816844 2.43830529183
-115.016 42.146 0.00131264901509 0.00142828136883 -0.000617500968158 -0.000988119919966 3.71598 3.68643 -0.182374756191 -13.3766779001 1.91581723409
-113.944 42.0886 -0.000167251285984 0.000881230484172 -0.000463035598696 0.000227466542881 3.7879 3.74817 -1.40312711787 -4.16163230759 0.405807622845
-113.24 42.0343 -0.000938216353241 0.00119035326197 0.000320715436405 0.000557880284372 3.72961 3.7191 -3.55906303667 -2.92920370651 -0.064305149505
-112.386 42.0041 0.000152899460427 7.12764696674e-05 0.000957837911323 0.000569098298838 3.70686 3.68872 -2.98328633018 -1.05412541851 0.165146505329
-111.432 42.0149 -0.000823016276669 -0.00131379523814 -0.000988312548971 0.000588841839812 3.88773 3.82029 -0.617685289769 10.9940483039 -1.47112340588
-110.873 42.0995 -0.00293552002951 -0.00181041316415 -0.000209163268397 0.00131383648102 3.95685 3.92352 -3.32210278746 23.0796448305 -3.43363544909
-110.036 41.9243 -0.00249014772019 -0.000802412599421 0.00022629250022 0.00285076460308 3.93819 3.96471 -8.01048006156 14.6626527847 -2.52784946508
-109.357 42.1012 -0.00144830080678 -0.000511496219133 0.000317290086916 0.00189616198099 3.81141 3.83332 -6.82142897506 9.00465751004 -1.48519032725
-108.34 42.0073 -0.000557603184993 -0.00167173759161 0.000158987106114 -0.000669665935406 3.74645 3.76828 -3.1973651143 12.17426416 -1.47430244182
-107.369 41.9641 2.16155246184e-05 -0.00143457182397 -0.00026049737356 -0.00234156000042 3.73313 3.75844 -0.778413171583 7.89175134288 -0.928761045194
-106.434 42.031 0.000472417623046 -0.000310174031467 0.000142728861424 -0.00217451651922 3.70891 3.70933 0.964106660704 -0.736810399185 0.130608830523
-119.171 41.3884 0.00109293576077 0.00272525405967 2.07685266938e-05 0.00161265670471 3.88438 3.86672 -3.72423462022 -19.2521531313 2.41443763748
-118.379 41.4483 -1.12913529016e-05 0.00102214992777 -0.000392752132699 0.000835382708744 3.77234 3.74606 -3.63941293964 -5.68183752037 0.559795800159
-117.45 41.423 -0.000804551424762 0.000522970167553 0.000188445436928 0.00171261572173 3.74332 3.73713 -7.67013060605 -0.322483721661 -0.432380760821
-116.54 41.522 7.36378349864e-05 0.000699193771441 0.000545231621658 0.000427529314715 3.57832 3.59886 -8.46416919558 -4.41459109961 0.410672958192
-115.791 41.4311 0.00142560902183 0.00168093944083 0.000872645713145 0.00033735905922 3.61308 3.62696 -7.39351408379 -15.0437935262 2.08952073158
-114.915 41.4157 0.00135400436591 0.0013056888692 -0.000468810165273 -0.000481322854234 3.73524 3.71633 -2.81518825915 -12.9165321212 1.86329667219
-114.165 41.3602 0.000113792243566 0.00128783894394 -0.000159530515505 -0.00098502165543 3.74109 3.72086 -1.71142201832 -7.66065307009 0.874772311644
-113.347 41.503 -0.000168372592843 0.000853420299753 -9.33055781664e-05 -0.00163265502451 3.65318 3.66229 -0.743979842743 -3.95568604866 0.40336267452
-112.448 41.4632 0.00070526464064 0.000191550924605 0.000605131622633 -0.000524091455439 3.71316 3.71273 -2.09129550846 -4.16167062257 0.674491212391
-111.63 41.3146 -0.000195024651103 0.000407486912812 -0.000128726509863 -0.000183554805115 3.81776 3.7922 -0.11900108539 -1.33214452513 0.114148045321
-110.666 41.4729 -0.00254999995106 -0.00100888216517 -0.00196421188619 -0.000602908326109 3.97816 3.95252 2.8736241331 18.0159857734 -2.54303516533
-110.067 41.4272 -0.00308422615027 -0.001442625272 0.000707718301401 -0.00107685280337 3.6746 3.70241 -1.30082044013 22.4198569366 -3.29502695533
-109.157 41.5047 -0.000695452831936 -0.000612800198209 0.00140715689879 0.000412259347441 3.66325 3.6945 -6.13104055647 6.61145979294 -0.921533953424
-108.187 41.4906 -6.27642830336e-05 -0.00120060500164 -0.000796597956617 0.0020149455583 3.91457 3.91969 -5.43498512906 7.42640294616 -0.761925969647
-107.364 41.6067 -0.000374956586658 -0.00283149005932 0.000435826832194 0.00239308956133 3.91718 3.95018 -7.20846575428 18.8665419351 -1.927198461
-106.596 41.4033 -4.08955927246e-05 -0.00102495366166 0.00260049765084 0.00139920153419 3.79488 3.79068 -4.58585491963 6.25191212911 -0.662159416419
-119.835 40.7484 -0.00063604067085 0.00218574208917 0.00106350918554 0.0010384708884 3.84744 3.87929 -4.93985266742 -10.0943338651 0.629463015388
-118.971 40.7797 0.00223762734618 0.00406503127444 0.00122716356999 -0.00149388248289 3.56671 3.61047 -2.91106081975 -31.1524458803 4.15118659131
-118.134 40.7811 0.00194710292125 0.00245247005707 -0.0014997369991 -0.00120626837588 3.77116 3.76306 0.900320564411 -21.3054705582 3.05379565202
-117.524 40.852 0.000102243128737 0.00152548298699 -9.00765407346e-05 -0.000996082305937 3.67199 3.65028 -2.72556475314 -8.91417551416 0.966062031567
-116.508 40.7186 -0.000171069438124 0.00104584266564 0.00069079870948 0.000918877395493 3.71005 3.71545 -7.89315803586 -5.61953330563 0.385954822291
-115.736 40.8167 0.00103218468282 0.00116721038348 0.000670935334525 0.00089594973089 3.58962 3.60492 -10.2810556007 -10.5683945825 1.46433400643
-115.039 40.8522 0.00174859619324 0.00173092955109 -0.000103473214284 0.00126303237126 3.79262 3.79643 -7.21955785625 -16.759454878 2.39883055704
-114.204 40.8556 0.000576297295293 0.00159185961078 -5.83422172377e-05 0.000914873838073 3.82344 3.80932 -5.2123911154 -11.5770715737 1.37156858297
-113.187 40.8513 0.0003956073856 0.000661077695292 -0.000313566366917 0.00073903591451 3.76883 3.76377 -3.29422981684 -5.46135102494 0.711492724089
-112.52 40.8903 0.000574810631156 -6.91354435313e-05 0.000296916189042 0.00021115044207 3.75534 3.74745 -3.14426846823 -2.08034055442 0.417711275028
-111.437 40.8869 9.59480386998e-05 0.000208773014024 0.000702315849042 -0.000370778593798 3.75012 3.73387 -1.36825952066 -1.60895109255 0.206301077318
-110.834 40.9425 -0.00121250731339 -0.000956962923998 -0.0013843211813 -0.000882467614358 3.79704 3.77895 2.9220852293 11.1173360992 -1.53768780181
-109.673 40.9763 -0.0025182355271 -0.00256550835293 0.000276504441581 -0.0010405886458 3.63026 3.65575 0.752514484008 26.3593682047 -3.5882334217
-109.177 40.8936 -0.000286730085412 -0.00213492280184 0.000417766019027 -0.00107550391874 3.63936 3.71137 -1.00833250574 13.3451800441 -1.60509610123
-108.263 40.8338 1.11373950798e-06 -0.00113551948441 -0.00155872915139 -0.00025400319564 3.89526 3.90511 -1.6704726406 6.43857317861 -0.733237837872
-107.52 40.76 3.01386713114e-05 -0.000858818933895 0.000483636523715 0.000138058198705 3.70227 3.70799 -3.72598360233 4.88878764785 -0.511860377456
-106.454 40.8023 -0.000138505224563 -0.000620142617589 0.0035937140761 0.000743447509667 3.75511 3.75575 -5.58534561514 4.36469837569 -0.485008075653
-119.827 40.165 -0.000167539080358 0.00118436606602 0.00162542939006 -0.0036049718117 3.64966 3.67901 -2.90408536753 -5.9247546303 0.534233534996
-118.877 40.1614 0.000874370461368 0.00150455689251 0.000777370004759 -0.000768841611391 3.5796 3.6354 -5.30352259553 -11.8168696712 1.54644035161
-118.155 40.2903 0.00215287082554 0.00279103067338 -0.000993292943375 -0.00121129445097 3.67257 3.70505 0.862236145191 -24.0901376839 3.42858203638
-117.19 40.1697 0.000889668274858 0.00112938844883 -0.00130890847789 -0.00101616335471 3.80166 3.79197 0.0427785300737 -9.93267580259 1.39955128502
-116.5 40.2917 0.000119268146416 0.0010897556824 0.000298801078676 -0.00109178812407 3.61807 3.61602 -3.0544008857 -6.63292933604 0.732254880066
-115.657 40.1313 0.000318763674783 0.000763144298008 0.000193073617635 0.000227014910869 3.72794 3.74005 -7.41312400074 -5.72818023157 0.672242553004
-114.745 40.2679 0.000995825882547 0.00195554025937 -9.83871090704e-05 0.000706559750869 3.78708 3.80013 -8.32548220639 -15.4607247821 1.86282537576
-113.981 40.1314 0.00113627687974 0.00212502777865 0.000372729288045 0.000701332222369 3.74214 3.74294 -7.27184050906 -17.1148601558 2.10041538032
-112.469 40.2807 0.000990680162799 0.000770266300726 -1.03411768837e-05 0.000398373020368 3.73936 3.72898 -3.31448958367 -8.73639174585 1.25476137858
-111.502 40.2067 0.00106369264614 8.9495809433e-05 0.000879408773264 0.000973983426945 3.69976 3.68644 -4.25763170615 -5.13063762269 0.908120748792
-110.738 40.1948 0.000235231857668 -0.00026805257921 0.00034800718825 -0.00021774239937 3.72421 3.69563 -0.822702454225 0.384322459028 0.00618395474448
-110.008 40.2655 -0.00150969921847 -0.00140865654779 -0.000667329148872 -0.000994541682697 3.76519 3.7368 1.34541934369 15.1757694712 -2.06479909803
-109.124 40.2982 -0.00217988846079 -0.00234591181958 0.000159046663253 -0.000328339759809 3.81319 3.80991 -0.807418869429 23.7597909517 -3.18387266772
-108.242 40.1348 -0.000923695113875 -0.00175008061086 -0.000552586468701 -0.00085730682578 3.77498 3.78665 -0.513020764561 14.39499822 -1.85340093515
-107.47 40.2149 -0.000230429802361 -0.00125420335051 0.000827866217371 -0.00129544671097 3.60468 3.61682 -0.587057637764 8.19319290351 -1.00902695861
-119.898 39.6785 0.000288757258114 0.000955819751621 0.00214911172042 0.00552495737443 3.94195 3.94268 -11.9848602575 -6.66936612917 0.674527223427
-118.889 39.5399 0.00016718238398 0.000367974984188 0.00187238642283 0.000581897388378 3.74104 3.7561 -9.29566840305 -2.75575536169 0.323832621305
-118.08 39.6946 0.00154340884175 0.00186677870767 -7.14275909269e-05 -0.000169482850073 3.73973 3.77094 -4.83027230593 -16.5764287864 2.31761350299
-117.14 39.5516 0.00152416694587 0.00156412911433 -0.000701000275462 -0.000418993593832 3.79651 3.78982 -1.3149556445 -15.0823935566 2.16112713014
-116.464 39.6202 0.00017856001462 0.000687156043456 -0.000235891417541 -0.000266356742395 3.78811 3.77602 -1.61674800297 -4.57788543011 0.55909241341
-115.754 39.553 -0.000304485085625 0.000361561825347 -0.000157406688147 -0.000309646281332 3.75812 3.75601 -3.3840705043 -0.804715466363 -0.0344799874495
-114.908 39.4731 -0.000359797616177 0.00025081787118 -8.73219042018e-05 -0.00031109550519 3.78282 3.805 -6.78885390789 -0.109116797553 -0.166031477278
-114.016 39.455 0.000782551677221 0.00207548248371 0.000153552046651 -0.000340088445223 3.69945 3.73844 -7.91856575114 -15.585914033 1.76590557932
-113.069 39.5906 0.00191849615444 0.00201822037018 0.00095222790352 -0.00107292708108 3.59214 3.60572 -5.71469185525 -19.8662095531 2.7255796124
-112.279 39.5708 0.00214142012546 0.00132758038501 -0.00134376052971 -0.000602027436508 3.72698 3.7203 -1.45492297205 -17.3318806007 2.49843183723
-111.66 39.6092 0.00119859392274 0.00094453299891 0.0011204310089 -0.00062843709465 3.64986 3.62213 -2.9481177724 -10.8364279666 1.52601354071
-110.74 39.473 0.000936481324514 0.00114806303831 0.000422846245429 0.000654591597382 3.79328 3.77123 -3.98252344097 -10.9302574731 1.44098102484
-110.246 39.6279 9.55743976109e-06 0.000979338066993 -0.000317611197912 0.000729368140667 3.87216 3.82193 -1.21372208327 -5.57619628465 0.640395338583
-108.981 39.6333 -0.000759817159713 -0.00108874339839 -0.00106705441084 0.00108468068198 3.99724 3.96855 -1.04509932859 9.87832805646 -1.28755126123
-108.391 39.4998 -0.000971670141259 -0.000871811349336 0.000414783420719 0.00111088171737 3.78697 3.78053 -3.26142507041 9.70704727201 -1.30382689268
-107.449 39.524 -0.00048287775548 -0.00153614972053 0.0018386881881 0.000297722956457 3.65556 3.65639 -3.34738929469 11.3363130869 -1.34737125754
-118.808 38.9383 -0.000255371347363 0.000965545470667 0.00297276073604 0.00511935660098 3.73745 3.75026 -14.5623126648 -5.37077394538 0.156515186192
-117.932 38.8606 0.00130754472615 0.00179386383759 0.000181688621009 0.000965823015308 3.66238 3.70901 -13.776878099 -15.1381563336 1.94263517267
-117.182 38.834 0.0023355401106 0.00252530744419 -0.000197661428217 0.00033439411671 3.72482 3.7334 -6.42763583417 -23.7093053588 3.32831555829
-116.4 38.8247 0.00147741867145 0.00174385127226 -0.000100104000265 -0.000156723786015 3.78724 3.74979 -3.01105114363 -16.0876810509 2.22330733366
-115.654 38.8455 0.000108955803259 0.000816631575497 -0.000371988027616 -0.000569442556453 3.75744 3.7175 -1.05481682882 -5.01908177624 0.594194705888
-114.83 39.04 -0.000797515850945 -0.000110313168396 -0.000196363109882 0.000240990970756 3.76707 3.77608 -3.47030024167 4.01485128435 -0.707473415843
-114.02 38.9551 -0.0003064772295 0.000656596064225 -0.00086994074934 0.00106290915105 3.71784 3.75313 -7.10513007187 -2.7573934014 0.10177497327
-113.277 38.9882 0.00202210544372 0.00166845106801 0.00175051109359 0.0012517966326 3.45817 3.47405 -10.3207844748 -17.8276073 2.58661588209
-112.379 38.9995 0.00220678984358 0.00178700907404 -0.000359515975305 -0.000225124615661 3.66805 3.65874 -3.44444932987 -20.1728803041 2.83847496105
-111.172 38.9176 0.000984403644714 0.000674268762145 4.57088156344e-05 0.000343801853169 3.78961 3.7673 -2.60012856428 -8.4439219176 1.18977457267
-110.133 39.1025 0.000292925323919 0.00143949392558 0.000189076424527 0.000101185959177 3.89046 3.87674 -1.81268261601 -9.62505815999 1.14794605919
-109.263 38.9553 -0.00011400194616 0.000386373761148 -0.00146248613991 0.00027900673076 3.95095 3.93234 -0.379055197789 -1.59674965873 0.17208065957
-108.296 38.9541 -0.000380715973074 -0.00015600360893 0.000101125378474 0.000153999659222 3.71398 3.70994 -2.23999487577 2.76633060204 -0.391336994931
-107.574 38.8347 0.000417278963154 -0.000244294034266 0.00127254320903 0.000507970724282 3.60958 3.61705 -4.0627320846 -0.541082040267 0.172297140048
-106.91 38.8627 -0.000114926707606 -0.000490476505555 0.00108970226359 0.00106728642991 3.73127 3.72365 -2.15041905969 3.4194393659 -0.408320081529
-119.451 38.5226 -0.000350266233793 -4.52263479839e-05 0.00145510278518 0.00611563469126 3.94061 3.94646 -7.70746784134 1.49323643025 -0.32444881316
-118.106 38.3489 -0.000358207710386 0.000278267022935 0.00426642477524 0.00451853785645 3.48728 3.49586 -12.9909443433 -0.654495745209 -0.200680603952
-117.072 38.2397 0.00153303592976 0.00227993391272 0.000296496540811 -0.000456403396482 3.70211 3.7481 -13.1302836469 -19.1972815654 2.38169655211
-116.302 38.2886 0.00229239983525 0.00216778850795 0.000455804335737 -0.000728016087019 3.69502 3.70592 -5.91906597113 -21.8319996742 3.10956575076
-115.585 38.3489 0.000870242614692 0.00168918798383 -0.000140228023616 -0.00124300717578 3.75094 3.73014 -1.58537133137 -13.3262095114 1.72899842366
-114.608 38.3281 -0.000203268601761 0.000424603700614 -0.00141090616395 -0.000974979590463 3.80902 3.79096 -0.926058265564 -1.44237206255 0.111422459644
-113.969 38.1802 -0.000748572542238 -8.53953309077e-05 -0.000853647851073 -0.000797982157787 3.69301 3.71516 -3.38218270515 3.77556431091 -0.648481477438
-113.021 38.2987 0.00121054324059 0.00104968845137 0.000719926270725 0.000532472921546 3.49518 3.5539 -10.0517244478 -11.1324199309 1.57712744331
-112.277 38.2108 0.00356944430118 0.00249207320326 0.00140503737743 0.000272400759367 3.57206 3.59814 -8.28035484968 -29.7158162379 4.35048664926
-111.483 38.2843 0.00139788749798 0.00222000979993 -0.00110475225488 -0.000221094991529 3.82255 3.76372 -1.24414500379 -19.2787781389 2.50033035283
-110.711 38.4187 -4.18385000063e-05 0.00161633022226 0.000138089274722 0.000700087449384 3.88777 3.86684 -3.39404710648 -9.27154176746 0.968751909563
-109.894 38.3862 0.000692908989039 0.00154486576502 0.000640538348356 0.000347414755783 3.84217 3.83716 -2.72949542412 -12.2848883526 1.51460348044
-109.261 38.2916 0.000690737929657 0.00129488559601 -0.0015775205553 -0.000218315313229 3.88402 3.87251 -0.14603651412 -10.7679000378 1.38116539
-108.379 38.1888 0.000176596634791 0.000171679834852 0.000188113887443 -0.00056608026401 3.65396 3.64889 -1.45121268138 -1.87300492961 0.245967167731
-107.55 38.3685 0.000167729356009 -0.00033879114838 0.00136989192117 -0.000743157255709 3.57735 3.57396 -3.0134767678 1.16483660201 -0.0890872014144
-106.756 38.2289 0.000297848698563 8.30610227248e-05 0.000340929843272 -3.57544160024e-05 3.76782 3.76518 -1.5086635379 -2.01409187414 0.277303297507
-117.225 37.7243 0.00104319358417 -8.59754321105e-05 0.00349745038292 0.00514863567514 3.60628 3.63498 -13.1159128383 -2.73038972744 0.896756969564
-116.595 37.923 0.0018571677743 0.0010730494803 0.000749661504826 0.00276676319548 3.6329 3.65073 -12.7132108891 -12.7703079086 2.14168980043
-115.747 37.6444 0.0017110845486 0.00171961789642 0.000577928945589 0.00207075745837 3.82941 3.82762 -8.81836637929 -16.9332691974 2.35442574981
-114.849 37.6083 0.000549353357346 0.00127546653234 -0.000172384549756 -0.000718001890868 3.77113 3.74927 -4.14715759696 -9.80879245569 1.19681124754
-113.86 37.5808 1.81643976829e-05 -0.000113206076766 -0.000628320718667 -0.00145830603791 3.65383 3.63794 -2.07332230772 0.563518416046 -0.0565489632988
-113.168 37.7601 -0.000694080281966 -0.00124956036253 0.000446615661352 -0.00182109647109 3.53882 3.55599 -4.71881381871 10.4204748504 -1.29833473171
-112.363 37.6761 0.000562851827334 0.000251670035145 0.000569687470104 0.000245023820871 3.6664 3.7091 -11.3278072952 -3.69664516885 0.613335042695
-111.596 37.7222 0.00255398394507 0.00418978620625 -0.000630062523437 0.000825072703994 3.85706 3.89528 -5.95140111615 -36.4778201115 4.51580467758
-110.802 37.6354 0.00112164294096 0.00230890413113 -0.000462503823513 0.000376179483039 3.79633 3.80096 -1.51215756565 -18.6737549732 2.35027580441
-109.995 37.6903 0.000760065783036 0.00223579406031 0.000256378194738 0.000134166737168 3.78034 3.78399 -3.05445742131 -16.740916769 2.00075181144
-109.137 37.7459 0.00127158577652 0.00150182262845 -0.000305061745783 -7.48111241724e-05 3.73015 3.73398 -1.78846828959 -14.9815330292 1.94352280127
-107.792 37.662 0.000303448739933 0.000166188555888 0.00162071003944 -0.000146320234012 3.68789 3.68457 -1.96701315265 -2.50266030798 0.337899267092
-115.22 37.2408 0.00129988662985 0.00282080857536 0.00181173888481 0.00122555466278 3.78188 3.76796 -10.2597969693 -22.4129406283 2.53914602233
-114.715 36.7256 0.00147358774991 0.00325660629026 0.00189144211149 0.002475337786 3.63057 3.63656 -16.7975064537 -26.1618256682 2.66742977384
-113.907 37.0195 0.00154649551168 0.0014171169693 0.000238203602081 0.000301659565759 3.68303 3.65545 -5.87749852526 -15.0585616501 2.07980911364
-113.084 37.0615 0.000367932771848 -0.000492233753426 -0.000761008129569 0.000318919966087 3.84989 3.79354 -4.16159687211 1.26800335446 -0.00284429739675
-112.382 37.0183 -0.00171457931214 -0.000608110460293 -0.000471382860923 0.000616801252253 3.79171 3.80676 -5.60842245598 11.1625491268 -1.74571396363
-111.506 36.9839 -0.000835749971281 0.000490883363588 0.00148108536946 -0.000852603186716 3.45322 3.49184 -10.8642955634 0.0671957970734 -0.46419701058
-110.804 36.9969 0.00202229355584 0.0023209553001 -0.000533910296918 -0.00288714634966 3.58419 3.62695 0.428296055992 -23.2666466161 3.05908584595
-109.874 37.1364 0.00139502595627 0.0013466725357 -0.000481481585382 -0.00116698343234 3.73664 3.76106 -0.690528580646 -14.7163098406 1.93744390813
-109.025 36.8299 0.00122110540784 0.00126386232901 -0.000137921795263 -0.000656355589159 3.73869 3.73983 -1.06166270347 -13.5034923126 1.75261631785
-116.33 36.4193 0.000234417067093 0.0014588654818 0.00282279814254 0.0107020001688 4.1292 4.14156 -16.6738324529 -10.3473498016 0.798349346304
-115.383 36.423 0.00126825352451 0.00383164565632 0.00285467584288 0.00376044559843 3.7205 3.77029 -22.0298697355 -29.4463323353 2.42139637403
-114.539 36.4321 0.00212082020347 0.00356295799704 0.000319641253393 0.00277260453124 3.55263 3.60241 -16.1944401761 -30.3148576685 3.41499172011
-113.965 36.4151 0.00370303883336 0.00361099908376 0.000333069206207 0.00148897049181 3.67881 3.67077 -11.3171674313 -36.7640275278 5.00735055939
-113.18 36.4182 0.00101215490034 0.00210260248966 -0.00119601612151 0.00205726287176 3.93578 3.90214 -6.72531663196 -17.1621286501 2.02809281589
-111.13 36.1428 3.29109290277e-06 -0.000138392144635 0.000994662998759 0.00374368262043 3.83291 3.86195 -13.1653446447 0.907643633666 -0.0643195072699
-110.662 36.5996 0.000857520432013 7.82596084539e-05 0.000269910012946 0.00321485516615 3.97988 3.97418 -11.3983780644 -3.85300700456 0.776273561124
-109.87 36.4199 0.00128389303519 0.000553764152797 0.000257088006044 0.000138789946625 3.77077 3.81412 -4.80798432708 -9.38606151768 1.35386818149
-109.208 36.2925 0.000651115771846 0.000298328826695 -3.26359564228e-05 0.000155702724792 3.84372 3.87883 -4.44688879999 -4.92843952079 0.695428960526
-108.52 36.3758 0.000680975239147 0.000929995919136 -0.000660359723279 -0.000207635605088 3.88537 3.90153 -1.83871703109 -8.90610091708 1.12539671124
-115.43 35.8384 0.000596958734504 0.00171703669908 0.00821404364153 0.00010449654552 3.43363 3.45476 -13.4778640953 -13.200399041 1.31768294712
-113.984 35.8522 0.00306495354667 0.00407636853844 -0.00148926272914 -0.00117408799723 3.58258 3.62432 -13.216184914 -37.4506427806 4.62180897322
-113.105 35.6339 0.00327498519333 0.00508236732607 0.000272082364544 -0.00135503314703 3.68784 3.69996 -8.24129601068 -45.3917857142 5.53210261942
-112.173 35.8191 0.000905910857438 0.00136744189355 -0.00102305753179 0.000531719567811 3.83501 3.8047 -4.30288640998 -12.3640405015 1.55229579995
-110.794 35.6218 7.11013217019e-05 8.19337363527e-05 0.00154111308083 0.00274078872545 3.82347 3.81634 -10.6486172972 -0.820926985626 0.103626597363
-109.933 35.7113 0.00108895844546 0.00104165919981 0.000483987631201 0.00165915444112 3.75181 3.72 -10.5618042599 -11.2775809894 1.47665598057
-109.046 35.7147 0.00102839848884 0.00130592317815 -0.00012486359333 0.00137523446995 3.81737 3.76709 -6.63348647872 -12.9145277593 1.60334427557
-108.466 35.7992 0.000105994646674 0.000939928906908 0.000253192872594 0.000273748900352 3.76508 3.73011 -4.19648407429 -6.21341873948 0.675249713236
-107.638 35.8054 0.000269992611932 0.000191684270123 0.000252934294427 0.000298356433669 3.77628 3.76923 -1.19503853626 -2.54336205399 0.328605869336
-114.87 35.301 0.00024829513398 0.000558990762084 0.00729321876103 -0.000439777537603 3.5049 3.52834 -17.9571052505 -4.53345734446 0.448258937089
-113.083 35.2127 0.00290246672055 0.00358390235141 0.00123912385759 -8.06098420256e-05 3.59773 3.68744 -11.6275010566 -34.3619989209 4.31003010676
-112.267 35.1787 0.0027751205685 0.00401361986901 -0.000207112328103 -0.0032845305636 3.67224 3.67601 -4.42125254168 -37.0261716481 4.64918957524
-111.532 35.0951 0.00128782535192 0.00135199093764 -0.00200826922847 -0.00415192220986 3.76288 3.73627 0.161770327512 -14.2891447456 1.86294628012
-110.713 35.0789 0.000234940513445 0.000693171858368 -0.000777701551229 -0.00187492424683 3.71572 3.6893 -3.20991079538 -5.27762072371 0.621928767538
-109.736 35.1181 0.000532775035664 0.00126222969857 0.00395332055481 0.00046046991839 3.62 3.66684 -12.0930379708 -10.5441904662 1.10570101869
-109.388 35.1118 0.00173913597657 0.00189523945724 -0.00357484325427 0.000882389568882 3.91734 3.94443 -7.9531159082 -19.889027391 2.51354504455
-108.5 35.1259 0.00106440225772 0.00157247587534 0.00128766561261 0.000787545227724 3.71181 3.71934 -7.86565439919 -14.9080193779 1.78093657812
-107.648 35.117 0.00122079775671 0.00105803973545 0.000449822076611 -4.9442502e-06 3.68212 3.67669 -3.1157212016 -12.642322552 1.61547276925
-106.867 35.0719 0.000182627087446 0.000523238731204 -0.000339079298164 0.000527463171742 3.80101 3.79943 -1.05849194196 -4.03867433767 0.490626811299
-113.83 34.5935 0.000366863330799 -0.000869701692565 0.00320209292043 0.000758948096624 3.61028 3.64517 -24.8878462716 5.47306904748 0.099438282061
-112.891 34.4692 0.000946027543329 0.0021840388042 9.71220073413e-05 0.00442015202528 3.87074 3.94598 -20.7764411383 -18.0978010732 1.67462925173
-112.237 34.4866 0.00286778874525 0.00350734528845 0.00216717278802 0.00423548947132 3.51548 3.57337 -24.8271956306 -32.1876755764 3.78829878784
-111.441 34.4178 0.00414777698224 0.00189335203759 0.000324647784454 0.00289924325827 3.84309 3.83424 -6.87275003818 -30.5260389482 4.47289343762
-110.806 34.3371 0.000698109736957 0.0010729765263 -0.00143629219466 -0.00237674778835 3.85862 3.80251 -0.93132831343 -9.81508990948 1.23621849149
-109.95 34.5293 -0.000731165496159 0.00107486029334 -1.96311475528e-05 -0.00170736161109 3.82352 3.82453 -5.43942616678 -3.15477085324 0.0777619919516
-109.29 34.4275 0.000111145124734 0.00134018823396 -0.00074577862696 -0.000716201268997 3.66796 3.68778 -9.25232080433 -9.20571698272 0.843518752204
-108.498 34.5421 0.0014230214743 0.00125411368828 0.000499547893472 -9.45887768564e-05 3.61051 3.61963 -7.64230297176 -14.6194605527 1.88833171201
-107.786 34.4457 0.00095643575281 0.00136142821614 0.00106777119597 0.000927743048077 3.60301 3.59121 -6.32022437456 -13.2200693749 1.58834596561
-107.01 34.5058 0.000550659277528 0.000837805656798 0.000643148975975 -8.775455789e-06 3.71536 3.71372 -2.08190866417 -7.92610221601 0.970276713904
-114.524 33.7503 -0.000279869816581 -0.000947026228729 0.00182807494893 0.00565258044517 4.04613 4.03637 -13.0616505719 7.28743935489 -0.699947039934
-113.829 33.8142 -0.00210783836259 -0.00190209088203 0.00049036303296 0.00333447934018 3.81493 3.84075 -16.8678121876 19.8661016789 -2.71534297111
-113.005 33.9383 -0.0014043584551 8.14156548932e-05 -0.00427432687214 0.000278022301956 4.0195 4.14197 -22.0901327133 3.10265856139 -1.29088599663
-112.333 33.9535 0.00276276579819 0.000266618780966 0.00578554105862 -0.00174859836267 3.35127 3.41241 -25.4189871979 -8.16476002096 2.72007489342
-110.844 33.6953 0.00201609604128 0.0048139503741 0.0025635635082 0.00592643187797 3.82425 3.80115 -13.5312339667 -40.4586333822 4.12320059241
-109.254 33.9571 0.000684715713104 0.000310214500046 -0.00142525248057 -0.00117395367658 3.66866 3.69064 -7.48764182031 -5.15780308649 0.736277275692
-108.377 33.9085 0.00103164128486 0.00140156934009 0.00117725944903 -0.00153144293825 3.50373 3.5332 -7.78608301508 -13.8446476351 1.65874909549
-107.674 34.0087 0.00142185127771 0.0017894445674 0.00082459813349 -0.00169385012157 3.55212 3.57652 -4.89506863468 -18.270251553 2.2324782541
-106.921 34.0739 0.000412265659338 0.000587445072016 0.00151580868163 -0.0016997421545 3.78581 3.78347 -2.81248761015 -5.73296703944 0.698037649984
-113.657 33.1999 -0.00106617864005 -0.00114657218819 0.00353077861972 -0.00115138519855 3.67487 3.66828 -14.2273651778 11.5728477449 -1.47924823675
-112.946 33.3627 -0.00107609841388 -0.00236835411915 -0.00179619777865 -0.00288107940332 3.71351 3.71657 -14.7011521604 19.9669980537 -2.05281280302
-112.158 33.2893 0.000263654436994 -0.00210140755793 0.0069194786184 0.00255838885508 3.64103 3.6091 -22.1511873982 14.5336838951 -0.48903584976
-110.472 33.2969 0.00244773972498 0.00381884461236 0.00389323562298 0.00640871930254 3.68971 3.63805 -16.231882857 -35.485322739 3.91447594971
-110.036 33.0851 0.00301369626402 0.00415469904318 0.00083294827649 -0.00158116396958 3.80711 3.74364 -9.18475668948 -40.5664052354 4.82926156116
-109.266 33.2921 0.00108624666881 0.00128868303181 -0.000590573625688 -5.67877187608e-05 3.82383 3.72424 -9.09007636615 -13.3245842974 1.62558881682
-108.592 33.1132 0.00051115432248 0.00144481056569 0.00105686275151 0.000690341219889 3.59828 3.52966 -13.6638044377 -12.047463926 1.16969117146
-107.671 33.3086 0.00110187079104 0.00117663800054 0.00294417116227 4.14135645809e-05 3.73073 3.65936 -8.97339250002 -12.8522164654 1.57887682395
