-114.58 32.5356 -6.07365954726e-05 3.68554683235e-05 0.000526160316001 0.00180725558344 4.10137 4.12006 2.37018713436 0.495622863844 0.063473700583
-113.767 32.7683 0.000106739552281 0.000113274774657 -0.00308888207016 0.00154800302913 3.74596 3.76673 8.28064484089 -0.0964830170408 0.0231255995523
-112.883 32.7513 0.000620156870863 0.000627933920522 -0.00051205404713 0.00050404560292 3.88742 3.75335 4.36997965492 -1.08178434838 0.168111820433
-112.228 32.7006 0.00045819575584 0.000854659842982 0.00114462345791 0.000700315413347 4.15911 4.02065 -1.83983476924 0.00611675574309 0.536000651568
-111.704 32.5618 0.000241240229481 0.000704811565796 0.00126488954968 0.000207526205457 4.08508 4.06666 -4.49404005531 0.597773694478 0.531094218016
-110.739 32.5716 0.000423222172657 0.000331019068508 -0.000624854393961 -0.00238242746583 3.73529 3.74365 -3.79979970906 -1.57193847545 0.107756013116
-109.97 32.6399 0.000156909054662 -0.000314465877935 0.000196661522269 -0.00147051638966 3.71662 3.74158 -3.9532218679 -1.89339208282 -0.351438389356
-109.303 32.7663 -0.000167679441695 0.000358792629636 -8.60482536489e-05 -0.00176462621111 3.75668 3.74688 -5.23955012654 2.04407041385 0.396038310691
-108.633 32.5466 5.11919695909e-05 -0.000303396207612 0.000400820875242 -0.00181137675054 3.83374 3.83877 -3.53265489012 -1.22743877218 -0.293585795311
-107.785 32.5324 -0.000600637976746 -0.000390760039162 0.00112867667919 -0.000945996530917 3.87926 3.79351 0.605185035456 2.07094847213 -0.0228181657018
-107.001 32.6995 -0.000664558991424 4.74266947234e-05 -0.000731848960871 -0.00026056854373 3.85297 3.78943 8.07374272866 3.61510802497 0.453621470837
-106.262 32.6349 -0.000102531303463 0.000123389211654 -0.000633817889292 0.000810895278659 3.87001 3.88388 13.1364034121 1.04830912162 0.159993290684
-105.454 32.7001 0.000540382737454 3.72304569264e-05 -0.000573754956823 0.000159613229592 4.01345 3.91735 10.8415801714 -2.47012032899 -0.332118982917
-104.657 32.6588 0.000489306654439 0.00020207430188 -1.55784197212e-05 0.000392271513874 4.20172 4.07718 6.7382450961 -1.71092064379 -0.139509846729
-104.02 32.6462 0.000330282589742 0.000316653894322 0.000276516440017 9.68131172109e-05 4.33201 4.16528 3.13130129845 -0.617110936812 0.0765172668793
-103.357 32.6764 1.74928669761e-05 0.000373698401981 0.000440676033019 0.00060078812386 4.43433 4.31855 2.45208524786 1.23446111944 0.301762093656
-112.812 31.9559 0.000232736174486 0.000287656722906 -0.00220879651351 -0.00399067392922 3.64779 3.68149 -0.671683671686 -0.439419851571 0.137935028812
-111.457 32.0022 0.000553377211794 0.000194749783142 0.00199887616125 -0.00171250109352 3.96222 3.99553 -6.13586700621 -2.94010695698 -0.04588132818
-110.816 31.7748 0.000582944796631 -5.05442651604e-06 0.00083234792062 -0.00029266626606 4.04997 4.0284 -4.31947485288 -3.6252487933 -0.257486334648
-110.046 31.9737 0.000221909370582 -0.000267484629546 -0.000276753677586 -0.00178025707642 3.76013 3.7383 -3.51589455426 -2.17065083252 -0.338631801121
-109.259 31.9989 0.00032052139141 -0.000573592823631 -0.000449808593737 -0.00041274731736 3.86634 3.8968 -0.572102378549 -3.81430818033 -0.657043963859
-108.527 31.9041 3.93157713593e-05 -6.06019100402e-05 0.000651850260713 0.000918694067774 4.11189 4.00304 1.32556143064 -0.440820897308 -0.0722194386971
-107.778 32.0094 -0.000708193641898 -7.09127440938e-05 0.000245934637663 0.00101941447554 4.02456 3.95266 4.16901788472 3.63767017411 0.344153297161
-107.101 32.1046 -0.0012202676394 -0.000101802696168 -0.000354288787258 0.00103582281838 3.78656 3.81393 9.53634201897 5.78399475649 0.708190428871
-106.428 32.0062 -0.000394398209545 -0.000209403785872 -0.00169231404015 0.00163185515864 3.70268 3.78294 13.5324733831 0.911283789592 0.12439886042
-105.523 32.076 0.000378812991624 0.000312892843718 6.78049081442e-05 0.000821716812254 4.03088 4.09681 9.83530781127 -0.556281179557 -0.00855940961981
-104.823 32.1101 0.000455047990906 0.000339231711216 0.00037891718781 -0.00016322112439 4.07799 4.08156 4.94113320039 -1.12251288434 0.00958734123153
-104.101 32.0618 0.000184734786919 0.000536884230537 -0.000367169443131 -0.00023053054748 4.11098 4.07399 3.09606925103 0.955883940972 0.34226885439
-103.292 32.012 -0.000112640196118 0.000854307774953 0.000543396753133 0.000313197319669 4.29283 4.28668 1.3199723063 3.57455558125 0.782838608276
-109.991 31.439 0.000381396712936 -0.000225870229322 0.000550434539805 0.00285937002135 4.22634 4.17829 0.737313300834 -3.04379558893 -0.389254293332
-109.281 31.3757 -0.000206039441206 -0.00029521724712 -0.00138809978923 0.00154626380079 3.99142 3.95171 3.19979983621 0.0685471548984 -0.133526369897
-108.528 31.3369 -0.000309398021076 0.000235161072598 -1.16414721118e-05 0.00198640227195 4.16185 4.16191 2.81581227112 2.6381532929 0.365753116143
-105.483 31.4425 8.34790500023e-05 4.05654779391e-05 -0.000968476313443 -1.57868624621e-05 3.86393 3.88559 6.40312370934 -0.281638987055 -0.0177419510191
-104.971 31.3711 0.000215052062898 9.3308749257e-05 0.000698208696898 -0.000771194189047 4.10735 4.08871 2.95765481223 -0.847490977628 -0.0409534402696
-103.979 31.3165 -0.00031950956422 0.000579474570669 -0.000840517472911 -0.00036185650178 4.02683 4.0067 2.9294831855 3.86553259657 0.659512755507
-103.492 31.3691 -0.000339320964834 0.000761412290643 0.000293323810868 -0.000650032729913 4.14885 4.22251 -0.802068122817 4.41934696823 0.829246010849
-102.81 31.3818 6.36151420209e-05 0.00079516690974 0.00181329836902 -0.000477373273232 4.1807 4.15431 -2.27241043248 2.10855381749 0.668735863179
-104.986 30.7862 -6.76357527031e-06 0.000142590050094 -7.554406221e-05 0.00182513798603 4.04763 4.03764 2.78445418189 0.559771347166 0.123053814944
-104.029 30.6689 -0.00035165062622 0.000403559138506 -0.000725528148882 0.000369940947413 4.07675 4.099 2.19518463178 3.4186734008 0.529473043399
-103.402 30.8498 -0.000490759608817 0.000443339211226 0.000250519838666 0.000417264148807 4.15621 4.25182 -0.204669750383 4.27758797953 0.630467258242
-102.685 30.7263 -0.000265274928564 0.000718703668928 0.00156067211915 0.00131149256467 4.30775 4.37147 -0.404399483513 3.88624443378 0.754735048135
-104.09 30.0609 -9.54790231933e-05 0.000397154599385 -0.000223089455697 -0.000347909051398 4.06228 3.94168 0.775528156251 1.92416313278 0.389548556843
-103.612 30.1456 -0.000532135452784 0.000385748680573 3.74600449699e-05 -0.000499378701047 4.07968 3.88072 -1.34103181208 4.36075902274 0.595212048487
-102.788 30.1615 -0.000426181075889 0.000202161284282 0.00163270122211 -0.00132857122844 4.09715 4.17603 -2.2996605176 3.12993694114 0.378917972419
-104.133 29.554 -0.000256619492974 0.000253008955797 0.000349848654404 0.00157965254599 4.11878 4.13945 0.179601184607 2.36272916738 0.347891535991
-103.389 29.4528 -0.000370284194413 0.000271183519941 0.000582581273203 0.000306147930905 4.11639 4.1936 -1.90355713234 3.06331882154 0.41405064915
-102.888 29.4862 -0.000111496244014 0.000109302199709 0.000900388865103 0.00120951393485 4.15798 4.1397 -0.740885896202 1.01231314538 0.149980070035
-117.559 48.9813 0.000109435379666 9.87219820634e-05 -0.00104750011497 0.000382528991654 4.00724 4.00628 1.07738012147 -0.170246805846 0.0156573917322
-116.363 48.958 1.08006233684e-05 0.000206962121852 0.000361666979242 0.00105684216444 4.1671 4.09985 -0.624197651675 0.598731173264 0.164229831574
-115.653 48.9339 -0.000295384984273 8.54457808572e-05 0.000870579193966 0.000796661489777 4.21081 4.15911 -1.12672939532 1.60234375795 0.237013902678
-114.413 48.933 -0.00011340352497 3.58237836328e-05 -0.000994338893741 0.000140781418505 4.00266 4.03596 -0.0870252119801 0.613773928562 0.0952525917884
-113.422 48.9725 0.000144708234126 2.68114585611e-05 -0.000253056599496 0.0016557052928 4.14635 4.16352 -0.222567087901 -0.54705841744 -0.0630264417448
-112.733 48.9777 0.000118856608606 9.85742232584e-06 0.000430941223507 0.000607614832511 4.18284 4.17792 -1.98263355926 -0.496131489075 -0.0588145298402
-111.597 48.9482 -9.68712135921e-05 2.76491421733e-05 4.02131820494e-05 -0.000435354581595 4.04823 4.00834 -2.15421544695 0.507176203037 0.0775581892488
-110.699 48.9448 -0.000194073469916 7.19215876187e-05 -2.61931959874e-05 -0.00193441732387 3.95305 3.95608 -2.88158611374 1.06008094841 0.167995080107
-109.846 48.9198 -5.84504147861e-05 6.6923283881e-05 0.000200137884895 -0.000653999092534 3.97168 3.97888 -1.7971636612 0.451956956233 0.0883823821035
-118.149 48.4226 2.15377347702e-05 0.000104978437345 -0.000492808889565 0.00045382449868 4.04388 4.04135 1.15501424341 0.245651595533 0.0728286505722
-117.225 48.2995 7.10222606921e-06 0.000212231051211 -4.78462724834e-05 0.00011382630196 4.07948 4.09239 1.01912974582 0.661737445778 0.168267926511
-116.367 48.4366 6.82967751721e-05 0.000353623961983 -0.000492469765337 -8.73567762571e-05 4.06144 4.07743 0.141171143813 0.820097601848 0.250004845649
-115.589 48.4694 9.98854044252e-06 0.000188800710046 0.000638454854402 0.000858798460332 4.28232 4.28955 -0.487607405474 0.548611555636 0.149495940815
-114.468 48.3739 -2.73315186573e-05 -0.00011724023599 0.000237261929992 -0.000223333247697 4.07881 4.08818 -1.42790860849 -0.235808546021 -0.081837352916
-113.273 48.3609 3.4008400189e-05 -7.75095729664e-05 -0.000926135210413 -0.00205472515941 3.90427 3.91643 -1.75772596194 -0.388916426487 -0.0832638736911
-112.562 48.3129 3.03113377994e-05 -0.000121103269519 0.0004252398997 0.000145006312701 4.19123 4.21006 -1.92730036335 -0.502416539261 -0.117316527304
-111.707 48.4128 -0.000104619173641 -7.00759781644e-05 0.000657720916322 -0.00290412944311 4.10587 4.19863 -3.73000604639 0.270945859942 -0.00284131556396
-110.799 48.2921 -0.000148572583623 -0.000175999563006 0.000145202370181 -0.000289387310974 4.15457 4.18382 -2.00224962204 0.122917430535 -0.0611812179474
-109.777 48.3943 -5.11802957361e-05 -1.47490748668e-05 0.000719358522268 -0.00268438679689 3.92201 3.94006 -2.06164601621 0.177822493774 0.016997127593
-118.274 47.8006 2.96943125215e-05 0.000197090136507 -0.000351037448971 0.000736390247124 4.11408 4.11405 1.89474666035 0.52345550944 0.141964270348
-117.308 47.8192 1.1081333247e-05 9.37455557797e-05 0.000414115996362 -0.000165393553795 4.0776 4.08863 0.0800796358415 0.248555698328 0.0709956626699
-116.256 47.8397 3.14985854067e-05 2.97797040376e-05 -0.000583603555221 -0.000567740551104 4.00767 4.02188 -0.0240406758073 -0.0501998619452 0.00655771978238
-115.475 47.7092 0.000137297279189 2.18975735912e-05 -0.00105916425224 -0.000857229563533 4.04327 4.04038 -1.47547336887 -0.573156090628 -0.0572951078126
-114.574 47.6795 5.11530549479e-05 -9.66460323378e-05 0.00249275232291 -0.000289216894044 4.32209 4.31566 -5.02895090668 -0.514674789307 -0.109268792018
-113.747 47.7687 7.73028714761e-05 -5.68100563508e-05 0.000386711317398 -0.000437847120813 4.06819 4.07914 -0.684091314992 -0.528189864462 -0.0907085822846
-112.607 47.775 0.000142557151233 -0.000128676264318 -0.00245381620504 -0.000186598742251 3.91592 3.89361 1.41131959292 -1.04419523747 -0.188618784601
-111.746 47.8012 -0.000123785804158 -0.00110167629992 0.000507012449787 0.00556588215857 5.06272 4.94979 4.96458496118 -3.39995563744 -0.75183478751
-110.763 47.6327 -0.000332958094092 -0.000285820506402 0.00626026622807 0.00145603544753 4.59355 4.53639 -5.06824903381 0.74399951106 -0.0733532120863
-118.921 47.0573 -9.53410906072e-05 0.000512679856737 -0.0014642336071 0.000554759377774 3.93406 3.96208 2.67500907628 2.20301712119 0.46970939176
-118.309 47.0615 0.000130240732013 0.000241843084852 0.000411858205435 5.41814798532e-05 4.0642 4.07808 0.049331815909 0.152578582491 0.128386964341
-117.276 47.0547 0.00025142337376 0.000146598632152 0.000487641375543 0.000225407666102 4.13429 4.11529 -0.563077387373 -0.736859858143 -0.0165584454961
-116.335 47.0477 7.3030077861e-05 5.50790702385e-05 3.99730515842e-05 -3.93985296359e-05 4.10226 4.08954 -0.847264213273 -0.173559275281 0.00565235131879
-115.353 47.0528 0.000105408451434 0.000109530304675 -0.000421488665642 -0.000194182091332 4.06208 4.03318 -0.513366377495 -0.146230674709 0.0316388945145
-114.459 47.0943 -1.46439464579e-05 7.66557983761e-05 -0.000440389334483 0.000829665554798 4.22562 4.19286 0.378450652809 0.314670316243 0.0710590627452
-113.506 47.0816 1.65410882488e-05 5.76101718609e-05 0.00434527425976 0.00150548691452 4.54576 4.59017 -2.37424748496 0.0958248153745 0.039519236296
-112.52 47.0418 0.00170498530878 0.00013836684023 -0.00644623896094 -0.0011762315791 3.41914 3.41708 9.24647303565 -6.16694997409 -1.09837604204
-111.549 47.0308 -0.000113644157398 0.000545284705176 -0.000834207158855 0.000385912076281 4.02597 3.75641 -1.1271801578 2.20361524571 0.513917947536
-110.687 47.1523 -0.00193944351797 0.000207686784426 0.00924830420924 0.00240569743156 5.1022 4.82474 -20.6464249768 10.4572747574 0.709352789061
-109.802 47.1961 -0.000172116470123 0.000174887150548 -0.00921089825331 0.0015930555096 3.91593 3.93849 5.9169787627 1.31928899357 0.245138093872
-119.855 46.5585 -0.000487569263413 2.46304786866e-05 -0.0004648429242 -0.000465377589914 3.91223 3.95816 0.428790399322 2.46903819897 0.290015328427
-119.06 46.4911 -0.000115681402499 0.000177200186004 -0.000293675909637 -0.000520834199859 3.86826 3.9426 1.34895924409 1.14676362015 0.211541731122
-118.146 46.5139 0.000496272721537 0.000143768719543 -0.000385618869633 -0.000394197983965 3.93323 3.99408 0.545138948743 -1.91838185982 -0.159490673516
-117.11 46.485 0.000187036043805 0.000204233617511 0.000648786576695 4.50824977343e-05 4.10549 4.09121 -0.57235286785 -0.255233467055 0.0680473558605
-116.209 46.3559 1.43838679222e-05 0.000227735970438 4.24508762529e-05 0.000199299853865 4.15039 4.10204 0.329873123274 0.670484744929 0.179823612232
-115.571 46.4151 -8.93076297267e-06 0.000342685486998 -0.000453922541945 0.00070244531698 4.14871 4.1224 0.711218601482 1.16316375373 0.28596201696
-114.188 46.4423 5.4127609047e-05 0.000435004385461 -0.000412139293935 0.000255937575244 4.11149 4.08 0.483534057211 1.16299660894 0.324726060323
-113.493 46.4162 -6.64145951014e-06 0.000415200101608 0.00072088793202 0.000733086414891 4.25359 4.21502 -2.73783867275 1.2700858753 0.355422524721
-112.641 46.4246 8.94283206198e-05 0.000454153943451 0.000673139380233 0.00259737745654 4.33988 4.27906 -1.17649308063 0.996904642654 0.32744360847
-111.676 46.5336 -9.66603187519e-05 0.00245365614173 -0.000320124866235 -0.00683733785372 3.08331 3.07022 -9.47379206936 6.39263276204 2.25060765773
-110.858 46.462 -0.000241445994447 0.000527144669668 -0.0014067010605 -0.00356639844957 3.67392 3.706 -3.76156138092 2.65341391085 0.575361767919
-109.914 46.5663 -0.000248665639992 0.000253484222458 0.00384210949918 0.00109654970431 4.34113 4.37347 -3.56104132567 1.88217352342 0.346990111303
-119.928 45.8951 -0.00020402898172 -8.40896664943e-05 -0.000122225307278 -0.000246937465027 4.02169 4.02919 0.923432463165 0.730573117136 0.0434662689053
-118.777 45.7971 -0.000144834213606 -0.000103495381343 -0.000620151953705 -0.000722820508913 3.87836 3.92012 1.55078431375 0.355802295446 -0.00274014479428
-117.909 45.7087 8.26786529254e-05 -2.4000744446e-07 0.000120141149324 -0.000604998915971 4.01095 4.04997 1.72785389104 -0.398576214437 -0.0476720268025
-117.228 45.9734 0.000196106599701 0.000195021895093 2.08020821487e-05 -0.000965926768417 4.00729 3.99874 0.181387978339 -0.317324364912 0.0529935123394
-116.155 45.8883 -6.20336175502e-05 0.000407756001057 9.32974435757e-05 0.000175530818297 4.1673 4.16381 -0.27814725384 1.60364485921 0.374003495853
-115.255 45.7565 -0.000119193482976 0.000532614433809 -3.97444669179e-05 -0.00084232121938 4.01941 4.03051 -2.11846723053 2.20393650226 0.51509319835
-114.332 45.7893 -4.97784368961e-05 0.000594646785064 -0.000689939706068 7.27648608697e-07 3.95093 3.98989 -2.44555816168 2.03449833023 0.531401856769
-113.37 45.8122 2.04018739668e-05 0.00057557299283 -0.000128784817871 -0.000455881993752 3.90803 3.97286 -4.92871230856 1.5121583978 0.49029985147
-112.493 45.8409 0.000158269641093 0.000389619364666 0.00106103139937 -0.000332925421873 3.9691 4.05091 -6.73337409951 0.244665792647 0.269481533418
-111.626 45.7843 0.0001754577374 -1.26361300434e-05 0.00123068179793 0.00317957550811 4.1455 4.2378 -3.24196954412 -0.87231633791 -0.102986442513
-110.659 45.9054 -0.000175767883162 -0.000209723563788 -0.000593831600429 -0.00125420813369 3.81568 3.88656 -1.53122516273 0.165135900924 -0.0768934186289
-109.716 45.9046 -6.03272592822e-05 -0.000183438375394 -0.00131334039728 -0.00218601414311 3.82862 3.86808 0.0688738226194 -0.316294958742 -0.114215776471
-120.635 45.2357 -0.000103127102215 -3.50780037409e-05 0.00117162380936 0.00127547053348 4.15654 4.157 0.455204917544 0.408234867148 0.0264406445472
-118.96 45.2904 -0.000214777396903 -0.000168954391852 -0.000879815519428 0.000464529158963 4.06769 4.05584 3.28259721419 0.439769701187 -0.00975481565964
-117.78 45.2781 6.08291943912e-05 -5.90279682045e-05 -0.000235375539496 0.00056950665702 4.12932 4.1089 3.18086893141 -0.496398526444 -0.0835974377379
-117.12 45.2925 2.21379937833e-07 0.000211246272904 -0.000329714779183 0.00115389112288 4.20021 4.15589 1.41929690722 0.707516843199 0.173392513649
-116.268 45.3997 -0.000265965625404 0.00028672843374 0.000237418944582 6.58320811575e-05 4.13787 4.1181 -1.5370699707 2.20337924993 0.384211049016
-115.326 45.1285 -0.000279355459886 0.000331815881892 0.000284196697103 0.000674826086989 4.08718 4.18674 -4.73079046983 2.35798294826 0.425674882296
-114.233 45.0931 0.00014575721761 8.49486185966e-05 -0.000624376802445 -0.000936670714863 3.80933 3.90583 -5.94565898408 -0.51191741495 0.00639288455684
-113.46 45.2432 0.000306064643007 -0.000130953016088 0.000408036957038 0.000264273754927 3.86475 3.98972 -6.72543335385 -1.90070485131 -0.257623647576
-112.489 45.166 0.000550797748585 -0.000457709363847 0.000701484552851 -0.000711435111247 3.83665 3.93017 -5.28626814111 -4.00620954691 -0.66815647993
-111.805 45.2285 0.000421879897029 -0.000443969397299 -0.000127408764961 -0.00160528731195 3.84102 3.85008 -2.438210325 -3.35634517854 -0.600528917348
-110.74 45.3212 -2.69552797374e-05 -0.000455331088543 0.000590847091341 0.00263117214985 4.19984 4.16799 2.2713981843 -1.42153511292 -0.346297566506
-109.563 45.3171 -0.000101209242649 -0.000247456073148 -0.0026978148685 0.00287794893405 4.03307 4.01776 4.10201783015 -0.43516070158 -0.127334052682
-118.67 44.5191 -0.000310753122871 0.000295212242843 -0.00143199321411 0.00155571618135 4.04728 4.022 3.49266048063 2.55876046758 0.421661651755
-117.664 44.6653 -0.000265537464048 0.000464611716294 -0.000755304242896 0.00129629748268 4.11058 4.05737 2.04849500874 2.88626733495 0.532888970124
-116.747 44.589 -0.000182169408125 0.000564587398683 0.000846612601572 0.000861851283506 4.23232 4.21252 -3.41781723651 2.59924311138 0.580579832145
-116.013 44.7035 -0.000233617595152 0.000400399162765 5.71558399303e-05 0.000731704466029 4.07307 4.10778 -5.31984740409 2.32323659209 0.463232511359
-114.855 44.5494 0.000290497027165 -0.000313377023854 6.83463325957e-07 0.000570651958994 3.9138 4.09108 -7.60752567078 -2.33191364628 -0.409036002686
-114.255 44.5642 0.000848406719032 -0.000636043772489 0.00037576066718 0.000451792490425 3.87997 3.9833 -6.81573983233 -6.08330516191 -0.951547150682
-113.367 44.6165 0.000571319878009 -0.00122194778512 0.000321717935227 -0.00248116794108 3.64427 3.703 -7.63037007214 -6.09623871471 -1.34855306119
-112.644 44.6173 0.000409859154691 -0.00108236861927 0.0012772642498 -0.000777225477549 3.90251 3.92977 -2.4537926405 -5.27509261402 -1.13615599601
-111.248 44.7038 0.000312817459316 -0.000226922082521 -0.00213526051855 -0.000680546964418 3.78616 3.73529 4.82862143746 -2.19009396074 -0.373854958172
-110.576 44.3951 -0.000269662245295 0.000179730266894 -0.00265176691048 0.00136914525695 3.86258 3.5459 4.39787627308 1.83140880405 0.309296097695
-119.504 44.082 -0.000176952534967 0.0001467408859 -0.00066785696538 0.00153939296769 4.05483 4.04451 2.02036501017 1.39525774399 0.220904670918
-117.741 43.9733 -0.000324713050826 0.00088217635688 -0.000642398556674 -0.000216758674353 3.81868 3.8865 -2.30203749451 4.37906972367 0.925312268074
-116.803 44.086 -0.000103389682373 0.000509950190512 0.000666631377871 1.68477171485e-05 3.8951 3.99944 -7.06403083226 1.88739951041 0.503929001745
-115.958 43.9121 0.000389932290095 -0.000182120907096 0.000391836718898 -0.000664147952494 3.81797 4.01693 -10.4037397075 -2.56245472068 -0.318411174928
-115.133 43.7945 0.000955144736053 -0.000941541314505 -0.000925705032937 -0.00112929076996 3.73306 3.8975 -7.65434054648 -7.52476066955 -1.26171113992
-114.117 43.9146 0.0013330414862 -0.00106940779385 0.00273461985849 -0.000135063114012 4.09568 4.18552 -10.3984524055 -9.67489659685 -1.50713794532
-113.452 43.9286 0.000786041848034 -0.000853618703738 -0.000654588929 0.000572650905722 4.00097 3.86324 0.336748739394 -6.60210113681 -1.1473243882
-112.485 43.9997 -1.94548351609e-05 -0.000803873994751 -0.0012867060769 0.00133199961879 3.94784 3.82355 4.68376344963 -2.82132860281 -0.615828978881
-111.487 43.8756 -0.000804896627726 1.45660898688e-06 0.00151880257871 0.0020324792246 4.21275 4.14364 3.32667118608 3.68852014705 0.490529608892
-110.576 43.92 -0.000785070450316 0.00326902850451 -0.00112214026754 -0.00421318846477 3.54036 3.62264 0.00973087060893 14.2545035819 3.14197193634
-109.817 43.7013 0.000331636822013 0.00039373729205 -0.00474747260435 -0.00215390059957 3.83584 3.85994 5.06594725047 -0.0328425663937 0.0931713364317
-118.474 43.358 -0.000609764733907 0.000261540679316 0.00106511506465 -0.00233923719873 3.87861 3.93772 -3.14062076375 4.03938963777 0.52510814386
-117.754 43.3471 0.000247506371355 -1.68927652308e-05 -0.000747063095852 -0.00264656598088 3.69927 3.79139 -6.89179824655 -1.40453788238 -0.12191530659
-116.767 43.4275 0.000570116922493 -0.000518786452803 0.000575533274828 -0.00136685962282 3.6727 3.79637 -9.78664077462 -4.3915479805 -0.699808742436
-115.828 43.4151 0.000982012919167 -0.00140465784592 0.000452971634933 -0.000565282355191 3.80124 3.88862 -9.33538932573 -8.77182526666 -1.68024509819
-115.098 43.25 0.000893794216729 -0.00158575801717 0.000132147558286 -0.00106779030572 3.82429 3.83156 -4.49530011766 -9.23015696694 -1.82009014481
-114.174 43.3979 0.00076053139574 -0.00106572785017 -0.000490313362608 -0.000642053757171 3.89559 3.85685 -0.671425492665 -7.2040403893 -1.30761698684
-113.518 43.3234 0.000254883198444 -0.000378294467211 0.000261323825113 0.000833967112572 4.18598 4.06136 3.62348465409 -2.54756814798 -0.455490944501
-112.433 43.3998 -0.000348672651633 5.35424146072e-05 -0.00104310632293 -0.000888044362227 3.88438 3.6843 3.21077958498 1.81912665922 0.252222174321
-111.612 43.2741 -0.00268434270868 0.00077711733444 -0.000736525689053 -0.000185211023973 3.98457 3.82632 4.0728908111 15.1190510909 2.26221706521
-110.712 43.3629 -0.00163177394147 0.00177850583855 0.00177325690297 0.00274969766607 4.44754 5.20844 7.46329749879 13.8669350532 2.41328654492
-110.02 43.2112 0.00173330420301 0.000871928170328 -0.00024527275255 0.00255453933379 4.26002 4.58256 5.23624505325 -4.53044648495 -0.425595051919
-116.87 42.7779 0.000875459136898 -0.00117090842754 0.00128370720645 5.03267987929e-05 3.89548 3.94625 -8.09231670242 -7.81547718153 -1.42761383562
-116.032 42.7713 0.00109304675144 -0.00140345159223 0.00124432678135 -0.00133888347267 3.81971 3.81989 -6.85203876503 -9.6770586505 -1.73909235036
-114.903 42.636 0.00044211201719 -0.00102668675215 -0.00107073204147 0.000974864061875 4.00252 3.8595 1.24304856955 -5.67854414471 -1.09810764743
-114.084 42.6493 -0.000118882335036 -0.000465059992092 -0.000160395956415 0.000397414323419 4.01724 3.91084 3.17019137944 -1.07114896306 -0.305097009766
-113.176 42.5452 -0.000726522100192 0.000316811478794 0.000325247861805 0.000407744509994 4.16863 4.04924 3.63025076591 4.60033671993 0.688995919521
-112.531 42.6852 -0.0012261395647 0.000479492905783 0.000219724178936 5.10566105201e-05 4.0624 3.9674 3.79853129238 7.49995003654 1.12304390568
-111.588 42.8321 -0.00141556379172 0.00115520572708 -0.000299757116205 -0.000806153799133 3.81621 3.85438 4.30695318435 10.713179762 1.78149715848
-110.92 42.7507 -0.000966899995625 -0.00123439771664 -0.00128651454362 -0.000696177489677 3.80045 3.94494 5.2331127271 -0.146223990634 -0.351187722794
-110.042 42.6372 -0.000733011145986 0.000806572718933 0.000131140519749 -0.000246119406298 4.03176 4.13878 2.88311900132 6.21941074934 1.08488113436
-108.847 42.8247 -0.000494609069692 0.000558842991911 1.87425070933e-05 0.00070571465504 4.07873 4.11081 1.89072182279 4.18431892767 0.742956089785
-108.342 42.6579 -0.000154902265598 0.000383431015911 0.000611990644868 1.11708616783e-05 4.16008 4.20447 -1.53458069257 1.9346548299 0.40635326145
-116.471 42.0773 0.000585952144898 -0.00113280832178 0.00247554368311 0.000878403148432 4.13474 4.15085 -5.03090537868 -6.39544553405 -1.27537731722
-115.754 42.1669 0.000785414114077 -0.000830710527907 0.000159361010788 0.00159248981429 4.16147 4.06933 -0.400924851474 -6.76480596783 -1.12091690707
-115.016 42.146 0.000116535697586 -0.000313347274014 -0.000995473471937 0.000938967960758 3.96481 3.80636 3.70670534972 -1.70012911585 -0.321483376107
-113.944 42.0886 -0.000645073484389 0.00019607062847 -0.000731825536102 0.0013349143318 3.97942 3.87144 5.3887298274 3.79361742258 0.553175456602
-113.24 42.0343 -0.000915756482115 0.000701754392044 0.000244482860947 0.00140657443155 4.12619 4.08004 4.80149063646 6.93778223288 1.11561705736
-112.386 42.0041 -0.00113738193551 0.00054038538969 0.000431212039987 0.0011521672917 4.23172 4.20964 3.82103641322 7.37506149554 1.11565748671
-111.432 42.0149 -0.00172060154917 0.00064546685112 0.000714717852775 0.000120888355345 4.08144 4.1755 2.7281005674 10.5071337234 1.53475798039
-110.873 42.0995 -0.00106823350636 0.00078456731145 -0.000598848966662 -0.00119969941607 3.79186 3.69938 2.70008944379 7.82014144819 1.26395047124
-110.036 41.9243 -0.000617642729139 0.000876762013931 -0.000491403919737 -0.000670556640277 3.8587 3.9817 2.74319967558 5.97815447732 1.07224971683
-109.357 42.1012 -0.000216006027729 0.000687795703196 -0.000147120932171 -0.00104550364394 3.96428 4.00514 0.41004775905 3.29590748692 0.690272060127
-108.34 42.0073 1.20265119714e-05 0.000134352324588 0.000216992861081 -0.000926362964097 4.01928 4.06118 -2.22789978277 0.349870892882 0.107966141419
-106.434 42.031 2.93096458503e-05 -0.000146396843785 0.00110417468339 -0.00319339683684 3.83856 3.84578 -4.15532268161 -0.56370922926 -0.141317859873
-116.54 41.522 0.000348670869772 -0.000706232033442 -0.000617905421192 -0.000426391962969 4.02758 3.99265 0.233172060096 -4.17171714496 -0.783299826533
-115.791 41.4311 0.000103133081652 -0.000462775202756 0.000432361867092 -0.000110075420507 4.08189 4.01243 -0.169687180683 -2.05775059396 -0.447082186379
-114.915 41.4157 -0.000426322389903 -0.000211241314368 -0.000351888836637 -0.00105248430138 3.94336 3.88379 0.99932988857 1.47427763103 0.0580668891726
-114.165 41.3602 -0.000877652758225 0.00021565727141 -0.000123146140014 -0.00192255080283 3.74164 3.70135 1.97354492581 5.17306847501 0.674674622148
-113.347 41.503 -0.000964815074328 0.000482053822075 3.84053874333e-05 -0.00350654624795 3.7264 3.70359 1.91211845146 6.47914005427 0.945133261888
-112.448 41.4632 -0.00120539158086 0.000717920703492 -0.000112822573944 -0.000334286793574 3.97523 3.95712 3.19677164656 8.42481397502 1.29037893846
-111.63 41.3146 -0.00138113074103 0.000305346657334 0.00120362690719 0.000410548718109 4.18597 4.22728 2.67678845976 7.80879294739 1.05387728088
-110.666 41.4729 -0.00136945947758 0.000390548565014 0.000149029144073 0.000514109957829 4.04212 4.15486 3.44284795302 7.91955386989 1.13182502093
-110.067 41.4272 -0.000606110282435 0.00030376639854 -0.000812401077697 -4.0112576675e-05 3.88213 4.05224 3.7068195092 3.95072662979 0.607783992159
-109.157 41.5047 0.000100501168257 0.000180507064608 3.70969900555e-05 2.99766135161e-05 4.04394 4.1599 0.265163913321 0.100209075819 0.0939548284945
-108.187 41.4906 0.00028083961226 -0.000141509080721 -0.000606626048463 0.000718663807856 4.16953 4.19364 -1.79018200329 -1.82679728773 -0.268714323636
-107.364 41.6067 0.000126949309012 -0.000138563889387 0.00159922801317 0.000471265614711 4.31276 4.31456 -5.81150401886 -1.02548906904 -0.182054471565
-106.596 41.4033 4.83584727139e-05 -0.000259935261932 0.00178090213009 5.74706536031e-05 4.10755 4.09236 -2.74357944005 -1.01610220149 -0.247311400993
-102.772 33.9696 5.44314658329e-05 7.80866490662e-06 -0.00152729429102 -0.000276658876193 4.12923 4.02645 3.60601553248 -0.251085111983 -0.0249867095837
-116.508 40.7186 0.000173170265363 -0.000200609910795 0.00220514833116 4.31298240271e-06 4.34768 4.28348 -0.69026502556 -1.58249934577 -0.26120494067
-115.736 40.8167 0.000127711803809 -0.000156760700057 -6.42975776599e-05 -0.000436796801075 4.13929 4.0409 -0.30831493378 -1.19166844291 -0.200465516224
-115.039 40.8522 -0.000556068362375 -1.92299948394e-05 0.00103512186544 -0.000949829111591 4.049 3.86071 0.719545247222 2.83373248568 0.285525802531
-114.204 40.8556 -0.00124381765561 0.000600687728391 -0.000537930275246 -0.00462082544033 3.79002 3.65307 1.50035903 8.43488083998 1.19129213435
-113.187 40.8513 -0.00133267832694 0.000922609856002 -0.00133077630933 0.000270539473131 3.87438 3.84823 5.91078964617 9.90134848133 1.55113581662
-112.52 40.8903 -0.0010711819408 0.0006463783899 -0.000617336159421 -0.000504194738938 3.81401 3.87311 3.57229224234 7.58577689279 1.15466263196
-111.437 40.8869 -0.00136661900708 0.000168390336857 0.000350839902814 0.0011206133763 4.04153 4.06643 2.90767277167 7.28833785506 0.935983818817
-110.834 40.9425 -0.00126975520504 0.000274496728842 0.000377213534957 0.000800901914111 4.18155 4.29113 2.71672001735 7.15250685332 0.964593831394
-109.673 40.9763 -0.000157196134997 -9.09410053078e-05 -0.00056194011192 0.000961726316203 4.06633 4.20592 3.92738146783 0.417976178349 0.0225763071801
-109.177 40.8936 0.000475970924278 -1.3812760912e-05 0.000381341060167 0.000453559349971 4.12239 4.21819 -0.832649987021 -2.42652422466 -0.267315313778
-108.263 40.8338 0.00034921492323 -5.0484661393e-05 -0.000805091444035 -6.0782786152e-05 4.06723 4.07442 -1.80347718411 -1.90930562582 -0.226254786144
-107.52 40.76 0.000278777428353 -0.0001567000099 0.000598208166307 0.000367679372626 4.23656 4.23586 -3.64755623064 -1.87705967105 -0.274842521532
-106.454 40.8023 6.73808159417e-05 -0.000152450936832 0.0026018727996 0.00231346424999 4.4308 4.41569 -0.950043013717 -0.809785807714 -0.164643208928
-116.5 40.2917 0.000224340027248 0.00016101994749 0.00147371563704 0.000626947025035 4.27571 4.18964 0.241859661494 -0.667305126398 0.0183301180185
-115.657 40.1313 -0.000522277043896 0.000230836172225 -0.000225068020638 0.000470673210205 4.22076 4.0895 1.15764495381 3.55285005772 0.477538494133
-114.745 40.2679 -0.000883669150704 0.00107352207602 0.00147379231363 0.00506534499291 4.54147 4.4394 3.95071489558 8.40538479886 1.38781773902
-113.981 40.1314 -0.00127761865878 0.00296974968128 -0.000984200765809 0.0132151928675 5.33795 5.34333 20.6883163342 19.5334516074 2.81349430745
-112.469 40.2807 -0.000806870364169 0.000329296959148 -0.000673392256795 -0.00124880152374 3.85979 3.87581 2.42325846374 5.22259059694 0.731566195272
-111.502 40.2067 -0.00095390783874 4.34625856246e-05 -0.00047689409138 -0.00178561229925 3.75708 3.77752 1.64654060016 4.96257649504 0.572983637943
-110.738 40.1948 -0.000684824288068 0.000228391036543 -0.00090726398708 -0.0002264283357 3.85809 3.91606 4.75886825685 4.14233710047 0.598208398385
-110.008 40.2655 -0.000323285557912 9.77352314267e-05 -0.000556498461229 0.00104804786839 4.07389 4.14511 2.55443795563 1.92993876377 0.267208520987
-109.124 40.2982 4.34198258684e-05 -5.38955184667e-05 0.000763158032844 -0.00053405217496 4.0942 4.14899 -3.20696038948 -0.386175662737 -0.0683632850245
-108.242 40.1348 0.000415732231786 -0.000321983586006 -0.0004360582126 -0.000785496192504 4.01594 4.03209 -2.91094688469 -3.10801557119 -0.487641389321
-107.47 40.2149 0.00029598280103 -0.000227673092195 0.000459069806985 -0.000513400729097 4.03771 4.02338 -3.04230306786 -2.19214097675 -0.345902689936
-116.464 39.6202 6.31715253253e-05 0.000337845707597 0.00043985108607 0.000122083540392 4.13941 4.09847 -0.436142234311 0.764094053475 0.257186481909
-115.754 39.553 -0.000532990497312 0.000610726006736 0.00586926546947 -0.000808341488595 4.22535 4.10691 -4.2300082337 4.79353075954 0.787160857705
-114.908 39.4731 -0.00326570514886 0.000388372845113 -0.0127092952154 -0.00341560565983 3.24163 3.4322 12.3044967038 16.5791106889 2.54735872665
-114.016 39.455 0.000669978816221 0.00101818170384 -0.0020870824518 -0.000546833269478 3.91685 4.63188 1.02838583489 -0.061840119629 0.491293674824
-113.069 39.5906 0.000637516254474 -9.58739065727e-05 0.011059538417 -0.00110701684127 4.26996 4.46065 -14.7971070831 -3.97275858676 -0.281045996593
-112.279 39.5708 -0.000401505169246 1.39345182853e-05 -0.00513167056926 0.000751541040447 3.89059 3.81318 7.60101510713 1.96701912813 0.267901253049
-111.66 39.6092 -0.00105672788308 6.01834890274e-05 0.00164296040897 0.0011643897979 4.08391 4.01044 2.82613413886 5.54101336244 0.658196942959
-110.74 39.473 -0.00104829272427 -5.26020888485e-05 0.000171471141044 -0.000847454717481 3.89776 3.97958 2.63148475052 5.0783697058 0.559992877339
-110.246 39.6279 -0.000258181690895 0.000137558641526 -0.000976105065528 -0.00134246180531 3.82103 3.9738 0.367127127055 1.77833496182 0.25598005362
-108.981 39.6333 0.000524756892068 -0.000157689990102 0.00100387476016 0.000857590699778 4.20316 4.2468 -2.40770512753 -3.21645605634 -0.401862079859
-108.391 39.4998 0.000526626069302 -0.000371907555608 0.0010209426351 -7.09616799106e-06 4.12944 4.06966 -4.15169035968 -3.8612014276 -0.579368993909
-107.449 39.524 3.33878950986e-06 -9.56680019035e-05 -0.000420583033589 -0.000698904086003 3.98902 3.95497 -2.16658150601 -0.310987447912 -0.0838044307231
-116.4 38.8247 -5.76106056609e-05 0.000504669359801 0.00142406385949 -0.000475985185378 4.0929 4.07052 -1.4855330257 1.93655995945 0.46701492562
-115.654 38.8455 -0.000441906436912 0.000423340015999 0.0015968434451 0.00105313836914 4.19431 4.11926 -1.77553732733 3.80962645214 0.586191923677
-114.83 39.04 -0.00166117656872 0.000612855677957 -0.00412737769775 -0.000856458908615 3.86151 3.95274 3.94498652647 10.8762423448 1.46349826016
-114.02 38.9551 -0.000834406272448 -0.00204036427134 0.00214220210385 -0.0177819134661 2.72198 2.75137 -11.3518624656 0.46613520729 -1.6233655858
-113.277 38.9882 -0.000345698660174 1.25403840158e-05 0.000444853191884 -0.00440350224334 3.75864 3.72558 2.00166523182 1.85325256176 0.202925509161
-112.379 38.9995 -0.000639161675803 0.000430062250068 -0.00167119675908 0.00116615687267 3.99301 3.93459 6.75268008781 4.80458518471 0.735523893623
-111.172 38.9176 -0.000788550446665 0.000129134315979 0.00124067367763 0.000894583553152 4.18735 4.15846 2.53880556832 4.48164817945 0.555501899326
-110.133 39.1025 -0.000362274097206 -0.000105666767984 -0.000645383291114 -9.97205976373e-05 3.96387 4.06239 0.777348850117 1.50640723054 0.110153591225
-109.263 38.9553 0.000522327646158 9.55307778949e-05 -0.000936358211944 -0.000526694040882 4.04177 4.05677 -1.71965320929 -2.44495749391 -0.185651869525
-108.296 38.9541 0.000429849398175 6.77004847099e-05 0.00166841609034 0.00126677798434 4.25856 4.15734 -4.18007370844 -2.09752810524 -0.145809911132
-107.574 38.8347 -0.000417009994155 7.92236114484e-06 0.000168417009531 0.00164840890892 4.1837 4.04343 -1.37621608485 2.17888744277 0.22403317463
-106.91 38.8627 -0.000467199715162 0.000380556588522 -0.000345333080015 6.61636381179e-05 3.89525 3.93512 -1.19379245888 3.59528880823 0.569268903249
-116.302 38.2886 -1.21098126117e-05 0.0004005606095 0.000643625566289 0.000208880640839 4.06612 4.03083 -1.18675083591 1.36394930884 0.35354425861
-115.585 38.3489 -0.000458060593364 0.00050419174249 0.000739711686534 0.00025010320721 4.12476 4.06061 -1.3788572256 4.19038579252 0.665144209571
-114.608 38.3281 -0.000706154146397 0.000219714078337 0.00117338036504 0.00174485933267 4.13905 4.06841 -0.7214329902 4.62241884144 0.548895273084
-113.969 38.1802 -0.00102995654883 0.000336458483685 0.00134491327379 0.00925511538811 4.45787 4.39427 6.71202154364 6.52323526506 0.900764571485
-113.021 38.2987 -0.00085199296447 0.00064038475747 -0.00296148427934 0.00177542283364 3.89796 3.87836 8.15674008318 6.76420467886 1.03739905943
-112.277 38.2108 -0.000651797594442 0.00101191491475 -0.000979803599807 0.000498156700101 3.93908 3.92955 6.32051417827 7.19662247266 1.19853549985
-111.483 38.2843 -0.000533955025316 0.000765884158745 0.000463399361715 0.000422104450745 4.14905 4.11741 2.34527464537 5.48384040762 0.933588106855
-110.711 38.4187 -0.000597418962481 0.000174979143103 0.000980226741245 0.00150489271321 4.22091 4.23123 0.431733096357 3.72801848788 0.468845841249
-109.894 38.3862 -0.000176020651965 -3.91071235207e-05 -0.000546513966764 0.000439588749424 4.07564 4.17416 -0.303005287005 0.798191333313 0.0599072292704
-109.261 38.2916 0.000384580042378 3.36954997359e-05 -0.000542288566505 0.000353067238738 4.05131 4.11413 -2.30453443204 -1.95455657721 -0.163105598655
-108.379 38.1888 0.000453076267454 0.000151990411217 7.36332102772e-05 -0.00112268435229 4.03829 3.99391 -4.78580159906 -2.03536270333 -0.0753885939067
-107.55 38.3685 -0.00034689776357 0.000198945231649 0.00143804813408 -0.0015393911097 4.02788 3.99159 -6.11314103492 2.43276507914 0.33278483554
-106.756 38.2289 -0.000347721788682 -0.000112210546825 0.000944871315568 -0.00177592967876 3.92594 3.94099 -3.44226568431 1.50934581074 0.0718430294793
-116.595 37.923 1.14147106964e-05 0.000364513790812 0.000381993811254 -6.51039818781e-05 4.00375 4.00106 -0.807088698462 1.13039557065 0.309883921861
-115.747 37.6444 -0.000361220633961 0.000632723606537 0.000518891171916 2.51357084118e-06 4.05891 4.00358 -0.884955558857 4.11667340471 0.7285629425
-114.849 37.6083 -0.0010100992352 0.000784136758352 -0.000451424521886 0.000440011448403 4.04481 3.98761 1.57420190406 8.28231509877 1.20522212165
-113.86 37.5808 -0.000922357422639 0.000697498674073 0.000355777424412 -0.00111058034611 3.99588 3.96403 2.81232226308 7.46092040959 1.09449383091
-113.168 37.7601 -0.00105282240321 0.000709778760488 -0.000280871692819 0.00175801641253 3.94633 3.95406 5.75171440745 8.1289785627 1.20187202804
-112.363 37.6761 -0.000936383167175 0.00109786357362 -0.000509006813065 -0.000252155881103 3.81322 3.90783 4.4245440002 8.95406168381 1.43855610488
-111.596 37.7222 -0.000156661557161 0.000876464485191 0.000468650577567 -0.000664700737609 3.88014 3.97532 0.018943364466 3.76924318129 0.827850061922
-110.802 37.6354 0.000110102984343 0.000428838449851 -0.000143558528539 -5.37881384908e-05 3.98898 4.02197 -0.984408968358 0.790926237331 0.311798833242
-109.995 37.6903 1.7039256883e-06 -8.25772577246e-05 9.38983197163e-05 -9.12702011454e-05 4.08005 4.11631 -2.81548517201 -0.261648163229 -0.0729455659581
-109.137 37.7459 0.000369635816279 -0.000204447363033 0.000208949514075 -0.00102311084558 4.05263 4.09136 -5.19462642508 -2.62857957269 -0.349695661403
-107.792 37.662 8.61642361449e-06 -0.000120362957918 0.00171421094856 -0.00106484300552 4.05933 4.04132 -4.82339263449 -0.389935064049 -0.110758923032
-115.22 37.2408 -0.000693781528852 0.000927048344192 0.000232181957066 0.000141520525865 4.04177 3.97994 0.324977645291 7.0391789696 1.1524009916
-114.715 36.7256 -0.000997807720658 0.00132947387014 0.000328013614535 -0.000427201641143 4.00319 4.03414 1.07698363801 10.1994835102 1.6559906905
-113.907 37.0195 -0.000869453977462 0.000882015144265 0.000234760965402 -0.000936416872333 3.94225 3.91091 2.01960712835 7.88475056519 1.21365496817
-113.084 37.0615 -0.00127109603364 0.000785302878983 -0.00107327010949 -0.000865478633657 3.87308 3.87027 4.89611922864 9.64500050289 1.38372856623
-112.382 37.0183 -0.000721134318052 0.000475088957816 4.48887992375e-05 -0.000458982373156 3.82419 3.96248 1.35525769085 5.5664232677 0.789361554141
-111.506 36.9839 0.000137825976203 0.000141507945698 0.000603275868472 -0.00133906024741 3.84719 3.95987 -1.26017406515 -0.306811399143 0.052906683991
-110.804 36.9969 0.000529889652523 8.13856206038e-06 -0.000604472111306 -0.00166639763927 3.77004 3.82228 -1.67865269023 -2.9019480851 -0.257268930943
-109.874 37.1364 0.000380057275994 -0.00022663524522 0.000570497366975 -0.000686799521487 4.03567 4.04428 -3.74420821806 -2.79275326723 -0.378744123573
-109.025 36.8299 0.00032925275709 -0.000403120042875 9.17231184174e-05 0.000145411938239 4.19235 4.18282 -2.55736065609 -3.05482317284 -0.512625147375
-107.534 36.9914 -5.75126788081e-05 -0.000140830487209 0.000106671585391 0.00217969382828 4.38607 4.32532 -1.11274866254 -0.144335738687 -0.0911254270455
-106.903 37.0138 -0.000631741967988 -0.000254032684868 0.0012651548764 0.00151390180971 4.11509 4.09472 0.170350740706 2.46144675696 0.123600790026
-104.411 37.1388 -0.000108123476565 3.98610770925e-05 -0.00236998073546 0.00101247056526 4.03918 4.0397 4.28281254771 0.669216575925 0.0967388176608
-116.33 36.4193 -0.000208290611921 0.00036826704893 0.000190631372987 -0.00021626481656 3.98865 3.9599 -0.173571125028 2.44305284753 0.423052219356
-115.383 36.423 -0.00108491315192 0.000818768788184 -6.25856257686e-06 -4.62529043286e-05 3.96139 3.97977 0.449450441037 8.97704934972 1.26119087379
-114.539 36.4321 -0.00112442723076 0.00104257411314 0.000190754908968 0.000463344348235 3.95097 4.00385 1.77560637462 9.95970879935 1.4838014116
-113.965 36.4151 -0.000421681602554 0.00115241818529 -0.000214215841882 0.00107639281956 4.0345 4.07391 3.97125653506 6.6063345789 1.1867203264
-113.18 36.4182 -0.000638395138523 0.000586277034079 -0.000300982837632 0.000767282374539 4.01272 4.03786 3.34544033397 5.61074381627 0.844278661946
-112.291 36.428 -0.000216613161977 -8.18354578824e-05 0.000854386680479 -0.000240715787297 3.90248 3.9661 -0.43564735436 0.938135746937 0.0403566473265
-111.13 36.1428 0.000391188218829 -0.000188939060798 -0.000585637829704 0.00130344202771 4.06606 4.10497 1.96570057454 -2.78752555304 -0.372429362059
-110.662 36.5996 0.000445599191588 -0.000405388784003 -0.000499036116009 0.000872804129205 4.0582 4.09731 0.33902791338 -3.79495713641 -0.579437359322
-109.87 36.4199 0.000456111766652 -0.00025696585686 -7.41289820066e-05 0.000139475060556 4.07019 4.05014 -0.433479129833 -3.34171051141 -0.455729639459
-109.208 36.2925 0.000421221240579 -0.000360788188072 -0.00023108100889 0.00113271637792 4.28388 4.22477 -0.747875940449 -3.48062011289 -0.525786842566
-108.52 36.3758 0.000150526994988 -0.000247361327259 0.000178427925808 0.00131949739772 4.352 4.26456 -1.68134447194 -1.60821589062 -0.289491599815
-107.658 36.4277 -0.000183214678903 -5.80417701722e-05 0.000163185251584 -0.000878815558695 4.12865 4.04611 -2.1463445462 0.818454857575 0.0404753155004
-106.855 36.3773 -0.00087078337658 0.000185558203739 0.000697435249065 0.000142809268782 4.15703 3.9886 0.769308552817 5.203246863 0.627048421942
-106.192 36.3289 -0.00143655622544 0.000336826365395 -0.000495542381427 0.000951918368455 3.90721 3.87456 5.46189146161 8.36550076769 1.14180582041
-105.278 36.4093 -0.000722952909824 0.000327641419279 -0.000618663172769 0.0020877072305 3.83948 3.88435 7.98617877785 4.71248983837 0.716721204705
-104.408 36.3998 -0.000164231392233 0.000419629706701 -0.00187835647602 0.0010586024751 4.05458 4.09791 7.52882966234 2.4201412748 0.427481329194
-103.744 36.3945 -7.07476448253e-05 8.243349995e-05 0.00362589421827 0.00136010376893 4.2416 4.30153 -1.44058403819 0.628411105241 0.107071667467
-115.43 35.8384 -0.000848933743524 0.00057088267428 0.000182545237089 -0.000399667137814 3.9576 3.94205 0.213471669839 6.84194452912 0.923920145103
-114.851 35.7266 -0.0011494220021 0.000919824258157 -0.000543380567575 0.000561173713309 3.86875 3.99263 1.84077222938 9.77866838023 1.39212189102
-113.984 35.8522 -0.000351429083372 0.000970188654944 -0.000523099585958 -0.000280090220077 3.87611 3.95717 2.56930907465 5.47781518312 1.00395292335
-113.105 35.6339 8.04588463807e-05 0.000581002617896 0.000480151716696 -0.00032326571663 3.92902 3.97383 0.696288814313 1.55245755842 0.453455067216
-112.173 35.8191 0.000152022682765 -0.000139906099464 0.000432354417236 0.000328526319188 3.98457 4.0206 1.06916569616 -1.33046002342 -0.199270933373
-110.794 35.6218 0.000447686294389 -2.76655556289e-05 -0.000716524494991 0.000805615001308 4.06449 4.05748 2.25196327635 -2.5301493278 -0.269582782433
-109.933 35.7113 0.000493540780236 1.54128322976e-05 0.000662248590267 0.000789157850588 4.22388 4.16993 -0.140880719103 -2.67479700173 -0.24228203794
-109.046 35.7147 0.000294481471978 3.73261198806e-05 -0.000550998121976 -0.000863455318133 4.06225 3.98497 -1.39857851875 -1.51515167148 -0.115137077161
-108.466 35.7992 -2.62897940046e-05 9.03381782032e-05 0.000578394838951 -0.000201881112374 4.27216 4.16389 -3.70459573524 0.417478215002 0.0921560002695
-107.638 35.8054 -0.000527503561727 0.000306693153218 0.000502957430257 0.000554375429998 4.27838 4.17008 -1.39702987877 3.86797348823 0.530795700745
-106.909 35.9138 -0.00103953301443 0.0005974373198 0.000633042460797 2.68168938738e-05 4.16145 4.10041 1.62687895499 7.53231315868 1.07130249188
-106.183 35.7452 -0.00113889872308 0.000523782287448 -0.00155865135889 0.000220365303837 3.88488 3.89718 6.14063894593 7.65659644634 1.11370769686
-104.616 35.8383 -0.000126549135793 0.000238556301439 -0.00111659907546 0.00217544320748 4.21717 4.38463 8.09135520363 1.55139726797 0.263942027882
-103.786 35.7964 0.000559224890056 -0.000341236196158 0.00519780966149 -0.00131773610998 4.192 4.24902 -3.95762067856 -4.02668637656 -0.564858036106
-114.87 35.301 -0.000704995676382 0.000389518855483 -0.0015630004342 -0.00182848777938 3.80855 3.89648 1.31480118875 5.40992865498 0.701860840548
-113.885 35.099 -2.00921752105e-05 0.000787978649559 -0.00058597363449 -0.00104390573201 3.77062 3.83633 1.70570772875 2.92687819586 0.677462718338
-113.083 35.2127 0.000397771454163 0.000360239584055 0.000317756171543 -0.000416089485815 3.84057 3.90416 0.641346498051 -1.01535678183 0.101101642582
-112.267 35.1787 0.000257516307674 -0.000270662712661 0.000108281881489 0.000452868604057 4.02913 4.03541 2.37815293877 -2.40578632943 -0.367447551837
-111.532 35.0951 0.000177204679313 -0.000312068702799 -0.000454998591098 -0.000159887206627 3.89229 3.9157 2.52678223401 -2.10697706767 -0.358075660928
-110.713 35.0789 0.000510757380475 0.000231832195496 -0.00051362477939 -0.000621219862952 3.92198 3.93901 0.516759576785 -2.05917773598 -0.0693439428412
-109.736 35.1181 0.000660955755484 0.000236426055669 0.000130125225868 -0.000134135735498 4.10287 4.06665 -1.27847786994 -2.96127560113 -0.124226211741
-109.388 35.1118 0.000451655269742 0.000242714100064 0.000425683872195 0.000113402960047 4.19659 4.10341 -4.45856677049 -1.90815225886 0.0135169394914
-108.5 35.1259 -0.000175601713304 0.000405210368983 -0.000936735579553 -0.000455983147463 4.03521 3.95454 -1.16921195582 2.29035697362 0.438580705706
-107.648 35.117 -0.000776690932845 0.000578996642889 0.000555066536747 0.000448930383256 4.20874 4.14009 -1.19627882193 6.16515331272 0.891386350838
-106.867 35.0719 -0.00105390455063 0.000713683603988 0.00123570561819 -0.000180221583446 4.15829 4.15713 -0.412135896025 8.09912962683 1.15558179681
-106.15 35.1605 -0.00105730022014 0.000512255773167 0.000706453326431 -0.00141266674755 3.87126 3.91378 2.73122120792 7.35392934774 1.01972612077
-105.408 35.2106 -0.000462679531129 0.000200856268584 -0.00314970365023 -0.00168360790714 3.60148 3.67527 10.0275780932 3.01165873762 0.458023402036
-104.461 35.2177 0.000398207277134 -0.000552638374292 -0.000648648516489 -0.00226687172056 3.77141 3.8624 1.42668808607 -3.97153139673 -0.680513632712
-103.766 35.0891 0.000695291602876 -0.000487061353704 0.00444060798633 0.00100890479486 4.57096 4.56669 -4.33035680612 -5.23710224609 -0.753424672295
-103.063 35.0637 0.000193124561726 -0.00058589979858 -0.00325125264698 0.00148049241379 4.24721 4.19587 5.13314252328 -3.14043440688 -0.583881513703
-113.83 34.5935 0.000299056024828 0.000450939486129 -0.00111002109982 0.000204334798962 3.90362 3.99254 3.44153232316 0.016102657465 0.208320651629
-112.891 34.4692 0.000917095630537 0.000260086643644 -0.000691152581713 0.000132297178685 3.96378 3.92775 3.97499548026 -4.08848840428 -0.304394998756
-112.237 34.4866 0.000534771285753 -0.000188556788037 0.000722288585415 -0.000892857987282 3.99883 3.93176 0.0115682905455 -3.71632866809 -0.434516739293
-111.441 34.4178 5.4623787728e-05 -0.000439537316606 4.96834162419e-05 -0.000834488433241 3.98178 3.92962 -0.101116088352 -1.80006166876 -0.406171373411
-110.806 34.3371 -4.00981014005e-05 -0.000205583178275 -0.000538251945987 -0.00153290157385 3.87951 3.87956 0.316636242377 -0.475700470347 -0.155381844103
-109.95 34.5293 0.000298122001911 0.000131607465627 -1.51986447235e-05 -0.000791817359916 3.98137 3.97245 -0.596669272789 -1.25341798403 -0.0370263502662
-109.29 34.4275 6.4339939613e-05 0.000294508323544 0.000338707633817 -0.000695692206089 3.98454 3.9424 -2.11290663897 0.562716012222 0.226781975431
-108.498 34.5421 -0.00026433195874 0.00050396033847 -0.000592612075247 0.000206744383645 4.0683 4.00194 -0.528303800144 3.14661631455 0.568328805662
-107.786 34.4457 -0.000791232071152 0.000475078962334 0.000113244655178 -0.000704885921457 3.95688 3.91326 -2.40788345919 5.97133772013 0.797454232994
-107.01 34.5058 -0.00114749021422 0.00053307028051 0.00166572878471 -0.00054675309967 4.15361 4.19639 -0.616863664449 8.09711182645 1.04423133467
-106.188 34.581 -0.000661849995119 0.000362520500607 -0.00080644993606 0.000682726640994 4.02166 4.11153 7.27578805167 4.74573634913 0.696823773377
-105.435 34.5646 -7.12339182552e-05 -8.03980720197e-05 -0.000833429684911 0.00132210598904 4.0469 4.16268 9.67086869776 0.00415048668729 -0.013584939086
-104.662 34.5271 0.000635114119551 -0.000300626295536 0.000226784603109 -0.0022068547307 3.80135 3.84451 2.93045490388 -4.38242760054 -0.607631112974
-103.81 34.5508 0.000685754219164 -0.000478780953867 -0.000892482898968 -0.000159056357558 4.10527 4.04165 5.08314996516 -5.2452205786 -0.794025711618
-103.097 34.6469 0.000188374130829 -0.000321450792073 0.00132391015744 0.000538389822724 4.66248 4.4868 4.75460655874 -2.13579601158 -0.370417868056
-114.524 33.7503 -0.000324154184571 0.000257540753779 -0.00210005123641 5.54978847415e-05 3.91349 3.9268 4.06997715952 2.83073153514 0.394960224395
-113.829 33.8142 0.000191143104732 0.000216230532743 -0.00200108136868 0.000466054685508 3.80336 3.81197 9.0192528548 -0.0793478109051 0.0469313189197
-113.005 33.9383 0.00125880168517 0.000418320748438 0.000818249164088 -3.52412921922e-05 4.12493 4.16567 2.94744658625 -5.57216823591 -0.340545592273
-112.333 33.9535 0.000985812080647 0.000202326854048 0.00019237369745 -2.46728171741e-06 4.14693 4.00212 1.73427385272 -4.89666636096 -0.353356370777
-111.478 33.8798 0.000279145827378 0.000295573838987 0.000831724371746 0.000255498781552 4.13072 3.84488 0.84719739006 -0.566063787616 0.107026261775
-110.844 33.6953 -0.000139277644004 0.000341930985116 -0.00113820725936 0.00251381702412 4.14898 3.86103 4.03342414437 2.06620236016 0.360545955291
-110.034 33.7776 -0.00011299325679 0.000561990494305 -0.000372458036752 0.00113279537574 4.11976 4.04934 0.588118460732 2.5811734048 0.538933591332
-109.254 33.9571 -0.000114245242851 0.000483625894192 0.000120922174526 0.00115255680737 4.20013 4.10901 -1.01738196021 2.23938266829 0.47634311496
-108.377 33.9085 -0.000388416272595 0.000562159649546 0.000208239711371 9.01460246461e-05 4.07315 4.0193 -2.4220541708 3.99659185424 0.679420015757
-107.674 34.0087 -0.000777996434781 0.000711595394192 0.000592696578288 -8.00643533217e-05 4.00385 3.96146 -1.98058357066 6.67947029611 1.00013025772
-106.965 33.937 -0.0010039034692 0.000352419663383 -0.000108447510865 -0.000946410134319 3.88537 3.86193 2.89085073399 6.67341042752 0.853908893598
-106.921 34.0739 -0.00102352847425 0.000338238213569 0.000318474836023 0.000356861422404 3.9633 4.00598 2.98533082743 6.70698778325 0.854775890685
-106.055 33.9315 -0.000393223999593 0.000213186242377 -0.00138915429844 0.000874240336943 3.97868 4.02882 10.3485525112 2.80579907698 0.420472158165
-105.436 33.9257 0.000299761705304 -2.84534400701e-05 0.000578166246581 -0.000184870914747 4.06181 4.143 7.26759226479 -1.61640804974 -0.209163683413
-104.693 33.9229 0.000778360884 -0.000311973401453 -0.000128534126338 0.00199888596822 4.34933 4.34367 8.43469311142 -5.08604384523 -0.738064180424
-103.825 33.9232 0.000591258803839 -0.000116858460131 -4.50637080736e-05 -5.60802527951e-05 4.2171 4.14909 4.27667261854 -3.47231406547 -0.440272509096
-103.163 33.8839 0.000371770119852 6.02769610114e-05 0.000738728195936 -0.000803866421716 4.16434 4.08829 2.74181996656 -1.7237572314 -0.159480127869
-113.657 33.1999 0.000285236598235 4.87071124496e-05 -0.00401337437354 -0.000883805977901 3.65583 3.89691 7.40021100135 -1.35328758925 -0.134588887588
-112.946 33.3627 0.000978832567056 0.000340334440708 0.000601610316184 0.00135877370161 4.22671 4.42841 4.96781354247 -4.12495613227 -0.28489044843
-112.158 33.2893 0.000613413596942 0.000698141081344 0.00166048081116 0.00139155958312 4.40813 4.44387 0.778299016742 -1.12480025446 0.281900466626
-111.427 33.341 5.68912872431e-05 0.000790770098741 -0.000919193497164 0.00105301909423 4.11339 4.38186 2.12753107053 2.54563902751 0.636290656547
-110.472 33.2969 -0.000312404632124 0.000572848497988 -0.000100074710086 0.00089068833192 4.00103 4.28147 -0.246239579305 3.74831992795 0.652226310269
-110.036 33.0851 7.81336335249e-05 -2.31070554746e-05 -0.000110995856523 0.000347794748314 3.99083 3.99594 -2.65996002924 -0.536100747769 -0.0569212994076
-109.266 33.2921 -3.20745226649e-05 0.000648603338188 0.000294562282848 0.000721513365606 4.09198 4.17202 -2.85887748557 2.20208394762 0.588691146871
-108.592 33.1132 -0.000403536708915 0.000239323899286 0.00133193534543 0.000117535269748 4.01867 4.10636 -4.16785953304 3.10715634328 0.394347946132
-107.671 33.3086 -0.000638275962421 0.000315103761105 0.000677697030893 -0.000218287416602 3.99576 4.10526 -0.400315036654 4.66955949996 0.595197985061
-106.964 33.2555 -0.000471053576866 0.000220589473478 -0.000342150029686 0.000654523269639 3.94696 4.19466 6.29194869527 3.33036239463 0.460588864496
-106.232 33.2621 -0.000219891668021 0.000255683004815 -0.000673650967092 -0.00106932103031 3.82057 3.98867 9.5363659933 2.17087467096 0.337231935661
-105.365 33.3298 0.000555377230923 -0.000172425028751 -1.62603857959e-05 0.000192532751227 4.05833 4.17104 9.82951782354 -3.4424615865 -0.494242635178
-104.717 33.2797 0.000729118631375 -0.000134512155755 -0.000374779443353 -0.00026380734707 4.22378 4.32067 7.93569266784 -4.18915760147 -0.564298124926
-103.98 33.2716 0.000345360472904 0.000114137408855 0.00037054620508 0.000609419086365 4.40335 4.56419 5.03858709125 -1.35046272283 -0.11234210347
-103.215 33.315 8.91040973179e-05 0.000177820240452 0.000563376751886 0.000310828819044 4.36185 4.31319 2.91859430287 0.167962167552 0.0968616493717
