-112.228 32.7006 -0.000416680865752 -0.000314960599898 -0.00077608289359 -0.00044685683676 3.88037 3.88282 -0.463550543168 1.80771076228 -0.307284318136
-111.704 32.5618 -0.000487348720976 -0.000818486019601 8.50671929835e-05 -0.000172938699916 3.76954 3.77697 -1.24174882726 6.39581033761 -0.220663169597
-110.739 32.5716 0.000200574941828 -0.000368964787196 0.000290896308145 -0.000134865072235 3.7409 3.74793 -2.07202695217 4.18669777847 0.303222155861
-109.97 32.6399 2.90065440468e-05 -3.78491496586e-05 -0.000664263483701 0.000165166207784 3.78692 3.79836 -2.93644227145 0.459999601406 0.0393523289325
-109.303 32.7663 -6.31122556628e-05 0.000383558544597 -5.15423736341e-05 -0.000573951207586 3.73553 3.73097 -1.87889733882 -3.96513299637 -0.170870417728
-111.457 32.0022 -0.000382679491425 -0.000409901349792 -0.000473358533232 0.000662619561986 3.84635 3.84428 -1.23825910249 2.79900109645 -0.243937909884
-110.816 31.7748 -0.000770173990994 -6.58787642899e-05 -0.000109508758952 0.000944346602341 3.78163 3.78343 -1.26367981176 -1.63312872827 -0.717562955291
-110.046 31.9737 -0.000109996977834 0.000328239509406 0.000232670323122 0.00016630257732 3.70249 3.70683 -0.705363074808 -3.52608507267 -0.196093276211
-109.259 31.9989 0.000104659802988 0.000325338307682 0.000535093223834 -0.0008986688939 3.72758 3.72809 0.687810605305 -2.97584244143 0.0218136659076
-109.991 31.439 -0.000228339507328 -0.000104711096996 0.0010365362321 -0.000831552727799 3.69646 3.6983 1.25060544603 0.471957855382 -0.196210173142
-109.281 31.3757 -9.53076738474e-05 0.000160270788804 0.00032878922799 0.000306448563516 3.73927 3.74071 -0.159862893084 -1.8399028308 -0.133665831058
-122.707 48.7197 0.00015997246155 0.000462615663023 -0.00114489581677 -0.000412791906287 3.80273 3.79248 -1.31753323002 -3.44589298996 -0.0499266997613
-122.085 48.9983 -0.000985007368469 0.000257105355328 -4.79449878965e-05 -0.000787349737394 3.77033 3.75706 -0.761849569198 -6.24198796688 -1.00468274517
-121.48 49.0983 -0.00111807725298 0.000848403841616 0.00119510965477 1.63041003376e-05 3.62652 3.62039 -0.380428007689 -12.048482359 -1.36112123485
-120.384 49.048 -0.00160540121944 0.00108660503729 0.000762371369998 0.00168534303856 3.6563 3.66568 -2.51398579258 -16.4542967545 -1.91074564083
-119.272 48.9534 -0.00277309529698 0.00258773107435 0.00139028191493 0.00533571191862 3.62871 3.63627 -6.82718176536 -35.9437610753 -3.66078123133
-118.585 48.9752 -0.00219329099762 0.00273744232272 -0.00619804355139 -0.00101105728532 4.14648 4.26543 -6.51241793016 -34.6194963418 -3.1974983725
-117.559 48.9813 0.00283872446769 -0.0257983398184 0.00293692392355 0.0569320916011 3.35868 4.04071 11.8627617168 263.310659467 6.34674903509
-116.363 48.958 -0.00934128478681 -0.00157965391703 0.016156588006 0.0192505779959 3.00954 2.59843 4.48021374377 -8.05777289186 -8.65719934486
-115.653 48.9339 0.00194131629198 5.38125336877e-05 -0.00423899920618 0.011722805163 4.0753 3.88057 -18.1414449981 11.4141706098 1.52935818941
-114.413 48.933 0.00354336790923 -0.00125265088674 -0.00619694516447 0.00216001541385 4.27162 4.2812 -13.5197252481 30.0131613503 3.68347092138
-123.504 48.0575 0.000813865644432 0.00122810482637 -0.000670747852291 0.00234342367229 3.66363 3.66447 -4.75230658461 -6.60678153533 0.117904725214
-122.096 48.2641 -0.00113883292802 0.00130458213488 -0.00124760746963 0.00209311822042 3.71024 3.70201 -7.09092753672 -16.6798243643 -1.64075593473
-121.484 48.5183 -0.0025387298203 0.0016607044525 0.000403502194747 0.00107445920539 3.69077 3.69392 -5.52895665158 -26.2663069033 -3.02221352058
-120.12 48.4607 -0.00353306740981 0.00276455050033 -0.00221622602163 0.00209010319706 3.75303 3.83119 -12.0055518086 -42.3909639532 -4.47302246888
-119.333 48.3584 0.0301027047839 0.00740212173154 0.0045693284886 0.00955547671032 3.18402 3.5697 -6.58943159805 74.1930499447 23.2268262268
-118.149 48.4226 0.00503307438897 -0.0417844046153 0.0140810210095 -0.0469705323535 2.70177 3.11321 -24.6646761932 334.613806155 33.0375721775
-117.225 48.2995 0.000361145632215 -0.120557555763 -0.00246719849854 -0.0761697101384 1.2181 1.66555 -52.1124868043 389.276191986 114.519014575
-116.367 48.4366 0.0203380025876 0.163114329893 0.0618620822738 0.534690671748 1.59453 -nan 91.4866478129 -695.790065994 161.742226342
-115.589 48.4694 0.00302103836293 -0.00208181200513 -5.12974001052e-05 0.0037556188228 3.27096 3.19887 -11.1138351053 33.8513984998 3.65396179825
-114.468 48.3739 0.000523608628355 -0.00267778604508 -0.000477073442599 0.000311789046904 3.69492 3.67751 -3.28496249712 27.8198373285 1.43852080842
-122.173 37.1311 0.000283836532078 0.000715318195717 0.000767623076321 -0.000607368156706 3.75126 3.69959 0.933729282117 -5.23284074258 0.00147462208561
-124.566 47.9475 5.51860286706e-05 0.000590781330171 0.00351097012031 0.00314937466869 3.48816 3.49131 -2.28322430707 -4.81145500681 -0.221645937598
-122.972 47.7172 0.000241746385548 0.000897454902974 -0.00201676481983 0.00255649047028 3.61872 3.62043 -10.6333653901 -5.87185620946 -0.307692255054
-120.894 47.923 -0.0029100225392 0.000347738506286 0.000517488307679 0.000807423476673 3.65619 3.69917 -9.59331370752 -18.0728522105 -2.65598903331
-120.061 47.6902 -0.00117777452586 -0.00228528994423 -0.000241919202219 -0.00148183619753 3.82722 3.88723 -4.45444131976 15.2405367305 -0.0541049710487
-119.045 47.7849 -0.0010858545065 -0.0044152613689 -0.000512308340999 -0.00236073720464 4.04775 4.08304 -1.01184086648 36.9317769435 0.636659420614
-118.274 47.8006 -7.34972221532e-05 -0.00742772708412 0.00539563156771 -0.00736343846623 3.59898 3.4144 5.28742923205 71.9483710566 1.85113936717
-117.308 47.8192 0.00129159326293 -0.00140917329555 2.66308672087e-06 3.72263353924e-06 3.79979 3.43668 -0.00125158598536 17.8220941997 1.68907802999
-114.574 47.6795 0.00103831409302 -0.000291518728094 0.00422991821779 0.00088932166988 3.54513 3.55286 1.23729213035 5.8978722372 1.07839021958
-113.747 47.7687 -0.0016051436457 9.33663414979e-06 1.02007707303e-05 0.000943220596053 3.63242 3.62737 1.08270823769 -4.65316391745 -1.54635626174
-123.771 47.1161 0.000499426991064 -0.000850155999159 -0.00116561509738 0.00155800836277 3.56093 3.57184 -11.5083584941 9.46469820241 0.902742127198
-122.803 47.1109 0.00106488107741 -0.000401369301514 -0.00100617876768 0.000279052624675 3.64554 3.65479 -7.84447258595 8.72101874314 1.11779667024
-121.989 47.1881 -0.000271898883445 -0.00134328658969 0.000265362935716 0.00103617465992 3.54481 3.54742 -6.25810415318 10.1474281917 0.419790441835
-120.844 47.1935 -0.000258841346236 -0.00172787047911 0.000638901916598 -0.000488545635599 3.64017 3.6428 -1.17060292277 14.6153561216 0.447063939283
-119.973 47.1936 -0.000189235301736 -0.00238586335105 0.000422006251525 -0.00173159550086 3.75617 3.736 2.36075626113 21.7188725934 0.604799800036
-118.921 47.0573 0.000965874904698 -0.00313308320937 -0.000571487570322 -0.000689790250818 3.89775 3.87631 2.20764965522 32.7105692589 1.91258428978
-118.309 47.0615 0.000130465456109 -0.00254066308226 8.2617007231e-06 0.00142729124491 3.86754 3.88125 0.69683555817 24.4279687699 0.975879240155
-117.276 47.0547 -0.000391439894508 -0.00153192328454 0.00211938177204 0.00193112499564 3.81815 4.18015 1.88404824735 13.5377484379 0.0922382117339
-116.335 47.0477 0.000134334111487 -0.00195471907022 -0.00524983187365 -0.000662644885437 4.50591 4.60554 3.01920887893 19.4859415272 0.66341434171
-115.353 47.0528 -0.000896859041265 3.85860953337e-05 0.00439454609558 -0.000276027000927 3.5664 3.60285 1.38576872687 -3.02871477266 -0.869802147964
-114.459 47.0943 -0.0027511859984 0.001468792754 0.00478929505081 -0.00288371954867 3.1394 3.1476 11.7576543457 -17.9013041049 -2.88479575571
-113.506 47.0816 -0.00149895532899 0.000767116513972 -0.00307622080671 -0.00522727402401 3.86276 3.88548 14.8567093434 -8.48779627701 -1.52456836926
-112.52 47.0418 0.00275924394199 0.000165991518685 0.00125552991949 0.0103911610696 3.51746 3.54154 -8.32927187212 10.3518293506 2.44284453183
-123.563 46.5459 0.000670649297605 -0.00242629818958 0.000395281035258 -0.00065333269488 3.74102 3.75135 -1.2697217609 23.8767268728 1.64750001317
-122.72 46.5934 0.000893307991435 -0.00185573056219 -0.000163258277712 -0.000382512991 3.66708 3.67263 -0.234545985303 19.9499136244 1.56559445228
-121.761 46.5605 -0.000321875561338 -0.00166015964039 0.000117749394425 -0.00122237037832 3.68467 3.67908 2.31270894648 14.0716516905 0.280440669721
-120.979 46.5433 -0.00136348371666 -0.00127628341096 0.00107116903111 -0.00105468895386 3.54495 3.54354 3.31572577447 7.50289537089 -0.875373341582
-119.855 46.5585 0.000593590503092 -0.00136533425296 0.000553937787437 0.00039877565473 3.7011 3.69538 2.05202353872 14.6916556295 1.01309392927
-119.06 46.4911 2.84847655758e-05 -0.000487583925146 -0.00182181977904 0.00221911812672 3.89135 3.87541 -0.796014074742 4.61275205013 0.206385754757
-118.146 46.5139 -0.0014347171279 0.000607974699258 0.00119972684519 4.15832902569e-05 3.79068 3.76758 4.08099482153 -9.83748491723 -1.54709532842
-117.11 46.485 -0.000818314545484 0.000137237530156 -0.000491825592683 -0.000140004924898 3.8988 3.87335 10.555486912 -2.64412124653 -0.829692977417
-116.209 46.3559 5.97459176664e-05 -0.000538604223491 -0.00100815547845 -0.00038006641503 3.83782 3.84926 12.3124759462 5.49985500323 0.120246203026
-114.188 46.4423 -7.77610666019e-05 -0.00507799300822 0.00414733192116 0.00100910141296 3.42891 3.46059 14.9056990316 52.2212637226 0.139408374631
-113.493 46.4162 0.00187998388253 -0.00623562377404 -0.00073629522053 0.000513377555577 3.71171 3.73686 12.1401463883 65.9226818265 2.38691138646
-112.641 46.4246 0.000904172731064 -0.00672782577388 -0.00342512224393 -0.00176549571256 3.97463 3.99849 8.72024751367 70.6885689898 1.77868313732
-120.728 40.6183 0.00109881845456 -0.00507960424446 0.00101831390515 -0.00183189535816 3.56966 3.56505 3.44579382166 49.5306274089 2.64321972563
-123.559 45.9306 0.00069176504293 -0.00129913658575 0.000950686271315 0.000148957278085 3.75419 3.75338 2.02077196464 14.0586016645 1.12971057761
-122.419 45.9325 0.000178967235721 -0.00178232727494 -6.06908410394e-05 -0.000286675155889 3.70237 3.69557 3.31130904047 16.8143348547 0.777053162745
-121.459 45.8839 -0.00119020951403 -0.000764359489314 0.000930597335965 0.000899964993104 3.60942 3.60825 3.19219523349 3.17677215243 -0.868882247196
-120.782 45.7664 -0.000994675387674 -0.000982261931396 6.7618428332e-05 0.00158391358678 3.59348 3.5971 3.15224189619 5.9383161299 -0.622051196944
-119.928 45.8951 -0.000498267297207 -0.000725380060842 -0.00131062749291 0.00187520029222 3.762 3.77418 1.52897514 5.04794511232 -0.220911214834
-118.777 45.7971 -0.00172490913152 -0.00090072943907 0.000235834045389 0.000160073504085 3.72824 3.75345 7.41259155662 4.79080903786 -1.47288934654
-117.909 45.7087 0.000316836616601 -0.00248008467461 0.000665290129735 0.00060265379409 3.46657 3.50631 12.35696352 25.004588259 0.644929344938
-117.228 45.9734 0.000531652640949 -0.00338727462492 -0.000274496532739 0.00112318183998 3.76616 3.81845 11.0886854295 34.495083633 1.02358951599
-116.155 45.8883 0.00123938051468 -0.0043051789476 -0.00029647704207 1.89817683683e-05 3.66848 3.7166 15.1293763821 44.3497875557 1.51054461822
-115.255 45.7565 0.00223804004106 -0.00505265193635 0.000836428863196 -0.00224026937711 3.64293 3.65956 8.96341274505 54.5084281386 3.01502068405
-114.332 45.7893 0.00164777100763 -0.00503097412032 -0.000727635868726 0.00158159914744 3.80321 3.79991 2.8549126405 54.2554392175 2.86497790404
-113.37 45.8122 0.00032838263659 -0.00330478444724 -0.000380124228926 0.0014474379756 3.80989 3.79137 3.35460853646 34.024004411 1.08807964291
-112.493 45.8409 -0.000707787617297 -0.00214360055835 0.000868548468767 -0.00233613157961 3.78273 3.77245 8.94902401677 21.2012167209 -0.432073631071
-123.281 45.3153 0.00101221040584 -0.00161870256353 0.00128940910458 -0.000687323803707 3.74341 3.73768 5.5677370585 17.7971171884 1.46956088118
-122.478 45.2059 5.47868554108e-05 -0.00140787198946 -0.00107031425322 -4.5586341411e-05 3.79279 3.78391 4.37201287012 13.0209708394 0.508348659479
-121.317 45.2422 -0.00162705706398 -0.00112577979156 8.90801171768e-05 1.31610748367e-05 3.70557 3.71349 6.28256619295 6.11275215239 -1.24905489623
-120.635 45.2357 -0.00102290913618 -0.00131306458505 0.00113074420283 -0.00106150043277 3.569 3.58701 8.60128935471 10.1847552404 -0.691667540644
-119.669 45.2664 -0.000183531061807 -0.00267202799207 -0.00174224272505 -0.00143504717991 3.87372 3.89366 11.6299266537 25.6576199139 0.266792958597
-118.96 45.2904 0.000264103880426 -0.00314835365343 0.00128398046418 -0.00155609310324 3.59 3.6057 12.9349130562 31.2594646158 0.690882855389
-117.78 45.2781 0.00114968283396 -0.00592251894511 0.000833134455715 -0.000391144039404 3.61801 3.65662 10.7586277508 60.2666294566 2.07916114637
-117.12 45.2925 0.00187103463919 -0.00423517577223 -0.000229082917236 -0.00177874700295 3.71394 3.72283 9.82387163264 45.0832841931 2.55390059765
-116.268 45.3997 0.00107946901375 -0.00551972792146 -0.000462100989122 -0.000440368752715 3.7651 3.76644 8.881692238 56.855321396 2.01975617574
-114.233 45.0931 -0.000170363520568 -0.0015420676475 -0.000139313679242 -0.00100155503455 3.82009 3.79433 5.91660574178 15.1417678825 0.141153237702
-113.46 45.2432 -0.00101166591021 -0.00117248521505 0.00215235083763 -0.00272200570902 3.5131 3.50325 8.07976131801 10.351911024 -0.820011043875
-112.489 45.166 2.41120568231e-05 -0.00070979535521 0.00280798562231 -0.00396590469556 3.63331 3.62861 6.81787171796 7.31362025682 0.139778617806
-124 44.6764 0.00118334183422 -0.000768491590864 0.00475784317531 3.48016723141e-05 3.54804 3.55051 5.57865191789 10.5477120036 1.36776144303
-123.292 44.6765 0.00161196367219 -0.00102259256485 -0.000666849780422 0.000971812532568 3.71431 3.71258 5.37920147448 14.163462129 1.85290286316
-122.186 44.6837 -0.000423905529106 -0.00137498060618 -0.000960066508402 -0.000537137803812 3.79809 3.79205 7.18617993979 11.6404268772 -0.0317816671541
-121.227 44.6473 -0.00118402731821 -0.00194247300645 0.001112569941 -0.000761103881333 3.52358 3.53239 10.4228136348 16.0823463839 -0.756343509567
-120.335 44.7344 0.000933900141924 -0.00290309308192 -0.000263152398396 -0.000305368802138 3.54256 3.55475 11.2987725599 29.5911199121 1.44436684672
-119.565 44.5913 0.000674958554345 -0.00340402517427 -0.000290257111091 -0.00124174422914 3.7243 3.7265 8.80903030226 34.1258939572 1.38884406359
-118.67 44.5191 0.00013563181713 -0.00206583084659 0.000477210401068 -0.00168680369163 3.67578 3.66658 8.34911376889 20.271949637 0.569299727559
-117.664 44.6653 0.0016332142967 -0.00265554608214 0.000921984137409 -0.000844726343998 3.67286 3.65071 5.85795989404 29.6564744699 2.2267563345
-116.747 44.589 0.00110731093194 -0.00125407871322 -0.00113449781379 0.000557081196643 3.83024 3.79385 2.9816017189 15.2043422467 1.41360164402
-116.013 44.7035 -9.6561219322e-05 -0.000762307932221 -0.000406213953971 -0.000196477787191 3.75844 3.73231 3.84311939709 7.1958205306 0.102020458218
-114.855 44.5494 0.000153314939286 -0.000701261927697 0.000483676425036 -0.00279093872729 3.60429 3.59114 7.7900196172 7.30687404758 0.273928406847
-114.255 44.5642 7.34446785103e-05 -0.000210254785156 0.00173805817169 -0.0024569452951 3.73274 3.72635 10.6238331244 2.22579762117 0.0979981810469
-121.551 36.3887 -0.000159885123033 0.00250851468259 0.000761768138237 0.000431901685865 3.69294 3.69353 -0.470127116453 -22.2318177299 -1.10662319179
-121.461 40.8161 0.00110798199405 -0.0054285331624 0.000351304143574 -0.00117529718602 3.68197 3.69452 5.28237820552 52.5936872033 2.64940387586
-119.023 36.6801 -0.000317340044051 0.00239198720037 -0.000209334470726 0.00325809301287 3.61325 3.61518 -3.8138902315 -22.1095714969 -1.27273509252
-123.83 44.0035 0.000535628724568 -0.00115966854822 0.00172001372421 -0.000893917154971 3.75643 3.77387 8.09921303598 11.9910283671 0.836058709487
-123.278 43.9726 0.00167994840602 -0.0020295571931 -0.000202363388913 -0.00164311826067 3.6755 3.67935 9.52015805476 22.704851948 2.12845930239
-122.411 43.7941 0.000537077134373 -0.00182459442187 -0.00123731416019 -0.000828209487081 3.76943 3.75233 5.85866997662 18.2408373441 1.05554354052
-121.268 44.1626 -4.43485215613e-05 -0.00223238101783 0.00126448084928 -0.000609626490372 3.48377 3.48263 8.17631295893 20.869883952 0.504576241361
-120.211 43.9437 0.000873214641928 -0.00162311847091 0.000709418915105 -0.00113132931977 3.57826 3.57322 6.49976358739 17.5190288565 1.26636757451
-119.504 44.082 -0.000170318208306 -0.000891402834475 8.17434957924e-05 -0.000694461058016 3.69573 3.66602 4.71120364233 7.92384937379 0.0885718789491
-118.569 43.9104 -1.42139194789e-05 -0.000465935010122 0.000256745759889 2.40850590459e-05 3.61819 3.59993 3.72898636339 4.36929374284 0.120614985228
-117.741 43.9733 0.000339602553357 0.000487070189963 -0.000475399730716 0.000550729061162 3.75365 3.73435 1.65424938802 -3.54433127518 0.170059475272
-116.803 44.086 -0.000656426814083 0.00179279099162 -0.000895806285607 -0.000146980325836 3.78883 3.77692 3.43730108025 -19.0822891131 -1.1200290087
-115.958 43.9121 0.000215409395509 0.00118578195839 0.000657964377921 -0.000772341795418 3.5695 3.58465 7.59776729638 -11.3150080314 -0.0161992033232
-114.117 43.9146 0.000357829597451 0.000772834331185 0.00164070588225 -5.67104695307e-06 3.74208 3.7389 3.37607439189 -6.77801839836 0.159885685702
-123.575 43.3654 0.00401144353611 -0.000400728899603 0.00344341204746 0.000214911387636 3.44608 3.45812 5.59036706672 15.6003659424 3.93332124912
-122.965 43.3717 0.00206182086973 -0.000475626247712 -0.00167121499019 -0.000331987948913 3.82474 3.80395 2.31108213041 11.3391367496 2.09418821009
-122.109 43.2406 -0.000528878057582 -0.000209305871719 -0.00083000369178 -0.000187790145556 3.71482 3.69444 2.98686217231 0.158040232045 -0.425849467244
-121.236 43.2843 -0.000972812504124 0.000229699105733 0.00223798377844 -0.000464059636763 3.40033 3.39002 4.66069475855 -4.96218409439 -0.996666137865
-120.153 43.2515 -0.000324584590522 0.000158527609711 -0.000344411519609 -0.000289185311684 3.6407 3.62453 3.40894256069 -2.45120616583 -0.357811771574
-119.311 43.3736 -0.000633111533527 0.00106974213783 -0.001101218815 0.000674570598355 3.71181 3.69962 0.727967668175 -11.9905341285 -0.964167735218
-118.474 43.358 -0.00121178734276 0.00173660160811 0.00024974760635 0.00163078309367 3.6067 3.60311 -0.39690346936 -20.2679494739 -1.74932062775
-117.754 43.3471 -0.000660930556092 0.00227852076388 0.000298780679386 0.000226778682831 3.63727 3.657 1.53122353504 -23.5259736298 -1.34525521002
-116.767 43.4275 0.000375257887517 0.00102896752549 0.000384409660704 -0.00166896171021 3.59654 3.6155 5.03407668798 -9.05785234585 0.111608337491
-115.828 43.4151 0.00118756499642 -0.000938972915583 -0.000145655716384 -8.05692496733e-05 3.67058 3.67615 0.264236409985 12.7389312588 1.42246845752
-115.098 43.25 0.00035263424153 -0.000405411554044 -0.000128492506659 0.00164560163584 3.67061 3.67233 -1.91504542602 5.07794901149 0.47002691884
-114.174 43.3979 0.000499633986358 0.000299814555833 0.00239063783517 0.000409387051136 3.58913 3.60034 -3.22505096846 -1.06136502519 0.361561845105
-124.469 42.8088 6.41109368314e-05 -0.000513822876677 0.00131272321871 -0.00114698244404 3.7113 3.71268 2.96961017099 4.710395328 0.248580425373
-123.49 42.7667 0.00036341720005 -0.000299437157034 0.000147687935114 0.000179850511097 3.78796 3.78431 -0.0876621218972 3.98655398038 0.453661939971
-121.731 42.6133 -0.00125587433275 0.00138953840557 0.000877639375031 0.000957550225893 3.52863 3.52851 0.391741201559 -16.894136062 -1.68814503873
-120.893 42.7258 -0.000523675735807 0.00137171711409 0.000414606995974 -3.68285706917e-05 3.33953 3.35112 1.5281445208 -14.1832639564 -0.971164285634
-120.251 42.7991 0.000787299621394 0.00123750971899 -0.000535839421102 0.00129464668629 3.6213 3.62549 -2.70146722959 -7.80650060988 0.208206577557
-119.247 42.6912 -0.00146425073401 0.00163858467679 -0.00160973663751 0.000532478204167 3.73706 3.75347 -2.60975389056 -20.4173247622 -1.99647461205
-118.486 42.7308 -0.000772685144266 0.00109069287793 0.00105535768429 -0.00156905442511 3.49783 3.5343 1.9054746531 -12.5944944366 -1.0786105739
-117.725 42.6996 0.00150872607027 -0.00178185454192 0.000258932264222 -0.00215355920966 3.54557 3.57645 0.370897668934 21.6174075793 2.01694410899
-116.87 42.7779 0.00160892639739 -0.00169707777813 -0.000146826194136 0.00122527203561 3.61252 3.62753 -4.94614790531 22.0142131771 2.16376546671
-116.032 42.7713 0.000976996422276 -0.00123860518246 -0.000382905931388 0.00145691035418 3.65211 3.66156 -6.45257157175 15.4192781375 1.41107232126
-114.903 42.636 0.000609869801678 -0.00202305386737 5.56166006549e-05 -0.00015009945133 3.59141 3.60584 -4.23816145985 21.2837925937 1.32908607338
-114.084 42.6493 0.000621263400335 -0.00258763229369 0.000657376293923 0.000697225546966 3.55539 3.56841 -5.84013232245 26.706179599 1.59241708155
-113.176 42.5452 0.000265092351501 -0.00099880928163 0.000643395089877 0.00465059304194 3.59796 3.59987 -6.41854002773 10.4801572451 0.637547972929
-123.602 42.156 0.000623778941633 -0.000227088284035 -0.000145563721988 -0.0010445640162 3.697 3.698 1.50611397016 4.21958305201 0.663260105035
-121.891 42.175 -0.000677904313614 0.000106822667687 -0.000217044527684 -0.001918405484 3.67824 3.69195 1.76383006053 -3.26975756165 -0.67132163261
-120.834 42.0472 -0.00105569714805 -0.000392645823514 0.000622122298834 0.00148762652155 3.4634 3.48971 -3.48932527251 -0.955922513806 -0.784462900244
-119.34 42.0187 0.000665398404072 -0.00187607197777 0.000156658486289 -0.000903555264406 3.53755 3.57157 -0.436975827999 19.3989538048 1.30363749986
-118.344 42.1901 0.0023231062838 -0.00354135061106 0.00199495306566 -0.000193413574698 3.49195 3.53029 -2.51034484119 40.9570615446 3.51343359792
-117.667 42.0192 0.00165097285156 -0.00304968656046 -0.00142848238642 0.00244954126353 3.6788 3.68508 -7.03327530535 34.2515658809 2.85040442286
-116.471 42.0773 0.000558483128749 -0.00242877745563 8.62975835034e-06 0.000740227274385 3.61574 3.6275 -4.61812240853 24.4309178644 1.48532388506
-115.754 42.1669 0.00149432362525 -0.00283093100785 0.000548209874804 -0.000678792218418 3.54211 3.55342 -3.98779981143 31.9870393015 2.46480971891
-115.016 42.146 0.00124122524479 -0.00265972363564 -0.000499212302253 0.000775890548552 3.62789 3.62651 -4.94173954974 29.6041175972 2.18133623728
-113.944 42.0886 -8.47451488136e-06 -0.00192655430204 -0.000281470819121 0.00192283165341 3.60947 3.60105 -5.34225792507 18.0543398954 0.734944066229
-120.74 38.7552 0.00117829117117 -0.000667732009537 -0.000242051016142 0.000101968359896 3.70856 3.71443 -0.137835920017 10.0598486391 1.34209247224
-124.122 41.8473 0.000854737229837 -4.4871989366e-05 0.00414500468104 0.00281071813963 3.41397 3.42002 -1.041569856 3.80042032698 0.792164000329
-122.854 41.392 0.000823638990663 -0.000675024436789 0.000104852064995 0.0016675449727 3.68582 3.69595 -2.61910541381 9.14286749733 1.03585813694
-122.122 41.2742 -0.000492717319172 -0.002215954183 -0.00214248179991 0.00116476543294 3.82945 3.83229 -3.35424943919 16.8424183909 0.534269447797
-121.839 41.7826 -0.000943746511862 -0.00132390174583 -0.000966499150445 0.00238760430684 3.6078 3.62162 -3.39885177501 7.40273452857 -0.266869927663
-121.146 41.3593 -0.00188515235069 -0.0035483431008 0.000811409429991 0.00115945722951 3.45392 3.47823 -2.67162092867 23.2875882035 -0.222335306771
-120.477 41.2047 0.00249836441373 -0.00533485587049 0.000580879530362 -0.000101092905072 3.43124 3.46715 -0.349612240901 56.6444030906 4.31670766033
-119.171 41.3884 0.00134781919268 -0.00526907352937 -7.8586099164e-06 0.00153921070176 3.56121 3.57594 -3.08647668075 52.2332347135 3.3665580773
-118.379 41.4483 0.00171935171311 -0.0038140844339 -0.000674025864519 0.00272050166784 3.62747 3.62659 -5.55911145798 40.9980864907 3.20980527386
-117.45 41.423 0.000760453972031 -0.00283956663722 -0.000273349110281 0.000280901996212 3.66733 3.66426 -2.91493860164 28.775803871 1.79227204684
-116.54 41.522 0.000923356636534 -0.00327027624929 0.000675228064829 0.000182905731412 3.5902 3.60027 -1.97076639163 33.6711894426 2.03535633238
-115.791 41.4311 0.00108854548521 -0.00235553335722 0.000358864497558 0.000833535892471 3.64093 3.63098 -2.58218201828 25.9131655565 1.86497022241
-114.915 41.4157 -9.16518952463e-05 -0.00157796120028 -0.000807541142312 0.000984671767455 3.73135 3.71288 -2.86082807676 14.5296021343 0.475898525704
-114.165 41.3602 -0.000631549776861 -0.000657841123688 -0.000108002309131 0.000232850810859 3.66228 3.65366 -0.690964917127 4.33575054543 -0.394674924652
-113.347 41.503 -0.000737971808965 -0.00103006502345 0.00040995088263 -0.00034055533319 3.61599 3.617 0.154238947509 7.88488924482 -0.408695457811
-112.448 41.4632 -0.000270050421445 -0.00139867149909 0.00140469387784 -0.000658087262394 3.60342 3.60544 0.574417199153 13.0723710055 0.120923366596
-123.306 40.822 0.0016244776459 -0.00628507790241 -0.000644048949263 0.00011514774262 3.63219 3.64882 -1.10223845223 60.0194111414 4.09912511838
-119.835 40.7484 0.000765896538493 -0.00354271928282 -0.000126076393687 -0.000280441688698 3.65257 3.64643 0.431488415671 34.6251784804 1.9735205942
-118.971 40.7797 0.000154742050263 -0.00243291205808 -0.000286854562733 -0.00171632236334 3.71793 3.70858 0.981289410132 22.7994993489 0.964585685972
-118.134 40.7811 0.000613680254484 -0.00203689407476 0.000253843139488 -0.00190040234006 3.70601 3.69094 2.66036403993 20.8402198718 1.19580739884
-117.524 40.852 0.000583441352483 -0.00178646315624 0.000163337799236 -0.00145335910897 3.7111 3.69907 1.83166404589 18.5076403527 1.10336059328
-116.508 40.7186 9.13868238461e-05 -0.00184246320875 -0.000139381116212 -0.000291140343437 3.73013 3.69718 0.586348583463 17.6329084597 0.669536267713
-115.736 40.8167 -4.56769753133e-05 -0.000646384403028 -4.68771288083e-05 -0.000533307660846 3.71124 3.69695 0.745947458537 6.00932402936 0.153876164406
-115.039 40.8522 -0.000529668587524 -0.000208287403573 -0.000217444156861 -0.00111081912566 3.70521 3.70029 1.76817685772 0.51465801182 -0.449902197268
-114.204 40.8556 -0.000701092425265 -0.000474804406811 0.000388477180052 -0.00170388744963 3.66058 3.65921 4.44314408706 3.07193211818 -0.575385503348
-113.187 40.8513 0.00031784179341 -0.000628533118168 0.000768686410819 -0.00269257075296 3.64315 3.64302 3.2289789863 6.99179238696 0.457117541262
-112.52 40.8903 1.43222418214e-05 -0.00089910417126 4.44451266571e-05 -0.000959217554097 3.77755 3.77188 0.881800206894 8.91812044663 0.254952542255
-123.82 40.1398 0.00193112382194 -0.00232807209639 0.00235326073851 -0.000540500010717 3.60733 3.5993 2.72620152785 26.7342790607 2.64028322123
-122.788 40.1767 0.000933321289197 -0.00170790856574 0.000246042504737 -0.000530368144155 3.64547 3.63186 1.06534758283 18.185507799 1.507104638
-122.032 39.9971 0.000643325539015 -0.00120840482131 -0.000110075362427 -0.00153233081996 3.62581 3.61731 2.67435753714 12.8184018201 1.01719793871
-121.086 40.32 0.000899258173896 -0.003666208897 0.000943268032919 -0.00208869358459 3.68824 3.64855 4.17512477553 35.9412438146 1.97997593422
-120.918 39.962 0.00049944176299 0.000191194479418 0.000122505215941 0.000684297373231 3.65739 3.63616 -0.047240758947 0.0884139736994 0.391831446081
-119.827 40.165 -0.000606281218244 -0.00143264950847 3.85423968489e-05 -0.000455240288737 3.66739 3.64966 0.524697425702 10.8586499415 -0.0617864556669
-118.155 40.2903 0.000205977073947 -0.00050094930458 0.000189715795937 -0.00104386260614 3.69067 3.68501 1.92812986136 5.28138294431 0.351891207415
-117.19 40.1697 0.000362667494967 -0.000135460340242 -0.000630461223823 -0.000430537528928 3.78906 3.77984 1.00086743481 2.39671922277 0.386899192804
-116.5 40.2917 -0.000405370363577 0.000535221460415 -7.58652052346e-05 -0.000333331905767 3.73857 3.71619 2.12280525765 -6.24224852892 -0.543413972979
-115.657 40.1313 -0.000712309119388 -5.56986299987e-05 8.35349851195e-05 -0.000355548154221 3.65447 3.65359 1.96378553972 -1.48557450107 -0.667129036271
-114.745 40.2679 -0.000148813419683 -0.000145059603349 0.000555321172339 -0.00053213778038 3.61115 3.61276 2.72819559776 1.01616293374 -0.105712389802
-113.981 40.1314 0.000165630699662 -0.000445567043673 0.000673110694151 -0.000500448309192 3.72781 3.72708 1.56116301049 4.78961786706 0.280925149932
-123.338 39.469 0.000213481795342 -0.000393303380571 0.00158764899923 -0.000156741181226 3.67477 3.67248 1.51683367991 4.14847646685 0.344973422
-120.608 39.3028 0.000754771058436 0.000196136995126 -0.000753609490786 0.000741479611314 3.675 3.6771 -2.00215576672 1.1741683922 0.612732404307
-119.898 39.6785 -0.000674028450073 -0.000708593943274 2.91686858057e-05 0.000800480658724 3.64464 3.64317 -1.10607692798 3.84213497731 -0.354561136839
-118.889 39.5399 -0.000781851410421 -0.00102283089547 4.63607375597e-06 0.00180123346229 3.55801 3.56366 -2.23990411039 6.20391935471 -0.324812310743
-118.08 39.6946 1.82139367837e-05 -0.000541983306061 -7.33035683399e-05 0.00199228045619 3.59855 3.60482 -2.19238354103 4.96437046287 0.221788660068
-117.14 39.5516 4.43844519948e-06 -0.000141354873269 0.000356321145315 0.000820783579878 3.64911 3.65409 0.149530332337 1.32624085536 0.0508246944846
-116.464 39.6202 -7.27840978763e-05 -0.000435739253231 -0.000223987435858 0.000581706942798 3.72919 3.7511 0.782187644485 3.86836804797 0.0669522952615
-115.754 39.553 5.61445534573e-05 -0.00097496983145 -5.1020997624e-05 0.000768604641611 3.68489 3.68675 0.213316745572 9.37919373845 0.3596550854
-114.908 39.4731 -0.000128313008568 -0.00107115532468 -0.000243667657605 0.00168680338784 3.60815 3.59576 -1.36828648937 9.69050330738 0.233983391363
-114.016 39.455 -0.000547310360731 0.000269332985183 0.00171342155408 0.00233332741894 3.55558 3.54359 -1.48401161297 -4.35740309613 -0.605057501995
-122.015 38.6333 0.00076168751423 -0.000671025257643 0.00078429861418 0.000241597198846 3.68385 3.69096 0.238479948041 8.55095222522 0.959162905872
-121.377 38.839 0.000928614891993 -0.000526497635289 -0.000287519752589 0.000773478221629 3.69912 3.70162 -0.6511629565 7.99197424098 1.05999657504
-118.808 38.9383 -0.00112122674642 -0.00181221018468 -7.96001928476e-05 -0.000369009543207 3.65002 3.6458 0.826877435553 12.8657307317 -0.447183187333
-117.932 38.8606 -0.000163722585341 -0.00162451439893 -1.34284563369e-05 -0.000808668049802 3.57615 3.57421 2.30023078299 14.6015750886 0.335027403611
-117.182 38.834 0.000631343616737 -0.000541703355629 0.000393918175329 -0.0006359122145 3.59638 3.58752 1.94400420813 6.92244060897 0.764873766857
-116.4 38.8247 0.000157043159453 4.93690170833e-05 0.000230652958475 -0.000314622061766 3.68924 3.65489 1.61593840913 -0.00403355601427 0.135242704905
-115.654 38.8455 -0.000855282530639 0.000309745800225 -0.000615592202136 -0.000421136002828 3.78516 3.73919 1.24894656408 -5.4489413686 -0.908632505754
-114.83 39.04 -0.00109982230132 0.0010201048194 -0.000509318039197 -0.000678608368811 3.73067 3.71129 1.54626078787 -12.8926155172 -1.34301977449
-114.02 38.9551 -0.00122829222554 0.00190445875883 0.00229032334019 -0.00190180563858 3.55575 3.55449 2.35154860187 -21.7263610792 -1.68151086767
-120.936 38.2571 0.000918190107779 -0.000156142767955 -0.000374045208623 -0.000480043817659 3.75105 3.74298 1.15138930366 4.44816048339 0.914332781699
-120.076 38.7028 0.00205678384977 -9.75701940394e-05 -0.000198581194902 0.000167082041682 3.67809 3.6768 -0.209294186058 8.0645088476 1.94979402769
-119.451 38.5226 9.03838286788e-05 -0.000221877532302 0.000467140796101 -0.000550819792191 3.65411 3.63635 1.16351087975 2.29872613514 0.159836153806
-119.047 38.089 -0.000175967533859 0.00104915763694 0.000789560124499 -0.00134327159537 3.61411 3.5947 2.28411915722 -10.1144184069 -0.496181662849
-118.106 38.3489 -0.00111278513832 -0.000247626785758 0.000351818525661 -0.00121113585525 3.6077 3.5923 1.97033183121 -1.05471399202 -0.981652314858
-117.072 38.2397 -0.000938560960833 0.00209927789777 0.000104373378415 -0.00052139733355 3.60566 3.58977 1.5501158032 -22.3725240192 -1.53479965171
-116.302 38.2886 -0.00101183001138 0.00296431044674 -9.9379084146e-05 -0.000682410292597 3.70653 3.68531 1.95454714382 -30.8468218203 -1.82970686261
-115.585 38.3489 -0.00168022744724 0.00357493638835 -0.000514079995833 -0.00117030011388 3.75471 3.74534 2.15686817804 -38.6927874378 -2.61342815953
-114.608 38.3281 -0.00144450668719 0.00335137354788 0.00100876353037 -0.00155041938759 3.62189 3.63144 3.30277219828 -36.0483761679 -2.23747317205
-113.021 38.2987 0.000122932276034 0.00200407735705 0.000789609592174 -0.00316462881784 3.77855 3.76438 3.50228300474 -19.4635773654 -0.342117777163
-121.328 37.5049 0.000224380539166 0.00117062697417 -0.000275362334547 -0.000590065853457 3.77657 3.75574 0.603566778054 -9.4888352015 -0.217455452509
-120.33 37.346 -0.000241825386728 0.00207844444152 0.000291138786966 -0.000200004348686 3.71651 3.66574 0.25783968021 -19.2208058692 -0.972718872147
-119.849 37.8817 0.000414205624757 0.00191747288742 0.000617542696673 -0.000844121078955 3.63054 3.62059 1.36380207581 -15.900630433 -0.256245618806
-118.171 37.4993 -0.00131638121736 0.00185197582212 -0.000334132894131 0.00157252438488 3.62943 3.62215 -1.39051647975 -21.3157515789 -1.90083562403
-117.225 37.7243 -0.00263804337114 0.00296908218675 -0.000326626976619 0.0010506340703 3.52602 3.53462 -1.47208804248 -36.2399736405 -3.52298724382
-116.595 37.923 -0.00165137837222 0.00348530791809 0.000643854056112 -0.000191926890189 3.56613 3.58072 0.662462555356 -37.5781032141 -2.66521666156
-115.747 37.6444 -0.00211148753504 0.00457873576799 -0.00040182922257 -0.00012265329012 3.69365 3.7525 -1.31754116572 -49.6174624173 -3.53837307847
-114.849 37.6083 -0.000753851789912 0.00269733406644 -0.000670229853135 0.00030349258093 3.69841 3.73183 -3.61929101393 -27.7208872974 -1.69243921214
-113.86 37.5808 -0.000409187290858 0.00130477854732 0.000684738437173 0.00148081685834 3.43118 3.44952 -5.12392139493 -13.6672324735 -0.876732890446
-113.168 37.7601 0.0013496586055 0.00295516377945 0.00149763980498 0.00173331150601 3.54824 3.57468 -6.31843845038 -22.0424459657 0.0741204222759
-121.786 39.2291 0.000731869259619 -0.00012040009258 0.000167254000726 0.000906765780191 3.63631 3.63757 -0.955532357126 3.78491704293 0.719604428886
-120.674 36.8953 -0.000397650649807 0.00278294425536 -0.000550592593908 -0.000225285871185 3.78356 3.78822 -0.0943348624178 -25.8035279288 -1.39404017406
-119.709 37.0069 -0.000736541542648 0.00280956068774 0.000317217241638 0.00110418903309 3.67733 3.67728 -1.69953090113 -27.395354254 -1.76002774427
-115.22 37.2408 -0.000459390635963 0.000979390795573 -0.00129969117794 0.000466365561798 3.74542 3.72093 -4.35316875888 -10.7067179713 -0.79944937841
-114.715 36.7256 -2.53363544013e-05 0.000662967305956 -0.00118269166323 0.000612069993643 3.75575 3.76715 -4.63239511979 -6.18077959673 -0.27696067721
-113.907 37.0195 -0.000440776230194 -0.000413452010844 0.000597710075661 0.000379655035374 3.63441 3.63674 -3.11489598375 2.33306516223 -0.268202211366
-113.084 37.0615 0.000430275519552 0.000316144729273 -0.000109834625401 0.00200794913144 3.55544 3.56242 -6.0067170811 -1.24960885414 0.273466374675
-112.382 37.0183 0.000312040762934 0.000698646562038 0.00121428423813 0.00718745788089 3.51024 3.51164 -7.91425135241 -5.14765227569 -0.00409970687162
-120.783 36.3627 -0.000699911924701 0.00272180908793 0.00015006971022 0.000151638358967 3.74405 3.74335 -1.27855050201 -26.1562651336 -1.7000270179
-120.12 36.3356 -0.000868782105973 0.00342279238422 -0.00164944678452 -0.000248108622897 3.86155 3.90291 -2.49683635505 -32.9673958472 -2.16690988537
-116.33 36.4193 8.90186675497e-05 0.000555212401078 0.00250632310026 0.00269448491591 3.57181 3.57787 -3.36740373045 -4.70179849077 -0.127184356454
-115.383 36.423 0.000261808793872 0.000684951000804 -0.000535294614513 0.000255014693132 3.69437 3.71001 -5.43986938413 -5.15040488846 -0.0354309451072
-114.539 36.4321 -0.00053170105959 0.00168070214673 -0.000593541244236 -0.000983606370055 3.7406 3.73456 -3.90122481813 -17.4739835491 -1.11417332385
-113.965 36.4151 -0.000326106566817 0.00111573227441 0.00122129726761 -0.000993591023824 3.605 3.6081 -2.95771614935 -11.5791051419 -0.693943940613
-113.18 36.4182 -0.000307702968835 -0.000272428980561 -0.00293642909502 -0.00058703730335 3.8062 3.81694 -6.23377268116 1.30049698499 -0.175663085332
-121.236 36.0214 -0.000398329375852 0.00230255546737 0.000725372366365 0.000925909028976 3.6985 3.70239 -2.19602720686 -21.1984776501 -1.29934206914
-120.87 35.636 -0.000136363028703 0.00102744929072 0.00010727197845 0.00262463513342 3.70874 3.72056 -3.10522460598 -9.28524541526 -0.551942036192
-119.903 35.8667 -8.5006782825e-05 0.00118978332855 -0.00126554079423 0.000646023560116 3.79264 3.79907 -1.35382577716 -10.7208132571 -0.530023214828
-115.43 35.8384 1.79817019611e-05 0.000626369917232 -0.0003290508271 0.00279420853412 3.70944 3.70855 -5.58865733685 -5.56638087144 -0.236819001437
-114.851 35.7266 -0.000119378408603 0.000944483578708 0.000782628970611 -1.99144809585e-05 3.62295 3.6295 -3.99830294038 -9.10407719577 -0.463281112584
-113.984 35.8522 0.000446382258551 0.000479891174963 4.74265322186e-05 0.000924350121382 3.67147 3.6713 -5.49467001005 -2.67395592722 0.224391987071
-113.105 35.6339 -0.000478181372004 -0.000884924972035 -4.63955024123e-05 -0.000721820593508 3.79341 3.77996 -2.88200969891 6.73220820236 -0.150466295359
-112.173 35.8191 -0.00107510809377 8.76080908268e-05 -0.00179798315367 -0.00339977942993 3.86551 3.86483 -2.51868716416 -4.35992364535 -1.04562507436
-114.87 35.301 7.17358257768e-05 0.000699939625202 0.000451454040262 0.000368867207544 3.73107 3.7324 -2.10973083793 -6.24876217981 -0.17234973485
-113.885 35.099 0.000987054792673 0.000504752295918 0.00037470661099 -0.000402707231326 3.67046 3.66297 -3.78548082986 -1.14354555051 0.738684098261
-113.083 35.2127 0.000311640761435 0.0015065876736 0.00102744788951 -0.000409416979582 3.68939 3.65512 -2.2616140461 -13.2409589265 -0.199818860313
-112.267 35.1787 -0.00121493932205 -0.000940481011478 -0.0011268764895 -0.000629310794976 3.87617 3.87302 -2.45822788494 5.01422068564 -0.845263323276
-113.83 34.5935 0.000407768191743 0.000401730346727 0.000460007410365 0.000556262299774 3.72046 3.70661 -4.62942298338 -2.18912992755 0.228131266649
-112.891 34.4692 2.08666337808e-05 0.0011494155957 -0.000822865366396 0.00195632945361 3.76342 3.75162 -6.60693847352 -10.4845904727 -0.437076593681
-112.237 34.4866 -0.00114298041631 0.000954043979543 0.00040792216266 0.00278113856114 3.61338 3.60513 -7.41724209701 -13.4446360493 -1.4309836868
-111.441 34.4178 -0.000382890438288 0.00082277347881 0.000805444038141 0.00139274202206 3.65005 3.643 -3.47344599541 -9.16218918296 -0.634902201503
-110.806 34.3371 -9.66446824994e-05 0.000853966133638 -0.00049875601246 0.00220392294326 3.73432 3.69885 -4.36402920388 -8.52038192637 -0.382608276986
-109.95 34.5293 7.05963724057e-05 2.2172412314e-05 0.000533630636879 0.000697734108118 3.74547 3.73455 -1.27628902814 -0.0136160383675 0.0614564953609
-114.524 33.7503 0.000392966876706 0.000128789213523 0.00041856640972 0.000625387828959 3.78531 3.93568 -1.69336531166 0.0877536137592 0.327962831401
-113.829 33.8142 0.000119192833289 0.000287611987091 -0.000397825954331 0.000158518264319 3.88479 3.97688 -2.41127320177 -2.28545638618 0.0152027219914
-113.005 33.9383 -0.000487480175159 0.00116352175929 -0.000830773483028 -0.000225978248344 3.90589 3.92917 -3.9993842858 -12.59524317 -0.869544031002
-112.333 33.9535 -0.000876544276213 0.000817648946881 0.000144012174499 -0.000560319451573 3.75583 3.77896 -3.43005947956 -10.724782389 -1.10250743353
-111.478 33.8798 -0.000693150934459 0.000905707747438 0.000421150883592 0.00052069432722 3.63488 3.67357 -4.68526644092 -11.05614866 -0.968362367427
-110.844 33.6953 0.000695990861443 0.000531834739721 -0.000145623380373 -0.000155303796994 3.62503 3.69734 -3.97893143855 -2.71738031019 0.476849167957
-110.034 33.7776 0.00095415757378 7.45695238669e-05 0.000881170273405 0.000502877320304 3.61325 3.74459 -2.86942756164 2.30797757473 0.883919430479
-109.254 33.9571 0.000234456662212 -2.98103500587e-05 0.000118029314839 0.00114999011239 3.71816 3.72149 -3.29190551282 1.04326059355 0.232141786624
-112.946 33.3627 -0.000369296459695 0.000246599407528 -0.000952834937146 -0.000120729253493 3.97215 3.96622 -2.34928778819 -3.53296145883 -0.429768030332
-112.158 33.2893 -0.000587432411361 -0.000222375632036 6.76719076951e-05 -0.000224897933941 3.83746 3.83998 -2.63551438756 0.189688713984 -0.482949134019
-111.427 33.341 -0.000621613626485 -0.000454659142539 3.24575495485e-05 -0.000538812120021 3.71584 3.69832 -2.47472957033 2.3714340092 -0.445743741345
-110.472 33.2969 0.000593365373697 -0.000217060511436 0.000563824682183 -0.000409561158281 3.61903 3.62511 -2.55992925984 3.97614186633 0.631407779523
-110.036 33.0851 0.000668188064613 -0.000409410900299 -0.000689057112671 -5.58379836925e-05 3.71794 3.6666 -3.79102002159 6.18700433376 0.765146397491
-109.266 33.2921 0.000322832001429 0.00048488881073 -0.00034023079033 0.00158957639811 3.66389 3.66498 -6.06386551597 -3.48301254929 0.128852144943
