-114.58 32.5356 -0.000115078616153 0.000368790187312 0.00402544411728 -0.00903858800122 3.62208 3.6196 5.53456137589 -2.31785475216 0.15992139666
-113.767 32.7683 -0.00018437895995 0.000246608741801 -0.00272446726581 -0.00692772565987 4.06489 4.14735 16.5206328068 0.00974532279556 0.0878992408846
-112.883 32.7513 -0.00194342280909 -0.000422664323767 -0.00414532849008 0.00144114715187 4.99997 6.61442 2.87278803237 18.6422514851 -1.75520644983
-112.228 32.7006 0.00124228238368 0.000163598302519 0.00998011401452 0.00888705374676 3.67838 3.99256 -16.7804594547 -7.11151371777 1.21784268281
-111.704 32.5618 0.000360384161791 -0.000546243583353 -0.00615672435515 0.0147402366351 6.14483 6.32262 -28.1931913784 5.6545270321 0.259773900465
-110.739 32.5716 0.00293014312663 -0.0015213098257 0.00509113134201 -0.00978838204227 3.12413 3.27125 7.63558064613 -12.9288680173 0.911598645723
-109.97 32.6399 0.00223213613998 -0.00050147826428 0.00110476886689 0.00011696512651 4.00164 3.45705 7.26467063698 -15.4038661349 1.16503003776
-109.303 32.7663 0.000930948874354 -0.000323881275625 -0.00217841612381 -3.56880275624e-05 4.55207 4.52458 14.3709817219 -6.84526615117 0.279552382752
-108.633 32.5466 0.00172273143223 3.81290017089e-06 -0.000621576383296 0.000264266770782 4.42144 4.3662 12.9555599588 -16.785101295 1.03133929546
-107.785 32.5324 0.000117830813987 -0.000803374966105 -0.00112869660866 0.00162471478576 4.777 4.34182 5.30404278386 5.72304837656 -0.499574540957
-107.001 32.6995 -0.00112276715714 3.27426887685e-05 -0.000221066942629 0.00137081334635 4.70657 4.15787 -1.94646867127 8.45948378329 -0.843090157629
-106.262 32.6349 -0.00111506011922 8.6162413167e-05 -0.00134696108582 0.000680677514822 4.4981 4.28096 -3.56692178132 7.71842962095 -0.81768629794
-105.454 32.7001 -0.00132800846478 -0.000527105771099 0.00319518212719 -0.00067211400565 3.65543 3.53279 -3.39928733905 15.4205218894 -1.36081463716
-104.657 32.6588 -0.0014818485275 -0.00223234455371 -0.00172864598874 -0.00207364015227 3.86456 3.90453 0.837445970929 32.6324723983 -2.61891733672
-104.02 32.6462 -0.00128494495655 -0.00249671771763 0.00576954355023 0.000783437039099 4.01436 5.22684 -6.9335612463 34.4209742705 -2.52749460238
-103.357 32.6764 0.0017146419359 0.00244218973979 -0.0110423030446 -0.00649515244659 4.378 4.60923 13.8889082685 -34.2213783342 2.9788809732
-112.812 31.9559 -0.000435988088568 -5.13359736333e-06 -0.0113290733977 -0.000664036142664 5.01915 4.91719 10.4360247277 3.86824895227 -0.296949335575
-111.457 32.0022 -0.00144590050122 0.000979564711304 0.00650076459066 0.00630762539651 4.94259 5.17997 -14.4286532023 -3.73047554595 -0.926961367415
-110.816 31.7748 -0.00036929256272 -0.000852933627255 -0.00136161972249 -0.00103430061043 4.02427 4.16692 2.38230285255 10.6483735042 -0.838467643308
-110.046 31.9737 0.00111269633012 0.000103177002482 0.000875315415731 0.000520688352825 4.78204 4.97734 1.38024007256 -9.68257402542 0.911800253475
-109.259 31.9989 0.00130771239875 -0.000140099249512 -0.000562752868329 -0.00250117459384 4.39241 4.37143 14.4369999092 -11.8672559309 0.650549086385
-108.527 31.9041 0.00155333667778 0.000611703028623 -0.00460038770492 -0.00202900233985 4.78863 4.74078 18.3439257053 -20.0300830716 1.33059766912
-107.778 32.0094 -0.000165414689642 0.000572078833318 -0.00258991890049 -0.00103116352737 4.68087 4.37008 12.5533026038 -2.54284320158 0.360876307013
-107.101 32.1046 -0.00110151425612 0.000444854582095 0.000570515947979 0.00173857343592 4.54153 4.47142 3.35834117221 5.63757854843 -0.468993395151
-106.428 32.0062 -0.00104036907399 2.31939566732e-05 -6.98843472556e-05 -0.00285169287146 3.9249 4.01283 2.1996619775 8.70881870034 -0.731393337213
-105.523 32.076 -0.000662874397507 -0.000804119033596 0.00454831318895 -0.00421934686801 3.49184 3.59514 -2.03543256885 12.8965261692 -1.026380428
-104.823 32.1101 -0.000256693921588 -0.00170598120956 -0.00227900603803 -0.00227829385436 4.33526 4.16508 0.962203322781 17.4459489267 -1.37093529524
-104.101 32.0618 -0.00155873330313 -0.00216796327442 -1.3763263857e-05 -0.000238369835254 4.87244 4.33452 -6.92180554179 33.3074448498 -2.54565386968
-103.292 32.012 -0.00167113805012 -0.00169146313393 -0.00117327775486 0.00278738817599 5.45501 6.81267 -11.5460346718 29.158529153 -2.32012237727
-109.991 31.439 0.0010215907132 -2.63081978129e-05 0.000686684949017 0.00603721917452 4.70382 4.83439 -5.17504835928 -6.64365070945 0.832640070425
-109.281 31.3757 0.00118827412902 0.000403787739174 0.00317573336684 0.00419308880848 4.63901 4.61849 -0.539052662471 -12.9217980554 1.17695996482
-108.528 31.3369 0.000113988277304 0.000170498629828 -0.00856176015732 0.00245272632383 5.18014 5.06976 11.0307355108 -2.39111095511 0.2042945343
-105.483 31.4425 0.000785612536712 -0.000507834876176 0.00467060734353 0.00341644468367 4.21514 4.14367 -9.39815078358 -0.0268755179628 0.382106838577
-104.971 31.3711 0.000268410318908 -0.000735017505413 -0.00349904495329 0.00150029993409 5.62627 4.83828 1.59920677163 4.21050420148 -0.32215953279
-103.979 31.3165 -0.00106213359179 -0.000867776496229 -0.00496890474258 0.00449550393311 6.51671 4.84168 -7.49256216521 16.6360660762 -1.36937664746
-103.492 31.3691 -0.00338956714896 -0.00110382510548 0.00543026549057 0.00445845601382 4.91356 5.49216 -20.7956589713 29.4844615816 -3.55083345789
-102.81 31.3818 0.00202471044767 0.00145361844802 -0.00287965705103 -0.0162467757373 3.45351 3.63165 12.0653988098 -31.4229689063 2.32967369232
-104.986 30.7862 0.000305357041889 0.000567342103757 -0.00515456108334 0.00645697105986 5.83508 5.38529 -3.78516362859 -7.9261054737 0.593483098611
-104.029 30.6689 -0.000943930224702 0.0011363930528 -0.00431827299103 0.00104458228602 5.97101 5.01179 2.27996087308 -1.53396586199 0.150307568871
-103.402 30.8498 -0.00231488895173 0.000144893415967 0.00353052878419 0.00112628280879 4.85832 5.0403 -8.46698864936 15.4047025161 -1.80442123088
-102.685 30.7263 -0.00138953623853 -0.000973665679373 0.00647312831836 0.017299158704 4.79947 5.30185 -30.0440785846 16.3056725371 -1.58678744915
-104.09 30.0609 -0.000173197485384 0.0025431019109 0.00185875809929 -0.00163290226213 4.36158 4.52095 2.99812677061 -20.7232869378 1.71016746475
-103.612 30.1456 -0.000863153316745 0.00141600784599 -0.000143782278399 -0.0036278678039 4.4626 4.08502 2.19016234903 -4.72785154649 0.408263657086
-102.788 30.1615 -0.00117302232084 0.000613610251159 -0.0052280311606 -0.00570433082097 4.79256 4.36646 4.09497230852 5.90598972343 -0.325344705194
-104.133 29.554 -0.000423362768252 0.000818053300968 -0.00702981557228 -0.00324588425296 4.36311 4.55191 14.3612756981 -1.10517143158 0.45830698715
-103.389 29.4528 -0.000285406868072 0.000887611559109 -0.00439304658289 0.00634080621683 5.27285 5.2929 3.85981557254 -5.0035756502 0.45780098933
-102.888 29.4862 -0.000345819562967 0.000510015192804 0.00558608284182 0.00444708073689 3.95529 4.00587 -6.05088984558 -2.44837882261 0.0384189624418
-117.559 48.9813 0.000440383238484 -0.000188436120307 -0.00261140250439 0.00492496755271 4.83959 4.83469 8.04647007271 -1.79616584295 0.183491565074
-116.363 48.958 0.000486147169775 -0.000225117144211 -0.00180258276018 0.00265645290948 5.03903 4.84391 9.96035574615 -2.12833407493 0.165548148267
-115.653 48.9339 -0.000527499025766 -6.82936035919e-05 -8.97213405099e-05 -0.00678108489251 4.10849 3.93647 15.9337033657 4.89190872534 -0.367448950331
-114.413 48.933 -0.0019990312335 -0.00107344704442 -0.0030258572646 -0.000547565724847 4.97097 4.99491 17.3628029276 23.8898954054 -2.0061868452
-113.422 48.9725 -0.00353047419866 -0.00107587207027 0.00223915459226 -0.00615334927768 4.34846 4.56847 19.9056637908 38.1417960704 -2.72248125054
-112.733 48.9777 -0.00376033436416 -0.00120749207664 -0.00244034764349 -0.0106119740076 3.98253 4.28554 20.2184619601 41.2413660137 -2.91295868049
-111.597 48.9482 -0.00371678448061 -0.00133479062078 0.002920490325 -0.0183380749082 3.42033 3.64683 24.5797890069 42.2626506375 -2.75372117447
-110.699 48.9448 -0.0031941341872 -0.000265512342927 -0.00732277629144 -0.00870676922141 4.12138 4.85068 20.4572515089 31.8012273042 -1.72719654326
-109.846 48.9198 0.0031667258427 0.0027263542387 0.0153884133406 -0.0104934417568 3.07482 3.42364 -1.72343218438 -44.765182015 4.17865162525
-118.149 48.4226 0.00093922797783 0.000688448519966 -0.021495420553 -0.00200586147647 4.68634 4.40998 19.3419273563 -12.1037605222 1.10187019668
-117.225 48.2995 -0.00264274407812 -0.00045973134114 0.0423671902117 -0.000542820345624 2.56721 2.51777 -13.6090812492 15.1764629665 -2.61360373977
-116.367 48.4366 -1.19381989747e-05 -0.000158415714742 -0.0135438952394 -0.00244916779097 4.75539 4.72922 23.6266871397 0.921422484553 -0.144090865388
-115.589 48.4694 5.22338806966e-06 -0.000152408703812 0.0038234519702 0.00179768776046 4.53709 4.38733 8.56609017083 1.0698368318 -0.106640713983
-114.468 48.3739 -0.00107513045639 -0.00159018642138 -0.00245096124358 -0.00377485810462 4.13637 3.88792 20.6715062323 18.4321340741 -1.91620496846
-113.273 48.3609 -0.00313183171571 -0.00187460332534 0.00214107797269 -0.00217159833747 3.97874 3.82605 17.0841862787 38.9687631527 -3.28724655296
-112.562 48.3129 -0.00290344781206 -0.00250672530714 -0.00317609282316 0.00263497426979 4.55345 4.35765 15.2155096933 40.9201288565 -3.71284763758
-111.707 48.4128 -0.00377917621457 -0.00247190372649 0.00108366610811 0.00841581571556 4.29183 4.49266 5.9198161019 47.8896669787 -4.38991205416
-110.799 48.2921 -0.00360297331099 -0.00243839579685 0.00372562682499 0.00242121373049 3.58193 4.186 11.5283698283 47.0590047172 -4.11390399597
-109.777 48.3943 -0.000839761821095 -0.0039457202906 -0.00906568205367 -0.00875410305477 2.76948 3.05453 22.8294263382 26.2935241133 -3.93417596484
-118.274 47.8006 0.001817217801 0.0028203250467 -0.0053401776974 0.0027031431135 4.60024 4.48134 6.58625128873 -34.5183939472 3.24122265003
-117.308 47.8192 0.00209044366315 0.00101051588607 0.000424679625589 -0.00186427015402 4.34127 4.00178 14.892872422 -23.7332761468 2.09591829081
-116.256 47.8397 0.000803568867866 0.000712947845872 -0.00332216243953 0.00103306244174 4.6099 4.51206 13.8690780264 -11.3195808389 1.0595355193
-115.475 47.7092 0.00112600083135 0.000487763564502 0.00398594310953 0.00331512661278 4.55808 4.28377 2.36082805889 -11.6531848494 1.17509527584
-114.574 47.6795 -0.000830369708393 0.000289206001301 -0.00461867304799 0.00141190804622 4.7591 4.46106 11.2770390537 4.76753126956 -0.315374412834
-113.747 47.7687 0.0020077043564 0.000460729843881 -0.000227562171593 0.00346615879504 4.17814 3.96265 -2.08526431477 -16.8841838335 1.87965927759
-112.607 47.775 -0.00246225188524 -0.00106646482859 -0.00547330894953 0.000450902772164 4.71726 4.2341 18.893602192 28.6320526373 -2.18369194504
-111.746 47.8012 -0.00383322235118 -0.00086459842144 0.00179442617796 -0.00526887285098 3.70468 3.70469 12.5998694961 38.8320146366 -2.98226423012
-110.763 47.6327 -0.00227133829335 -0.00255656349041 0.00443775871961 -0.00254486915811 3.24102 3.37313 7.52785523954 36.8988540744 -3.41957184656
-118.921 47.0573 -0.000409314947553 0.00362845343527 0.00827595070937 0.00470005438425 3.35766 4.71127 -19.9508238043 -35.437283377 0.554215025143
-118.309 47.0615 0.00625627669789 0.00490455172958 0.0065055954964 -0.004034874087 2.75435 3.04101 -6.88005995043 -76.5396697353 7.84297137818
-117.276 47.0547 0.00196611501896 0.00153943090599 -0.00835976052721 -0.00482899592445 4.20112 3.91302 19.4287852847 -26.2584941731 2.37840993086
-116.335 47.0477 -0.000121129716925 0.000451436247471 -0.000362838712287 0.000832669178099 4.89845 4.90065 23.9819888768 -1.1907333303 0.336506694388
-115.353 47.0528 0.000780029680443 0.000930025298358 0.00164425608576 -0.00112689965211 4.16271 4.07071 10.7494455864 -12.7888198885 1.21346224732
-114.459 47.0943 -0.000120704320538 0.00185836824849 0.000115930995108 0.00109906881439 4.70756 4.51535 8.32311530797 -12.6602602792 1.27360929234
-113.506 47.0816 -0.00147747410637 -0.000162094402623 -0.00200470017032 -0.00136215778183 4.39309 4.26664 13.1868488004 13.6738924054 -1.02859214852
-112.52 47.0418 -0.00268184755166 -0.000563373640902 0.00209674368079 -0.00110890622582 3.89548 3.93062 10.8853508982 26.3812609795 -2.12742473151
-111.549 47.0308 -0.000852855197967 0.0012622091848 -0.00772973101079 0.00647799926866 4.76632 5.08815 0.329572048523 -4.23558812009 0.188319783524
-110.687 47.1523 -0.000604464203389 -0.00301540552518 0.00616936017558 -0.000994170196131 3.24239 3.40598 5.01727305372 27.4445819443 -2.60433391238
-109.802 47.1961 0.000791798877315 -0.00276932330064 -0.00624178000035 -0.00044433287525 4.2512 4.37786 7.30226533172 13.106449661 -1.59284557969
-119.855 46.5585 -0.0020500264855 -0.00167730291288 -0.0415927937421 0.0272828894457 10.8715 -nan -48.2859426039 11.8243740891 -1.58706142612
-119.06 46.4911 -0.00140931506104 0.000680809613857 0.0354200579847 -0.00938870579918 1.876 1.97975 -21.5082070562 -3.49324404818 -1.21194873813
-118.146 46.5139 0.00749881369128 0.000486550950775 0.000699573558369 -0.00471117409952 4.13396 16.3624 9.30372380053 -59.3852113435 5.64877885624
-117.11 46.485 0.00353552076864 0.00242187389245 -0.00901370799014 0.000850516524851 5.66808 5.81644 18.3070906291 -45.3674009847 4.01804928614
-116.209 46.3559 0.000805125693254 0.000607912283478 -0.00162789874642 -0.0025050946355 4.40778 4.04534 16.6129364443 -10.7445564855 0.966361894379
-115.571 46.4151 0.000162910809342 0.00101752745417 0.00322352858257 -0.0019701924651 3.9307 3.94789 12.9619893859 -8.2488547359 0.88955491208
-114.188 46.4423 0.000246292395877 -0.000767662576325 -0.000290738592063 -0.00267752305044 3.8285 3.8457 15.3689881998 2.7041713383 -0.476988501495
-113.493 46.4162 -0.000456048333651 -0.000208550701406 -0.00221890457942 0.00242847254705 4.54873 4.51261 9.92196193276 5.20419929254 -0.456038259762
-112.641 46.4246 -0.00150614982945 -0.00112540873945 0.00091041913667 0.00129634972064 4.03412 4.07638 8.58850457079 20.3500241772 -1.84099638004
-111.676 46.5336 -0.00146968916551 -0.00176458810954 0.00323220732151 -0.00329677438628 3.63893 3.92194 5.42365562395 24.9016675414 -2.29052556589
-110.858 46.462 -0.000469393948475 -0.0030428519162 -0.00241767924916 0.00174869522448 4.50455 4.47924 6.07255315659 26.3737922416 -2.5568243088
-109.914 46.5663 -0.000109393697476 -0.00174699360367 -0.00240598691109 0.00697057484452 5.04988 4.8919 -4.888255171 16.0501958679 -1.14285123585
-119.928 45.8951 -0.00210158423628 -0.00221664266469 -0.00726778452419 -0.0092379598177 4.12417 4.4465 5.74368662305 31.8579296905 -3.03497108944
-118.777 45.7971 -0.000416501464891 -0.00438679728474 0.0138373833322 0.00133489201474 2.56674 2.81413 -31.4278961714 46.371808941 -0.70017408873
-117.909 45.7087 0.00400749950668 0.000958939794838 -0.00914443730635 0.00845455603193 5.81087 6.28147 -9.30592051288 -28.0121737961 4.01456788592
-117.228 45.9734 0.00304702042749 0.00100419971358 -0.0034183307693 0.00114209007273 5.20186 4.74079 -5.62332894467 -25.6769596134 3.13265429932
-116.155 45.8883 0.00127262985543 0.00130095961407 -0.000365697703136 -0.000382124356869 4.41866 4.30419 6.68514014455 -19.4470492149 1.81900124205
-115.255 45.7565 0.00212755653587 0.000382153391305 0.00445172916727 -0.00109580129702 3.96212 3.93936 6.88270084759 -19.0060549308 1.78129088545
-114.332 45.7893 0.00119580293498 -0.000356317009074 -0.00487203641244 -0.000935385799492 4.73043 4.4021 15.8926331132 -8.26628504682 0.406163780608
-113.37 45.8122 -0.000529555221679 -0.0010274136004 -0.0021664277964 -0.00406107086599 3.89275 3.66786 15.8098317976 11.1042052068 -1.14554779357
-112.493 45.8409 -0.00117212015239 -0.00112890820434 0.00366350795173 -0.000723915919231 3.77907 3.66688 5.45047080475 17.7553682635 -1.62682090658
-111.626 45.7843 -0.000889038071767 -0.000795466823721 0.00059083539144 0.00276009980671 4.28241 4.26179 6.75962625237 13.081571801 -1.18735048702
-110.659 45.9054 -0.0009379800095 -0.00132143717555 -0.00152457660077 -0.00379977802161 4.36123 4.4484 12.2479953139 16.948355202 -1.62025308847
-109.716 45.9046 -0.000621462553286 -0.000702418032888 -0.00652538998174 -0.00470517900768 4.14071 4.23893 11.6761637304 10.1421290756 -0.933833749341
-120.635 45.2357 -0.000734123543623 -0.00137080423339 -0.00668215112263 0.00109128563134 4.40951 4.42776 -0.00440284343834 16.1641055673 -1.37171872249
-118.96 45.2904 -0.00145111395577 -0.00449396981145 0.00875719949597 0.00241871695433 3.38832 3.61313 -24.0892633016 49.4443671697 -2.2737651305
-117.78 45.2781 0.00299503012863 0.00120107300374 -0.00061862447906 0.000435882925293 3.83753 4.44601 -27.6216032921 -17.1868301649 3.13616079368
-117.12 45.2925 0.00306578638535 0.00156733589873 -0.000568077430826 0.00477441434765 4.60433 4.9728 -18.1591085111 -26.0897370495 3.40186987813
-116.268 45.3997 0.00162845021007 0.00114486485509 0.00291946680379 -0.00041798101889 4.19463 4.07581 -3.70329867932 -19.8272583364 1.98962727461
-115.326 45.1285 0.00175771078466 0.000577375168237 -0.00180818661547 0.00182723052169 4.86511 4.64915 2.16115052759 -16.9348658533 1.71935878569
-114.233 45.0931 0.0014203613846 0.00066928832345 0.000112760424565 0.00297830740957 4.49091 4.1785 0.527453023854 -15.3611159566 1.52469521819
-113.46 45.2432 -0.000161318216187 0.000369470417716 -0.00084728858845 0.000265066242734 4.15608 3.82159 7.48094451828 -1.48787828192 0.157698420665
-112.489 45.166 -0.00156320489118 -0.000102470066178 0.00064447460772 -0.00088655284655 4.17512 4.04183 8.95044829427 13.6351851145 -1.10627405352
-111.805 45.2285 -0.00117971999061 -0.000316470780961 0.000439531198211 -0.00426947946141 3.71328 3.80509 14.9020469451 12.6477873819 -0.931553780302
-110.74 45.3212 -0.000604263605637 -0.00200647993115 -0.00144187480007 0.00922819068112 4.92879 5.14776 -0.459000075397 21.1515681781 -1.76851950703
-109.563 45.3171 0.00144578363338 -0.00139579120164 -0.00132936272949 0.00367785244508 4.22623 4.34527 -1.41146626299 1.25367122813 0.183231981065
-118.67 44.5191 -0.00233176068743 -0.00331360868 -0.00494224049415 0.000721189496928 4.51695 4.74004 -0.403074403094 43.0169223912 -3.80411743011
-117.664 44.6653 -0.00206454929095 -0.00301475752513 0.000676632662056 0.00336358970771 3.69746 4.98553 -32.530861771 33.41082098 -2.23770057488
-116.747 44.589 0.00247738152255 0.00144538415563 0.00289870545612 -0.000885195514435 3.46591 4.13156 -24.8773934921 -20.5850447227 2.71886432533
-116.013 44.7035 0.00286022698601 0.00194557926106 0.00108186200598 0.00216199338323 4.34397 4.39665 -12.444163315 -31.9191225765 3.41140152861
-114.855 44.5494 0.00198024710094 0.0015812079043 -0.00350123833302 0.00203209342837 4.55429 4.14218 1.02883742472 -26.8760187461 2.53402124433
-114.255 44.5642 0.000715208847713 0.00124085989548 0.00127780827451 0.000564930860893 4.13406 3.90739 3.38265235229 -15.2693580567 1.36049190416
-113.367 44.6165 1.91144169545e-05 0.00121567973586 -0.00310563626417 0.00341637015415 4.5222 4.46095 2.92443152566 -10.019669947 0.828545629082
-112.644 44.6173 -0.000159786559853 -0.000365730681505 0.00901047870888 0.000649321969115 3.62927 3.6498 -0.353276978627 4.22173237154 -0.355412539941
-111.248 44.7038 0.00170202231868 -0.00146411304094 -0.0107604378414 -0.0012248628331 5.05494 5.12579 32.5041159055 -13.3821180345 -0.912840963834
-110.576 44.3951 0.00069587296718 -0.000793792867028 -0.0111005352172 -0.00398093885861 3.76071 3.18793 20.0471267852 -2.55376384009 -0.362342289966
-119.504 44.082 -0.000311805729193 -0.000915974777876 -0.00179866950698 -0.00056576153786 4.21823 4.0479 0.889961756322 9.82127844921 -0.784530921933
-117.741 43.9733 -0.00318682711455 -0.0144261517465 -0.00128419758643 -0.0025945710204 3.75563 6.9897 6.1980767395 137.731033943 -12.0169167792
-116.803 44.086 -0.00177425227007 -0.00352962436809 0.0049127063826 -0.00480607194657 3.23928 3.80511 -16.847258988 42.208293146 -2.85697751332
-115.958 43.9121 1.37210075129e-06 0.00343229590156 -0.00375113882126 0.00386970876501 3.7284 7.60487 -27.3274974532 -36.641086197 0.583525070187
-115.133 43.7945 0.00361982237002 0.00336959715336 0.00473645868508 -0.00378370442046 3.21323 4.4994 -4.81858736465 -52.2276865982 4.86925854
-114.117 43.9146 0.0022406044724 0.000907294454454 -0.00175389141629 -0.00362441517925 3.73469 3.68069 8.0916638773 -24.6430888346 2.19920507207
-113.452 43.9286 0.00131137272959 0.000125412723653 0.00046836451179 -0.00691389325027 3.76903 3.63511 9.4984481118 -11.7035647093 0.963098748655
-112.485 43.9997 0.000883275984665 -0.000615652843113 0.00276674354478 -0.000824360690429 4.1024 3.97364 4.26050910892 -1.88451970003 0.207771535514
-111.487 43.8756 0.000863095126072 -0.000338037708666 0.00457042362747 0.00191850991974 4.29013 4.1041 2.34700047526 -3.766734312 0.403077500757
-110.576 43.92 0.000130515561718 0.00443175737098 -0.00704548773876 -0.013976236835 2.92556 3.00187 28.8468511042 -18.2533035555 4.21033915025
-109.817 43.7013 0.000486794543243 -0.00012768914272 -0.0135492946796 -0.00685740224971 4.12139 4.09 20.5422010299 -4.17299560911 0.113174346743
-118.474 43.358 0.00839172160848 -0.00209329397385 -0.000351231006029 -0.00248869796834 3.66772 4.05603 -1.39728743286 -31.321833087 5.8110567818
-117.754 43.3471 0.00115639042514 -0.00173734331293 0.00294331520248 0.000916404990219 3.88299 3.09212 -2.20580309523 8.71553965327 0.00545922750235
-116.767 43.4275 -0.00884378984677 -0.00355428351862 -0.00370703333329 0.00261441690648 4.7352 6.25628 -10.3359595545 76.5809466394 -9.50558638888
-115.828 43.4151 -0.00647255680505 -0.00527171526915 0.000492818808646 -0.00142131338595 3.90053 -nan -9.39527560873 83.4937613425 -8.18248128223
-115.098 43.25 0.00486097220044 0.001221111317 0.0103018138092 -0.00305554129018 3.08424 4.41048 -14.9707474297 -32.8148059223 4.95576752362
-114.174 43.3979 0.00379852645057 0.00178651186571 -0.00538632870127 -0.00822695418254 4.35291 4.22653 5.19734289868 -42.9609301863 3.98343897596
-113.518 43.3234 0.00156293624078 0.00137192247674 0.000555289662786 0.00465548658817 4.68753 4.06372 -8.81370840069 -21.7246449039 2.03984574816
-112.433 43.3998 0.000501086746187 0.000934800509096 -0.00319353987262 0.00281844127417 4.7372 4.07362 1.51241151057 -11.4595087522 0.992836198512
-111.612 43.2741 -0.00148422675293 0.00145333398584 0.00299043834747 0.00377586038812 4.16689 3.88798 -2.44386706056 -2.63400102534 -0.279598963197
-110.712 43.3629 0.000962799534509 0.00158656891949 0.0027867219231 0.0100031582253 5.13715 6.77229 0.717088048508 -20.4348937114 1.77462958032
-110.02 43.2112 0.00237943414982 0.000453912420558 0.000223018433062 0.00432610898469 4.03312 4.20194 7.53364712861 -23.5716112639 1.9018513612
-116.87 42.7779 -0.00248753247955 -0.00190160979647 -0.00471641541381 0.0021681250294 4.78128 4.42974 -3.01218806512 32.0539549931 -3.12306180872
-116.032 42.7713 -0.00410748100668 -0.00398933471407 0.00133811382548 -0.00036913466421 3.94821 4.58437 -3.50932527152 60.9686192239 -5.62524224316
-114.903 42.636 0.000267192038178 -0.00104102977251 0.00453504120253 0.0125548799563 3.07808 3.27066 -41.8883378558 11.6193148833 0.341887908701
-114.084 42.6493 0.00158037468859 0.00578919805863 -0.00788243456652 0.0311542742013 4.9864 6.11017 -58.3963773896 -54.0485722028 -0.499901042959
-113.176 42.5452 0.00272274650961 0.00380314109585 0.00523987620588 -0.00329569474496 3.78989 4.84066 -10.202689962 -51.5691089136 4.21871329231
-112.531 42.6852 0.00106040585541 0.00287274691607 8.68152281355e-05 -0.000160006106235 3.97982 3.68509 -0.771610568693 -32.3340086966 2.62526209277
-111.588 42.8321 0.00125205558527 0.00194308679203 0.00189556038643 -0.00397706966452 3.64768 3.70472 2.17619165073 -25.4836054663 2.23524951262
-110.92 42.7507 0.00136769868432 -0.00147528462673 -0.00148232697303 -0.00162467269527 4.25408 4.30282 3.62122965597 1.0949113055 -0.0546412054835
-110.042 42.6372 0.000104079935952 -1.46073694198e-06 0.000971282397273 -0.0021371571373 4.14453 4.10773 7.00200556834 -0.868379611532 0.0679650325698
-108.847 42.8247 -6.38921082607e-05 0.000108290866322 0.00198558278358 -0.00249980865507 4.10429 4.03683 4.64955261023 -0.30692605182 0.0357099490109
-108.342 42.6579 -0.000125445178333 -0.000210301416404 -0.00871339798596 -0.00106156735392 4.77878 4.76554 9.68686066241 2.59357046733 -0.243183480464
-116.471 42.0773 -0.00145412707382 -0.00213205486939 -0.00124883286378 -0.00085299850924 4.00574 3.82454 -0.366463421013 28.1691798334 -2.43177619565
-115.754 42.1669 -0.00240630664076 -0.00296640818424 0.0039486362544 0.00155663459609 3.70757 3.79421 -8.61135195594 41.1561227716 -3.52851049064
-115.016 42.146 -0.00229497277507 -0.00478641240188 -0.00015587852701 -0.00311825445866 4.19229 6.41537 -7.14215325545 58.2458635353 -4.4040078406
-113.944 42.0886 -0.0023121518811 -0.00419692866335 -0.0039204782865 0.000350540554582 5.59248 -nan -11.581082917 53.0851284384 -3.95604375294
-113.24 42.0343 -0.00547876254255 -0.0032606537474 -0.000478445469273 0.0109533179483 5.30508 -nan -37.3426407743 37.9516306465 -5.56535585399
-112.386 42.0041 0.00399482807448 0.00290510524359 0.00844352818131 -0.00235435832553 3.17601 3.46395 -3.28937349394 -52.6565146589 4.93942409354
-111.432 42.0149 0.00257957913175 0.00129182573753 -0.00333745119835 -0.000913121406861 4.56132 4.18251 4.02734946726 -30.6716986529 2.74851866772
-110.873 42.0995 0.000892320290349 0.000952850152996 -0.00159844036801 -0.000160056826464 4.75538 4.11669 5.73985567136 -14.7009061201 1.30539709469
-110.036 41.9243 0.00103624452935 0.00111366637827 0.00201320274277 0.00331212309186 4.40477 4.00954 -3.99096374899 -17.1757814589 1.49931345194
-109.357 42.1012 6.78563120317e-05 0.000831513493067 -0.000502301200658 0.00130276236694 4.57705 4.3999 5.21490897762 -7.00439989835 0.655228580284
-108.34 42.0073 5.66882923419e-05 -0.000168631829516 -0.0019601245146 0.00211470887771 4.88871 4.70287 7.89688695286 0.725193784686 -0.0941963543948
-107.369 41.9641 -0.000719237117524 0.00047946927664 -0.00165556781849 -0.00408726967195 4.13937 4.0774 10.9825509323 3.51576221534 -0.0289550105377
-106.434 42.031 -0.00070683224068 -0.000279856569795 0.000319620371166 -0.00280371536201 3.86091 3.94328 3.48425452338 8.21488242764 -0.683005161764
-116.54 41.522 -0.000668343923218 -0.00116243080297 -0.00198957180775 -0.00202170171651 4.07104 3.99481 3.06277756379 14.4827097951 -1.25475121594
-115.791 41.4311 -0.000952838940428 -0.00135952836113 -0.00051155552836 -0.000820183382754 4.12754 3.81924 0.20688815949 18.2649357106 -1.58035738845
-114.915 41.4157 -0.00184764169577 -0.00213956191474 0.0023541569426 0.00270409675696 4.43105 4.03621 -9.34222980414 30.5376703077 -2.6398574037
-114.165 41.3602 -0.00277353677106 -0.00195289614348 -0.00108911326621 5.98181874581e-05 5.20643 4.92988 -3.59357684764 35.3757430634 -3.39189164526
-113.347 41.503 -0.00554822933256 -0.00254434959383 -0.00592098035246 -0.00466821494958 5.77434 18.1727 2.34624275821 62.1250044401 -5.85379929706
-112.448 41.4632 -6.27908983805e-05 0.000161984999202 0.00245878809542 0.00045957256855 3.90114 7.03162 -1.53878995217 -1.00265409199 0.0498827880212
-111.63 41.3146 0.00263520093672 0.00259658811879 0.00136940137339 0.0100391378037 4.60097 4.98126 -20.9271410235 -37.427330711 3.33922075522
-110.666 41.4729 0.00150298334886 0.00228066770223 -0.00556486038883 0.00235309411231 4.84486 4.58404 2.30827787015 -30.5288265408 2.65544418219
-110.067 41.4272 0.000732731216708 0.00234719813414 0.00348772801407 -0.000734724550581 4.04928 4.12454 -0.896590104034 -25.7606225068 2.07744338542
-109.157 41.5047 0.000961463319721 0.0017251140704 0.000128763314153 0.00118559323597 4.25745 4.27214 4.43581703996 -21.5615299646 1.91204551534
-108.187 41.4906 0.00044044832461 0.000106527898929 0.000607490923156 -0.00142631286235 4.11056 3.99949 8.27756250556 -4.70242832474 0.360150613492
-107.364 41.6067 -0.000541899498254 0.000931224678285 0.00011466471656 0.000590975703617 3.76982 3.78114 12.947122094 -0.759833328867 0.474034581531
-106.596 41.4033 -7.56515547854e-05 -0.00135991858249 -0.00463970249502 -0.000874406445252 3.99081 4.017 9.5778788175 10.0844218385 -1.13816451182
-102.772 33.9696 -0.000401590038962 0.000808492086411 -0.0216942496809 -0.00161982559788 5.13626 5.59979 16.9675051734 -0.272312889903 0.527797474116
-116.508 40.7186 -0.000401232471312 0.000123552046888 0.00290498234612 0.0024610573726 4.03676 3.61407 -3.98919607991 1.21271051332 -0.27297141533
-115.736 40.8167 -0.000892502767378 -9.34142250532e-05 -0.00234607195112 -0.00184830332735 4.39253 4.17776 5.17398784583 7.37619363645 -0.725184478762
-115.039 40.8522 -0.00114116322682 -0.000673535783277 -0.00131941732416 -0.00138754690818 4.47724 4.26174 2.52450943661 13.8609797671 -1.30740019257
-114.204 40.8556 -0.00239411657811 -0.00173036294178 0.00379606382729 -0.00201095494099 4.09232 3.90898 -3.35037521206 31.0621792005 -2.95333145519
-113.187 40.8513 -0.00336922261746 -0.00273838510309 -0.00541455503345 -0.00163107417144 5.09578 5.18803 4.8241209466 48.323300531 -4.32838687197
-112.52 40.8903 -0.00478476114283 -0.00701166690813 0.00663828555176 -0.00137477444575 4.1466 5.32682 -18.1880273961 93.0625003748 -6.98670507112
-111.437 40.8869 0.00241223482084 0.00366957731761 0.00096983738915 -0.00846285742079 3.667 4.94312 -0.204180720083 -49.4381810845 4.20400684314
-110.834 40.9425 0.00134705800101 0.00274409445652 7.24248209515e-05 -0.00221745443785 3.82238 3.93408 4.31446979533 -32.9090814437 2.89055419723
-109.673 40.9763 -0.00241715356007 -0.000438538952734 -0.00155368024282 0.00286619098707 4.22833 4.35992 -0.721085745605 21.8383262385 -2.1180000793
-109.177 40.8936 0.00167077025556 0.000621225985209 1.38128702361e-05 -0.0023474182893 3.98371 6.48531 13.7296025444 -19.8414130209 1.4575765243
-108.263 40.8338 0.00128037848973 0.000148568460602 0.000561612329885 -0.000195187441409 4.05487 4.05234 9.49210629615 -12.6951436435 0.905335539145
-107.52 40.76 0.000572383912368 -0.000453193873839 -0.00136339447106 0.00144629999261 4.32227 4.26048 7.83617360335 -1.8368797127 0.00914684371363
-106.454 40.8023 8.25111082009e-05 -0.000559831193145 -0.00192373563343 0.000252094441459 4.01163 3.97692 4.6267106931 3.5970977046 -0.36496794292
-116.5 40.2917 -0.000326955376393 0.00196860270404 0.00284290448562 -0.00200931091413 3.91378 3.82268 -2.22454971014 -15.9839023469 0.831114779727
-115.657 40.1313 1.98095975739e-06 0.000195949698628 -0.00111077389812 0.00114234835811 4.57776 4.54192 -3.0469626019 -1.82040123049 0.110669146185
-114.745 40.2679 -0.000295469824477 -0.00056912135845 0.000394031555228 -0.00136557904754 4.38905 4.23179 2.77032799803 6.97520171317 -0.593465705219
-113.981 40.1314 -0.00103387639794 -0.00114777862874 -0.000981762012643 0.00185189858176 4.83951 4.4776 0.542372054238 17.2991783372 -1.52413440213
-112.469 40.2807 -0.00254661871415 -0.0029851999713 -0.00218574730833 0.00414511346059 5.65127 5.62475 -5.63038256698 44.0518985659 -3.77279029047
-111.502 40.2067 -0.00344045631476 -0.0025438953639 -0.00533410286283 0.0141990552654 7.78758 -nan -20.4740233297 40.322867811 -4.0911941003
-110.738 40.1948 0.00344401267458 0.00104549633827 0.0102827973821 -0.00581313227695 3.04009 3.28834 -4.92371745987 -32.6123572382 3.40945472939
-110.008 40.2655 0.0024135841572 0.000249655598029 -0.00208757518592 -0.00703651634923 3.69934 3.62736 9.2739579521 -23.1368843561 1.73267980566
-109.124 40.2982 0.00243405248858 1.19802263361e-05 0.00101642623053 -0.000362824568104 4.22413 4.27291 7.01325366809 -21.1807320148 1.61359522725
-108.242 40.1348 0.00147236119778 -3.21226992413e-05 -0.00147417903284 -0.00245297649366 4.21756 4.09827 11.193155589 -13.5128056928 0.84809947764
-107.47 40.2149 0.000563344788012 -0.000595563280121 -0.00208123449935 -0.000914903838851 4.14712 4.06667 8.92211150846 -0.887435319663 -0.121520053529
-116.464 39.6202 0.0002124293618 0.00108932136893 0.00176594077589 0.000360391596531 4.08198 4.45089 -5.94517597466 -11.615565289 0.732375106399
-115.754 39.553 0.000730005281209 0.000273494982659 -0.00111880102649 0.000412716615418 4.56825 4.52307 -4.43081591772 -6.91637213525 0.76327087746
-114.908 39.4731 0.000211868903372 -0.000539413515348 0.000888775860538 0.00151654014695 4.47745 4.18098 -1.10490984383 3.47457577005 -0.147543295946
-113.069 39.5906 -0.00116103693773 -0.000825486972871 -0.00423828749237 -0.000378378425254 4.78392 4.32881 11.8826634896 16.0814996556 -1.37521932438
-112.279 39.5708 -0.00434006669037 -0.00151402251413 0.00306377623524 0.00565869256986 5.91308 5.81686 1.36148911479 45.1863816514 -4.28061909064
-111.66 39.6092 -0.00330394912118 -0.00075897956954 -0.00757987151403 0.000123234057602 5.41645 5.83288 13.7457148301 35.438293246 -2.5773088775
-110.74 39.473 0.00430143076789 0.00128716533076 0.00970023744826 0.0140859966192 3.6773 4.09471 -26.1135717672 -26.4794922208 4.4859375031
-110.246 39.6279 0.00219875859451 0.000807400231241 -0.000765173858263 0.00685893752522 4.61564 3.78733 -10.4337275217 -20.7847953309 2.305499894
-108.981 39.6333 0.0024389399519 0.000682621288044 -0.000720603209273 -0.000790928446625 4.35181 4.19262 2.81235697432 -25.447292822 2.21708343306
-107.449 39.524 0.000853910200476 -0.000662569694543 -0.00421837261303 -0.00144321065051 4.25993 4.15275 6.78182056137 -2.5969727184 0.0474728395949
-116.4 38.8247 0.000811933329331 0.00122006601097 -0.000834839379472 0.0010464240824 4.46114 4.40785 -10.2641521296 -16.1771113271 1.26292982374
-115.654 38.8455 0.00115126404831 0.000768090294164 0.000590872693255 0.000237131323893 4.14804 3.99517 -5.76403558982 -13.9928624815 1.38231001978
-114.83 39.04 0.000296921178059 0.000817582620766 0.00050262232038 -0.000836680449025 4.26244 4.007 -1.05889061318 -9.38135107694 0.722718541162
-114.02 38.9551 -0.000254577042606 -6.63138079868e-05 0.00239866262042 -0.000486270657974 4.33525 4.18497 1.43485840999 2.40098096449 -0.239015631521
-113.277 38.9882 -0.000996970881664 0.000237857515925 -0.00233866249655 -0.0015277997554 4.67327 4.43343 14.8583378635 7.44999559329 -0.405708863774
-112.379 38.9995 -0.00218263677778 -0.000600494459685 -0.00716159124053 -0.00936276694488 4.00464 3.89605 24.4743779729 25.3352845505 -1.51013220797
-111.172 38.9176 -0.00518036018425 -0.00219173212196 0.00116182154697 -0.0114454612736 3.51182 3.79871 14.586506095 63.0934702537 -4.79095365063
-110.133 39.1025 0.00256337815328 0.0028564609991 0.0058534543678 0.00532555965624 3.74223 3.92865 -19.9795040808 -41.3341554469 3.4100000991
-109.263 38.9553 0.00416905085616 0.00190038011212 0.00393786672983 0.00114243680392 3.90645 4.17779 -8.89238109272 -44.6245320536 4.53726403408
-108.296 38.9541 0.00317836146771 0.000535424773855 -0.000937824635427 0.00146078873793 4.75004 4.38673 -0.61326981909 -29.2763802885 2.73485629482
-107.574 38.8347 0.0015390556987 0.000255665774573 -0.00149376465395 0.00125529168604 4.79522 3.99657 1.58916577218 -14.7454866237 1.2808893361
-106.91 38.8627 -0.000297172470532 0.000230083433156 -0.00237620254577 0.000398298305066 4.55172 4.35262 0.688022256494 0.471348937672 -0.0548146744555
-116.302 38.2886 0.000913310143672 0.00143505077974 0.00415932684408 -4.20112818934e-05 3.92174 4.13008 -14.0704315144 -18.7085593075 1.38530942163
-115.585 38.3489 0.00115518477301 0.00150438939566 0.000588387766398 -0.00233347167038 3.92636 3.9709 -5.17949824261 -21.1799289882 1.77052964571
-114.608 38.3281 0.000711470799663 0.000990260489644 -0.000937094044159 -0.000997455622204 4.24271 4.15841 -1.51305523193 -13.7770005743 1.15645008432
-113.969 38.1802 0.000711529160162 9.31403544939e-05 0.000105576292276 0.000874507256733 4.51105 4.30745 0.685352205897 -5.85145127475 0.61513727926
-113.021 38.2987 -0.000457870019863 -0.000832448246539 0.00122831049359 7.63069132584e-06 4.20894 3.92041 1.40448770196 10.6384696681 -0.885099950354
-112.277 38.2108 -0.00171690230478 -0.000899252672031 -0.000511790452548 -0.000915769452402 4.38066 3.97941 5.08314117471 21.103580173 -1.85890603371
-111.483 38.2843 -0.00389913348066 -0.00215291099018 -0.00147755910188 0.00474839604286 5.07604 4.57939 -0.736218970866 47.4753382885 -4.38693715179
-110.711 38.4187 -0.00497724589931 -0.00229054398996 -0.00929703009262 -0.00143077904887 4.41669 5.47817 13.0993201202 61.9394482877 -4.81124382184
-109.894 38.3862 0.00423956902306 0.00282268371465 0.0208950721275 0.00289786656518 2.53468 2.95638 -26.9280525121 -43.6296615279 4.79266384242
-109.261 38.2916 0.00454023190078 0.00133496224144 -0.00509107795934 -0.0027508961414 5.13167 6.12412 -2.45180849804 -45.3148676383 4.3746409864
-108.379 38.1888 0.00266300737156 0.00152002835243 -0.00298159758425 0.0044935972803 5.21104 4.92462 -3.6519978915 -33.3340519064 3.03230540174
-107.55 38.3685 0.00138820522522 0.00195643688586 -0.000373302848979 0.00157264968539 4.79645 4.36661 -6.34135406625 -28.2253412718 2.27620736574
-106.756 38.2289 -3.00852744407e-05 0.00149083574595 -0.000129811359988 0.00164758541804 4.17883 4.02062 -2.83127973668 -13.2128406319 0.941932167396
-116.595 37.923 0.000113896487372 0.000251187011532 0.00502325065492 0.00335266635668 4.004 4.02753 -15.7143981931 -3.07671077735 0.193452642335
-115.747 37.6444 0.00114377069393 0.0014182512626 0.0035293188138 0.00378147490322 3.81597 3.94036 -17.5718115125 -19.280994237 1.5405201678
-114.849 37.6083 0.00177223813467 0.00141080439825 0.000560149041617 -0.000576437088366 4.09309 4.02361 -7.42076144539 -23.8208361589 2.23793749864
-113.86 37.5808 0.00120492391369 0.00107204324361 -0.00184624803366 -0.000211463281601 4.34847 3.97287 1.12348643546 -18.1373287095 1.61088025921
-113.168 37.7601 -0.000231177519142 0.000585463144838 -0.000268547653688 0.00205012387542 4.77865 4.21079 1.23357492749 -3.48447408487 0.194065910782
-112.363 37.6761 -0.00116378251521 0.000783263497375 -0.00165500918083 0.00930819914249 5.72709 4.66002 -6.95865139984 -0.579946685104 -0.574528579231
-111.596 37.7222 -0.0029546042554 -0.000112317818541 -0.0023738241461 0.00439908260433 4.82488 4.19833 3.29438736338 24.0918400385 -2.24743762141
-110.802 37.6354 -0.00371577038809 -0.00142053190296 0.00181810658695 0.00486226321812 3.9087 4.30483 -0.556861084085 40.1249022521 -3.77251207484
-109.995 37.6903 -0.003114395228 -0.00323081645784 0.00396698052491 -0.0080087944971 3.10797 3.83628 2.00010650407 52.2977774674 -4.4792983752
-109.137 37.7459 0.00414912559339 0.00194859516345 -0.00411230429987 0.00960860691009 4.94388 7.40276 -27.7120329437 -33.5526007452 4.48985922018
-107.792 37.662 0.00151473181913 0.00319722300328 0.00442947466731 0.00424774196249 4.06635 4.15757 -14.3948799834 -41.7243296641 2.8328629948
-115.22 37.2408 0.000677639127059 0.000836825870058 0.00751192206666 0.00510169729359 3.71396 3.78679 -22.1014172727 -11.1105639377 0.866880660363
-114.715 36.7256 0.00091888332047 0.00219226344872 0.00686452413248 0.00188037758988 3.4796 3.63649 -14.9081877369 -27.0944024139 1.67544271756
-113.907 37.0195 0.00117044175421 0.0023064237364 -0.00269364522764 0.000292969769766 4.60613 4.47986 0.169390709367 -29.0484213041 2.33801754945
-113.084 37.0615 0.000260882558407 0.00175365049516 -0.00443131115706 0.000976140039936 4.92278 4.59802 5.25514870317 -16.689193402 1.39559158714
-112.382 37.0183 -0.00113752651511 0.00142784679274 0.00158575469396 -0.00431078503104 3.68556 3.68291 5.73883036811 -2.57418749336 0.187542854872
-111.506 36.9839 -0.00150107798538 7.85683138801e-05 0.00158957105451 -0.00748774809203 3.36462 3.37738 6.84909265671 11.9382858952 -0.982648664322
-110.804 36.9969 -0.00171933838946 -0.00202564398428 -0.000448242866833 -0.00840467303587 3.25279 3.27593 11.9953676498 30.3370770137 -2.65504603622
-109.874 37.1364 -0.00160405007101 -0.00262074999019 0.000582261698545 0.00302429891102 4.25398 4.22533 -4.11635996602 35.8320649282 -2.84725398595
-109.025 36.8299 -0.00261696270866 -0.00114345173671 -0.00192243401722 0.00207426648992 4.34351 4.49566 -5.58939975401 28.892924739 -2.79407721926
-107.534 36.9914 0.00267474201051 0.00338236036688 0.0056934704971 -0.00767835305947 3.0288 3.32787 -0.62795278923 -51.1070158595 4.24665736952
-106.903 37.0138 0.00336367325782 0.00210149997362 -0.00156725736497 -0.00599096142162 3.7499 3.89351 2.42653219571 -46.0693454456 3.86120299836
-116.33 36.4193 -8.56266886734e-05 3.80042056711e-05 -0.00710436835292 0.00136067646111 4.74587 4.78695 -0.832305821275 0.202817646768 -0.0483769969897
-115.383 36.423 -0.000388901361636 0.000723970993899 0.00280013230118 0.00197686694665 3.82509 3.94045 -15.6167169138 -6.11990061683 -0.105809542851
-114.539 36.4321 0.000393982650096 0.00128225227824 0.00436995353949 0.00317216886037 3.43086 3.53249 -17.345400008 -15.3179664799 0.803344228192
-113.965 36.4151 0.00140452197529 0.00176423023412 -0.00330554876716 0.00268357903299 4.272 4.48486 -4.69909501888 -25.7417748054 2.13574852826
-113.18 36.4182 0.000365360424936 0.00121334276861 0.000228202531121 -0.00280013841007 3.74921 3.74855 2.70561069857 -13.3496654177 1.06843251392
-112.291 36.428 2.07644183487e-06 0.000460715289477 0.00451890448456 -0.0041035535498 3.28699 3.32809 8.39829524428 -3.65600819426 0.338630863004
-111.13 36.1428 -1.82529024952e-05 -0.0008338203983 -0.00520037194275 0.00162252700579 4.81097 4.66678 3.88810290005 7.23847647756 -0.585352152354
-110.662 36.5996 -0.000667336582207 -0.00171893033131 -0.0017815348154 0.005372053736 4.4988 4.35962 1.52335374859 20.234203445 -1.63722719485
-109.87 36.4199 -0.00236572849024 -0.00110965921336 -0.00425963896373 0.00199768055703 5.10056 4.51711 2.88560305823 28.5720404069 -2.48272882419
-109.208 36.2925 -0.00466025984042 -0.00107479955591 0.00333322994984 -0.0036574321244 3.46072 3.66062 3.75509776824 47.7089733968 -4.07140753564
-108.52 36.3758 -0.00281267218404 0.000425042186048 -0.00194588057772 -0.00585454702697 3.33247 4.55544 -3.80446464817 16.3515576205 -1.9689152677
-107.658 36.4277 0.00303034318312 0.000496164013292 0.00834294619507 -0.00492669860805 3.00143 3.43142 -19.2999509991 -19.4117524555 2.98618238561
-106.855 36.3773 0.00437295701441 0.000636667376624 -0.00289945940556 0.00168515979257 4.36374 4.43438 -8.75407376934 -35.5108142314 3.98410820624
-106.192 36.3289 0.00329353120182 0.000368317774559 0.000266097645322 0.00221890928367 4.43075 4.06662 -1.73886926845 -29.4900791276 2.71308664717
-105.278 36.4093 0.00171893945024 0.000580076136341 0.000511259250297 -0.000564654753623 4.2418 4.12204 2.62569777163 -19.8607731131 1.60370591163
-104.408 36.3998 0.000489158676897 0.000716036073648 -0.00152893743672 -0.00557756031322 4.06806 4.00777 9.54722817376 -9.88927576625 0.866856855457
-103.744 36.3945 -0.00016706664127 0.000371820145858 -0.00267400839052 -0.00110203791419 4.14017 3.99913 4.23694341949 -1.40557336197 0.173164376054
-115.43 35.8384 -0.000559360633225 0.000306091917187 0.000230087389497 -0.0058730246737 3.66889 3.72765 2.87806580582 1.3275516292 -0.23996214804
-114.851 35.7266 -0.000690294577112 0.000812870016315 0.0042559759793 -0.00579464106953 3.49293 3.95618 -3.43734407652 -3.44759050756 -0.131211140223
-113.984 35.8522 0.00202483081697 0.000824178894565 -0.00398983788469 -0.00691051103131 3.91377 4.22391 6.90250393132 -23.0557996958 2.02565941762
-113.105 35.6339 0.00131463475434 0.000197033946306 0.00153356639315 -0.00279716143991 3.7646 3.82826 -5.06132370058 -10.1817484721 1.21127955826
-112.173 35.8191 0.000605567452758 -0.000186806667061 0.00356256509922 0.00204050958092 4.14035 4.01128 -3.16168056221 -2.31739705754 0.384941745079
-110.794 35.6218 -0.000569591589722 -0.000621495486327 -0.00843341999276 -0.000207900495569 5.02527 4.57822 7.01940600183 9.8816102555 -0.842918763881
-109.933 35.7113 -0.00242296564376 -0.00107212850901 0.00291407257045 0.0011877952744 3.97578 3.8658 -2.10090873303 27.6113919419 -2.56810938113
-109.046 35.7147 -0.00345001935937 -0.00256780371245 0.00305770139207 -0.000712865173167 3.35358 3.54435 -6.47474189285 48.2647985248 -4.29736786191
-108.466 35.7992 -0.00283125463287 -0.00370141158695 -0.00413847135588 -0.00100720218015 3.66094 4.41488 -9.24827883779 55.2064230743 -4.36453718696
-107.638 35.8054 0.00205249640307 -0.000406250416618 0.00350892003468 0.01018911812 3.33874 3.79815 -37.5638726912 2.96860985064 2.01548484069
-106.909 35.9138 0.00358355103307 0.00065953176251 -0.00205700423669 0.0032948929048 4.33162 4.63895 -23.3827099781 -21.5647229933 3.60171530138
-106.183 35.7452 0.0022269991699 0.00189835877602 0.000465940204293 -0.000492859483324 4.51786 4.46283 -14.4925297485 -32.9303487128 2.86339167016
-104.616 35.8383 2.01676196105e-05 -2.72096129874e-05 0.00198135096947 0.00227592406822 4.03111 3.80491 -2.30039590712 0.0819176739747 -0.00320261283735
-103.786 35.7964 0.000585163063558 0.00161275093896 -0.0065571285868 -0.00264512242372 4.27969 4.29919 8.21184275554 -17.5264824034 1.64125272778
-114.87 35.301 -9.19567547641e-05 -0.00135088832551 0.00891675424911 0.0045322663129 3.49178 3.75042 -14.2631175802 14.7484447285 -0.598782104677
-113.885 35.099 0.000865659595054 -0.000788659179899 -0.00494138664841 0.00253059136536 4.64236 4.85451 -15.550255697 4.77237305765 0.512566040443
-113.083 35.2127 0.000830600023591 0.000111314436736 -0.000269329357255 0.0053600407307 4.40627 4.38922 -26.0843744719 -3.23268688343 0.835854392731
-112.267 35.1787 0.000933178174498 0.00146533369073 0.00359568250304 0.00196313914311 4.09271 4.0223 -14.83959738 -20.0437876913 1.44134149119
-111.532 35.0951 0.000699709437669 4.97289931178e-05 0.000693041347469 0.00488654704777 4.51197 4.33306 -6.31918521673 -4.91637315437 0.61625965639
-110.713 35.0789 -0.000459659510568 0.000573258666856 -0.00619873086336 0.000726437348177 4.83298 4.44833 3.22582433378 -1.28772607506 0.0513575647415
-109.736 35.1181 -0.00159200959358 -0.00104237013518 0.00759398344419 -0.00276708027569 3.17345 2.99291 -5.42420089569 20.9289473544 -1.90217146305
-109.388 35.1118 -0.00250113065271 -0.00124005066151 -0.00334376958772 -0.00130450069586 3.85214 3.72814 -5.33358151947 29.1642413765 -2.75899831162
-108.5 35.1259 -0.00221776948394 -0.00261384085249 -0.00174858679557 0.00337939137672 4.72409 4.67534 -10.4563009201 40.3710174194 -3.24107567546
-107.648 35.117 -0.00156190602894 -0.00274729251327 -0.00121294530274 -0.00324782526934 4.12567 4.56863 -6.48342233113 37.7506916907 -2.86200702983
-106.867 35.0719 0.000720032037751 -0.000393193841999 -0.000486853492255 0.0037983824294 3.93673 4.27081 -29.8998301029 2.75851950844 0.618340248286
-106.15 35.1605 0.00126073845311 0.000482905296736 0.00224480811741 0.00712709774687 3.94699 4.31971 -32.262820914 -8.56351530209 1.32828020966
-105.408 35.2106 0.00157665892792 0.00262022034421 0.00145079637867 -0.000711447588941 4.08523 4.05723 -11.6567046694 -37.1410225312 2.72176103027
-103.766 35.0891 -0.00173179139852 0.00109366393453 -0.000637371588269 0.00921404680973 4.48353 4.53292 -6.40601904935 2.65456477179 -0.679890952362
-103.063 35.0637 0.000985112779165 -0.000136282597841 -0.000545756705546 -0.00142652792424 4.11637 4.61358 -0.609936257942 -7.33498299003 0.604563055788
-113.83 34.5935 -7.52527322111e-05 -0.000807760223507 -0.00280717458786 0.00385296416046 5.04036 4.76586 -19.1817613139 9.18559744177 -0.321353361266
-112.891 34.4692 -0.00105613610728 5.72178597452e-05 -0.00622451091001 0.00364676449452 5.2535 4.81558 -17.1054159508 3.73993496954 -0.967592645057
-112.237 34.4866 -0.00142307024482 0.00179850264852 0.0112820934589 0.00499738350292 3.34904 3.43727 -29.2884413655 -18.2240370276 -1.12425237603
-111.441 34.4178 0.00168089986126 0.00060724034988 -0.0112507535312 -0.000601010915611 4.54292 3.97851 14.7626420132 -20.2006192939 1.48626524077
-110.806 34.3371 -0.000347832957178 0.00102649997034 0.00396995880594 0.00112096187298 4.05425 3.70493 -3.93635905818 -7.53399932244 0.309919260926
-109.95 34.5293 -0.000583136488303 0.000744177984465 0.00367703464091 -0.00051315827066 3.83903 3.58565 -1.57050857369 -2.63436825451 0.00462533319194
-109.29 34.4275 -0.000932187511141 -0.00060547333069 -0.00269702924662 0.00550422182657 4.85722 4.5388 -2.12560098835 12.5709063193 -1.10688193686
-108.498 34.5421 -0.000802089189926 -0.0010992809539 -0.0019739222994 0.00255763730314 4.54997 4.33677 -4.8076153709 16.3137520846 -1.29644075256
-107.786 34.4457 -0.00161468059013 -0.00160428860508 0.00179554086474 -0.00183212346319 3.74778 3.76749 -2.5236580781 27.2546988058 -2.26437477511
-107.01 34.5058 -0.0011392574287 -0.00393644375278 -0.00275086292586 0.00158848645096 4.07126 4.52699 -12.0320662174 48.0997801631 -2.95821229699
-105.435 34.5646 -0.000119743294375 0.00116348307312 0.00386051993598 0.0060137051809 3.76737 4.29296 -30.3963934381 -13.502539374 0.143342808512
-104.662 34.5271 0.0025254153462 0.00339013836587 0.00283192446597 0.00132064392206 3.59229 4.21218 -11.1438645882 -51.6569506036 3.95805831615
-103.81 34.5508 0.00231457449688 0.00118824462844 -0.00123961112498 -0.00347855942223 4.17403 4.14263 3.91407389973 -31.0102536194 2.42392198256
-103.097 34.6469 0.000767117549751 9.92745418244e-05 -0.00373240452875 0.00332799733248 4.60792 4.22864 -0.376646945711 -7.53788665156 0.614453966089
-114.524 33.7503 0.000261933711441 0.000143631081129 -0.0054869472901 0.00212964486019 4.93237 4.83529 2.58295556538 -3.21309912003 0.293831112553
-113.829 33.8142 -0.000499727984054 0.000432801537648 -0.00144345954264 0.00417768152967 5.09193 4.65436 -11.041394488 -1.98216049226 -0.259503304137
-113.005 33.9383 -0.00235547005573 0.00123558921353 -0.00216075260232 0.000557595486202 4.77727 4.46887 -9.62151621895 0.178701269197 -1.49935732227
-112.333 33.9535 -0.00253801250814 0.00112740737999 0.0104277465149 -0.00285133762924 3.62748 4.0122 -15.1994142436 -0.597624499224 -1.89918742639
-111.478 33.8798 0.00230377279825 0.0033974073097 -0.0131561140456 -0.00692444856466 4.01004 3.88593 26.6560277747 -41.5196612781 4.04872451761
-110.844 33.6953 0.000432667924432 0.00310530491641 -0.000519558338621 -0.00619743679502 4.06707 4.10693 7.83493772565 -28.9570310473 2.56395038395
-110.034 33.7776 0.000150737604067 0.00244173987787 0.00546321835984 -0.000556675118574 3.45253 3.63258 -1.301955989 -23.9601265627 1.63456064915
-109.254 33.9571 4.8121000297e-05 0.000335558311216 -0.00280881227741 -0.00532406407626 3.66518 3.64432 10.0625541897 -3.00781872109 0.289119250319
-108.377 33.9085 -0.000754674067514 -0.000986624469227 -0.000677732913687 -0.00269236937469 3.78377 3.71035 4.92634922668 14.7971841734 -1.23360537766
-107.674 34.0087 -0.00126601475178 -0.00156263053781 0.00326228714055 0.000766719982136 3.72197 3.7134 -7.0963521961 24.2238104972 -1.92725656931
-106.965 33.937 -9.81368656355e-05 -0.00167065700256 -0.000381978279503 -0.00027369171333 3.73926 3.69725 -1.39065369411 16.1729140158 -1.1616982408
-106.921 34.0739 -0.00019521673417 -0.00181440391127 -0.00154125226693 -0.00611975692252 3.46489 3.31147 3.78396918556 17.0329191568 -1.43766775588
-106.055 33.9315 -0.000983357269067 -0.00186097751116 0.00127226173569 -0.00537867801972 4.1726 4.0143 -6.30694948708 25.3973931072 -1.89529525833
-105.436 33.9257 -0.00221325499676 -0.0019671175371 -0.00342025312998 -0.00638417090993 4.45272 4.42726 3.09663933394 36.2275665716 -2.951512621
-104.693 33.9229 -0.00197568891018 -0.00179288110493 0.00180259316113 -0.000491736100396 4.20647 4.72985 -4.03936742625 32.4692012977 -2.66527459303
-103.825 33.9232 0.00459465335685 0.00207440060945 -0.00510665909059 0.00502625862697 4.37631 4.01508 -7.05362547124 -54.783799294 4.91134596464
-103.163 33.8839 2.59901160092e-05 0.00340331610315 0.0176342500583 -0.0187402112633 2.88553 2.63473 1.05394733463 -29.5669192833 2.46406314489
-113.657 33.1999 -0.00094414254528 0.00138937551023 -0.00508017568477 -0.00344672611216 4.35808 4.13782 12.0726657184 -2.29874611145 0.431787841309
-112.946 33.3627 -0.00193454053303 0.000971418002231 0.00800259909189 -0.00283819424747 3.66583 4.05395 -9.16635649444 0.76124389682 -1.24037825281
-112.158 33.2893 0.00166308441773 0.00076926056976 -0.00246155682461 -0.00570839079396 3.77168 4.29958 7.59094026204 -20.4098175181 1.7124656512
-111.427 33.341 0.00177925536656 0.00406722381566 0.00161830373344 0.00224512613111 4.30322 4.81498 -4.61965012102 -51.8232569243 3.74857532398
-110.472 33.2969 -0.00189839480034 0.000587306866117 -0.00587198771249 0.0215291806705 5.93244 11.0147 -45.4675252769 -9.41936552729 -1.95073647943
-110.036 33.0851 0.00321633520614 -0.0017044317073 0.00849077862516 -0.00316747098908 3.12557 3.77152 10.4123163222 -16.3537497661 0.76570579482
-109.266 33.2921 0.00123554703304 -0.000562077182815 -0.00237809160874 0.000653018073843 4.11995 4.13314 11.6675991978 -7.49554019438 0.322415679218
-108.592 33.1132 0.000892298903971 -0.000564367208351 -0.00229798641369 -0.00100112985751 4.23298 4.2018 12.5503706051 -4.53362616113 0.0839908611067
-107.671 33.3086 7.01798902439e-05 -0.0015660850224 0.00100074303279 0.000187735351001 4.27395 4.29974 -0.218696549425 13.7668557655 -0.976220323542
-106.964 33.2555 0.000259894923648 -0.00147525839725 0.00106433111369 0.00142183799274 4.31983 4.14351 -6.15642448093 12.7648124019 -0.648747436587
-106.232 33.2621 -0.00144180345398 -0.000991562280008 -0.000878584405378 0.0048978991536 4.80889 4.58362 -10.3462453188 19.6452798834 -1.74818636111
-105.365 33.3298 -0.00196912439642 -0.000947535689755 -0.00280207208292 0.00319001308509 4.62028 4.51516 -2.41053573255 24.6021632531 -2.11148146209
-104.717 33.2797 -0.0025686672699 -0.00154933710603 0.00417946934046 0.00203518006748 4.03984 4.86927 -6.36948801414 34.3825786845 -2.98303908077
-103.98 33.2716 0.00455583258738 0.00181213376299 -0.00302777485497 -0.00755506777093 3.7537 5.11712 14.9989465119 -59.9661654553 3.89542273253
-103.215 33.315 0.00158073911608 0.00238941535857 -0.000162825829318 0.0105272192918 4.7487 5.16853 -6.65635937969 -35.5224726167 2.71729159435
