-114.58 32.5356 0.00100680019487 -0.000160509655654 0.00169692970239 0.00402837827109 4.03717 4.03164 -4.65738679965 -3.82646342063 0.657838842279
-113.767 32.7683 -0.000846172834752 -0.00308174278099 0.000664859533371 -0.00234483560177 3.88003 4.0115 0.97480093179 19.6288054621 -2.81827351516
-112.883 32.7513 -0.000713846412874 -3.48496319676e-05 0.00385009279008 0.00424597303611 3.96298 3.71337 -14.2650071319 2.91477386173 -0.626821105255
-112.228 32.7006 -0.00262710634354 0.000285881764759 -0.0037739140474 0.00558281969629 4.77063 8.23712 -7.46404758961 10.2805851623 -1.87819304843
-111.704 32.5618 0.00314470114184 0.000515491039725 0.00410053853607 0.00200475238327 3.87464 6.49332 -4.56621697607 -18.1195487976 2.69462819678
-110.739 32.5716 -0.000118617390941 0.000427719518213 -0.00175835598131 0.00377055277075 3.92373 3.93645 -7.46301485532 -1.90806551499 0.176506262718
-109.97 32.6399 -0.002476291582 -0.000644751033207 0.00356599964677 0.00712953793969 3.27594 3.57674 -19.6484778536 12.6129956513 -2.49971986183
-109.303 32.7663 0.00083705650024 -0.00329515203047 -0.00105006162136 0.00505529636987 3.5898 4.44563 -24.276741246 20.3521585762 -0.485091907715
-108.633 32.5466 0.00225091636399 -0.00137480519502 0.00232025016448 -0.00350737469969 4.00144 4.17931 -2.4737394219 -4.49841849069 0.641395262576
-107.785 32.5324 0.000587715729799 -0.00161679024222 -0.0056245070254 0.0038887030951 5.52309 5.26593 -3.21465271608 5.72030988777 -0.700770419099
-107.001 32.6995 -0.000586497374176 -0.000276020072015 2.45982591941e-05 0.00401964526834 4.52092 4.61936 -4.04981843038 4.59727925743 -0.615914033142
-106.262 32.6349 -0.000988001906693 0.000344716449726 0.00245870833857 -0.000119611595556 4.06311 4.16761 -4.8041920467 3.21510991963 -0.489988979611
-105.454 32.7001 -0.000954771171391 0.000187720283333 -0.00143772150225 -0.0010527637525 4.06104 4.33925 -0.216001714195 4.4701609053 -0.504324819396
-104.657 32.6588 -0.00104929396298 -0.00037387136721 0.000327091561179 -0.00302423269168 3.5735 3.79919 -0.251008751219 7.99571552672 -0.981080832329
-104.02 32.6462 -0.000829660868705 -0.000400833251013 0.00280568142874 0.00239492324368 3.91396 4.60847 -3.95243944378 6.76995769993 -0.873338596891
-103.357 32.6764 -0.00112593751142 -0.00111435896137 -0.00513233946078 -0.00197239268979 3.92278 4.17017 10.843918765 12.0613605977 -1.53251419943
-112.812 31.9559 -0.000743291937387 0.000587425120669 -0.000655804062786 0.00041174305939 4.20704 4.31661 -2.45489292836 0.635502055015 -0.133365957662
-111.457 32.0022 -0.000932878097728 -0.00117203291714 -0.00075361253794 0.00171467648031 3.9418 3.94739 -2.19601467596 11.015512891 -1.48581758891
-110.816 31.7748 -0.00128114779096 0.000630045932634 -0.000464283438073 -0.00634822116634 3.27237 3.30239 -1.99849249855 3.36129051005 -0.469574671164
-110.046 31.9737 0.000563792692348 6.40236973017e-05 -0.0035951243108 -0.00133599675638 3.62029 3.75351 -2.61799350623 -3.28199097757 0.44919940741
-109.259 31.9989 0.000705468943243 -0.00161718759173 0.0107486614675 0.00177491796512 3.04842 2.9542 -12.1570574781 6.96878816877 -0.343804918907
-108.527 31.9041 0.000774286065885 -0.000568310539534 0.000141114522387 0.00305543325689 4.69067 4.49176 -17.4964670635 0.835578774573 0.391093912217
-107.778 32.0094 9.72691011675e-05 -1.85806962758e-06 -0.00961396285461 0.00114105363985 4.94997 4.48112 6.16577566302 -0.588171708 0.0563119631617
-106.428 32.0062 -0.0014712927267 0.000472445302756 0.00655317637077 0.00189681960193 3.93143 3.97227 -5.53706108983 4.92727602119 -0.772053319294
-105.523 32.076 -0.000646369561052 0.00138440632984 -0.00304936765598 0.00140573850296 4.30171 4.16456 -1.8785867202 -3.8310294187 0.550098381515
-104.823 32.1101 -0.000715532356843 -5.40459092505e-05 0.00222349350531 0.00218501257387 3.93845 3.8486 -5.55716266487 4.09425983351 -0.562873469719
-104.101 32.0618 -0.000388103186743 -0.000164999783918 -0.00244628717482 0.00204020835293 4.41122 4.33597 -2.46327485114 3.09253914533 -0.388353985295
-103.292 32.012 0.000186611742593 -0.00135325951451 0.00645037489958 0.000773032450007 3.71713 3.73432 -4.6816036164 6.67083571465 -0.806189177463
-109.991 31.439 0.0010672422309 -0.000443778904052 0.00308684794444 -0.0085332062291 3.10513 3.1479 -3.87775706932 -3.04313930023 0.477080643145
-109.281 31.3757 0.00112901747511 0.000360488278383 -0.00186313660513 -0.0139083904841 3.40427 3.36014 9.37781775411 -8.64637148793 0.923690128659
-108.528 31.3369 0.0003998031757 -0.000429246420425 -0.00474802265443 0.0106185639361 5.36861 5.18026 -10.2265511729 0.771325740706 0.0598045632325
-105.483 31.4425 0.000599761475582 0.000177172501773 -0.00368424793744 -0.000202314708244 4.32711 4.47949 5.04970774217 -4.58544827757 0.500990546243
-104.971 31.3711 0.000513375499137 4.62400883303e-05 -0.000749831801432 0.000757545964012 4.21548 4.33848 -1.63323186433 -3.18501314521 0.385694224801
-103.979 31.3165 3.91342596568e-05 -0.00134005882391 0.00224402267829 -0.00103937511481 3.7683 3.94939 -4.18160103565 7.36105201993 -0.910753177141
-103.492 31.3691 0.00100299535196 -0.00172895584326 0.00116622757439 -0.00277465930648 3.87914 4.17736 -2.4961716643 3.73511854408 -0.556585106171
-102.81 31.3818 0.000866669436925 -0.00115874981742 -0.00116351766921 0.00502058316696 4.85207 4.96996 -7.57784005496 2.36394195583 -0.116452423434
-104.986 30.7862 0.000238538685205 -0.000581819629167 6.96143720314e-05 -0.00598693658475 3.7733 3.81733 -0.973762665066 1.71722675505 -0.267770663405
-104.029 30.6689 0.000764742111288 -0.00111711669778 0.000485363496289 -0.00569604385303 4.0193 4.03402 0.151578278177 1.2557236363 -0.339703659189
-103.402 30.8498 0.000741307453745 -0.00147821422964 1.44338840541e-05 -0.00139790575578 4.77171 4.02397 -2.23389068468 3.79652453087 -0.56707942044
-102.685 30.7263 0.000102966817995 -0.000269980393305 -0.00313613058732 -0.000607914537519 4.86834 4.29508 -2.42022637708 0.886127267928 -0.126066515252
-104.09 30.0609 0.000418640873624 -0.00155438343117 -0.000709191896676 0.00352694980783 5.18155 4.88748 -13.4748608945 8.21640918631 -0.559499051749
-103.612 30.1456 0.000399313808328 -0.000609233811259 -0.0030125667021 0.00303771301136 5.78195 6.23885 -3.98882732309 1.19224507419 -0.148674488326
-102.788 30.1615 -0.000311115671476 0.000197683130125 -0.00133805184519 0.000358627583768 5.03905 5.7039 -4.36276017849 0.64349472708 -0.0809293667957
-104.133 29.554 -0.000319404079255 -8.21898751156e-05 -0.00315329936916 0.00874906016714 5.45214 5.07279 -6.25931624146 2.23365228054 -0.290416169495
-103.389 29.4528 -0.000897941236987 2.26645719696e-05 -0.00175171046868 0.00724986136241 5.28823 5.82131 -2.00884523037 5.22338306823 -0.59341979781
-102.888 29.4862 -3.24542680955e-05 1.05891413159e-05 0.00192001378327 0.00875939286828 4.50951 4.42044 -12.1705579047 0.0910417929313 -0.0194581859495
-115.653 48.9339 -0.000457109745371 -0.000504309852253 -0.000653166463272 0.00769699770159 4.21999 4.23105 -7.18278732796 3.90299053411 -0.649059049339
-114.413 48.933 -0.000425302803967 0.00103920022363 0.0131548278259 0.0126195995742 3.72486 3.7029 -16.1004558784 -4.77660913621 -0.0065017778214
-113.422 48.9725 -0.00281678813832 -8.71404045516e-05 -0.0200378050599 -0.00551096514284 5.01085 4.95695 41.2457972556 16.6834545523 -0.589538143694
-112.733 48.9777 -0.00371726483802 0.000757569982381 0.00841932156944 0.00369216319285 3.48319 4.21554 -5.42442366609 8.49523269251 -2.68928651047
-111.597 48.9482 0.00277486805182 0.000672524677356 0.00284139124055 -0.00459864494788 2.38895 2.78931 -7.05849268668 -12.4826028949 2.70585081621
-110.699 48.9448 -0.000160562621571 0.0098088273149 0.00347891634891 -0.0790280597943 2.33384 2.78139 22.2483056584 -27.4555713228 8.58184439367
-109.846 48.9198 0.00316427413476 -0.00168931833744 -0.0222130891992 0.0338378613913 9.86788 -nan -31.6966296165 7.47896990776 2.88278943084
-119.333 48.3584 8.0900156559e-05 -4.62548346259e-05 -0.00108374189848 0.00252983152216 4.22094 4.20428 -2.3780195685 -0.0377016971452 0.041434263551
-115.589 48.4694 -0.000684106327451 -0.000355385149135 0.0037492851315 -0.00362835548056 3.52082 3.51811 1.7343508429 4.1824350167 -0.753896929355
-114.468 48.3739 -0.00199238208464 -0.00136795813411 0.000711149458256 -0.00329303822638 3.84891 3.86037 4.93922296098 14.0929450908 -2.38839685448
-113.273 48.3609 -0.00459720619999 -0.00228189817194 -0.00578765786393 -0.00833679344876 3.14729 3.30239 27.3426052767 30.9541855987 -3.94264695111
-112.562 48.3129 -0.00381457186122 -0.00493204945528 -0.00219916623229 0.000586669427179 2.86144 3.56925 12.9921309474 36.7150099872 -6.23506146482
-111.707 48.4128 0.00268924386571 -0.00666937126396 0.00137514922838 0.00147679173864 2.64076 3.35103 4.97213289408 17.5810313302 -2.75746246538
-110.799 48.2921 0.000377603288435 -0.00243827717407 0.0248475392588 -0.0163964176743 2.89446 3.25901 -6.18351269628 11.2256576479 -1.04365410965
-109.777 48.3943 0.00098110592198 -0.00385284519993 -0.0270089701752 -0.0110632293846 4.11518 4.82626 26.7611387112 3.6774528212 -3.1708127788
-118.274 47.8006 -0.000180918385398 -0.000171086231092 -0.00121891578275 -0.000648584187907 4.2607 4.25297 -3.21072021222 1.40407431984 -0.245525230546
-116.256 47.8397 -0.000905161118033 -0.000201777787292 0.0032943371328 -0.00369133380145 3.60973 3.63445 1.92513759843 4.33180726627 -0.824690347446
-115.475 47.7092 -0.000386285374564 -0.0008229621179 -0.000797142558668 -0.00158635279483 3.7898 3.85915 5.61744496956 5.12608128385 -0.848921882383
-114.574 47.6795 0.0001349243338 -0.00159569420434 -0.00725205549764 0.00317649918308 4.178 4.49564 4.62724579826 6.42208772674 -0.99625502701
-113.747 47.7687 0.00269673003428 0.000526088150891 0.0249090728389 0.00124066010969 3.06658 3.11521 -11.2973107925 -10.4016621543 2.63238467507
-112.607 47.775 -0.00114456887304 -0.0056183011578 -0.00681139477307 -0.00680218540924 3.20583 3.328 10.5003770896 27.4620943321 -5.03859846554
-111.746 47.8012 0.00139901753921 -0.00588745574692 0.00358529060179 -0.00347730792052 3.93213 4.30419 2.12589946037 21.2169932155 -2.89710617511
-110.763 47.6327 0.000582809484915 -0.00427257364481 -0.000673418558271 -0.00421690821875 3.87425 3.67341 14.8678893813 12.2015853546 -3.17757885573
-118.921 47.0573 2.13382476592e-05 -0.000402824764326 0.00825678458048 0.000558825533454 3.87662 3.87939 -14.2115954702 2.0997444511 -0.137796593636
-115.353 47.0528 8.80306905799e-05 -0.000912014248591 0.000440656184067 -0.00151106907629 3.75814 3.77416 -1.96380203547 4.07428792656 -0.474943225128
-114.459 47.0943 -0.000689721524413 -0.0017813843982 -0.00169307263097 -0.00747774919109 3.4963 3.64374 7.58424604744 10.4457052054 -1.76867734384
-113.506 47.0816 0.000282397562392 -0.00290497747945 0.00332734882842 -0.000279759130844 3.6158 3.92388 -2.72470283912 13.199707029 -1.51142455612
-112.52 47.0418 0.000859936132058 -0.0027941778746 -0.000938977290162 0.00121231569207 4.47993 4.19738 -2.32492917058 10.4333036936 -1.02272644198
-111.549 47.0308 0.000449959841356 -0.00281684954734 0.00264646751633 0.00790952940459 4.84096 4.4212 -11.7221659641 14.0672694273 -0.953760378582
-110.687 47.1523 -0.000443370237608 -0.00117619246907 -0.000951750192204 0.00393985719585 5.38971 4.45794 4.46459352472 7.17690000961 -1.14618383581
-109.802 47.1961 -0.00159922470379 -0.00128091274767 -0.0160657072273 0.00760650733124 7.07165 6.86255 19.0856359885 12.7970404782 -1.90766995956
-119.855 46.5585 6.65069870551e-05 -8.32038581965e-05 -0.000874105890017 -0.00299858556012 3.78439 3.79869 -0.820841564254 0.159413630929 0.00428420249237
-119.06 46.4911 -9.93064812543e-05 -0.0005144378037 0.0063060599096 0.000162827519656 3.5443 3.53885 -14.7302926524 2.98589128706 -0.290745300598
-118.146 46.5139 -0.000204579649936 -0.000249369137875 -0.00395381050944 0.00496979055394 4.57962 4.5647 -10.1507671607 1.8565690418 -0.297077607225
-115.571 46.4151 0.00035435532561 -0.00138014931727 0.00678875722738 -6.03526827979e-06 3.42797 3.4194 -9.99030895506 6.25432633338 -0.358622523948
-114.188 46.4423 0.000857359642743 -0.00136778558172 -0.00476191815871 -0.000233811792786 4.51364 4.4432 1.19043537374 2.92209999911 -0.242283408711
-113.493 46.4162 9.2328854652e-05 -0.00216657684645 0.000211888417214 0.00272471219465 4.76852 4.41833 -4.35373981086 10.5422486123 -1.18209116165
-112.641 46.4246 0.000154414801104 -0.00159173980904 0.00318573667745 0.00364256280128 4.98454 4.54592 -10.8973431597 8.15459688815 -0.643814950893
-111.676 46.5336 -0.00332517278873 -0.000640062510592 -0.0181416771868 -0.00206509207759 4.80536 4.23854 15.7329744631 19.5351605712 -2.37901393566
-110.858 46.462 -0.00145013907417 -0.00108128630828 0.00327369062196 0.00543717286111 5.85322 6.44781 -11.9485146991 10.4052520341 -1.79239170663
-109.914 46.5663 -0.000693333192438 -0.000370850464832 -0.000661910952092 -0.00201091321404 4.27742 4.16629 4.3234834149 4.80024512763 -0.750097398906
-122.419 45.9325 -9.21050185563e-05 0.000193295562839 -0.000980428733224 0.00303741951125 4.2407 4.19812 -1.85536751286 -0.602027913398 0.0343179468296
-119.928 45.8951 -0.000198988331933 -0.000865129722044 0.00128305246242 0.000307143183706 3.92564 3.9052 -3.98876242455 4.82851322003 -0.643913316755
-117.228 45.9734 -0.000167120890805 -0.000142969395711 -0.00172170020516 0.00364057250176 3.83927 3.8492 -8.28872633514 1.23995749826 -0.216394894553
-115.255 45.7565 0.000233843055843 -0.000218840368573 0.00649338819995 0.0067211805444 3.88113 3.80813 -14.9005043861 0.621771386575 0.121744468862
-114.332 45.7893 0.000328988390784 -0.000729951010541 -0.00451286191824 0.00514435353481 5.33567 5.06755 -9.46323623344 2.85491049814 -0.0849109591259
-113.37 45.8122 0.000545989848779 -0.000557291226279 0.000631281218018 -0.000760166893136 4.63415 4.28006 -2.94286981028 0.702824094382 0.0972957356159
-112.493 45.8409 0.000408883482435 -0.00115277692148 -0.000344344270287 0.000783548775384 5.0627 4.59975 -3.5085267362 4.22104481033 -0.367809720127
-111.626 45.7843 -0.000417506620117 -0.00054835804957 0.000414322485576 0.0038978057441 4.89338 4.46771 -5.05781751269 4.35259728099 -0.659625442346
-110.659 45.9054 -0.00176407030441 -0.000727004873644 0.00275592396398 -0.00948355216534 3.95524 3.84997 1.28064768459 11.0018996249 -1.79118603655
-109.716 45.9046 -0.00159376950814 -0.000148996057615 -0.000233679215892 -0.00769017348056 4.02405 4.12379 2.01762833916 7.7588404293 -1.2554135503
-122.478 45.2059 0.000202196951176 0.000608348228573 -0.0025302302658 0.000983194883717 4.36841 4.348 -0.067866850135 -3.463389018 0.527188512736
-120.635 45.2357 6.60022623346e-05 -8.83782227606e-05 -0.00106697755939 0.00666192455362 4.53703 4.50102 -5.60914535169 0.231692701183 0.00902684971072
-118.96 45.2904 -0.00021852820255 -0.000285771072352 0.00154756402607 0.00431159882757 4.15086 4.15522 -8.9738065458 2.10534684916 -0.330408658988
-115.326 45.1285 0.00095472048181 0.000814690667537 0.000889107505805 -0.00189454825181 4.14674 4.03829 -5.04142793123 -7.45565096768 1.24875851638
-114.233 45.0931 0.000726038364362 -0.000430838447602 -0.000395524484445 -0.000335186592341 4.24752 4.10523 -5.34874174523 -0.382483325935 0.349398534331
-113.46 45.2432 0.000428271402575 0.000246962177984 0.000503619158633 0.00156188885696 4.47038 4.33181 -6.38985693457 -2.77689130198 0.493117683287
-112.489 45.166 0.000124441160976 -0.000118783041511 0.00216384036426 -0.00155255054958 4.26002 3.96641 -1.28334762704 0.0771330888991 0.0201873295999
-111.805 45.2285 -0.000855401625738 0.000357513970873 -0.00144085713917 -0.00510557219116 4.12667 3.91923 6.18069636442 2.45177634661 -0.317285246519
-110.74 45.3212 -0.00134114445632 0.000218528532789 0.00377431808137 0.0130988672911 4.91842 4.69988 -19.4107040551 1.93519403777 -1.16032764247
-109.563 45.3171 -0.00116417240716 -0.000654825664312 -0.00894717228609 0.0208679520317 6.05722 6.16271 -15.064143756 7.19216340114 -1.33451340977
-122.186 44.6837 0.000116558681402 0.000137280638173 -0.0040498942114 -0.00340639626644 4.13265 4.17277 4.97033928552 -1.03520863189 0.178646150682
-114.855 44.5494 0.00110502087627 5.3419495575e-05 0.00160467202064 -0.00495094404696 4.03254 3.77355 2.14547142241 -4.87529013115 0.852048287065
-114.255 44.5642 4.83840732386e-05 0.000474265020234 -0.00453918698638 -0.00384357853676 4.6466 4.43548 7.55919452801 -2.20663120193 0.385005447218
-113.367 44.6165 0.000266479397484 0.00028736034035 0.00221788888206 -0.00533443443918 4.06049 4.18277 -3.74046684743 -2.45603449653 0.385828095799
-112.644 44.6173 0.000364104260009 0.000584116429745 0.00491215011412 -0.000966036873194 4.04189 3.95551 -4.53867687501 -4.35129835078 0.640337783439
-111.248 44.7038 -0.0006803221506 0.000530869052463 -0.0129084176216 -0.00078908691508 5.65713 5.64396 25.1610237156 2.66819142563 0.219379975243
-110.576 44.3951 0.00021746303409 -0.000384851022772 -0.0136539650075 -0.00175752577143 3.91896 3.4497 20.3682468122 -0.0925545455718 -0.240191620799
-119.504 44.082 -1.18583544437e-05 0.000244797760688 0.000818461168516 -0.00163864933114 3.97128 3.95678 -0.371689842182 -1.09984514355 0.142745964245
-115.133 43.7945 0.0012164395499 0.000323636395862 0.00203262539401 0.0038392125799 4.54911 4.62532 -3.89414257894 -6.16186303891 1.16922306501
-114.117 43.9146 0.000397221649988 0.00035361195726 -0.00412444782672 0.00300986743763 5.10491 4.58702 -3.18204163937 -3.29527170009 0.530518223945
-113.452 43.9286 0.000323719460134 -0.00255344307469 -0.000373676947539 0.00587406593146 5.41543 5.26257 -29.8371994025 15.4858150005 -0.181450420443
-112.485 43.9997 -8.15012400662e-05 0.00129193999829 0.00299447308765 0.00238810157847 3.90955 3.72841 -6.30308751065 -6.45827619187 0.676980117872
-111.487 43.8756 0.000111077359151 0.000597595204255 0.00521121017806 0.0021468037312 3.72339 3.51244 -2.8658416999 -3.45412339551 0.462582235931
-110.576 43.92 0.000210375576055 0.00290697856663 -0.00638009117625 -0.0336822728861 2.12944 2.18648 30.8458339368 -6.82662626146 2.84232144006
-109.817 43.7013 0.000808026534782 -0.000975608892304 -0.0222543184955 -0.0150386619189 3.85557 3.88306 27.4357542845 -2.80865172671 -0.641626905848
-116.767 43.4275 -0.00022747233973 -6.68413883015e-05 -0.00253976420579 0.015892857288 4.88736 6.37555 -4.94895234309 1.1469671059 -0.22444869409
-115.828 43.4151 0.00168732065896 -0.000343198404478 0.0051591094302 -0.00241171142237 3.75836 3.80614 -0.46278747458 -5.12532925756 1.0718363388
-115.098 43.25 0.000575320176094 -1.86114318616e-05 0.00573421422256 -0.00134503953676 4.12159 4.25201 -8.2140523784 -1.85232240333 0.474624443687
-114.174 43.3979 0.00552363354492 0.00148128885161 -0.0140292471318 0.0058834476677 7.06384 52.5986 -301.580339489 -32.9823178784 0.548351589603
-113.518 43.3234 0.00170863197877 -0.00117424148153 0.00474002912119 0.0021622580993 3.81801 3.22872 -3.95389246239 -0.674215214696 0.643533500994
-112.433 43.3998 -0.00182201820525 0.00265674469528 0.00217263824866 0.00130687808166 2.92005 3.16229 -7.49872398833 -7.54457698136 -0.010929496995
-111.612 43.2741 0.000241954093265 0.00238443723865 -0.000258304850074 -0.00207974119904 3.9034 4.87381 1.17900382796 -12.3650175608 1.81132373899
-110.712 43.3629 0.00141660941568 -0.000824072978957 0.00420271414653 0.0147403409836 4.57999 5.58976 -19.0056065496 1.26503251684 0.972351497171
-110.02 43.2112 0.00250590076385 -0.000512954192508 0.00218941010908 0.00913732105571 4.43988 4.51298 -2.86066399876 -8.01613825982 1.59335880478
-116.87 42.7779 -0.000784379096569 -0.00457502302999 -0.000831102797995 -0.0208067023011 2.80875 2.91028 26.3793767328 15.6911379549 -4.513996753
-114.903 42.636 -0.000618854004691 -0.000465466366994 -0.0345934402496 0.00180515161058 6.68046 6.69912 23.6137296605 4.81425939413 -0.684625599634
-114.084 42.6493 -0.00180910239115 0.00130087605935 0.0740168397339 -0.00810765495956 1.62456 1.62234 -24.9681840911 -4.69057110854 -1.36467886571
-113.176 42.5452 -0.000460963819443 0.001157606932 -0.0106211566429 -0.000230529412806 4.7776 4.14712 7.60287287582 -2.59773317624 0.580260972436
-112.531 42.6852 -0.00614239288061 0.000443779757962 -0.0603928782103 -0.00644889574165 2.47993 2.58117 -250.969281154 21.8108037885 5.59055369263
-111.588 42.8321 0.00314338081028 0.000946213477345 0.0162324992061 0.00206747962651 3.35008 4.1348 -8.72217424763 -16.5265713086 3.14173504368
-110.92 42.7507 0.00206892814304 -0.00210209624303 -0.00369647411882 -0.00666389425237 3.95722 3.89535 5.36964037776 -0.857256396478 -0.17704094143
-110.042 42.6372 0.000574563896057 -0.00034594086092 -0.00109112373731 -0.00065614226521 4.59821 4.35759 0.0291594311603 -0.924857101623 0.183961379287
-108.847 42.8247 0.000285401261807 -0.000366175399156 0.00099811607982 0.00204947149305 4.49407 4.17924 -0.382548366541 0.490390862764 -0.040997326461
-108.342 42.6579 -0.000447264480365 -0.000102207311111 1.11944264489e-05 0.00030178612754 4.5484 4.56566 1.58150591392 2.62731010216 -0.387559057263
-107.251 42.6332 0.000810025718058 -0.000396708633 0.00123993008841 0.000237209857942 4.66667 4.72398 1.84381116061 -2.08459330404 0.278403967012
-106.524 42.6507 0.000518447482883 -6.37416393096e-05 -0.00396338310506 0.00893293799438 5.27993 5.04077 -4.12878123387 -1.96146776212 0.354603214869
-116.471 42.0773 -0.00239430319034 0.00142013041824 0.0033096033241 -0.00532373874123 3.61628 3.47682 2.06835928858 3.73445927867 -0.783471625566
-115.754 42.1669 -0.000204059498659 -0.000721889826919 -0.0174447158105 -0.000105994683921 7.56188 7.05389 47.1665717702 1.42833123983 -0.727674903849
-115.016 42.146 -0.00151584488181 -0.000113366109636 -0.000788645631389 0.00233893473874 4.39803 4.02021 -2.60344189248 6.62086823808 -1.2526232363
-113.944 42.0886 -0.00354709889449 0.000862863212996 0.0104457190938 0.0103464023864 3.46616 3.75264 -16.9247903691 4.57319997456 -2.85518215962
-113.24 42.0343 -0.000512549162333 0.00584083639102 0.00454898491464 0.0918852011273 1.89291 2.01598 -102.280276185 -21.7464441061 -5.32338305852
-112.386 42.0041 0.00211051655482 -0.000851023627858 -0.00161984642956 -0.0048105967931 3.94353 4.36427 5.82812220255 -6.59784360618 0.771296749182
-111.432 42.0149 0.00238146261443 -0.000539018015367 0.000918242203651 0.00206787546525 4.49923 4.64567 -2.22874598842 -7.51648014305 1.46029324235
-110.873 42.0995 0.00172510830072 0.000791493162337 -0.00103584915034 0.00619280477397 5.16957 4.5771 -7.5078177091 -10.9141721568 1.86463640396
-110.036 41.9243 0.00164994016165 -0.000312374683726 0.000464164808999 -7.2322686546e-05 4.74241 4.5046 -2.33433502136 -5.66740306963 1.0410561815
-109.357 42.1012 0.000344044044731 0.000105845929005 0.000494653886243 0.000932554832609 4.71083 4.38221 -3.26587829324 -2.03820052578 0.331056327703
-108.34 42.0073 -0.000196633824004 0.000139744292911 0.00126757236413 0.0015569915253 5.04179 4.92779 -2.89957679709 0.160213325637 -0.0566823626079
-107.369 41.9641 -0.000293981956119 -0.00130369242897 -0.00288013156814 0.00486624448744 5.98498 5.07332 -2.97965277375 8.04426878855 -1.08154871852
-106.434 42.031 -0.00110101302059 0.00114603157979 -0.00229089820795 -0.00178074168078 4.79328 4.50205 2.51638556386 0.192445119722 0.0914854080479
-105.701 42.1143 -0.00127417043225 0.00107519042526 0.00156806429949 0.00599729957753 4.29827 4.26489 -8.88543054227 -0.837934485315 -0.398630593585
-104.933 42.0432 -0.000237843607998 0.000376102552249 0.0050069259099 -0.0022135397793 3.52002 3.5786 -2.2434933315 -0.790313731561 0.0823971133703
-116.54 41.522 -0.00114389761555 0.00302355179422 -0.0178674630506 0.0259066428828 6.67145 9.89532 -88.055856099 -18.3652707968 -2.98914671713
-115.791 41.4311 -0.00137895909243 -0.000298138001028 0.0122544724016 0.0100872402551 4.24747 4.30751 -24.3472352384 4.40915073567 -1.40563717976
-114.915 41.4157 -0.00155065386877 -0.000397608772472 -0.00741773096496 -0.00252080625398 4.51747 4.12319 -0.222546174722 8.5387298436 -1.42424253884
-114.165 41.3602 -0.00231113404508 0.000271686826133 0.00393422263293 -0.00273069658642 3.59581 3.72824 -8.04925804252 6.92690942841 -1.76396600593
-113.347 41.503 6.71405254567e-05 -0.00360093280293 0.00285382026596 -0.0317754918593 2.80134 3.32161 3.11525062683 16.2008234761 -2.51646655961
-112.448 41.4632 0.00215023830804 -0.00202989055623 0.00167527921 0.000414345261175 4.28112 4.68639 -3.92561364166 1.58328427535 0.409479692451
-111.63 41.3146 0.000769384798597 -0.00129739474403 -0.00681612429021 -0.000552137676834 5.54311 5.26501 8.59794114209 1.35453046336 -0.538118926624
-110.666 41.4729 0.0023035816027 -0.000506738327942 0.000501021252069 -0.000685425465396 4.60221 5.1928 -6.6153852028 -6.48298751978 1.54599430545
-110.067 41.4272 0.00177119532308 -1.05099766363e-05 0.00288283465726 0.0010227881093 4.17335 3.93931 -8.71443675298 -6.74768101337 1.44878099566
-109.157 41.5047 4.47518532597e-05 0.00155392580562 -0.00143901836946 0.00189470182848 5.05226 4.72017 -2.88596207347 -8.16676335781 1.05152505126
-108.187 41.4906 0.000282604698242 7.569004418e-05 0.000499737601602 0.000311223533834 4.80097 4.61202 0.472109755186 -1.72778311532 0.254264129568
-107.364 41.6067 -0.000239466045842 0.00119135810785 -0.00103510472606 -0.0024297945583 4.66405 3.92092 4.17069379135 -4.18647522417 0.735419076366
-106.596 41.4033 -0.00175047825668 0.00107204381785 -0.00180051674419 0.000176864894521 4.54301 4.23559 4.19508437255 4.2916162692 -0.339261678414
-105.722 41.468 -0.00129230889061 0.00106309475671 -0.000551121194536 -0.0045378394972 3.82325 4.04518 3.85556512031 1.93806091441 -0.0462164992661
-104.825 41.4676 0.000238733162697 1.26770972302e-05 0.00696115359206 0.00140419467058 3.69171 3.74653 -6.73509444512 -1.12208089315 0.194155937199
-102.772 33.9696 0.00230114998894 0.00121033843556 -0.0313152809143 -0.00296821217845 4.48165 8.61947 26.22892808 -19.7524407842 1.77657742733
-116.508 40.7186 -0.000637703641901 -0.00181462700875 0.000965454540437 -0.0144939915812 3.71266 3.41492 6.86147313582 10.7453187621 -1.78063545278
-115.736 40.8167 -0.00176128639461 -0.000477489829377 0.00331054110007 -0.00695688248579 3.71714 3.6846 3.45273897683 10.2054209214 -1.57952882149
-115.039 40.8522 -0.00162761531164 0.000675412860283 -0.00165058343377 0.0013032300785 4.08766 4.32114 -3.71899501531 3.09283694241 -0.859566474052
-114.204 40.8556 -0.00148516310054 -0.000198272531398 0.00164465606441 -0.00201133018911 3.29797 3.43964 -3.11282956442 7.12264969388 -1.27683315003
-113.187 40.8513 0.00115542588272 -0.00266309911487 0.00404889162122 0.0114346143503 3.59758 3.77606 -16.1264211054 12.3076064966 -0.154014992642
-112.52 40.8903 0.00186813031509 -0.00242327234086 -0.00237014750714 0.00134175845829 4.8576 4.67328 -0.828792080243 3.64753107788 -0.233631363857
-111.437 40.8869 0.000818156780318 -0.000442172670426 -0.00242341259232 -0.00132011925009 4.92826 4.49113 4.32128719441 -2.04256061086 0.226069083976
-110.834 40.9425 7.55078338876e-05 -0.00127347206541 0.000575363908922 -0.001612068838 4.36047 4.25644 3.15482842558 5.52047995544 -0.872869809603
-109.673 40.9763 -0.000523607418993 0.000497229583213 0.000212782538483 -0.000618643404941 4.66245 4.43712 -1.30745183222 -0.0863382889379 -0.0499752579226
-109.177 40.8936 -8.626950556e-05 0.000635053380095 0.000638533380278 -0.00340474738913 4.17175 4.5481 4.58359165166 -2.42577732128 0.419449858129
-108.263 40.8338 0.000348322339511 0.00107110700872 0.000784626994429 -0.00133807177486 4.36582 4.3182 3.49168150511 -6.73049514239 1.02812913613
-107.52 40.76 -0.000991504783822 0.00081729920979 -0.00544722464019 0.00162020290582 4.98192 4.61451 8.77677848334 2.15382862216 0.0666122873041
-106.454 40.8023 -0.00163997235029 0.00134257132857 0.00260580412748 0.00133109002739 4.15365 4.656 1.13664888482 1.78535521589 -0.165503983141
-105.944 40.8947 -0.000529811065025 -0.00018196103493 0.00218639689443 -0.000229129674249 3.72369 3.84559 0.60999225053 3.56075637421 -0.499594667526
-104.882 40.8271 -0.00044399804552 -0.000122519633193 -0.0019804206135 -0.000342765694138 4.71657 4.73131 2.04001171651 2.91431623331 -0.389392590633
-104.087 40.8132 -0.000562133373044 -3.79618163916e-06 -0.00289546675722 0.00770303584355 5.02545 5.01082 -3.14746815 2.74886703316 -0.414804738504
-116.5 40.2917 -0.000710389314534 0.000282785866897 0.00326748447264 0.00360702796978 3.79417 3.36953 -0.949303293729 1.60771983594 -0.352809099863
-115.657 40.1313 -0.0026116257754 -5.85676381446e-05 -0.00121365368418 0.00091546723778 3.92195 3.87538 -2.02974925533 11.2015366816 -2.03592039056
-114.745 40.2679 -0.00161764530502 -0.00043330193613 -0.00113282765765 -0.00151872992057 3.41471 3.6755 -1.53835172355 9.05305404576 -1.50752967404
-113.981 40.1314 0.00126812181399 -0.00195354680037 0.000345925067123 -0.000721390920673 3.72568 4.05987 -0.404203330051 3.90994826754 -0.375246424074
-112.469 40.2807 0.000622826214583 -0.0011127779346 -0.000256895523273 0.00224175244093 4.68407 4.58595 -6.68789772276 3.50894774899 -0.15958880531
-111.502 40.2067 3.87319489335e-06 -0.000172112525485 -0.000403926008524 -0.00139354514219 4.6301 4.54744 6.19799877963 0.730985749554 -0.128711748504
-110.738 40.1948 0.000639795236021 0.000409991286378 -0.00326328254563 0.000355390919544 4.86625 4.67619 5.63801658491 -5.10990121324 0.727706463773
-110.008 40.2655 -0.00043033118166 0.000406095884171 0.00273709945399 0.00185444401711 4.13025 3.92098 -5.80787955777 -0.36406480525 -0.0873406035238
-109.124 40.2982 -0.00123773824482 0.000593588710074 0.000982272512465 0.000303090174907 4.08305 4.10586 -3.91864268161 2.40348522323 -0.55867045101
-108.242 40.1348 -0.000122657709186 0.00118181494933 -0.00124998399092 0.00050365933018 4.28018 4.45485 3.99784970024 -4.78308868181 0.806289531024
-107.47 40.2149 -0.000328440764333 0.00117790432138 -0.000626932881337 -0.00266208069276 3.96375 3.99088 5.92057417137 -3.41870399675 0.70581154371
-106.547 40.1618 0.000758621983626 -0.000399494176695 0.00169547373512 -0.00518524880364 3.69617 3.94219 9.3194197455 -2.72593649509 0.113943882794
-105.918 40.2109 0.00022453252792 -0.000362057033155 -0.000515725690269 -0.00146394387426 4.37644 4.26875 7.6877235579 0.263834619081 -0.15524898105
-105.073 40.1227 -0.000781127098662 0.000107109580621 0.000252051198726 -0.00126384494784 4.59284 4.43637 4.1572705582 3.77907375066 -0.42012648507
-104.12 40.1129 -0.000545740040783 1.39717022796e-05 -0.00348460436795 -0.00982518255752 4.04398 4.01657 8.87974056187 3.16192789442 -0.300945067239
-116.464 39.6202 -0.00125412872861 -0.000131231378512 -0.0038155585973 0.00028440804339 4.37413 4.84444 -1.57038160417 5.921908367 -1.03866758947
-115.754 39.553 -0.00162190074457 -0.000992296509364 -0.000814910229216 0.000555154418044 3.99891 4.32054 -3.39103126372 11.6891724527 -1.88513889279
-114.908 39.4731 4.55068968172e-05 -0.00205929345155 0.00380603085944 4.75370696824e-05 3.4074 3.58617 -4.8933006033 10.5380571691 -1.22488903777
-113.069 39.5906 0.000403370526846 -0.00175507678896 -0.00388317210399 -0.00292137379236 4.14777 4.17517 5.20780838107 5.77775057035 -1.04480910544
-112.279 39.5708 -0.000102532370623 -0.00113476769237 0.0022342233448 0.000870869489722 4.35899 4.26919 -8.36939132667 6.65727034736 -0.736408624056
-111.66 39.6092 -0.000545349818862 -0.000537457029793 -0.000516568533602 0.00214006871492 4.72358 4.65736 -4.23376062287 5.16154884198 -0.762588085942
-110.74 39.473 -0.000776379029003 0.000488247160199 0.000860056672018 -0.00162790056633 4.48177 4.53427 3.46004358211 1.65954659142 -0.164665795016
-110.246 39.6279 -0.000392214844601 0.00136381182709 -0.00149252898492 -0.00296434853682 4.3281 4.35883 4.97976881931 -4.09091181928 0.774494676245
-108.981 39.6333 -0.00034305166383 0.000317178316574 0.000608848549116 0.00331042126208 4.75378 4.85711 -7.89589569757 -0.342846537844 -0.08560010928
-108.391 39.4998 -0.000250055466701 -0.00115637808861 0.00147037637148 6.43107056493e-05 3.81278 3.85235 1.84533741867 6.81431299904 -1.01291668346
-107.449 39.524 -0.000409637903831 0.00110897766887 -0.0011906176735 0.00238892440248 4.20826 4.4728 2.09178224164 -3.18177877625 0.536464622742
-106.759 39.5952 0.000350279531705 0.000143802117238 0.00301481598829 0.00290832530943 4.23911 4.15219 0.6383371205 -2.49128720613 0.346686624444
-105.839 39.3741 -0.000262904669393 0.000816529320741 -0.00221904941506 0.00324308420064 5.16935 4.82498 8.26677094761 -1.90416979011 0.506897682314
-104.908 39.5144 -0.000521832265466 0.000982642313675 0.00171892640791 0.00667341233389 5.17671 4.92835 -4.37882663698 -2.77890320261 0.264444130873
-104.168 39.5125 -0.000628332777062 0.000532884033059 -0.00767629364515 0.0124189874239 6.51123 6.15432 -14.229946313 -0.846131936201 -0.248469345307
-116.4 38.8247 -0.000449647848552 -0.0013228827999 0.00311214242034 0.00446845361549 4.1033 3.98514 -12.2170016177 8.95363241722 -1.05483968839
-115.654 38.8455 -0.000714106142328 -0.00153763009978 0.000890884367682 0.000609652493538 3.71474 3.67933 -7.06098203164 10.9693312015 -1.47609431091
-114.83 39.04 0.000167876205895 -0.00232860531015 0.000267173079626 -0.000260314686929 3.84254 3.93982 -5.32129989251 11.5510119923 -1.28569650289
-114.02 38.9551 0.000614966266359 -0.00149999715602 0.00257132046214 0.00103785695616 3.92691 3.95221 -8.46043462201 5.90059316352 -0.348148999402
-113.277 38.9882 0.000135811007779 -0.0014436220637 -0.00201804819817 0.000249408469973 4.70974 4.53179 -0.867468062979 6.53878439287 -0.875419397511
-112.379 38.9995 -0.00072665740377 -0.000775715675233 -0.00250619225817 -0.00109201988573 4.96459 4.67797 3.25142029573 7.19080833675 -1.06290402185
-111.172 38.9176 -0.00142901483867 0.000148398749518 0.00128173696925 -0.000128458425949 4.38186 4.29387 -2.36153432625 5.76813595353 -0.967506343877
-110.133 39.1025 -0.000935419803636 0.00106698996865 -0.00371175588324 0.00116311510013 4.56911 4.8731 1.67021723178 -0.463374360598 0.118995165015
-109.263 38.9553 0.000570513416451 0.00142523553743 0.00388708047292 -0.00118771049774 3.59562 3.5142 -6.30596092513 -10.2635850169 1.33276254701
-108.296 38.9541 -0.00106278553718 0.000502246700241 0.000476745322462 -0.00202817684833 3.81375 3.63279 1.25332189887 2.96780800916 -0.370717411952
-107.574 38.8347 -0.00148685581496 0.000216606579323 -0.00215850926122 -0.00097656588617 4.13658 4.52529 12.6774802713 8.13070214309 -0.6032246155
-106.91 38.8627 0.000634560434263 0.000186811392481 0.000494701259739 -0.000631305164305 4.28649 4.29656 7.36009319184 -4.41209966412 0.531432386933
-105.834 38.9045 -0.000675031201789 0.00107898445446 0.00165129163599 0.000560698640828 4.45017 4.51082 11.9896050578 -0.00312864921129 0.556312039743
-105.149 38.9641 -0.000502048828079 0.00156627708959 -0.00585160529491 0.000967156830885 5.00949 5.10987 23.4798148312 -0.530556223625 1.2942630746
-104.247 38.9145 -0.00010419755947 0.00101813738786 -0.000497412102087 0.00240585990894 4.27634 4.32869 1.62147684519 -4.38163629102 0.688971230257
-116.302 38.2886 -0.000537584618877 -0.000667506558055 0.00151338190658 -0.00343938413769 3.66011 3.6089 -0.596552319533 5.6349698465 -0.846469894446
-115.585 38.3489 -0.000742031491152 -0.00125635396355 0.00253730586524 -1.54967851986e-05 3.53859 3.53386 -9.26730562907 9.65541648105 -1.31391580024
-114.608 38.3281 -6.90454167906e-05 -0.00153597605956 0.000380910845743 0.000909149391911 4.15994 4.16426 -8.58611783039 8.71738644771 -0.929987586733
-113.969 38.1802 5.68487764183e-05 -0.00120868877835 0.00019000569751 0.0020686162254 4.74753 4.58326 -8.29612191384 6.43915970939 -0.650164548822
-113.021 38.2987 -0.000580737161608 -0.00100078979011 -0.00241507819086 0.00321423765561 5.2829 4.78783 -9.70989981761 7.84247618344 -1.04135260476
-112.277 38.2108 -0.00179154676251 0.000351799273769 0.00142580387412 5.76944863726e-05 4.50887 4.36109 -4.94623886689 5.86063193026 -1.16929027341
-111.483 38.2843 -0.00151394780226 0.000597048277052 0.000799764857048 -0.00135637513774 4.31591 4.26898 -2.81106399861 3.81859068102 -0.740061992492
-110.711 38.4187 -0.00166355150416 0.000517692166153 -0.00369996030255 0.00265161430549 5.02562 5.18469 0.584902019483 5.61947182753 -0.809493704486
-109.894 38.3862 -0.0020790842904 0.000924600655562 0.000663530267651 0.000636204209592 3.99005 4.69408 -4.64331776395 4.40808903235 -0.995361719152
-109.261 38.2916 -0.000415574285736 0.00123346515685 0.00342768836532 -0.0026573619546 3.33552 3.70518 -3.89418356272 -4.61593762977 0.497264192791
-108.379 38.1888 0.000660013859985 0.00102802842078 -0.000390883903284 0.000783570663091 4.32914 4.38436 -1.89530757771 -8.512373362 1.18595981958
-107.55 38.3685 -0.000355388759292 -0.000495701225 -0.00191038283553 -0.00123637894396 4.24372 4.1734 8.74987996701 4.11948471631 -0.609934547985
-106.756 38.2289 -0.000565447315787 0.000329030436607 -0.00300667333229 0.000351992526213 4.3266 4.31085 10.2607206248 2.05538259984 -0.0421084381088
-105.107 38.2315 -0.000759333039838 0.00091800411162 0.0037669718565 -0.00657821388847 3.08468 3.16244 13.1279208131 1.38203700364 0.406837922697
-104.283 38.1474 0.000229557661906 0.000700533765906 -0.0121449961832 -0.015727058374 2.62826 2.65382 24.6099202015 -3.24097104149 0.737159922221
-116.595 37.923 -0.000355449940166 -0.000534850932347 0.00350642203572 -0.00412942396306 3.5949 3.60891 -0.777638101546 4.18919893751 -0.622109292314
-115.747 37.6444 7.05987884173e-05 -0.00127989650976 -0.00167625908916 -0.00195318784207 4.13948 4.17233 -2.45143275655 6.16292833232 -0.781459897852
-114.849 37.6083 0.000121401043075 -0.00118374859336 0.00060141614407 -0.00127727687369 4.37818 4.27885 -3.27863013101 5.56029683337 -0.670911578555
-113.86 37.5808 -0.00020044994834 -0.000991418115263 -0.00170391940404 -0.00138928061966 4.57201 4.24367 -1.05999551679 5.87483338785 -0.819694794965
-113.168 37.7601 -0.00111865390611 -0.000249166165377 -0.00119429086641 0.00170642190241 4.83086 4.37678 -6.05153529917 6.02853063235 -1.03616062204
-112.363 37.6761 -0.00261149842311 0.000505129456937 0.00259368402171 0.000974420488062 4.2749 4.44547 -8.08496258498 7.78324164049 -1.81227270084
-111.596 37.7222 -0.00149320492356 0.000812151981544 -0.0019327344099 0.00349188105329 4.8231 5.26992 -6.76916766103 1.86330011657 -0.686276463777
-110.802 37.6354 -0.00131103386638 0.000156769260858 0.00100162828608 0.00112728235291 4.00289 4.25006 -5.28526478226 4.96837070593 -0.913295169617
-109.995 37.6903 -0.000865367890783 -0.000678452259816 0.000203474963126 -0.00433231313703 3.47314 3.74577 0.262393792901 7.67828728256 -1.09116250868
-109.137 37.7459 6.338148912e-05 -0.00126390555552 0.000730645548217 0.00362167481422 4.16577 4.65324 -8.35292072708 6.89073752928 -0.707348461973
-108.36 37.83 0.000122511621942 0.000283131369482 -0.000963894635685 0.00129537331923 4.53074 4.90729 -6.60001792306 -2.1175479693 0.272981970814
-107.792 37.662 -7.00338324191e-05 -0.000279246480066 0.00274227465604 0.00112390764561 4.04133 3.97618 -1.68620418737 1.7889142128 -0.244358485342
-106.829 37.7461 -0.000823337413549 0.00043828038779 -0.00450435051113 -0.00106029630343 4.16001 4.09756 11.9566729339 3.35927937443 -0.0655504664961
-106.002 37.7059 -0.00132397113108 0.000564123872202 0.00161395163234 -0.00146234274895 3.50369 3.54927 6.03436404372 5.11456905317 -0.362825413514
-105.213 37.6407 -0.000704116886034 -0.000317778444791 0.00345608995869 0.00148228999258 3.33365 3.5126 1.33819535371 5.39056579141 -0.707738939659
-104.435 37.6606 1.55378585132e-05 7.52291838403e-05 -7.37409272749e-05 0.00589875661914 3.57964 3.74024 6.85708042457 -0.420696997933 0.0698318996026
-115.22 37.2408 -5.84704348902e-05 -0.00100103057914 0.00019818937167 0.000704851067384 4.40102 4.28363 -6.81690343242 5.64206697399 -0.644814301999
-114.715 36.7256 -0.000737771658855 -0.000476841445151 0.00152525576224 0.00138180586354 4.51252 4.27699 -11.8581099113 5.41323514111 -0.878350935917
-113.907 37.0195 -0.000828169718529 -8.41034378388e-06 -0.000651773652105 -0.000608463714604 4.55761 4.2202 -2.11113703867 3.82062342784 -0.62241589186
-113.084 37.0615 -0.0019161243515 0.00059746442301 -0.00300843423899 -0.00145082024486 4.56516 4.32291 3.57124824659 7.0044761305 -0.845345839954
-112.382 37.0183 -0.00200470490606 0.000307754097481 0.00237236687024 5.75407253321e-05 3.87819 4.03768 -3.6174747701 7.46954899254 -1.31606765013
-111.506 36.9839 -0.00142942060213 -0.000412144281191 0.000599170987836 -0.00408016686696 3.73839 3.93131 -1.78462265364 8.91628188839 -1.32731111892
-110.804 36.9969 -0.00100149200078 -0.00102618435032 -0.000631899967141 -0.00370304051149 3.64996 3.87418 2.13489677646 10.0748907436 -1.43348179361
-109.874 37.1364 0.0002522427283 -0.00175671269549 -0.00059560538963 0.00315621724273 4.30859 4.37136 -7.61182505551 8.77216596145 -0.871060780225
-109.025 36.8299 -0.000523504577478 -0.000259657375035 0.00221548825834 -0.000923912380957 3.8289 3.62239 -3.54599926627 3.88947105452 -0.562756944834
-107.534 36.9914 -0.000626413388428 0.000438207017692 0.000232923771894 0.00225551227897 4.04947 3.92922 -1.00870355162 0.961655554212 -0.133314598856
-106.903 37.0138 -0.00127181651685 0.000375711631768 -0.00320543717534 0.00175022697293 4.19085 4.18761 2.80915920862 5.19086342505 -0.550745969178
-106.037 37.0361 -0.000779099666242 -8.34512879465e-06 0.003180997763 -0.00239789088784 3.26371 3.31039 2.64208776566 4.35633039041 -0.516180908072
-105.052 37.0738 -0.000804789140838 -0.00102144720259 -0.00186500959939 0.000925793883159 3.54369 3.65404 4.8683165047 9.33919541754 -1.300398335
-104.411 37.1388 0.000123147466142 -0.00188241474001 0.0064150436043 -0.00083777623724 3.26093 3.49264 4.96477489591 7.88141686476 -1.40703667771
-116.33 36.4193 0.000103040210345 -0.000347103342847 -0.00182413824589 0.00406424716157 4.45043 4.35074 -2.5925994349 1.31010123613 -0.149496851333
-115.383 36.423 -0.000534148156399 -0.000281910850283 -0.00133157458861 0.00256455732712 4.7398 4.48666 -5.318247587 3.75288531694 -0.593604675986
-114.539 36.4321 -0.00104203122801 -0.0001789369364 0.00066477214273 0.00329441553531 4.71537 4.55803 -12.1905252216 4.79876930597 -0.979743833095
-113.965 36.4151 -0.00134580512325 0.000182166224292 0.000762526401167 0.00286260055005 4.39591 4.73265 -12.4897893833 3.79804552277 -1.04934473598
-113.18 36.4182 -0.00179675573182 0.000306782407444 -0.00023617200251 -0.000132380485935 3.95416 3.99773 -3.32255776312 6.58097265593 -1.15245982314
-112.291 36.428 -0.00139038889863 -0.000140512958597 0.00200878860108 -0.00381734636397 3.48313 3.61058 2.48678774818 7.78888469243 -1.04837042288
-111.13 36.1428 -0.000263846246541 -0.000962911849132 -0.0024220636616 0.00127128002051 4.38314 4.43565 -3.64168638656 6.34531450095 -0.835542397792
-110.662 36.5996 -0.000220689555128 -0.0017601835 -0.00108035578729 0.00132783674862 4.16961 4.32614 -1.94323402804 10.1499658115 -1.36524627108
-109.87 36.4199 -0.000904724149912 -0.000636763676904 -0.00325091557049 0.000893452173992 4.50025 4.21348 -3.66964473324 7.69208507056 -1.09897569689
-109.208 36.2925 -0.00105114500338 0.000798010555668 0.00388249254938 -0.00239808236184 3.35451 3.31127 -8.90222606579 -0.0716051123458 -0.364260427944
-108.52 36.3758 -0.000816057617093 0.000222149738016 0.00241212050402 -0.00381484312791 3.47812 3.39229 -2.02815118301 2.92674547881 -0.434746714659
-107.658 36.4277 -0.0012506473153 0.000886967484601 -0.00330200637805 -0.00224498772426 3.98258 3.90047 5.93136966493 3.20896795508 -0.0693949190273
-106.855 36.3773 -0.000260694869285 0.00116960944842 -0.000710993182077 0.000387326295058 3.72493 4.01537 0.819654362655 -4.41908792308 0.681543526598
-106.192 36.3289 2.64510880527e-05 0.000746687653845 0.00174695059723 0.005408438222 3.89674 4.16369 -10.5150808127 -4.5626856062 0.461604193188
-105.278 36.4093 0.00089743677216 -0.00153923563188 0.00300108393516 -0.001346689736 3.20421 3.27159 0.320933301925 2.86513876477 -0.521023424641
-104.408 36.3998 0.000733563169754 -0.00293711913518 0.00202094653753 -0.00234144031942 3.86585 3.73116 5.67919665706 8.87164563684 -1.90032160426
-103.744 36.3945 -0.000303054558081 -0.00155432660345 -0.0111972126568 -0.00131120502318 5.1912 4.99948 14.5037495655 7.50473419629 -1.51434749222
-115.43 35.8384 -0.000355026421945 0.000224750969502 -0.00348003777165 7.09591259872e-05 4.50069 4.38605 3.39805498667 0.745366242232 -0.0749276523682
-114.851 35.7266 -0.000850334932603 0.000208144737786 0.00106518764184 -0.000195466912961 4.18167 4.15701 -2.4870758084 2.82158262999 -0.496290838789
-113.984 35.8522 -0.000156234697955 -0.00126106837859 3.36720810095e-05 -0.000567438207542 3.97511 3.86382 0.402486985918 6.95563293401 -0.999403373874
-113.105 35.6339 -0.00120971116657 8.26254953479e-05 0.00191247471377 -0.00122997959919 3.55665 3.51554 -5.28620188292 4.92916382661 -0.881761599424
-112.173 35.8191 -0.00108637127611 -0.000942470525818 0.000880208825733 0.00163960538986 3.99921 4.09282 -4.94566371353 9.99852132731 -1.43801095119
-110.794 35.6218 -0.000636418208984 -0.000534212447231 -0.00203527406139 -0.000871126485919 4.43519 4.20417 -1.70099711754 5.89997729685 -0.829179027421
-109.933 35.7113 -0.0014799212411 0.000350566987124 -0.000401271441054 -0.00215075504239 3.99484 3.98068 -4.19320244872 5.1547716572 -0.877235073386
-109.046 35.7147 -0.00128966594803 0.000615342887724 0.00102843242049 0.00363768309133 3.67221 3.79932 -13.0588116891 1.32431329266 -0.749542345835
-108.466 35.7992 -0.000941649966405 0.000869375397246 0.00351191432252 0.00298308244166 3.58602 3.60144 -11.6118042894 -1.33928777181 -0.284552390174
-107.638 35.8054 -0.00144084267178 0.000637072996975 -0.0018592920079 6.90452642115e-05 3.88253 4.07593 0.507853198426 4.5076460495 -0.520936306153
-106.909 35.9138 -0.000888998375347 -0.000357095242283 -0.00655691362435 -0.00271152892924 3.79228 4.36348 12.9947866273 6.97575530039 -0.758610992896
-106.183 35.7452 0.00151027061857 -0.000669345873022 0.000160800320749 -0.00277232486986 3.21216 3.58284 -0.105628486234 -4.75362392357 0.548275957228
-105.272 35.7259 0.00304980920483 -0.00199236264351 0.0082410077263 -0.00133476127817 3.4023 3.43333 -5.13264691838 -4.18610524544 0.933769068281
-104.616 35.8383 0.000895387362848 -0.00166581815419 -0.00219650216238 0.00109560081296 5.30755 4.33876 5.5752161342 2.18629561139 -0.788171423871
-103.786 35.7964 -0.000567406347977 -0.0014584071216 -0.0111407726905 0.00502094283155 7.11612 6.30356 10.2583313586 9.50373688885 -1.53678403978
-113.885 35.099 -0.000677332584064 0.000212494337897 0.0054794286371 0.00277317274014 4.05015 3.94151 -14.9379614827 1.06027599645 -0.482506756165
-113.083 35.2127 -0.000692221305647 4.85545627722e-05 0.000127888310961 0.000514554593632 3.89686 3.86618 -7.8345063136 2.65921807837 -0.523226052025
-112.267 35.1787 -0.000630308808649 -0.00085271352112 -0.00011563676422 0.000623412890911 4.22939 4.17427 -5.38739370588 7.5000257771 -1.02982464117
-111.532 35.0951 -0.000996673002768 -0.000362904748462 -0.00150085525538 0.00179041864264 4.46566 4.42123 -1.24103490801 6.81288993792 -0.968075703529
-110.713 35.0789 -0.00118422326961 2.12758888216e-05 -0.00100574722276 0.00352413154531 4.65294 4.50472 -5.63722702979 5.35456934001 -0.893793330387
-109.736 35.1181 -0.00308606659919 -0.000697650995617 0.00187182565727 0.00141999108052 4.38092 7.09493 -8.18197271472 17.6888591729 -2.86812062014
-109.388 35.1118 -0.000866849822464 0.000178359037032 -0.00265124597128 0.00158943623141 3.9269 4.38493 -10.2057570543 2.63536671141 -0.598792148608
-108.5 35.1259 -0.00107181816745 0.000917250378267 0.00386067228112 0.00131508100311 3.43996 3.50996 -9.84531936841 -0.745218054538 -0.317842042346
-107.648 35.117 0.000555866543096 -0.00123928507776 -0.00325323355571 0.00177758034007 3.8352 4.22228 -4.46191364747 4.04110955146 -0.417825687549
-106.867 35.0719 0.000954122098171 -0.00150154988191 0.00161661901789 0.00253660976456 3.84429 4.16725 -7.20845676523 4.0829150751 -0.221545628162
-106.15 35.1605 0.00116217428034 -0.00310315217496 0.00144747730697 -0.003886695709 3.49177 3.79361 0.521995567232 9.25391020381 -1.50381232098
-105.408 35.2106 0.00184908427342 -0.00142117007645 0.00293757679773 0.00064408684732 4.5929 4.31148 -1.63356366709 -2.45276975645 0.278695362255
-104.461 35.2177 0.00053075375657 -0.000220447643806 -0.0047582573516 0.00281911441986 6.12361 5.00245 7.00258637537 -2.30476556119 0.128372964539
-103.766 35.0891 -0.000746884808845 -0.000575880681672 -0.00280180519337 -0.00124708543321 5.38747 4.74272 12.7758018606 7.11722409913 -0.868512683432
-103.063 35.0637 -0.00105269491693 6.78688443346e-05 -0.00256622184698 0.00505569342579 5.13194 4.82771 -4.58403550688 5.17567454681 -0.717420642784
-113.83 34.5935 -0.000338826330681 0.000150181954936 0.00270857618962 0.00270355420223 3.95795 4.02781 -8.51371977653 0.562884748495 -0.183697962561
-112.891 34.4692 -0.000186347374536 -0.000854665240146 0.00428137928106 0.00358138181513 3.75798 3.70365 -17.4937865968 5.98777906852 -0.562312697156
-112.237 34.4866 -0.00059225152979 -0.000247736230116 -0.00126867963786 -6.10316213682e-05 4.17918 4.00157 -3.53160259704 4.13919106694 -0.60648160185
-111.441 34.4178 -0.00116893302647 -0.000877517424365 -0.00239171209029 -0.00129663725085 4.62827 5.23793 5.96453099888 10.5167843801 -1.41387846737
-110.806 34.3371 -0.000612244656307 -0.000620957131033 -0.0041165471695 -0.00219637114122 4.30221 4.11352 6.3285410293 6.26268688616 -0.865977681015
-109.95 34.5293 -0.00193963333428 -8.26904362696e-05 0.0023100142234 0.00257275769051 3.90418 3.52086 -7.06949661313 9.34964347054 -1.56047586316
-109.29 34.4275 -0.00351249508041 0.000388059535602 0.00229958555541 -0.00117440305374 2.99941 3.23753 -6.95023621867 14.1114484987 -2.47263932515
-108.498 34.5421 1.0339962807e-05 -3.91856281032e-06 0.00182505378466 -0.00301169770322 2.99185 3.3052 -4.74763285326 -0.0291492919081 0.00511374351174
-107.786 34.4457 0.00135364792225 -0.00227286792541 -0.00274216975985 -0.000649007294754 3.82258 3.9459 2.42196976819 3.44902884434 -0.832278840554
-107.01 34.5058 0.00104340625006 -0.00213833132258 -0.000448729698697 -0.00310069465374 3.88803 3.87227 0.552414035518 5.0562307238 -0.870291613277
-106.188 34.581 0.000874085899863 -0.00158518999398 0.00206003072657 0.00413644771934 4.3963 4.02631 -10.0731929504 5.54537462541 -0.258317160394
-105.435 34.5646 0.000573832869201 -0.000277710624755 0.00162782502099 -0.00021131022288 4.64534 4.39961 -2.8853564889 -1.54489164216 0.214546042391
-104.662 34.5271 0.000264610572566 0.000764209468679 -0.00114573503245 -0.000919044230805 4.91407 4.48199 9.05149994846 -4.87930602096 0.784028183491
-103.81 34.5508 -0.00105661200472 0.000863263002816 -0.00255734820943 0.00121196367827 5.25182 4.70102 8.95097958222 3.16762603013 0.145608628397
-103.097 34.6469 -0.00146484366819 0.0022242399825 -0.000453357269235 -0.00635606046649 3.76062 3.48034 8.116766939 -0.13499153641 1.03576855865
-113.829 33.8142 0.000150602471362 -0.000277981457073 -0.000617136929475 -0.00664119425007 3.59922 3.74453 3.17250881475 0.512306345658 -0.107586827166
-113.005 33.9383 0.000108794139965 -0.000379138768052 0.0113371415021 -0.00608071203583 3.33791 3.28375 -2.85217094186 1.47014429643 -0.175905285326
-112.333 33.9535 -0.00118786905097 0.000169165521962 -8.01419051626e-05 -0.00150034837343 3.71846 3.79727 -7.71988104558 4.26659092381 -0.834840951354
-111.478 33.8798 -0.000566461319543 -0.00118802981524 -0.00118388749604 -0.00182530928335 4.21126 3.80386 -0.520358392645 8.96474542862 -1.24263697175
-110.844 33.6953 -0.00214850426449 -0.00029678605293 -0.00345706623393 -0.0012837836138 4.19551 3.71546 3.65019937608 13.3470847073 -1.61668165923
-110.034 33.7776 -0.00274561677778 0.000955864231396 0.000670985630143 -0.00333325799392 3.45551 3.65827 -1.50594482283 9.1937421961 -1.27831923237
-109.254 33.9571 -0.00173215317567 0.000411942185965 0.00710708863427 -0.00375923193001 2.56385 2.63844 -7.0172213104 5.75605990253 -1.07752094317
-108.377 33.9085 0.00183953381075 -0.0020005271392 -0.00193979734249 -0.00195212006426 3.67638 4.03333 -0.816815585122 0.545603390203 -0.154259051184
-107.674 34.0087 0.00166953842794 -0.00189122248256 -0.00193126955237 -0.00225876794413 4.07553 4.21392 4.21622816501 -0.823892510776 -0.422043361022
-106.965 33.937 0.000370960335626 -0.00115824395002 -0.00146222243853 0.000966248101855 4.64425 4.66575 -2.384562657 4.22869397567 -0.551089291629
-106.921 34.0739 0.000364725232249 -0.00187886114041 -0.00124682414181 0.00191963140275 4.53524 4.15751 -2.51915692371 8.13761779371 -1.05799150265
-106.055 33.9315 -0.000362530327635 -0.000484683078091 -5.84596909107e-05 0.000565394281331 4.3868 4.55577 -5.69479258526 4.5701112982 -0.593052589658
-105.436 33.9257 -0.000607570749429 3.43424456037e-05 0.00445761292664 0.001842462318 4.36676 5.02543 -9.55485230017 2.64378911468 -0.457557913529
-104.693 33.9229 -7.79522838813e-05 0.00135607916786 -0.00496464133849 0.00158291829071 5.43576 6.46195 10.5426109793 -4.94565733099 1.11339805023
-103.825 33.9232 -0.00216544816032 0.00185684069266 -0.00227454423067 0.0012139920666 4.34157 4.45389 5.78548608683 5.0466100637 0.222721292512
-103.163 33.8839 -0.0021717554565 0.00174324676382 0.0152650309996 0.00202793473294 3.28019 5.0115 -8.32491266442 0.462605055798 -0.544073014784
-113.657 33.1999 -0.000654030881469 -0.00272186841226 0.0026253761609 0.00461838735269 4.15565 4.34103 -11.9508235219 18.8146024236 -2.04679310568
-112.946 33.3627 -0.00034994770253 6.97844664524e-05 -0.000751399166302 0.000160750051924 4.03303 3.85437 -3.98225253969 1.29324297268 -0.215488831645
-112.158 33.2893 9.23531375179e-05 -8.57804429456e-05 -0.000295504316969 6.22029013939e-05 4.30668 3.78015 -6.68075075359 0.0601333257184 0.0175505214275
-111.427 33.341 -0.000906888632706 0.000858993240854 -0.0026044675773 0.00382576307132 4.66515 4.13431 -4.99202665776 -0.391719548623 -0.121343517745
-110.472 33.2969 -0.00263830940753 -0.000200139340347 -0.00247224733 -7.19155659801e-06 4.06732 3.44554 -4.92411164461 13.9082929382 -2.11346825536
-110.036 33.0851 -0.0020985451288 -0.000108442053648 0.00577355726388 -0.00211879332359 2.98694 2.96137 -10.1747801006 9.82424629811 -1.75629759741
-109.266 33.2921 -0.000150434932417 -0.000418194102114 0.00211468288955 -0.0011289658777 3.00373 3.24795 -10.6394148742 3.17028092726 -0.367301443987
-108.592 33.1132 0.00262388837266 -0.0022705203978 6.77567975145e-05 0.00274172352632 4.07873 4.20238 -3.206220614 -1.25020759191 0.332555769892
-107.671 33.3086 0.00119667870202 -0.0015148862354 -0.00324599243787 -0.000141470989248 4.78842 3.91828 -0.0591283693483 1.19125637891 -0.291480702019
-106.964 33.2555 -0.000275137518729 -0.00145692768593 -0.00108089065456 -0.00110503175232 4.68731 3.63321 1.60717144931 8.82905382219 -1.27852239724
-106.232 33.2621 -0.000856449471614 -0.000482995227343 0.000489920899679 -0.00197432590905 4.29752 3.75756 0.382224622586 7.31069142108 -0.932686555932
-105.365 33.3298 -0.00146080008944 -0.000839854362123 -0.000412456789047 -0.00051765162291 4.26813 3.59175 -0.0169111816224 12.6245112237 -1.6040843767
-104.717 33.2797 -0.0015688251867 -6.09614163693e-05 0.0018422631554 0.000899621385241 4.12445 3.77708 -2.43119498073 8.96618211352 -1.14260003081
-103.98 33.2716 -0.00120463286045 -8.18321065292e-05 -0.00190763837823 -0.00541373187849 3.41802 3.09043 13.0703489802 8.50346937623 -0.650957861522
-103.215 33.315 -0.000661827866414 -0.00123261155412 0.00216640742266 9.0701152451e-05 3.69704 3.50543 4.92696025977 9.88717696581 -1.38398914856
