-113.767 32.7683 -4.210132795e-05 -0.000227556009717 0.000937066982975 -0.00589382706136 4.06724 4.09835 -7.72036232517 -1.69440270076 0.0133773954419
-122.707 48.7197 0.000158853018281 -1.4364448635e-05 0.00214779873202 0.00223839236979 4.3525 4.37746 1.97154058509 -0.0817221000065 -0.158360473467
-122.085 48.9983 0.00010153119039 -1.81253287089e-05 -0.000461284156763 0.00181098097603 3.96504 3.97263 1.90156189572 -0.120058562508 -0.100776989369
-121.48 49.0983 0.000131030301436 4.44608554758e-05 -0.00369368446831 0.000678712007203 3.6447 3.66198 0.438017851656 0.393956191339 -0.131915286363
-120.384 49.048 0.000296798062097 -1.92415067535e-05 0.00196293901333 -0.00130782191481 4.34542 4.33292 -2.13376701411 -0.184080254514 -0.296977395919
-119.272 48.9534 0.000186861212601 -1.90677935485e-06 0.00032294883061 -0.000232000006706 4.31145 4.30629 -0.961392061878 0.0220468108981 -0.18675776934
-118.585 48.9752 0.000185820877428 1.65653596116e-05 -0.000181665762257 -8.45179711522e-05 4.24547 4.26566 -1.136970476 0.181440736312 -0.186242673887
-117.559 48.9813 0.000119518460405 4.65737305895e-05 -0.000190069668708 -0.000814051880013 4.18113 4.18267 -1.85608394562 0.406467265683 -0.120945178039
-116.363 48.958 -4.15676029266e-05 1.28358178262e-05 0.000535080113502 -0.000750149052853 4.28695 4.30372 -1.02613416578 0.0815984136412 0.0406875276073
-113.422 48.9725 6.56034990655e-05 2.11973997404e-05 0.000378717163937 0.00168472220721 4.06558 4.13421 -0.163619851763 0.2231546291 -0.0676327640134
-112.733 48.9777 0.000164531760641 9.0666094281e-05 -0.00011139371765 0.00137722207158 4.4107 4.4275 0.594237104357 0.870063957262 -0.175568711183
-111.597 48.9482 -1.65884557791e-05 -2.68880415608e-05 0.00140195069092 -0.00217883273653 4.53966 4.4943 -3.39515538462 -0.21539080559 0.0188289715299
-110.699 48.9448 -0.000163802668341 4.70195957853e-05 -0.000253589074083 -0.00236766091039 4.30885 4.28259 -3.97603099514 0.245688605797 0.159040892588
-109.846 48.9198 -3.2408828644e-05 4.45545791394e-05 -0.000680885599903 -0.00250848699255 4.07606 4.07165 -4.32673333534 0.310352367034 0.0281083832042
-123.504 48.0575 3.0213979622e-05 -5.48583846101e-05 -0.000252452957314 -0.000636963904707 4.11165 4.14271 -1.19759872052 -0.476339895192 -0.0323300923812
-122.096 48.2641 0.000188180052026 -0.000106581565094 -2.5035607853e-05 0.000501552918027 4.15178 4.19323 0.721833455909 -0.873877283377 -0.186711640353
-121.484 48.5183 0.000286221896221 -0.000153162694369 -0.000549308989001 -1.04985808099e-05 4.19127 4.23876 -1.3407543006 -1.31153066424 -0.288227382845
-120.12 48.4607 0.000271012399841 -5.12827738519e-06 0.000439014981113 -0.000297167013222 4.21479 4.22181 -3.85836661944 -0.130896048287 -0.271002924306
-119.333 48.3584 0.000169324384807 -7.30335708608e-05 -0.000312574953401 -0.000329109660402 4.2173 4.23451 -2.8642297036 -0.615896477009 -0.170220255628
-118.149 48.4226 0.0001019635593 -0.000104093005301 0.000366492813271 -0.000581362586024 4.29682 4.31307 -3.1826477306 -0.845888162961 -0.10217889565
-117.225 48.2995 6.2034953726e-05 -0.000114161106592 -0.000295021558122 -0.000526510665537 4.19005 4.21862 -3.85377767133 -0.9190545524 -0.0622909866697
-114.468 48.3739 -8.77805720924e-05 -0.000232641710333 0.000939352981003 -0.00386182797383 4.28075 4.28771 -7.12349784103 -1.80769729475 0.0826130111723
-113.273 48.3609 -0.000103507433325 -0.000156758550023 -0.00123311008859 -0.0031495136049 4.08661 4.14143 -10.0398876271 -1.16711972463 0.0944071507363
-112.562 48.3129 0.00011447942065 -9.05164535508e-05 -0.000397150089255 -0.00109995932825 4.42685 4.56854 -6.51793994098 -0.684462533429 -0.113222199798
-111.707 48.4128 6.12708086694e-05 1.43318925552e-05 0.00142857276566 0.000409974147978 4.62113 4.60229 -3.34555097448 0.147115980666 -0.0622335314508
-110.799 48.2921 -0.000149345957188 2.16474613556e-05 0.00117464713795 0.000581180111456 4.40758 4.4119 -2.95582503273 0.0503608744772 0.146445007092
-109.777 48.3943 -7.35643733602e-05 7.19376939373e-05 -0.000826432198458 -0.00140835509313 4.09618 4.11105 -5.64570900179 0.500576482116 0.0685331869939
-124.566 47.9475 -4.9864758423e-05 -2.74356087702e-05 0.00188429832347 -0.000130192723939 4.12107 4.13019 -0.541032711189 -0.217539904269 0.0486790155461
-122.972 47.7172 0.000153427941291 -0.000163604065967 -0.000344085494129 -0.000752238973046 4.15384 4.19192 -2.55491111374 -1.45747477951 -0.162544341028
-121.689 47.6947 0.000181588295921 -0.000176451573769 5.62842571101e-07 -0.000424696746237 4.18858 4.21072 -3.2031465843 -1.55449612388 -0.190550472442
-120.894 47.923 0.000210771033423 -0.00015541975947 0.000756790165443 -0.000310648863576 4.37 4.41925 -3.62537524605 -1.37486220379 -0.218021461024
-120.061 47.6902 0.000270204428572 -4.303554912e-05 1.24668843261e-05 -1.8385880598e-05 4.25387 4.30411 -3.70678419782 -0.443870676467 -0.271709342788
-119.045 47.7849 0.000269466173868 -0.000192886932635 -0.000660290136456 -1.52620640848e-05 4.2003 4.19872 -3.36151915812 -1.62094763401 -0.273327346071
-118.274 47.8006 0.0001764218529 -0.000197639943183 0.00106062926147 1.74215469022e-05 4.37344 4.34593 -2.64699356545 -1.60069477273 -0.175965687471
-117.308 47.8192 1.55543308962e-05 -0.000234962879635 -0.000483975806995 -0.000366067831663 4.22334 4.21982 -4.20875360884 -1.89133265497 -0.0184186049834
-115.475 47.7092 0.000171025348114 -0.000107008153592 -0.000526926341144 -0.000760989331267 4.45447 4.43046 -3.48112442334 -0.813281174357 -0.168407997004
-114.574 47.6795 1.08526004859e-05 -0.000262402114783 0.00232807108315 0.000423791120663 4.73508 4.68189 -2.55669651512 -2.04952713816 0.00277251829256
-113.747 47.7687 -0.000236628998634 -0.000171842348849 -0.000333582988959 -0.000728893722801 4.24466 4.24097 -5.68172187552 -1.35280926637 0.238150620217
-112.607 47.775 -4.20271511938e-05 -0.00022481556815 -0.00221094415639 -0.00150864498532 4.01191 4.02794 -8.75166286528 -1.71915424364 0.0354071981546
-111.746 47.8012 -7.68627623248e-05 -3.3668638258e-05 0.00121778876523 -0.000939511395297 4.44256 4.42632 -5.63642725121 -0.278242254043 0.078048904832
-110.763 47.6327 -0.000167575137156 -7.15485009292e-05 0.00161625447069 0.00047603776726 4.35257 4.3525 -3.5318262978 -0.646727059391 0.17308207961
-123.771 47.1161 -6.3109848529e-06 -0.000212129409934 0.000469589301892 0.000241115722775 4.08513 4.15472 -3.37707237627 -1.79838024068 -0.0115888074078
-122.803 47.1109 0.000178973543114 -0.000240720913373 0.000261165293544 0.000327720933706 4.25439 4.29379 -2.81755519817 -2.12588938046 -0.193624453772
-120.844 47.1935 0.000116087739195 -0.000259542236664 0.000818996886767 -1.94624066741e-05 4.32563 4.36098 -4.58439164965 -2.21653499257 -0.133409494042
-119.973 47.1936 0.000227061145598 -0.000251218203238 -0.000472936320168 0.00043817539615 4.14826 4.21755 -2.83648465705 -2.11860207485 -0.233549554995
-118.921 47.0573 0.000267208248824 -7.82081460561e-05 -0.000935470597298 0.000240856267909 4.0971 3.99838 -2.45951666854 -0.65293174822 -0.267728422455
-118.309 47.0615 4.28109223647e-05 -0.000112113884909 0.00120551885161 0.000520006800727 4.42086 4.33513 -1.73259981874 -0.904877281476 -0.0412526063766
-117.276 47.0547 4.75891500801e-05 -1.12725446039e-05 0.000326237054532 0.000594911014067 4.31284 4.26515 -1.51725996157 -0.0787157005167 -0.047217654937
-116.335 47.0477 3.4594869913e-05 -0.000104177638772 -0.000890927218163 -0.0010182741905 4.22342 4.20322 -3.68957923667 -0.828327243465 -0.0340528945384
-114.459 47.0943 -0.000145122678188 -1.43640695987e-05 0.000451984204969 0.00107037233075 4.43059 4.34314 -0.262553272421 -0.213770736989 0.14582613222
-113.506 47.0816 -0.000183689431195 -0.000103148302856 0.00143002015932 0.00248739965987 4.574 4.56604 2.16735944316 -0.996487413889 0.196644130664
-112.52 47.0418 -4.22983309297e-05 -7.12886007078e-05 -0.000394474883631 -0.000304952429674 4.24007 4.21468 -3.56163150382 -0.564990936485 0.0463266550033
-111.549 47.0308 -0.000161886729196 -0.000107104733121 -0.000796146861047 -9.961658108e-05 4.13108 4.09281 -2.58100220494 -0.918739141999 0.170626654966
-110.687 47.1523 -0.000316540956841 -9.77288157428e-06 0.00111451288066 -0.000654754059146 4.31086 4.27199 -3.02143893058 -0.293133986702 0.316096095166
-109.802 47.1961 -0.000165336740363 3.19845328053e-05 -0.000162098929944 0.000852556923192 4.03178 4.04787 -2.23466050014 0.0916584704742 0.160411081059
-123.563 46.5459 -1.33397579748e-05 -0.000638933764451 -0.00105045405011 -0.00143116924762 3.93668 3.99056 -6.84039273922 -5.36763183141 -0.07884134389
-122.72 46.5934 0.000192576286276 -0.00027259004474 0.000705478464725 -0.00011793656279 4.26935 4.30323 -3.76246757526 -2.42629544339 -0.213753738872
-120.979 46.5433 0.000237534834233 -5.23755064837e-05 0.000932680193518 -0.000881181278487 4.30303 4.24129 -5.28282200564 -0.601417377707 -0.241117988421
-119.855 46.5585 0.000121579028525 -0.000136728546021 -0.000679479874282 -0.000541288902974 4.06564 3.99633 -3.91670592259 -1.17084797844 -0.1278222811
-119.06 46.4911 0.000118512744033 0.000110413388642 -0.000397296950203 -3.28065003628e-05 4.10857 4.06643 -2.94993863643 0.882510203254 -0.11628087636
-118.146 46.5139 9.23697411031e-05 0.000185739001531 0.000142621672626 -0.000299499800659 4.27889 4.21402 -3.36768043575 1.49265822511 -0.0894778598898
-117.11 46.485 8.87443144602e-05 7.31688972754e-05 0.000883612776755 0.000531329102347 4.40221 4.3797 -1.17647999206 0.611955042669 -0.0913088179035
-116.209 46.3559 0.000110625376013 6.01460367763e-05 6.55024222555e-05 8.93209603532e-05 4.3408 4.27168 -0.677811625594 0.526119662317 -0.113784726496
-114.188 46.4423 -0.000136733861043 -7.71109944606e-05 -0.000396508938929 -0.000761425189202 4.27683 4.24138 -2.33207598035 -0.656968937856 0.140639185828
-113.493 46.4162 -0.000232978471691 -0.000213457675282 0.000562454882366 -0.000683531034413 4.40053 4.36717 -1.86854592687 -1.77510903234 0.247370858774
-112.641 46.4246 -7.25438248136e-05 -5.32468669754e-06 0.000127179659098 0.00194009671845 4.29126 4.28092 2.81943280328 -0.130827209019 0.0724450674232
-111.676 46.5336 -0.000190814814723 6.30828998114e-05 -0.00120944726493 0.00118548825366 4.09147 4.03971 0.42641757018 0.280264993118 0.180598791723
-110.858 46.462 -0.000338772335058 6.52895517122e-05 0.0010361767778 0.00100886169478 4.2992 4.33117 0.731653823106 0.103589346576 0.325145976075
-109.914 46.5663 -0.000136447132527 -3.02888818651e-05 0.000504539305731 6.35612675472e-05 4.13646 4.15441 -1.5742165727 -0.350347600369 0.139141205091
-123.559 45.9306 -5.42693891646e-05 -0.0002584428608 -0.000836600955313 0.000356390906799 3.97438 3.94074 -2.43595849734 -2.16331791406 0.0360088690831
-122.419 45.9325 -0.000163307405441 -8.09223690734e-05 0.000869910271283 -0.000179929517748 4.23843 4.23418 -3.5258562644 -0.576959337522 0.156781629297
-120.782 45.7664 0.000122057276359 0.00014712551531 0.000422957722018 0.000660145572074 4.28168 4.27501 -1.94325828801 1.19277674081 -0.11792728558
-119.928 45.8951 0.000111728852992 0.000216650251627 -0.00127817320661 0.000732549621102 3.97708 3.9562 -2.64674828747 1.75703092847 -0.105462536084
-118.777 45.7971 -5.34203924625e-05 0.000182882888806 0.000222140489461 -0.000130834621495 4.18878 4.20147 -2.97391769848 1.49829760919 0.0571505633664
-117.909 45.7087 0.000150862600127 0.000276623199266 0.000832322005677 -0.000817398414829 4.30798 4.40341 -2.11880117636 2.24050332058 -0.152221772138
-117.228 45.9734 0.000209496151731 7.22865748917e-05 -0.00032124789757 -0.00103245429026 4.17546 4.20229 -3.08060660999 0.577215315983 -0.209367758359
-116.155 45.8883 0.000133103582531 0.000144627852545 -0.000182164986029 0.00100791029072 4.29484 4.30539 1.18189940498 1.23510519351 -0.145007389523
-114.332 45.7893 -5.82395302502e-06 -4.07747770556e-05 0.00132527854563 -0.000100553791693 4.48465 4.4059 -0.727699424349 -0.320584323767 0.00887146980788
-113.37 45.8122 -0.000252628369095 3.52885450955e-05 2.19790161205e-05 -0.000495022834608 4.21722 4.15308 -1.64855717252 0.132140854133 0.249451783714
-112.493 45.8409 -0.000337438682277 5.78642469994e-05 -0.000797542591148 -0.000668818360572 4.11119 4.11651 -1.19347481419 0.205972188412 0.330766665967
-111.626 45.7843 -0.000200082938849 6.96753045249e-05 -0.000307161925977 -0.000195658188704 4.2464 4.26237 -0.381470741984 0.349132620781 0.190647914626
-110.659 45.9054 -0.0002222277484 1.18184147167e-05 0.000549370794749 0.000920844168224 4.32673 4.35313 0.383721744592 -0.150462106661 0.218267427675
-109.716 45.9046 -9.63802245613e-05 2.20231435035e-05 0.00105925985471 0.00107346255272 4.18117 4.21205 0.0907384984 0.0545117636125 0.091987753636
-122.478 45.2059 -4.30029015969e-05 5.86768580592e-05 0.00359257725201 3.71108858701e-05 4.44658 4.43221 -2.89246006969 0.518392722213 0.0468857581634
-121.317 45.2422 -8.90226255971e-05 9.9300721434e-05 -0.000745242365816 -0.000675432181886 4.1066 4.11711 -2.11696059417 0.857476746527 0.0929135865343
-120.635 45.2357 -8.1185658551e-05 0.00012808899753 -0.00112275091876 0.000576506276274 3.95035 3.97462 -0.591012716144 1.06511513237 0.0818104530281
-119.669 45.2664 0.000131016304484 0.000179895749701 0.00147221961031 -0.000639951109349 4.23702 4.25772 -2.58313374206 1.44749135982 -0.1260144954
-118.96 45.2904 7.70839925102e-05 0.000157747845369 -0.00111357118034 -0.000468753998645 4.0064 4.03645 -2.70539814772 1.27367474972 -0.0738001747337
-117.78 45.2781 0.000293777327908 -3.17068151723e-05 0.000651286936452 0.00124983843667 4.25019 4.36201 1.71923536932 -0.0865881260022 -0.290778777979
-117.12 45.2925 0.00033952486708 6.3000828528e-05 -0.000328906263326 0.000356834313231 4.1843 4.18958 -0.390255291223 0.620628417728 -0.341905225897
-116.268 45.3997 0.000138935759747 -3.09035810604e-05 -0.000552631464747 -0.00112306354684 4.26906 4.23693 -2.57484359385 -0.227999623049 -0.138425664986
-114.233 45.0931 -0.000172734053291 3.45671143828e-05 0.000802860098193 -9.10175677277e-05 4.36868 4.30074 -0.0876240438405 0.156367304521 0.169260924316
-113.46 45.2432 -0.000302143735873 0.000157364169039 6.97845109538e-05 0.000471881327539 4.27434 4.275 0.937209471501 0.947555308793 0.282671063673
-112.489 45.166 -0.000124750615724 6.65347562113e-05 -0.000364567605444 -0.000569481843687 4.18464 4.21424 -0.506772211902 0.412501892547 0.117586960476
-111.805 45.2285 -0.000129761261831 -2.0845799767e-05 -0.000903848405462 -0.00047954698397 4.10507 4.12516 -0.443743929921 -0.264737505203 0.131259151938
-110.74 45.3212 -0.000198692277376 -6.22309567083e-05 0.000472848004946 -0.00238994307428 4.29185 4.31844 -3.90400590134 -0.561010411141 0.20222191068
-109.563 45.3171 -8.64271662471e-05 -5.8425328218e-05 0.00225886071734 -0.00319927940864 4.23352 4.25496 -1.66275895723 -0.506091047808 0.0926853453043
-122.186 44.6837 -1.41101482435e-05 8.91652986421e-06 0.00209726287888 -0.00111732634378 4.29599 4.31809 -2.11974244668 0.0812144779825 0.014564065894
-120.335 44.7344 9.16930883899e-05 0.000152041079122 0.000274180566711 -0.0017254243561 4.21834 4.23926 -3.39531760859 1.21520485038 -0.0835781763336
-119.565 44.5913 7.71003009329e-05 0.00010475701412 -0.00024659268968 0.000411457423467 4.04586 4.05823 -0.04118100808 0.868713945457 -0.0786326952312
-118.67 44.5191 9.41003592904e-05 4.45959504546e-05 -0.000716393059937 0.000200563511905 4.01136 4.01939 -0.706299954244 0.373179210527 -0.0947027368962
-117.664 44.6653 0.000286541827459 3.14341317188e-05 0.000416405333429 -0.000290426051027 4.24714 4.23504 -0.463489299524 0.324925801676 -0.287381774564
-116.747 44.589 0.000293124495106 0.000228101983958 0.000433527444457 0.000368520075028 4.29302 4.2356 0.844767719776 1.9684450774 -0.307304720446
-116.013 44.7035 8.59645805327e-05 5.62746731348e-05 -0.000474751584838 -0.000104404796657 4.2375 4.17315 -0.574681905269 0.479359675546 -0.0886677418027
-114.855 44.5494 3.66357309103e-05 4.53532814383e-05 0.000175002371724 -0.000500403261036 4.38103 4.26973 0.0918069249546 0.375688267645 -0.0399368494683
-114.255 44.5642 -0.000199832307564 0.00012983709872 0.000659551790208 -5.80091748774e-05 4.36202 4.31169 0.934418343129 0.854400247364 0.186247587513
-113.367 44.6165 -0.000311358772882 -2.87582951916e-05 -0.000423194527889 -0.000445631551939 4.17661 4.26659 0.411878488344 -0.460218720957 0.312674601381
-112.644 44.6173 -0.00015997403439 5.36471725927e-06 -0.000943556047495 0.000464341765682 4.1487 4.22734 2.75226226889 -0.142314050755 0.157378657902
-111.248 44.7038 -8.51380266448e-05 -9.30262896805e-05 0.00192453669832 -0.000624634909513 4.59159 4.59918 1.22925649447 -0.785858338142 0.0974270081598
-110.576 44.3951 -9.23585998496e-05 -0.000104615204754 0.00281890820826 -0.000386082950679 4.35983 4.33614 3.78894328562 -0.901666662972 0.110696604396
-120.211 43.9437 0.000100367329105 2.39818807692e-05 -0.000338062149185 0.000946683471953 4.06572 4.11357 1.04560614897 0.21663747686 -0.100882968899
-119.504 44.082 0.000271798810467 6.45502919072e-05 -0.000506000838337 0.000439876329916 4.01904 4.04388 0.830702321203 0.591604642926 -0.273503536757
-118.569 43.9104 0.000128382204673 2.34612479087e-05 0.000525452575829 -0.000231678354171 4.14083 4.13923 -0.615302039832 0.204454220758 -0.12868293777
-117.741 43.9733 9.77987383246e-05 8.7639850194e-06 -0.00051670113243 -1.63242783435e-05 4.1161 4.15733 -1.43355763442 0.0780657958006 -0.0978772442976
-116.803 44.086 0.000267408341105 0.000319008986402 0.000293010799898 0.000231152386385 4.27591 4.30238 0.263592682869 2.65255671073 -0.283384836837
-115.958 43.9121 0.000310521326654 0.000240577416642 0.000205967781463 0.000256891397457 4.339 4.30941 0.222005419093 2.04760280268 -0.32435628784
-115.133 43.7945 8.44161003971e-05 0.000104883303161 0.000143501632986 0.000463986705889 4.28094 4.20759 1.08467348056 0.875944229467 -0.0929533674786
-114.117 43.9146 -0.000120692830712 -8.24435658392e-06 0.000543112465457 0.000161831913628 4.28086 4.23914 1.90243729235 -0.168362813344 0.120858286544
-113.452 43.9286 -0.000137705452694 -3.52102535432e-05 -0.000470799930822 0.000733834344933 4.0979 4.0858 2.43461237639 -0.406623225653 0.141101476659
-112.485 43.9997 -9.54252205017e-05 -0.000231558848284 -0.000559683325242 0.000201972157559 4.10415 4.11385 3.05812034439 -1.85889369807 0.129619509054
-111.487 43.8756 -0.000106088412184 -6.8105922949e-06 -0.000259122048876 0.00126616078119 4.20379 4.20472 3.45349515532 -0.187668009126 0.105692039545
-110.576 43.92 -0.000186680417252 -1.89291355484e-05 0.00133965123981 0.0040791862655 4.09402 4.09226 12.9824898852 -0.611973944724 0.181859083732
-109.817 43.7013 -7.73202674807e-05 -0.000118555781843 0.00313572206455 0.00323025624214 4.20269 4.22609 6.50493042895 -0.992558481606 0.103754734979
-120.153 43.2515 7.65435151994e-05 -0.000186465755104 -6.42352701674e-05 1.3001937988e-05 4.03843 4.05708 0.114381759427 -1.5362529837 -0.0758723405208
-119.311 43.3736 0.000103978286257 -4.84486229567e-05 9.19355281823e-05 -0.000154316468506 4.12971 4.14522 -0.1627752175 -0.388390312236 -0.103516087209
-118.474 43.358 9.41298046404e-05 -4.3877553013e-05 0.000134306570539 0.000109896994892 4.19486 4.23806 -0.779047018472 -0.349444706746 -0.0937467903463
-117.754 43.3471 8.75755637504e-05 -6.04709467835e-05 -0.000181548908327 -0.000539197457545 4.19667 4.21873 -1.83174998615 -0.48797192135 -0.0876426869832
-116.767 43.4275 0.00010819160399 -1.3642195363e-05 -4.20822481849e-05 -8.41639788099e-05 4.20243 4.28108 -1.05470485777 -0.0873466756006 -0.107819256583
-115.828 43.4151 0.000276320293291 0.000164227920228 -0.000157752219397 0.000657184591692 4.21275 4.25724 0.266672772169 1.42457477185 -0.285562024754
-115.098 43.25 0.000220314182973 0.000142392576424 0.000278151738105 -0.000203738710219 4.22696 4.21404 0.161774960391 1.22685410863 -0.229139737085
-114.174 43.3979 -1.26945065477e-05 2.98994497806e-05 0.000198597330534 0.000478588060019 4.18051 4.14136 2.35531408168 0.21927747255 0.00915314350247
-112.433 43.3998 -0.00011313022534 -8.48878572691e-05 -0.000942064690022 0.000160350275763 4.06668 4.04139 2.1611257242 -0.75686894077 0.123456892024
-110.02 43.2112 -8.98769117346e-05 -0.000150547991526 0.000523203974134 -0.000725446873199 4.16527 4.16634 2.08408431587 -1.21133962563 0.11291487669
-119.247 42.6912 7.7814895695e-05 -2.25441971041e-05 0.00116306293543 0.000202419584655 4.2053 4.20641 -0.667584336283 -0.185692792031 -0.0778625993599
-118.486 42.7308 0.000105631093967 -3.6522508861e-05 0.000545985593756 -0.00139854364528 4.27579 4.19217 -1.70432328328 -0.30577682124 -0.10602636244
-117.725 42.6996 6.16640465686e-05 -4.76841355644e-05 -0.000502767024408 -0.000495196379265 4.12932 4.09776 -0.982062689844 -0.378734865524 -0.0611604525667
-116.87 42.7779 7.23715110999e-05 -0.000107115874765 -0.000103877725948 -0.00047448781385 4.18633 4.22043 -1.77642110057 -0.850837059671 -0.0715908005532
-116.032 42.7713 0.000157958625177 -8.49897702633e-05 0.000416467847649 -0.00138619335926 4.25703 4.2843 -4.2713032407 -0.705196636643 -0.160135480597
-114.903 42.636 6.00285717117e-05 3.75405390234e-05 -0.00113545337197 6.44248646491e-05 4.02224 4.03915 -0.308276381653 0.319271043217 -0.0620248964663
-114.084 42.6493 0.000101106832925 6.9653286519e-05 0.000664628608161 4.0392323607e-05 4.1845 4.18077 0.950427892698 0.606628707126 -0.106815316423
-113.176 42.5452 -0.000126016240325 9.88610155898e-05 0.000293798285479 -5.60402880483e-05 4.16453 4.14343 0.437148209974 0.670091132495 0.116728120451
-112.531 42.6852 -0.000315090126113 4.97958675613e-05 -0.00032332457234 -0.000127092800285 4.10884 4.09638 0.473287666131 0.141694364599 0.308668169119
-111.588 42.8321 -9.89436343039e-05 7.32012881269e-06 0.000157816982119 -0.000788934604804 4.1514 4.18417 0.841961317569 -0.0327055383565 0.0974030292427
-110.92 42.7507 3.94808076374e-06 -3.74479652947e-05 -7.97807767028e-05 -0.00165925237478 4.17691 4.18077 0.0491263129477 -0.275706576966 0.000238207775783
-110.042 42.6372 -3.66705882965e-05 -5.90895491419e-05 -0.000192904428841 -0.000803711453582 4.18529 4.15845 -0.638395920275 -0.465774801449 0.0429052097027
-108.847 42.8247 -5.5409120385e-05 -7.59885128362e-05 0.000523177420486 -0.00023182020306 4.23504 4.33926 0.198993766255 -0.608307617843 0.0655010471619
-108.342 42.6579 0.000211920168942 -0.000216061337533 0.000606685685059 -0.000107126770318 4.22314 4.26985 0.765215517873 -1.31624194141 -0.175926579321
-119.34 42.0187 -6.54034209102e-05 -0.000131129045777 -0.00214395470871 -0.000947506384872 3.95552 4.00547 -1.9176598315 -1.05749733506 0.0616408150335
-118.344 42.1901 0.000129162916833 0.000386089368188 0.00103898671279 0.00361562366472 4.24911 4.24431 5.77046177217 3.22971735718 -0.17380539704
-117.667 42.0192 0.00017044728796 -5.30968107478e-05 0.00148777027739 0.00166157965165 4.40471 4.44454 1.07099219506 -0.367515611635 -0.167992650252
-116.471 42.0773 9.18667319523e-05 -0.000162215403453 0.000447298692716 -0.000392154933692 4.37667 4.3927 -3.07327640892 -1.2996777281 -0.0942365943289
-115.754 42.1669 8.62656180567e-05 -6.312536362e-05 -0.000174386245964 0.000994372735045 4.04385 4.06191 -0.564196205441 -0.471618104477 -0.0837950040123
-115.016 42.146 6.219540848e-05 -2.14054465055e-05 -0.00157324153793 0.000383779706733 3.87873 3.88879 -0.545282719652 -0.144414450995 -0.0611175975316
-113.944 42.0886 -6.49056055966e-05 -0.000141734184948 0.00120374880294 -0.000128997356078 4.2304 4.29498 -0.882916295617 -1.12214023007 0.0724199951998
-113.24 42.0343 -2.06249738766e-05 -5.28944748527e-05 -0.00037559307898 -0.000464041599384 4.11212 4.1717 -1.21228132663 -0.414442701757 0.0235562098212
-112.386 42.0041 -8.83790961542e-05 -0.000157984641369 -0.000312580244845 0.000325069624174 4.1176 4.15481 -0.436608129417 -1.25178812943 0.100674545872
-111.432 42.0149 -8.20855483031e-05 -0.000107858564752 0.000270596731273 -5.34722969821e-05 4.21849 4.28397 -1.10161923543 -0.858844151605 0.0904145123473
-110.873 42.0995 2.7963788211e-05 -0.000138543343074 -7.49503950256e-05 8.92829546152e-05 4.18632 4.20467 -1.030931334 -1.01448652994 -0.0156252183614
-110.036 41.9243 -4.1532515311e-05 -3.38974358529e-05 0.000626520464506 0.000398887650606 4.24335 4.3357 0.0585654796621 -0.285368466613 0.0451869388123
-109.357 42.1012 0.000151294552511 -0.000203345454605 -0.000896711637848 -0.000591956958289 4.14989 4.20774 -1.23811222316 -1.37377451733 -0.129492672463
-108.34 42.0073 0.000290966837432 -0.0004052100274 -0.000788179848595 0.000636693408387 4.21232 4.20941 0.243987907215 -2.62093949854 -0.231048266084
-107.369 41.9641 0.000241392770404 -0.000132358769553 0.00155328822279 0.0027363967049 4.44556 4.43601 2.83343473484 -0.591792277778 -0.210611300781
-106.434 42.031 0.000102114220184 -0.000109181079506 0.000611576917053 -0.00446446248535 4.217 4.21989 -6.16423012032 -0.737398210306 -0.0961336201325
-119.171 41.3884 -0.000591811515761 -0.000187637452859 -0.00694169380457 0.000346501920914 3.51123 3.55441 -1.78679952547 -1.39942853684 0.586426715105
-118.379 41.4483 7.25396035015e-05 -0.000420728667325 0.000381100251098 -7.27021487927e-05 4.30532 4.65482 -2.38621823833 -3.42488973586 -0.084507239779
-117.45 41.423 0.000709008585131 -0.00038617166813 0.00388093235186 0.0003262180199 4.93122 4.96926 -1.59077364723 -3.12224236696 -0.710550877441
-116.54 41.522 4.11595457578e-05 -0.000326718743341 -0.000914702742754 0.000200503529933 4.09418 4.04145 -1.16379853596 -2.59249185337 -0.0363836178349
-115.791 41.4311 -5.80877656585e-05 -0.000286129750285 -0.00125036271696 -0.000239983961424 3.92717 3.9785 -2.90885570693 -2.25330121162 0.055899480429
-114.915 41.4157 0.000161842218897 -0.000266522248119 0.000119189542563 0.000420798684184 4.10762 4.15967 -0.733451832142 -2.02977039708 -0.150916548013
-114.165 41.3602 0.000199620135913 -0.000330218108693 0.000634659471973 -0.000474147684693 4.22361 4.23556 -2.19040467464 -2.52250662201 -0.191789568811
-113.347 41.503 -5.53323097993e-05 -0.000393107089962 0.00019598933006 0.000407972890702 4.16113 4.1595 -0.673883368897 -3.04091244708 0.0790533386031
-112.448 41.4632 -0.000176399228496 -0.00026910288951 -0.000215116996706 -0.000802525859565 4.13133 4.15154 -3.18283193116 -2.08345295573 0.183677680426
-110.666 41.4729 -0.000183593378817 -0.000108003521577 -0.000124602111768 0.000165710917396 4.12506 4.14827 -1.39096255722 -0.912738987881 0.191641116041
-110.067 41.4272 2.27935527197e-05 -0.000257844593548 0.000333225848204 -1.4004774527e-05 4.22768 4.34236 -1.77268055063 -1.89106277863 -0.00203847441613
-109.157 41.5047 0.00032320908916 -0.000404349815255 -0.000541918884869 3.9875789798e-05 4.1653 4.24464 -1.3545287536 -2.71667773934 -0.281539252482
-108.187 41.4906 0.000260118493251 -0.000189163067773 -0.00100739392242 -0.000515232379349 4.27789 4.25469 -2.48763817605 -1.19463963779 -0.241785335245
-107.364 41.6067 0.000236383203418 -0.000190027879314 0.0024898844937 -0.0018617259455 4.75447 4.72232 -2.19500056642 -1.17582019157 -0.214618011523
-106.596 41.4033 0.000134309021999 -0.000207505706423 0.00258549176206 -0.000315620822661 4.35645 4.27484 -1.05938676845 -1.3354553692 -0.105101011801
-119.835 40.7484 -1.6043510243e-05 -0.000191522160115 0.00077143286275 0.00214635865242 4.15495 4.26644 1.0494336863 -1.57684135698 0.0181792289474
-118.971 40.7797 0.000351842465659 -0.000577655235913 0.000838070015571 -0.0017880878353 4.27428 4.33292 -4.34418328166 -4.90642264514 -0.393049193393
-118.134 40.7811 0.000296735804625 -0.00106445264825 -0.00104699869654 -0.00575032055206 4.03043 4.00404 -13.0238670557 -8.91693826195 -0.516972698504
-117.524 40.852 7.64175677744e-05 -0.000572967666454 0.00171419315985 -0.00166802730373 4.39286 4.36535 -4.10491131315 -4.62723754 -0.106065720768
-116.508 40.7186 -3.10851804898e-05 -0.000261092587308 0.00072639829667 0.000511917797885 4.35665 4.44266 -1.27739803346 -2.07636240689 0.0332490911673
-115.736 40.8167 -1.19810126627e-05 -0.000429358621495 -0.000608912972513 -0.000675095656218 3.99451 4.03592 -3.01331303511 -3.38199994734 0.00659887335817
-115.039 40.8522 0.000119138492519 -0.000345105002294 -0.00143192903417 -0.000576055221703 3.83494 3.86118 -3.61493648641 -2.71273357594 -0.124213991599
-114.204 40.8556 6.20112019298e-05 -0.000303664933097 0.00103373080525 0.000398474442562 4.22954 4.19853 -2.67442415754 -2.34820238874 -0.058547570993
-113.187 40.8513 -7.27723718291e-05 -0.00022404802733 -0.000209316654728 0.000373065069802 4.19575 4.14125 -2.06418411204 -1.73542112483 0.0803281563302
-112.52 40.8903 -0.000271600306807 -0.000334362732831 0.000405679516431 0.000543347862987 4.24487 4.21297 -1.9521957105 -2.63289609309 0.286036165038
-111.437 40.8869 -0.000264078557384 -0.000231897669066 -0.00042661115894 3.03883624345e-05 4.10488 4.24485 -2.44961983176 -1.83705893733 0.27491948821
-110.834 40.9425 8.91675388492e-05 -0.000185308277039 -0.00013848647907 0.000259580544338 4.1821 4.22825 -2.14508683981 -1.34089168343 -0.0777073219461
-109.673 40.9763 0.000230600095028 -0.000343624225629 0.00046325443774 0.000190475954165 4.24591 4.27729 -2.2330074027 -2.40133597896 -0.204698323647
-109.177 40.8936 0.000166336769692 -0.000259353875986 -0.00054885392469 -6.86623309628e-05 4.1935 4.08083 -2.53286100798 -1.80597941668 -0.146777083812
-108.263 40.8338 0.00012413939173 -0.000137089616268 -0.000120849000827 -0.000664253621238 4.30249 4.2661 -3.47775492118 -0.930877733967 -0.114558026541
-107.52 40.76 0.0002088024809 0.000124672559977 0.000114393176071 -0.000147181943663 4.29533 4.2824 -1.3064898402 1.06150433531 -0.221650005553
-106.454 40.8023 0.000110885236772 5.7809707682e-05 0.00171741331806 0.00325775803904 4.14452 4.13248 4.7281967243 0.581170095383 -0.121235780644
-119.827 40.165 7.55145575864e-05 -0.000755093611543 -0.00142732137227 -0.0010356398691 3.97186 4.07614 -4.36126178497 -6.24190166089 -0.140183648156
-118.877 40.1614 0.000345245251707 -0.00063148951363 0.00229593951362 0.00183353978595 4.54523 4.49803 -0.298911617347 -5.1564730344 -0.348147001565
-118.155 40.2903 0.000256115321722 -0.000554813429423 -0.00036046252153 0.00253215456203 4.23381 4.08676 0.665086554632 -4.44043115477 -0.24438833949
-117.19 40.1697 -6.24036543423e-05 -0.00062278494168 -0.00134496258438 0.000659757566624 4.05709 4.00199 -2.70218424441 -4.9675638629 0.0452507258095
-116.5 40.2917 -0.000123382476625 -0.000537558102554 0.000893141395733 0.000164678018269 4.27904 4.38253 -2.2835820722 -4.25811013399 0.117096772403
-115.657 40.1313 -0.000114329262516 -0.000485917013812 0.000289723722679 0.00136606077755 4.15334 4.19086 -0.557712177784 -3.84749872909 0.127441152366
-114.745 40.2679 9.47876055194e-05 -0.000301364234744 -0.00068997756899 -0.000389122362607 4.02324 4.0372 -4.69191892834 -2.37241940187 -0.10492399112
-113.981 40.1314 8.32853692199e-05 -0.000235581354393 -0.000132949815917 -0.000100009279571 4.10565 4.07895 -3.86739679244 -1.82790140551 -0.0859979770044
-112.469 40.2807 -0.000192206518825 -0.000252892494543 0.000309321787863 0.000165612810985 4.19261 4.1648 -2.84321760739 -1.95781381908 0.198422605543
-111.502 40.2067 -0.000174466765715 -0.000345889206275 0.000101308325404 -0.000207050577992 4.17203 4.2078 -3.48014011995 -2.63169599438 0.182873022043
-110.738 40.1948 6.54273790479e-05 -0.000201690474477 -0.000436372001815 -0.000288990238318 4.14073 4.17172 -3.37012422839 -1.48508796777 -0.0582779074665
-110.008 40.2655 0.000120195826474 -0.00013016546864 0.000117655866283 3.08709103783e-05 4.2366 4.21178 -2.42792646259 -0.906390616887 -0.112060500976
-109.124 40.2982 0.000114664764095 -5.50763563927e-05 0.000418569820829 0.000131886216587 4.29117 4.25061 -2.97090243796 -0.35016409241 -0.111024795088
-108.242 40.1348 -8.46045746939e-05 -4.61791071735e-05 -0.000217984370616 0.000641975867495 4.15635 4.13311 -2.05167751589 -0.386578522978 0.0883126763335
-107.47 40.2149 -3.60438138534e-05 7.28962521086e-05 -0.000676680525945 0.00070223848694 4.1005 4.15366 -0.267033777881 0.485713600868 0.0264074335149
-119.898 39.6785 3.99101638811e-05 -0.000557670099502 -0.000800863412139 -0.000864901387107 3.96365 3.88916 -4.08703667187 -4.60260015726 -0.0868651295602
-118.889 39.5399 0.000163806675619 -0.000502376742034 -0.00109952325244 -0.000592738247065 4.03611 4.01926 -3.56843660133 -4.1706791076 -0.196123178039
-118.08 39.6946 0.000263693358897 -0.000405521287113 0.000897955049061 0.00164146723577 4.36258 4.38681 1.71219543326 -3.19454948584 -0.248550030629
-117.14 39.5516 0.000128018456952 -0.000430708286616 0.000764398973565 -0.00041377131122 4.28303 4.17777 -4.06078437843 -3.49433060408 -0.151152004151
-116.464 39.6202 -0.000193529098839 -0.000521677473616 -0.000534977671777 -0.000262503461686 4.13529 4.01072 -3.87495636168 -4.07130782081 0.170932957426
-115.754 39.553 -0.000270203644898 -0.000460265624253 0.000481263202318 -0.00106483168603 4.22159 4.18082 -5.35483004191 -3.48839820134 0.241521125274
-114.908 39.4731 -0.000152515726299 -0.000368561344438 -0.000510090498336 6.46317937723e-05 4.09887 4.09499 -3.75775662264 -2.84637170724 0.143491057123
-114.016 39.455 -0.000108155398286 -0.000106190785059 0.000271083205522 -0.000142462154451 4.14101 4.14269 -5.11388491735 -0.788130235118 0.104032949632
-113.069 39.5906 4.04530470475e-06 -0.000292150039127 -6.6777178056e-05 -0.000392003984248 4.12298 4.12331 -4.85445533747 -2.23412228551 -0.0104448535151
-112.279 39.5708 5.6167114095e-07 -0.000168586036513 4.16392993978e-05 -0.000380928005123 4.1477 4.0449 -4.21788382938 -1.27768732178 -0.0008820476893
-111.66 39.6092 -0.000319285749982 -0.000163143308554 0.000365243166375 -0.000121476768101 4.1929 4.05827 -3.71763414413 -1.26186287622 0.321572513699
-110.74 39.473 -0.000194752624337 -5.36334698528e-05 -0.000608872463851 -0.000294919072876 4.07721 4.09976 -3.93696805359 -0.428292020845 0.195786721144
-110.246 39.6279 2.93817215695e-05 7.25878214269e-05 -0.000186504874213 -0.00016996742374 4.18774 4.22843 -3.61556722263 0.544322319646 -0.0317254193763
-108.981 39.6333 0.00015164156306 1.36807458368e-05 0.000627511128315 -0.000595352488357 4.27662 4.24153 -3.21237176414 0.159837529699 -0.152161021449
-108.391 39.4998 2.72371040214e-05 -2.84428056948e-05 -0.000216550688352 -0.00087879071176 4.09183 4.06825 -4.6991303605 -0.199184163724 -0.0262450591228
-107.449 39.524 -5.35739452728e-05 -9.17294516194e-05 -0.00114947702199 -0.000162135030151 3.98395 4.00316 -2.24047893861 -0.688643662048 0.061478463748
-118.808 38.9383 0.000154012375358 -0.000249736109407 -0.000514506727115 -0.000832017634667 4.09627 4.05747 -3.24466432537 -2.10620986942 -0.169113715985
-117.932 38.8606 0.000156831796015 -0.000177939482917 0.000673639225543 -0.00179157901122 4.31336 4.22639 -4.43002374603 -1.52354802426 -0.169429620164
-117.182 38.834 3.71134164492e-05 -5.35346913364e-05 0.000303164709176 -0.000532149242477 4.39338 4.30767 -2.31295078911 -0.436412422153 -0.0386091548675
-116.4 38.8247 -0.000107710167901 -9.24060767949e-05 0.000279758124204 -0.00132999269922 4.28251 4.2143 -4.17181128359 -0.687338773551 0.102747905679
-115.654 38.8455 -0.000255006735394 -0.000124421526548 -0.000467920131093 -0.000286005547703 4.11301 4.06967 -4.18308593225 -0.889542721786 0.249287687948
-114.83 39.04 -0.000226062744416 -0.000180113049172 -0.000225598139726 -0.000189687582526 4.10896 4.10508 -4.11292327948 -1.34618548871 0.22010507557
-114.02 38.9551 2.11219906515e-05 -9.27492087722e-05 0.000371433428521 -0.000786655787848 4.16544 4.20055 -5.49056280866 -0.723480229191 -0.025545941031
-113.277 38.9882 9.12893778855e-07 -0.000226815918039 -0.000135284320721 -0.000588129228218 4.09116 4.04563 -4.60729242193 -1.73724919795 -0.0063592269111
-112.379 38.9995 -0.000279623485447 8.57073459344e-06 6.68950839012e-05 -7.54901311754e-05 4.10632 4.07323 -3.82326953602 0.065296023707 0.279624704665
-111.172 38.9176 -0.000258424536986 5.00021672089e-05 1.24133316486e-05 9.86987734461e-05 4.12774 4.12471 -2.87604208444 0.316761720027 0.25683731611
-110.133 39.1025 -6.2451147591e-06 7.9731142369e-05 -0.000650579255925 -0.000207382496356 4.14339 4.20723 -3.41894164266 0.587369231085 0.00358833870619
-109.263 38.9553 0.000219728810226 0.000132200033303 0.0012915796933 0.0001687550754 4.35651 4.34625 -1.04880457052 1.09760814673 -0.229994670781
-108.296 38.9541 4.26767110274e-05 2.22204015614e-05 0.000251195152142 -0.0005263203242 4.12755 4.07745 -2.01855180786 0.184166089779 -0.0442752589318
-107.574 38.8347 -0.000123963210156 -0.00014225308216 -0.00161165099285 -0.000611519262992 3.85101 3.82071 -3.04866498429 -1.07690139221 0.133248825121
-106.91 38.8627 1.33190989277e-05 -0.000208124545924 0.000573950169134 -0.00129408994947 3.99133 3.99108 -3.0936628234 -1.46854772461 0.00221570700095
-119.451 38.5226 4.16502475756e-05 -0.000106596782746 -0.000238729254231 -0.000795949869406 4.05063 4.03104 -1.57197916063 -0.887138195966 -0.0460484118803
-118.106 38.3489 8.63252720179e-05 9.38411262056e-06 0.0014696964115 -0.00149181292389 4.2569 4.23859 -2.85972080966 0.0405022028629 -0.0857413117813
-115.585 38.3489 -0.000179555582132 -9.95686807445e-05 -0.000865831663918 -6.42852984072e-05 4.11197 4.08837 -2.79675512783 -0.751139070583 0.177313762149
-114.608 38.3281 -0.000180088252497 -0.000179063649781 0.000637164502328 -0.000132621346731 4.27322 4.26894 -3.89785591281 -1.34822704079 0.174501607346
-113.969 38.1802 -0.000122811433918 -7.76024713183e-05 0.000275890130728 0.00043762961158 4.16476 4.16535 -2.20060357613 -0.603510991012 0.123193364326
-113.021 38.2987 -0.000136164462425 2.24206715011e-05 -0.000768575099089 0.000319473895246 3.99023 3.96632 -3.32461181455 0.174749966907 0.136240904156
-112.277 38.2108 -0.000340587376922 8.76513301652e-05 -0.000191980748786 0.000163805976077 4.04878 4.04354 -3.16097350094 0.645213873074 0.339960518417
-111.483 38.2843 -0.000231101470187 -1.35579826897e-06 0.000554899535992 -1.4235368463e-05 4.17305 4.21045 -3.5507288918 -0.026838237547 0.231103821004
-110.711 38.4187 -0.000153808642176 5.34372208333e-05 4.29998841437e-05 -0.000156929218257 4.10918 4.12717 -3.1101386601 0.366279545699 0.152312388842
-109.894 38.3862 -0.000112608629405 6.39647914671e-05 -0.000921247020174 0.000133302925644 4.01037 4.08976 -2.15649940805 0.426704699853 0.109090567054
-109.261 38.2916 0.000237168718325 9.80227754391e-05 0.000969456714347 0.000282616434663 4.23081 4.29447 -0.726208629445 0.859068893851 -0.244557724959
-108.379 38.1888 0.000251703101046 0.000119747069258 0.000659822733364 0.00152335158645 4.18243 4.14547 1.44489492081 1.09605058077 -0.265199942727
-107.55 38.3685 0.000111739629547 -7.99479385426e-05 -0.00080891896141 -0.00019898430158 3.9959 3.95976 -0.943734697609 -0.489211041711 -0.103159562207
-106.756 38.2289 1.51839544066e-05 -0.000115486353199 -0.000270819126486 -0.000705094828583 3.97362 3.95482 -1.5174366243 -0.803987984632 -0.00375937107945
-115.747 37.6444 5.89464682271e-07 -1.7427239809e-05 0.000988123337308 0.0002297169594 4.22405 4.18457 -1.34889894538 -0.137186145848 -0.000639192497768
-114.849 37.6083 -0.000217719942423 -0.000117008524041 -0.000269074270862 -0.000249069838173 4.13704 4.11451 -2.16022100103 -0.898802274833 0.216825075535
-113.86 37.5808 -0.000202370257927 -0.000136291521903 -4.79506026344e-05 0.000351232042435 4.12465 4.12509 -1.45352018376 -1.07367095215 0.204421649283
-113.168 37.7601 -0.000188695627783 -2.05995640691e-06 -3.52198046376e-05 -7.2281735226e-05 4.09674 4.09897 -2.46144482021 -0.024899367826 0.188704899983
-112.363 37.6761 -0.000247956215344 1.28754640125e-05 -0.000368703701606 0.000129878115777 4.07445 4.08516 -2.33931633256 0.0661328914924 0.247706616528
-111.596 37.7222 -0.000247944152974 -4.40407735865e-05 0.000673876410752 0.000188904306894 4.16318 4.18029 -2.2259729753 -0.381462901555 0.249058511147
-110.802 37.6354 -0.000247433958246 0.000142560502058 0.000262516516818 0.000303126320971 4.06056 4.091 -2.19564449001 0.992909823686 0.242130395232
-109.995 37.6903 2.88143365169e-06 0.00013656181706 -0.00101964024725 -0.000145223195351 3.95923 3.99618 -2.19683811953 1.00565748085 -0.00907988922845
-109.137 37.7459 0.000124795149645 1.12765191747e-05 0.000462881185797 0.000441088616042 4.10997 4.13627 -1.23114266133 0.147714536638 -0.125283726008
-115.22 37.2408 -5.43614164601e-05 6.80560031188e-05 0.000842397038831 0.000244222086665 4.20482 4.12457 -0.408603899673 0.5252707593 0.0532172856879
-114.715 36.7256 -9.42609182792e-05 0.000183007675816 0.000694244789289 0.000325186764841 4.25665 4.09896 -0.176396977505 1.40619032096 0.0900533524432
-113.907 37.0195 -0.000229382349878 1.77367362503e-05 -3.44961909467e-05 -0.000609713721404 4.14363 4.08573 -1.92280708238 0.131681119466 0.229331221715
-113.084 37.0615 -0.000244950134142 6.53389558179e-05 -0.000151620378047 0.000233465572569 4.04227 4.01116 -0.633077049245 0.434111436796 0.242556393443
-112.382 37.0183 -0.000315622443056 3.19506005396e-05 -0.000451507220495 -0.000382772987463 4.02949 3.99236 -2.28233206772 0.211107488553 0.315184940696
-111.506 36.9839 -0.000397295889256 9.28622855931e-05 0.000611980021572 -0.00051683877129 4.20002 4.20781 -2.47847329796 0.640122843835 0.395494035181
-110.804 36.9969 -0.000264383753792 0.000127218710649 -8.041992981e-05 -0.000239412312025 4.12168 4.20585 -3.00128491645 0.91127728392 0.262151010695
-109.874 37.1364 5.35035322904e-05 0.000130275284976 -0.00117121029048 0.000614043062871 3.95275 3.98386 -1.611202188 0.976794734965 -0.0602951590371
-109.025 36.8299 0.000105768613877 0.000121113805792 0.00075709265646 -0.000606210728291 4.08837 4.05432 -2.90606150011 0.908494959912 -0.110183146373
-116.33 36.4193 6.57015883334e-05 0.000127073838884 0.000101453367765 0.000847895313335 4.06095 3.98007 0.915528522022 1.0183957321 -0.068629053788
-115.383 36.423 5.59126454499e-05 0.000332153471445 0.000780199434634 7.30578063654e-06 4.28693 4.19643 0.754895533715 2.61498962317 -0.0659216354233
-114.539 36.4321 -0.000167821728977 0.000460466896618 0.000218370137077 -0.000550541446751 4.22616 4.09521 -0.394484151681 3.54819603814 0.159033416402
-113.965 36.4151 -0.000215361989467 0.000205879911797 -0.000715222993462 0.000725009066373 4.05875 3.97245 0.578205125075 1.51628158947 0.206550955802
-113.18 36.4182 -0.000223577377678 0.00017112403765 0.000410730479144 9.62329583391e-05 4.15594 4.0617 0.0519173099942 1.23616476108 0.216379799211
-111.13 36.1428 -0.000215165517943 2.4854325099e-05 -3.18682084086e-06 -6.89313727487e-05 4.10072 3.95981 -1.04004832957 0.118327121671 0.213944281568
-110.662 36.5996 -0.000204672255419 -4.49587656765e-05 -0.000534057291115 6.13542110738e-05 4.01339 4.11001 -1.76463436126 -0.38985873397 0.206209806213
-109.87 36.4199 4.03052598675e-06 -2.36310175434e-05 -0.000253742037635 -0.000629701273705 3.9997 3.95697 -4.16997801984 -0.173435916519 -0.00396933877166
-115.43 35.8384 2.66035391294e-05 0.000328354371784 0.00227585763543 0.000402960169904 4.31468 4.32987 0.474485737902 2.57812499256 -0.0335656749214
-114.851 35.7266 2.58197738878e-05 0.000628601071915 0.000842651096407 7.02292458672e-06 4.30266 4.27097 1.77145388986 4.89913728361 -0.0566365355967
-113.984 35.8522 -5.43050747892e-05 0.000388751140952 -0.000978758341308 -0.000781229599918 4.09657 4.06515 -1.0507597807 2.99286620733 0.0505848806912
-113.105 35.6339 -0.000160764140496 0.00032411931186 7.94402695392e-06 0.000240192580362 4.18274 4.16248 0.166223819232 2.42383082636 0.148198668003
-112.173 35.8191 -0.000224142616545 0.000196465745135 0.000694164361913 -0.000538313605621 4.23215 4.20643 0.0383875299741 1.40111391739 0.2146346999
-109.933 35.7113 -0.000121896437939 8.56193943247e-05 0.000468896183195 -0.00070699260057 4.09523 4.15207 -3.32905067587 0.618695998442 0.120937561659
-109.046 35.7147 -0.000104799117344 0.000277228518691 -0.00169724172282 -0.000207946885914 3.85698 3.84441 -2.4284941768 1.98449650644 0.0946759074845
-114.87 35.301 1.75302871806e-05 0.000589024199464 0.00219471139434 0.000932962973649 4.32023 4.35164 1.63089468856 4.58914952903 -0.0432751459632
-113.885 35.099 4.04628133538e-05 0.00067329795484 5.42876843191e-05 -0.000200853200436 4.17004 4.10018 0.0799807813669 5.18951819765 -0.057508261719
-113.083 35.2127 -5.2085946974e-05 0.000610905388975 -0.000876826277463 -0.000341432472148 4.03959 3.90075 -0.7535165371 4.64981957618 0.0400379746406
-112.267 35.1787 -7.47933489982e-05 0.000231586821201 0.000132440243255 0.002020462135 4.14556 4.1062 3.9648072223 1.67605428471 0.0488770233676
-111.532 35.0951 -7.14540813613e-05 0.000149677470281 0.000153219024149 0.00145735154032 4.24967 4.21126 2.10374073085 1.07095696848 0.058546262668
-110.713 35.0789 -0.000243373879152 0.000198378184769 0.0012049722654 -0.00020862552754 4.33291 4.27755 -0.161229179614 1.37144264334 0.232434269516
-109.736 35.1181 -0.000553334873556 0.000181390212457 -0.00163463961317 0.000635764219397 3.92466 4.08693 -0.555654964351 1.09505099897 0.542107828595
-109.388 35.1118 -8.79909264748e-05 0.000296261383077 0.00077568192156 0.00070404233431 3.92833 4.02666 -1.441752277 2.12829724509 0.0745471702527
-108.5 35.1259 9.82080482944e-05 0.00042653710003 -9.42349332582e-05 -0.000646840409129 3.98658 3.96867 -1.86485985435 3.10452189254 -0.118196382524
-107.648 35.117 0.000170184039053 0.000119353255148 -0.00017369950638 -0.00104324784653 4.01176 4.01428 -0.967853790146 0.935856724547 -0.178300131962
-106.867 35.0719 8.10772773148e-05 2.68286332004e-05 0.00121202975696 -8.85129334529e-06 4.10081 4.09303 0.0942778298444 0.244588147172 -0.0833166903564
-113.83 34.5935 9.92802022768e-05 0.000676266193091 0.000839217484991 0.000497497243169 4.1666 4.19973 1.54180043187 5.23262926545 -0.131654003816
-112.891 34.4692 0.000214238702178 0.000661564418162 -0.000793602098857 -0.000612676823049 4.04165 3.95896 -1.45754437495 5.03848647418 -0.217053579781
-112.237 34.4866 3.29504516601e-05 0.000541656384484 -0.000477554034547 -0.00132612901546 4.14175 4.04593 -2.13921655791 4.08689218187 -0.0324293817898
-111.441 34.4178 -0.000101003349086 0.00052439117863 0.00116339241698 -0.00130506744088 4.31212 4.19656 -1.55833234261 3.90524952834 0.0922366712867
-109.95 34.5293 -0.000326042916555 0.000327685128366 0.000273843730384 -0.000414578155327 4.22471 4.15049 1.11652027434 2.2067279406 0.299037543042
-109.29 34.4275 -0.00043029594432 0.000478289814786 -0.000191683362308 -0.00183881584115 4.01348 4.08044 -2.99905885649 3.43693945 0.423802145791
-108.498 34.5421 4.24448663408e-05 0.000366857599812 -0.000640412645801 -8.25674294711e-05 3.90313 3.96698 -0.343644543057 2.65731657988 -0.0676119089029
-114.524 33.7503 -5.92442883359e-06 0.000337773323049 -0.000106479030634 -0.000127368751465 4.00395 4.01323 -1.44079591338 2.61979256283 0.0114395611561
-113.829 33.8142 5.64806200127e-05 0.00068764929393 0.00124507154128 0.00187441868485 4.32488 4.30411 1.32800840935 5.30136934307 -0.083368414383
-113.005 33.9383 0.000103158627914 0.000929256568123 0.000479686199854 0.000306473370791 4.21734 4.26687 -1.07134861246 7.08067650263 -0.108926387083
-112.333 33.9535 0.000122868671572 0.000847302242484 -0.000658034053736 -0.00114277935248 4.0687 4.02231 -3.35234522684 6.3720845556 -0.100059933853
-111.478 33.8798 4.78955943762e-05 0.000731677056039 0.000178770109785 -0.00013620930431 4.19396 4.15503 0.127173899644 5.47823043357 -0.0784278121983
-110.844 33.6953 -9.26540389038e-05 0.00046413874019 0.000519656874457 0.00090203414427 4.163 4.13116 2.0269721444 3.37526387296 0.0553243669191
-109.254 33.9571 -0.000139341840889 0.000431259966272 -0.000427311166424 0.000952989506732 4.00415 3.97727 3.83956093855 2.97753855955 0.0824964286545
-113.657 33.1999 -0.000121111641841 0.000337943134687 0.000536961585422 -0.000658018148057 4.10699 4.37994 -7.45005555603 2.68370739145 0.159560268506
-112.946 33.3627 0.000116380380856 0.00046301784334 0.00168485426109 0.000123483289154 4.37173 4.79926 -0.770300477769 3.52957308184 -0.120115706152
-112.158 33.2893 0.000217827492477 0.000445235700884 -0.000819375371093 0.000798838332553 3.97525 4.30326 0.190480338978 3.40526134946 -0.231945147883
-111.427 33.341 0.000152800648533 0.000359334924226 -0.00122216073669 0.00128701941314 3.95083 4.16089 1.30473276759 2.74545348703 -0.173688947677
-110.472 33.2969 -0.000185342888768 0.000334720377114 0.00136191754728 0.00214340152244 4.20184 4.63771 3.33643832779 2.31505704348 0.149808486574
-110.036 33.0851 -0.000137808602713 0.00020884687218 0.00147086324971 0.00169281023443 4.25566 4.45234 2.23889364019 1.43854039581 0.119166892862
-109.266 33.2921 -5.31874047643e-05 8.36672716748e-05 -0.000832212665173 0.00187624930794 4.00883 4.23155 3.53715183986 0.557784686963 0.0428993088183
