-121.48 49.0983 0.000720295694293 -2.36228554523e-05 -0.0174945975953 0.00382426469739 6.15918 6.21929 -26.4718461519 6.2299607671 0.430179274151
-120.384 49.048 0.000596513573243 0.000301971559924 -0.0020794092604 0.00414686564764 6.42922 6.4466 -22.3007368196 2.75182323109 0.149245920868
-119.272 48.9534 0.000545908773789 -4.08139084762e-05 0.000444624374333 0.00212681343568 6.26144 6.19384 -13.9797810295 4.06515008371 0.438093616066
-118.585 48.9752 0.000180985980316 -8.05249898829e-05 0.000106875501034 0.000458191050234 6.1963 6.1136 -5.98857719241 1.73269673487 0.195843839263
-117.559 48.9813 -6.40695642026e-05 -5.37577817528e-05 -0.000896502932072 -0.0037911328117 6.6803 6.66143 -0.561703576093 0.206618489225 -0.0334214411183
-116.363 48.958 -0.000224884229538 -0.000220187319327 -5.18952759269e-05 -0.0052943633454 7.12927 6.70425 -3.13051678528 0.935237804077 -0.0944061374467
-115.653 48.9339 -0.000600018528946 -0.000361637597316 -0.0042985557968 -0.00241730231014 6.99548 6.48781 -8.68334191449 -0.275497175408 -0.304161030232
-114.413 48.933 -0.000628059173838 -0.000132368827646 -0.00647454111492 7.05772223572e-05 6.04333 6.18542 -7.20912854906 -2.23745175781 -0.471538577686
-123.504 48.0575 -0.00139010297773 -0.000176761785801 -0.00183884123812 0.00200726383834 4.27203 4.30036 -5.45960603263 -6.75658064719 -1.02510508673
-120.12 48.4607 0.000500547178438 -0.000505070474476 -0.000849664617956 -0.00202018994416 7.68275 8.3401 3.95536692908 6.87459260793 0.661933741508
-119.333 48.3584 0.000238852159201 -0.000371677499847 -0.000796165977219 -0.00219388954241 7.36722 7.79069 10.4368985432 4.4162600063 0.33598482775
-118.149 48.4226 0.000151885987515 -0.000245929047498 0.00138978202145 -0.00061631171092 6.434 6.58929 8.8567390662 2.93596637393 0.218799502229
-117.225 48.2995 0.000177623926744 -0.000257532967321 -4.75283054609e-05 -0.00100531298209 6.57 6.59281 6.84219972881 3.17167774495 0.251316658996
-116.367 48.4366 0.000189255966029 0.000272757132943 0.000891553067737 0.000334331611889 6.7695 6.4267 0.876330110946 -1.81478732012 0.0608678875611
-115.589 48.4694 -0.000724435411644 0.000551092443135 -0.00454745302193 -0.00220611147567 7.96693 7.34632 -1.00028594195 -8.61994990994 -0.891130030038
-114.468 48.3739 -0.000424620397154 -0.000166785228897 -0.00441745395357 -0.00254624885296 5.53995 5.40334 11.4421709169 0.780166841372 -0.379489806366
-122.173 37.1311 -7.90009412368e-05 -0.000315739480393 -0.00502318232556 -0.00377581542859 5.27895 5.31426 3.38848999194 2.40153195783 0.0659460340496
-124.566 47.9475 -0.000505144582754 8.8900263188e-05 -0.00352330269133 0.00120667019508 4.22568 4.23374 -3.32996037433 -3.59889416901 -0.467057077137
-122.972 47.7172 -0.00170960106124 0.00036860941477 0.00977599997489 0.00519563043201 3.43864 3.52138 -0.211711895126 -11.9089826005 -1.66389047723
-120.894 47.923 0.000900858041719 -0.00110932995439 -0.0104749632064 -0.00200547078736 9.6767 11.391 1.32034489509 14.3548587503 1.3068074236
-120.061 47.6902 0.000796919876558 -0.00193177643864 0.000838563699846 -0.000496016750772 6.98547 7.55095 13.4708829783 21.3364829199 1.24955359861
-119.045 47.7849 0.00019775039907 -0.00121963650169 0.00100916859571 -0.000812005420645 6.79793 6.73543 17.4764905567 12.8324480804 0.397612981062
-118.274 47.8006 -0.000393437898124 -0.000719179589391 -0.00192740841761 -0.000586623978791 7.1963 7.12648 15.6168256009 6.59824368953 -0.25079336625
-117.308 47.8192 8.87746915691e-05 -0.000141185212847 -0.00146068244625 0.000752017812198 5.91913 5.8241 9.13662974627 1.68809594544 0.125510199517
-114.574 47.6795 -0.000184869905455 0.000869227226508 -0.00227690706609 -0.00320145053118 6.25898 6.16324 9.88902481438 -9.48917509586 -0.389175270928
-113.747 47.7687 -0.000388985716156 0.000303551498259 -0.00693718699643 -0.00759521160869 6.00576 5.99735 5.74874492079 -4.36813698297 -0.462295850016
-123.771 47.1161 -0.00114274008326 -0.000465728156794 0.0139902354829 0.00365984667378 3.52781 3.61161 -0.973687634327 -1.99768749482 -0.731789816353
-122.803 47.1109 0.000122494995365 -0.00204038992176 -0.013821258841 -0.00136111475251 12.3083 -nan -21.544769485 13.8460630265 1.66941970681
-121.989 47.1881 0.000576331453842 -0.00138113929629 0.00281500645678 0.00195814488753 6.83141 7.55149 -4.00362414634 14.9472421126 1.23836252025
-120.844 47.1935 0.00114097399965 -0.00227756312614 -0.000852098543611 -0.00156178825436 7.1806 7.32286 16.7671067268 25.1832942305 1.57538926458
-119.973 47.1936 0.000347321355197 -0.00199411328929 -0.00038102442251 -0.000968666344526 7.08903 6.58397 22.0466991937 20.7802388895 0.543192687047
-118.921 47.0573 -0.000578684981219 -0.000874178473502 0.000569937514326 -0.00201470197748 7.19614 6.45689 20.0816863021 8.26824529804 -0.469385790385
-118.309 47.0615 -0.00113604100111 -0.000179293633322 -0.000373915220962 -0.00311528884062 7.19723 6.894 21.0513452391 0.72371246598 -1.11362809192
-117.276 47.0547 -0.00101039300414 0.000993527549537 -0.00325143285667 -0.00567566070103 7.79835 7.81613 9.27404270768 -12.9835518091 -1.2514721374
-116.335 47.0477 -0.00115552381301 0.000876965502232 0.00108038450421 -0.00340641502639 6.09538 6.28562 2.34833134993 -13.2337038026 -1.40510200789
-115.353 47.0528 -0.000639836872815 0.000493095336704 0.00230592658977 -0.00383345019718 6.14024 6.45762 3.06708695147 -7.34205460108 -0.775614967267
-114.459 47.0943 0.000372699685181 0.000711279220296 0.00237252381558 -0.00161861441073 6.32821 6.77516 -5.10875058263 -4.71581005477 -0.0179923141911
-113.506 47.0816 0.000881860408563 -4.07832678376e-05 -0.00873301318688 -0.000742377284306 7.66585 8.04051 -16.2024270151 6.34101958645 0.707648140573
-112.52 47.0418 0.000418130189096 -0.000313760013827 -0.0039875478077 0.00115924417175 4.67963 4.69911 -5.44270822395 5.10825897505 0.516376226264
-123.563 46.5459 0.000199258380956 -0.00256800553448 -0.00607547030765 -0.00221755336381 7.08883 8.13988 7.71800890967 24.5197293887 1.17135004713
-122.72 46.5934 0.000295675262868 -0.00203963530475 -0.00334759927645 -0.00223875318666 9.56529 9.28852 10.5871799288 20.3966476591 0.947947463754
-121.761 46.5605 0.000574564787365 -0.00212628486789 0.00240449403157 -0.000718339771789 7.02704 6.88185 16.4127939119 22.3136480341 1.02524961686
-120.979 46.5433 0.00038552518945 -0.00162147277101 0.000901028945079 -0.00118863823562 6.56213 6.07694 17.9975102053 16.9651888089 0.673934050037
-119.855 46.5585 -0.000340100868004 -0.000890278535104 -0.000374463008022 -0.00230583516816 7.06471 6.22838 16.7288839531 8.31311383806 -0.164911091254
-119.06 46.4911 -0.00142905820102 -1.50643720422e-05 -8.64158767055e-05 -0.00231006889523 7.34862 6.80636 11.8374764939 -3.73498494988 -1.37461442922
-118.146 46.5139 -0.00161828212375 0.000646638794508 -0.00500538416063 -0.000510081636456 7.49016 7.4237 7.90931675669 -11.7126023782 -1.73993111364
-113.493 46.4162 0.000760069648727 -0.000659390821243 -0.00989420875196 0.000906291563379 6.9668 7.31516 -14.2737328121 10.551840824 1.00440993383
-112.641 46.4246 0.00062308072499 -0.000621696765002 -0.00682066369947 -0.000950111742752 5.58402 5.63426 3.3701250924 8.53007341476 0.793283676934
-120.728 40.6183 0.000793258554576 0.000469429353081 -0.00161781738074 -0.00322122935364 7.4265 9.45516 6.06940044999 -1.32616622667 0.556346674654
-123.559 45.9306 7.96613796846e-05 -0.000959813596639 -0.00614888615763 -0.0041649367126 6.41201 6.13764 12.4630818437 9.36595791916 0.37025054797
-122.419 45.9325 0.000283546563578 -0.000552855132127 -0.0019449801767 -0.00239825189528 8.98341 8.01648 7.92749524084 6.22236111814 0.467043671299
-121.459 45.8839 8.0658921374e-05 0.00010331243805 0.000591916085864 -0.00636837638891 6.18747 5.50542 17.0892671821 -0.857958303536 0.0579510937021
-120.782 45.7664 -0.00054266676403 0.000161923016989 0.000799128175719 -0.00184061977264 6.34593 5.72541 8.21797541954 -3.44400224276 -0.565241106836
-119.928 45.8951 -0.00111511433414 0.000194511950576 -0.00183270664429 -0.000892843577474 7.15806 7.02628 5.12533329857 -6.22441312142 -1.10414510793
-118.777 45.7971 -0.00179017914757 -0.000623500230194 -0.00210230367954 0.0021305928385 7.17212 7.5254 -4.00078553898 -3.97420975718 -1.21483585013
-117.909 45.7087 -0.00141300550716 -0.00052276486033 -0.00381459686623 0.000727641950124 6.3305 6.99415 -1.46370164307 -2.03736721265 -1.00605436297
-113.37 45.8122 0.000654887280672 -0.000754697416611 -0.0101686381941 0.000409422445992 6.95186 6.77428 -3.96018701812 10.3698551787 0.927153444511
-112.493 45.8409 0.000292446691142 -0.000575494078928 -0.00262566790453 0.000744626660857 5.01879 4.92958 7.00707610002 6.80388616104 0.436318602104
-123.281 45.3153 -0.000195894252196 0.00026746793371 -0.0100245604526 -0.00102597019687 6.9179 6.61154 6.56798501793 -3.22490442731 -0.286468510155
-122.478 45.2059 -0.000578956723875 0.000621841727512 -0.000983821521119 -0.000454489591776 7.76914 7.5772 0.350748733491 -8.26806042876 -0.808779459259
-121.317 45.2422 -8.33530200693e-06 0.0011847141373 0.00258493898946 0.00216282529408 6.57063 6.64513 0.541086240662 -10.5856210221 -0.567109318666
-120.635 45.2357 -0.000230877612189 0.000780484551798 -0.000148962863801 0.00273346414178 6.3175 6.35177 -5.4908814607 -7.88627982788 -0.625580625769
-119.669 45.2664 -0.000416300790723 -0.000481180944811 0.000222150224345 0.000883638547305 6.52416 6.48569 -3.5439995172 2.0093995785 -0.107623170897
-118.96 45.2904 -0.00147221187547 -0.000932601233343 -0.00274904132081 0.00124716571451 7.29839 7.3358 -6.09664726878 -0.259680671304 -0.721661306585
-117.78 45.2781 -0.00117047603195 -0.00169216410052 -0.00343489613435 0.00120869671589 6.15183 6.591 0.501581895268 10.5040025778 -0.318439611934
-114.233 45.0931 0.000624346304874 -0.000234220164746 -0.00701556145874 0.0016630777719 6.57681 6.88152 6.22730006102 4.36669241669 0.66595580243
-113.46 45.2432 0.000994606363104 -0.000242121082666 -0.0065358825482 -0.0007023584027 6.80529 6.62875 5.30749201815 5.72892179254 1.02074032432
-112.489 45.166 0.000272024702028 -0.000106578895413 -0.00242520398377 -0.00749280763615 4.83671 4.76078 14.4860688396 1.54583357767 0.284415611851
-124 44.6764 -0.000335970728807 -0.00069575971927 0.00183081209786 0.00482544654162 4.21518 4.19794 -1.02490537004 4.11167212264 0.0791226769727
-123.292 44.6765 -0.000773478807455 0.00106097059615 -0.0070844412345 0.000586890569901 8.60106 8.88901 -8.46139902325 -13.030023127 -1.26634327804
-122.186 44.6837 -0.000392153454187 0.000603226087334 0.0013813671755 -0.000576935098957 7.47957 8.47198 -6.91465916459 -7.19059805686 -0.673012996529
-121.227 44.6473 0.000923427450073 -0.000610068218142 -0.000758474398208 0.00199849030145 6.21541 7.14815 -8.91847927314 10.5457485886 1.10385430294
-120.335 44.7344 0.000565655815339 -0.000631059681597 0.00101930909668 0.00123262417361 6.01589 6.24783 -3.57979231833 8.457865964 0.812609521871
-119.565 44.5913 -0.000117164628075 -0.0010739229416 -0.000903633886128 0.000698377487839 6.42442 6.25762 -4.91474360324 8.59333776792 0.477234468141
-118.67 44.5191 -0.00119006752519 -0.00123090321989 -0.000277855355826 -0.00066630211208 6.66692 6.42021 0.643565721635 5.91334211237 -0.522343072669
-117.664 44.6653 -0.00193149356382 -0.00146881245588 0.00142444501692 -0.00157430033547 6.74883 6.59938 6.07717435342 7.37234183013 -1.30762671584
-116.747 44.589 -0.00233789331817 -0.00105560637929 -0.0105086049545 -0.00674370766534 8.73486 10.9063 -1.09681404142 -1.11248211561 -1.61455300855
-114.855 44.5494 0.00117186644751 -0.000462723047318 0.00342077208036 -0.00836809444415 6.01984 5.91367 19.4441492587 5.89845891988 1.20691790937
-114.255 44.5642 0.000579938537358 -0.00108377826551 -0.00374326376477 -0.00136459424271 5.72612 5.68322 18.007886681 12.0216778826 0.688272828317
-121.551 36.3887 4.66491098926e-05 -0.000511629865465 -0.00940909845875 -0.00575767834169 6.3139 6.24936 1.9593299074 4.59304832689 0.271861888442
-121.461 40.8161 0.000515150789474 0.000839517318399 0.00204194018737 0.00150892801695 6.07383 6.55138 1.25246461906 -4.98492828499 0.0682602498316
-123.83 44.0035 0.000113651807663 0.00015728019452 -0.00558365317642 -0.00120984345822 4.8109 4.35112 0.91939683447 -0.795489607285 0.0212111635492
-123.278 43.9726 -0.00100897615995 -0.000257777447077 0.000630081550826 0.000269295837037 4.7261 4.52304 0.712737008973 -2.67830376035 -0.752537001101
-122.411 43.7941 -0.00104269589869 -0.000746471421917 0.00438765007659 0.003332528308 4.20536 4.26316 -0.492688027015 1.24533918877 -0.529853311504
-121.268 44.1626 0.00104296059577 -0.00110299926385 -0.00467547308633 -0.00122714606749 7.48298 7.81916 -4.27638812256 14.9990247658 1.47536442476
-120.211 43.9437 0.000751486111459 -0.0010106854067 -0.000940924026911 0.000792245662487 6.41925 6.44169 -1.31512740542 12.6278041044 1.14996079085
-119.504 44.082 -0.000111627113962 -0.00097991159875 -0.00103875322944 0.000326868854533 6.25546 5.88936 1.13729372177 8.42237628783 0.335081389404
-118.569 43.9104 -0.00107436069688 -0.00109266718023 0.000296856564726 -0.000311616246322 6.31875 6.14321 6.35255239283 6.61468285339 -0.623383999892
-117.741 43.9733 -0.00187418913645 -0.00120993625937 0.00145994834403 -0.000599911415185 6.49771 6.48542 7.58012506634 5.60093538394 -1.38675435627
-116.803 44.086 -0.0016753727267 -0.00200769907321 -0.00894887804179 -0.00144688246092 9.85047 13.0515 6.35512821565 13.8929737501 -0.917479466389
-115.958 43.9121 0.000822614139218 -4.15664682616e-05 0.00545016341417 -0.015160189758 5.37723 5.36659 31.9119708053 -0.586550782034 0.811871993801
-114.117 43.9146 8.9514149124e-05 -0.000184189134985 -0.00560899728038 -0.00461514649416 5.91567 5.48129 25.4127962911 1.91665017428 0.0845096385543
-123.575 43.3654 0.000389172918584 0.00200188588599 -0.00304750695273 0.00125988393992 4.72366 5.07843 1.47669876773 -15.4120780338 -0.624306219222
-122.965 43.3717 -0.000300219204888 0.000963516451986 -0.000590836538407 0.00298494207891 4.69639 4.76122 -1.6072723561 -9.6708387016 -0.759278851152
-122.109 43.2406 2.33524499752e-05 0.000259635461637 0.00727781667033 -0.00111750900402 4.63227 4.62717 4.88849833659 -2.25370862834 -0.0859920194155
-121.236 43.2843 0.001266277494 -0.000898065020632 -0.00639986114838 8.32182924166e-05 7.50671 7.47588 -2.55352514066 14.2483210947 1.54843717819
-120.153 43.2515 0.000407207596325 -0.00116394397829 0.00177826787797 -0.00195911945385 6.25307 5.85835 8.7431623485 12.4265047847 0.767505312298
-119.311 43.3736 -0.000185818183282 -0.000977859948723 -8.0725122508e-05 -0.00210977928819 6.50191 6.03811 9.50929908319 8.86247011763 0.123223122789
-118.474 43.358 -0.000974250545234 -0.00107133040054 0.00032614880218 -0.00151718334207 6.47678 5.86816 11.866757507 7.99736778534 -0.664935360056
-117.754 43.3471 -0.00159753030414 -0.000902762891057 0.000870610283146 -0.00115722065423 6.56578 6.13771 10.3270515068 4.38243374196 -1.28671936143
-116.767 43.4275 -0.00190327694304 -0.000648697837372 -0.000265488739743 -0.00170814512349 7.77883 7.58243 8.48392560416 0.594065625615 -1.62670398698
-115.828 43.4151 -0.0015780619345 0.000243966858287 -0.00235735379979 0.000981683719022 9.23345 10.4069 5.64483756448 -7.8427050078 -1.5695300317
-115.098 43.25 -0.000187713985103 0.000726958453135 0.000481697312157 -0.00174813773321 7.91889 8.93315 1.47587392935 -7.75421266364 -0.457752819956
-114.174 43.3979 -7.77213942583e-05 0.00126676700449 -0.00479341416373 -0.000987227402474 5.81193 5.93203 6.08916491424 -12.9361506416 -0.462356297377
-124.469 42.8088 -0.000734449381239 0.000726595835238 0.0136249340252 -0.00121587126158 3.70105 3.79275 6.39768789029 -9.41325609742 -0.969692820141
-123.49 42.7667 0.00028979912684 -0.000691821785306 -0.0197049692554 -0.00743153323407 16.9677 -nan -7.97086936829 7.09382789498 0.655574571568
-121.731 42.6133 0.00122720096452 -0.000439648587826 -0.000938148169281 0.00078509730606 7.26564 7.69858 -0.821016315443 9.85142863996 1.28323667501
-120.893 42.7258 0.00103661915965 -0.000346710570723 -0.00083797766862 -0.00218909462003 6.58678 6.16718 6.5671603027 7.07939290128 1.09114314625
-120.251 42.7991 0.000268258049648 -0.000176729285456 0.000626097411735 -0.00130116847474 6.12281 5.59422 7.05932744577 2.62223025477 0.313729650749
-119.247 42.6912 -0.000276049451868 -9.2817059863e-05 -0.000541656504854 -0.00110124936238 6.23428 5.82668 7.4125786987 -0.0694508906913 -0.227860905768
-118.486 42.7308 -0.00109420929014 1.59686843515e-05 -0.000395472435674 -0.000491398216077 6.36048 5.81061 6.05263859951 -4.10144751465 -1.02866095745
-117.725 42.6996 -0.00184807018952 5.95925720324e-05 3.53094845963e-05 0.00041993713057 6.55814 6.19322 2.07797628977 -8.31856686533 -1.70942655209
-116.87 42.7779 -0.00241479703193 0.000218864713738 0.00092937344574 0.000803641281531 7.10252 7.26143 -1.69908893365 -13.4603074186 -2.24363649114
-116.032 42.7713 -0.00209574004503 0.000733049411715 -0.00706278554672 0.00127639415486 8.16659 9.69327 -7.08039399494 -18.0078795656 -2.16325703452
-113.176 42.5452 0.000148006295091 -0.000563070497122 -0.00589741035439 0.00566592743173 4.6369 4.75058 -6.98652110004 5.91975018424 0.412163502679
-123.602 42.156 0.000389144100032 -0.00184597099617 -0.00762021360684 0.00525706431391 6.02224 6.1405 -21.0699924939 14.233326803 1.68482134627
-121.891 42.175 0.000862282071308 -0.000541175746715 -0.000470511998109 0.00119389516516 6.92844 6.52012 0.439516737017 8.79339140356 1.01621839568
-120.834 42.0472 0.000473406164882 0.000166437917336 -0.000205626976817 -0.000453765807719 6.22457 5.83762 6.86158304118 0.190303616867 0.379170889639
-119.34 42.0187 -0.000447694140722 0.000495092422213 -0.00133238001042 0.000541284932594 6.1299 6.01406 2.73223549112 -6.41461400408 -0.613546728475
-118.344 42.1901 -0.000974761897799 0.000190214992589 -0.00191618910921 0.000189455607575 6.29631 6.15981 2.52089945153 -5.82443357409 -0.966938716645
-117.667 42.0192 -0.00171354720059 5.61017018615e-06 0.000259550606167 -5.09260394395e-05 6.61079 6.64706 1.44034517086 -7.4006177298 -1.55697902667
-116.471 42.0773 -0.00259987494573 -0.000284232198658 0.00079658608888 -0.000908973649633 7.4713 8.37408 -1.73941347772 -9.65466158796 -2.18080258646
-115.754 42.1669 -0.00186046540922 -0.00056811164935 -0.0078342275487 -7.39053802985e-05 8.43447 10.3974 -7.08218652026 -5.26196913813 -1.27321869871
-120.74 38.7552 0.000323576763256 -0.00043985215568 -0.00050342694874 -0.00108936245727 7.4525 6.34613 2.44223153386 5.26125759464 0.48298104139
-124.122 41.8473 0.000453276786999 -0.000748229912025 -0.0126403982693 -0.0028438571885 6.82406 6.86099 -1.74259822022 8.49852648054 0.783463402876
-122.854 41.392 0.000165838642998 -0.00013559622452 -0.0033744021876 -0.00114278824226 7.00203 6.2312 -1.30735253904 1.97339720553 0.212023157471
-122.122 41.2742 0.000334554777646 0.000471292261416 0.00130644688541 0.00168433320769 6.75206 5.85845 0.48088492008 -2.47692853773 0.0663050322049
-121.839 41.7826 0.000687062549063 3.27958175829e-05 0.000263404106845 -0.00210725195638 7.15424 6.9703 6.36586731929 2.32226770626 0.621086591146
-121.146 41.3593 0.000488335562952 0.000516391751912 -0.000193689336321 -0.00102298628442 6.57053 5.05872 5.08548750928 -2.75889669753 0.241589723929
-120.477 41.2047 3.88138249493e-05 0.000359760239703 -0.002500324135 0.00170460955722 6.64 5.20808 -0.804727805778 -2.94358354278 -0.140320787059
-119.171 41.3884 -0.00031299194543 0.000259497474679 0.000277895044837 0.000324357763054 6.09803 5.66066 2.66925335275 -3.6831519139 -0.392682429454
-118.379 41.4483 -0.00103389132428 0.000134819336765 0.000156066562372 -0.000108835520321 6.42022 6.81581 2.93794708498 -5.4764931958 -1.00010203681
-117.45 41.423 -0.00166408333737 -1.8427420462e-05 -0.00148764734245 0.000487957516631 6.80547 6.52743 -1.46708249698 -7.69868114982 -1.46546299459
-116.54 41.522 -0.00216866086655 2.55426323754e-06 -8.36210025062e-05 0.00232059881658 6.66066 6.54689 -11.5301002054 -13.4450227864 -1.73074868792
-115.791 41.4311 -0.00181311504074 -0.000582527078933 6.63766935887e-05 1.62041001004e-05 8.05759 10.4117 -6.70908210539 -4.75247559296 -1.23347872406
-114.915 41.4157 -4.57764617346e-05 -0.000821913634383 -0.00120590801377 -0.00521279471484 9.47707 10.5743 -1.36745237056 7.46220442325 0.318052807052
-114.165 41.3602 0.00100030213658 -0.00118915715997 -0.000173845075543 -0.00573664013209 8.31672 7.52604 9.82760436484 14.5881874452 1.26215004131
-113.347 41.503 0.000614155185453 -0.00113849915704 -0.00355523129807 -0.00517503017264 6.82406 6.93171 7.56523360338 13.2656389416 0.903785389897
-112.448 41.4632 -2.07405176871e-05 -0.000817983651755 -0.00297644001723 -0.0027546827872 4.71265 4.58556 5.38343824042 8.17247411446 0.227407048752
-119.835 40.7484 -5.95727177035e-06 0.000137369440478 -0.00160585662639 -0.00139619226528 6.5936 6.67174 0.589675943484 -1.24586131325 -0.0679945304528
-118.971 40.7797 -0.000473882953253 0.000238374235773 0.00143477769524 0.000253645575774 5.8824 6.13767 2.36760521706 -4.16797913752 -0.530171251965
-118.134 40.7811 -0.000837295840891 9.8180012147e-05 0.00112104763631 -0.00139569066022 6.51073 6.05383 3.90981996379 -4.18244821331 -0.810202963092
-117.524 40.852 -0.00178152300713 -0.00013414194263 -0.00521173248235 -0.000801508894765 7.7982 8.35549 -5.01766355029 -8.22063434655 -1.45320812546
-116.508 40.7186 -0.0015020425039 -0.00116498888329 0.000188134260226 0.000835533660924 7.59186 9.02451 -2.03886695714 3.42763778941 -0.790298643009
-115.736 40.8167 -0.000422731044194 -0.00103818403295 0.00437118116451 -0.00172195617354 6.48791 6.95666 5.31970445586 8.57593638154 -0.0464523844207
-115.039 40.8522 8.0298779723e-05 -0.00111737618098 -0.00252639473943 -0.00186246860979 9.78464 11.9143 -1.41164566338 10.7428983238 0.563124395169
-114.204 40.8556 0.000545449902984 -0.000723037330535 -0.00109411741954 -0.00177818606621 7.94535 8.775 8.81146136082 8.75402378048 0.717048237221
-113.187 40.8513 0.000388930304292 -0.000107517305037 -0.00236971554104 -0.00533645238956 7.26762 6.71932 9.17231862142 2.09982344778 0.403437898698
-112.52 40.8903 -0.000250770697334 -0.000276895551239 -0.00346484938281 -0.00873942358108 5.10155 5.08575 14.677775314 2.5008479873 -0.20771627062
-123.82 40.1398 -0.000161611065574 -0.000327817587277 -0.00442835054747 -0.00845453492836 5.56406 5.62381 9.21377334166 2.38639324123 -0.0325258103026
-122.788 40.1767 -0.000582208878731 -0.000124408249924 -0.0156959812846 -0.0048047657525 13.8291 17.5147 -8.546835131 -2.55096092901 -0.380471212579
-122.032 39.9971 0.000929550305735 0.00101812860523 0.00567384314125 -0.00229295135218 4.36144 4.48755 11.0671969012 -6.63200076315 0.56729180813
-121.086 40.32 0.000424720796166 -0.000534086010775 0.00937373281864 0.00237654835568 4.19705 3.94247 10.9539995232 6.28282005709 0.566344718521
-120.918 39.962 0.000152866282064 0.00222131020794 0.00608911746411 0.000222581555368 4.43587 4.51503 10.0935071883 -20.2917304249 -0.55401432259
-119.827 40.165 0.000283037504299 0.000379669021962 -0.00726994764744 0.000296490739512 7.67315 7.34447 -1.49612598005 -1.91975324895 0.0615894189768
-118.155 40.2903 -0.000770858923981 -0.000136994552548 0.00168959013504 0.00198101265377 6.19201 6.21906 -0.442176907803 -2.30931925385 -0.623811595595
-117.19 40.1697 -0.00121711803075 -0.000616652099308 -0.00207045615687 -0.00115133317271 7.50089 7.35979 -3.44915129476 -0.633569256986 -0.755807377372
-116.5 40.2917 -0.00130861332118 -0.00175554527035 0.00113852349978 -0.00287259951132 7.74069 8.61082 13.1295946243 14.6025206972 -0.898551335857
-115.657 40.1313 -0.000767273791125 -0.00098127032965 0.00188227563659 0.000995825416341 7.42097 7.76614 -3.98510970642 4.97587037795 -0.19405273634
-114.745 40.2679 9.28844420373e-07 -0.00070952543828 -0.00240090330289 0.0012808581273 8.44531 8.19013 -6.67957591129 6.27904365322 0.368099888628
-113.981 40.1314 5.86792846945e-05 0.000414630437768 -0.00696444255896 0.000360989880097 7.24548 6.5665 4.6765289468 -3.86210933325 -0.0820071965274
-123.338 39.469 -0.000621858972744 1.23243376074e-05 -0.0138260931982 -0.000332597396928 5.54424 5.67111 -8.82855531731 -3.85150334541 -0.49217794634
-120.608 39.3028 0.00054228453458 -0.000327079313209 0.000288595372842 0.00253246530446 6.5461 7.1396 -3.49265632183 5.54166533096 0.633250885698
-119.898 39.6785 0.000416654482464 0.000229707552302 -0.00507970813604 -0.000410471963684 7.56084 7.80029 -1.09553848333 0.000161664097178 0.253959518979
-118.889 39.5399 9.89744565957e-05 -0.000155867320145 0.000707076347361 -0.00109942887713 6.47675 6.39328 3.0954222682 1.82316797092 0.153874444989
-118.08 39.6946 -0.000388001423805 -0.00080568849665 0.000898371961948 -0.000784322717287 6.26069 6.21021 0.0517889406649 5.49912339409 0.0132471092379
-117.14 39.5516 -0.000933165835218 -0.000976138843987 -0.00222172355016 0.000618342338087 7.347 7.27419 -2.70420698087 4.12234579011 -0.3491613815
-116.464 39.6202 -0.00125331667801 -0.00117483572436 0.000306221978013 0.00241974335071 6.92943 6.67031 -4.0763475208 4.07187192349 -0.507351332125
-115.754 39.553 -0.000940713033663 -0.00130958360927 0.00217826017193 0.000918990401246 7.14768 7.61138 -2.10710121919 7.4962028537 -0.236348965046
-114.908 39.4731 -0.000693522928633 -0.000849044068676 -0.00174030247105 0.00128602500551 8.28748 9.18074 -8.23300214745 3.46462447451 -0.121801119791
-114.016 39.455 -0.000204364279668 -0.000399358850109 -0.00573854498619 0.00192916708582 6.44336 7.13959 -0.593189227988 2.87442194318 -0.0189896177847
-122.015 38.6333 0.000248290004784 -0.000422912001663 -0.00409737307689 -0.00158322277368 6.29602 6.36365 2.1324868493 4.74593550503 0.413080848973
-121.377 38.839 0.000348330950769 -0.000457808647806 -0.00101795768526 -0.00435340430019 7.82924 7.77367 -0.364899404538 5.55405459074 0.526873104285
-118.808 38.9383 0.000265349288907 -0.000325200609454 0.00155735435545 -0.00277181429848 6.01898 5.93015 -1.75224307336 4.11062908038 0.389263138068
-117.932 38.8606 -0.000140971356882 -0.000327895618771 -0.00180472430895 -0.00214012946966 6.41921 6.09894 -7.34816359741 1.94081766735 0.0657037882508
-117.182 38.834 -0.000743063889568 -0.00064419256385 -0.0016419972073 -0.00255734682931 6.717 6.47386 -5.48750462513 1.61511054475 -0.296248121089
-116.4 38.8247 -0.000963024514533 -0.00116276569312 0.000131304367982 -0.000792222897423 6.74758 6.36292 0.592187630983 6.56266567642 -0.381879787755
-115.654 38.8455 -0.0010457767698 -0.00140023554717 0.000874938643299 -0.000138782122087 7.34749 6.65749 0.409712324923 8.51600549977 -0.364886345243
-114.83 39.04 -0.000765550257638 -0.00131808531809 -0.00246404706407 -0.000793092679352 8.99457 10.3009 0.373473710755 9.12029525552 -0.157258344548
-114.02 38.9551 -0.000446159749743 -0.00113440597114 -0.00726109952482 -0.000293974476472 7.08417 7.30017 7.68653469311 9.93969013829 -0.107262544658
-120.936 38.2571 0.000298858248964 -0.000162359955238 -0.0076016123168 0.00122384670893 7.30381 10.9906 -2.1077639815 2.84530860197 0.339907287566
-120.076 38.7028 0.000580320697335 -0.000303412827141 0.0018001681677 0.000738530288535 6.7652 6.62202 -1.43934601586 5.40260672762 0.65456192843
-119.451 38.5226 0.000341353742798 -0.000257389682551 -0.00271426869997 -0.000440701315769 6.10176 6.09176 2.18948754059 3.74208976618 0.418582948239
-116.302 38.2886 -0.000556814844241 -0.000996301158086 -0.00231329187542 -0.00224490250659 6.58757 6.41763 6.03451076992 7.62598041135 -0.192569898127
-115.585 38.3489 -0.000894106173097 -0.00117135018235 0.000519039845105 -0.00107660208045 7.52129 10.549 4.7676032352 8.02281172054 -0.431810554771
-114.608 38.3281 -0.000920891399324 -0.00114599994376 -0.00314152085338 -0.000326076644018 8.81806 9.21532 5.70214733436 8.08619910583 -0.502737603005
-113.021 38.2987 -0.000532591500829 -0.000254213992109 -0.00940052085057 -0.00465307016683 6.24723 5.28855 0.410386815669 0.255541692726 -0.389953547133
-121.328 37.5049 0.000353652192195 -0.000333928343099 -0.00635150874512 0.0012382114797 7.91372 8.30934 -1.95454337482 4.5277682811 0.474331381333
-120.33 37.346 0.000461873312703 -0.000201135097642 -0.00811882919643 0.00114674053795 7.21728 7.44174 -2.9133040294 3.99828919192 0.499606979905
-116.595 37.923 -0.000283052486539 -0.000346269556748 -0.00458240615611 -0.00344583388072 5.17952 4.62971 0.437096097283 1.93867268674 -0.10817248385
-115.747 37.6444 -0.000518666083124 -0.000478810722251 -0.00391490718883 -0.00286626613021 6.21362 5.54022 -2.91100759052 1.80394644319 -0.231933844298
-114.849 37.6083 -0.00104993367487 -0.000759283619725 -0.000652674038291 -0.00105475038753 7.41816 10.4961 2.98747015722 3.2444171695 -0.695366447278
-113.86 37.5808 -0.00136483112468 -0.000371726994182 0.00127776532464 -0.00293826261277 8.41283 9.06482 4.8143750925 -1.01948317071 -1.16590251335
-113.168 37.7601 -0.00112288818831 -7.06000355674e-05 -0.00803137018094 -0.00193813737327 8.17309 15.808 9.31046236187 -2.16997110231 -1.07041327817
-121.786 39.2291 3.66767090924e-05 -0.000435141357649 -0.00450459112905 -0.00197314816451 8.72719 9.67315 8.3182906281 4.09360049723 0.187843362556
-120.674 36.8953 0.000313205334859 -0.00028693322257 -0.00728448505439 -0.00211916177735 9.20986 9.06957 -3.43676638598 3.96555755851 0.417142052836
-119.709 37.0069 0.000158631690663 -8.12432967605e-05 -0.00477869064774 -0.00076631117418 5.3434 5.35804 6.54254090721 1.2999373808 0.177227755667
-115.22 37.2408 -0.000623390646146 -0.000275622085684 -0.00525105124023 -0.0027970628152 5.79939 5.25467 -1.52115702617 -0.308801281606 -0.435752444365
-114.715 36.7256 -0.000701965146929 -0.000206040701863 -0.00440401308806 -0.00120955170368 5.53526 5.38985 1.95449678758 -0.815089732386 -0.568523466352
-113.907 37.0195 -0.00162644431315 -0.000425077021964 2.88753479393e-05 0.000707316604018 7.82437 7.74473 -1.55905092246 -3.29771113959 -1.28166789236
-113.084 37.0615 -0.00154622405743 -0.000287110937646 0.00224528612732 0.000113729743995 8.75841 7.96838 -4.28261104401 -4.8537234431 -1.23188559579
-112.382 37.0183 -0.00134466462938 -0.000204754628118 -0.0110227478293 -0.00260602297668 12.7502 15.6458 -25.3128634777 -9.05111803476 -0.736874286744
-111.506 36.9839 -0.000325781603128 0.000110866852384 -0.00244635014397 0.000721552681975 4.67264 4.70945 -5.5944735555 -2.63434433022 -0.339389623635
-120.12 36.3356 4.65556091721e-05 -2.9160226106e-05 -0.0106524719022 -0.00303931218383 7.40206 7.34519 -0.792693506637 0.465591086646 0.0548345861171
-114.539 36.4321 -0.000772216683598 5.24319606777e-05 -0.00398236087481 -0.00248662585442 5.43445 5.38025 -4.47275485118 -4.27339738269 -0.700954401634
-113.965 36.4151 -0.00131975645199 -0.000583214641063 -0.000506391517716 -0.000577931671622 7.80566 7.67583 -5.78117409061 -1.56983328016 -0.852327729158
-113.18 36.4182 -0.00135205792183 -0.000918083473572 -0.00873851285551 0.000589755900449 8.26768 8.72245 -6.78440098329 1.07815662337 -0.698999610168
-121.236 36.0214 -0.00016933089248 -0.000152479233178 -0.0105852862411 -0.00722310173853 6.44193 6.38539 -2.32469396825 0.425338180996 -0.0673357122577
-120.87 35.636 -0.000271047397259 1.02943598952e-06 -0.0123588824732 -0.00257328549005 6.21429 6.23277 -12.4168911257 -1.70733113322 -0.206287834333
-119.903 35.8667 9.34124679716e-05 4.55632203894e-05 -0.011223213084 -0.00391727992039 6.25654 6.25022 -2.27370566372 0.0694314086817 0.0581990882617
-113.984 35.8522 -0.000592705377351 -0.000533372769833 -0.0056668046592 -0.0010361458453 6.42154 6.3786 -0.410663171419 2.42780417965 -0.31679119799
-113.105 35.6339 -0.000648533992276 -0.000917145949314 -0.00996680269125 -1.03490964579e-05 8.22144 8.23029 -8.56435236145 4.40355327575 -0.0587607038183
-113.885 35.099 -0.000433743842584 -0.000507562291516 -0.00732418422427 -0.000113670293397 6.52515 6.36531 3.64959504487 3.28893068239 -0.228431707075
-113.083 35.2127 -0.000756312215994 -0.000476288757976 -0.0075188789092 0.000564412038001 10.6824 9.50046 -6.90118117638 0.255019582972 -0.408480992942
-112.267 35.1787 -0.00038886760169 -7.69036694306e-05 -0.00703944510154 -0.00168793777819 5.51209 5.49945 -4.09986788235 -1.13720075763 -0.3100807209
-113.83 34.5935 -0.000498720482548 -0.000223735833095 -0.00868338147881 -0.00401240098075 6.42611 6.23187 5.48499063985 0.53265129112 -0.400965363368
-112.891 34.4692 -0.000973861753638 -4.39497352783e-05 -0.00479163976211 -0.00336444839293 11.6945 12.0836 -3.61494332154 -4.15688993014 -0.845792233001
-112.237 34.4866 -0.000624432818114 0.000167468632108 -0.00535562238314 -0.0042565530955 6.89858 7.07826 9.99416908752 -3.1483757048 -0.646198611979
-113.829 33.8142 -0.000437068541132 1.4237752011e-05 -0.00567417152475 -0.00203552900864 5.06077 5.01499 -2.64139485125 -2.12135287761 -0.396568347733
-113.005 33.9383 -0.00120120547669 4.46849619727e-05 -0.00356634365707 -0.00272218454946 8.64254 8.54955 -11.4446586953 -7.41819195555 -1.00799555881
-112.333 33.9535 -0.000904947293535 2.66574512717e-05 -0.0032801848097 -0.00191352978494 8.78451 9.25604 -8.82660158164 -5.16737538493 -0.780313288134
-111.478 33.8798 -7.43364184399e-05 6.16927291693e-05 -0.00726998688496 -0.0015640477339 5.12502 5.1464 -4.23525962825 -0.916085734463 -0.0942806052746
