-112.228 32.7006 -0.000642100645484 -0.000265103520358 -0.00157626864502 -0.00115871176444 3.88409 3.88521 0.317775993609 -4.90730226751 0.295190473225
-111.704 32.5618 -0.000838666534722 -0.000665090593482 0.00120084428997 -0.00100849939193 3.86535 3.87961 9.1303369064 -5.66856426147 0.564886708073
-110.739 32.5716 0.000258175413636 -3.71051043213e-06 0.000753400999 -0.0015778283145 3.90845 3.92953 10.6247558898 1.91322140474 0.043673793728
-109.97 32.6399 0.000172858240941 -0.000356173461652 0.000679106485803 -0.000514779084063 3.95453 3.91867 9.46123444673 1.67211076781 0.377679370929
-109.303 32.7663 6.49053938359e-05 0.000185000782435 0.00292019454123 0.000474372277299 3.70708 3.70503 5.95699259047 0.35107227777 -0.177890797702
-111.457 32.0022 -0.00250263612996 -0.00230262289243 1.93995562215e-05 -2.39602004346e-05 3.80155 3.8476 0.0204874672474 -19.2602698034 2.40277934495
-110.816 31.7748 -0.000442500072646 5.10246362452e-05 0.00399111933724 0.00109614195361 3.69841 3.71738 14.5888539163 -3.27509811767 -0.147790796022
-110.046 31.9737 0.000278487334646 0.000145289721255 0.000780096674908 -0.000641929020485 3.92177 3.9263 8.56153771974 1.90791206087 -0.107884612353
-109.259 31.9989 -3.61315846119e-05 -3.0129914539e-05 0.000509238890287 -0.000462146653655 3.95651 3.95896 3.07519868524 -0.257283454446 0.0284067432995
-109.991 31.439 0.000410199597087 0.000237282351484 0.00280332224254 0.00089623726093 3.71005 3.71436 8.76084827286 2.75644820879 -0.180121706294
-109.281 31.3757 4.74758863833e-05 -0.000188390990774 0.00123339865044 -0.00114091922901 3.88647 3.88318 3.26905146549 0.417388498135 0.190520567654
-122.707 48.7197 -0.00464001665754 -0.00164993341115 0.00427921820995 0.0042245158247 3.72478 3.80003 12.1003563816 -43.3215974491 1.59480201698
-122.085 48.9983 0.00184075687867 0.00195725151856 0.020701686049 0.0112613550518 2.79515 2.86288 43.9830120082 4.45832023687 -0.635569463282
-121.48 49.0983 0.00303259061209 -0.000230381256802 0.0137763057585 0.00271936691059 3.32828 3.28598 39.5777503016 25.9506826876 1.67897944906
-120.384 49.048 -0.00727645315404 -0.00441296656476 -0.00648311630428 -0.00993360340491 5.44686 5.74242 -4.83319328477 -76.396721467 6.07893838831
-119.272 48.9534 -0.00129425839603 0.00152279655959 -0.00898271315071 -0.000673349758722 3.62202 3.05598 -7.14193691486 -7.78827724788 -1.11422440097
-118.585 48.9752 -0.0100283020327 0.000661935405702 0.000225944844178 -0.000578732453643 3.62092 3.48963 8.73344168991 -93.8670664356 -0.78203077953
-117.559 48.9813 -0.0012124258614 0.000630512429154 0.0170696217354 -0.00446111665723 3.97125 4.03533 22.5181200765 -12.4828486211 -0.928321620158
-116.363 48.958 -3.73303836514e-05 -0.000760885983975 -0.0133217229146 0.00762318381416 3.3511 3.39042 -7.63870057313 -2.0392342982 0.747670164005
-115.653 48.9339 0.00259899905227 0.000595950612483 0.00309672903168 0.000585340355955 3.53594 3.60987 11.7713006174 23.4989356106 -0.314857226622
-114.413 48.933 0.00208638224271 0.00062174221272 0.00941019658619 -0.0032161230382 3.9236 3.87163 11.0538176779 18.6631611895 -0.383961118813
-123.504 48.0575 -0.0017019459499 -0.0016804009811 -0.00130690078796 0.000526746201833 3.81507 3.77501 5.65776247368 -17.5090733052 1.86033122987
-122.096 48.2641 -0.00957591881131 -0.0025527781553 0.0260226527706 0.00455028690331 3.37347 3.50156 33.6801303035 -73.0917193268 -1.34861788802
-121.484 48.5183 -0.00357057441901 -9.31449944879e-05 -0.0181001315216 -0.000791405987994 3.75352 3.84988 -5.09176531076 -32.3577269694 1.04513015589
-120.12 48.4607 -0.00315118946198 -0.0010085022197 0.0371129051013 0.00414881214955 4.05356 3.97691 33.5829718966 -22.8952301036 -0.375884740352
-119.333 48.3584 -0.000886665442866 0.0398789357748 -0.00768639174275 0.00194342481714 1.35909 1.5284 6.71719869123 4.39378360727 -39.8255613697
-118.149 48.4226 0.00170402371742 -0.000297861330569 0.026986688177 -0.00474946387768 3.61056 3.66139 29.4472746025 15.7258008262 0.908076470719
-117.225 48.2995 0.0029672520228 0.000334697185668 -0.00815836169024 0.00372224749674 3.60275 3.64245 -8.2296201944 27.3477955762 -1.09949777159
-116.367 48.4366 -0.000895782259187 0.000444998833368 -0.00554827970509 -0.00453806437669 4.22404 4.29048 -6.79381870571 -7.1632587417 -0.231630950788
-115.589 48.4694 0.00186221901205 -0.000511336757639 0.00203126865423 -0.000853797010909 3.91748 4.0058 10.8354079403 17.6265088011 0.679411290257
-114.468 48.3739 0.00171164327186 0.00224219401682 0.00562459151719 -0.000864253150634 3.81451 3.8764 7.70375844888 14.7175639092 -2.14840024796
-122.173 37.1311 -0.00184931379576 -0.001392723667 -0.00441996008803 -0.00312101393474 3.92973 3.9405 -5.98637082949 -17.6841655385 1.88272773396
-124.566 47.9475 0.000111546526129 -0.000864778502388 0.00220247688833 0.000762204809428 3.92977 3.93311 3.03018470347 -0.36431104967 0.83263831875
-122.972 47.7172 -0.00390255477775 -0.00221120469621 -0.00285756032122 0.00194381023313 4.07113 4.00285 5.54281599519 -38.1603434327 2.61435209282
-121.689 47.6947 -0.0135353087253 -0.00332510738947 0.0507110047852 -0.00357445085096 3.03502 3.24825 47.9087432287 -80.9650535809 -5.55647877921
-120.894 47.923 0.00813785811982 -4.61892676223e-05 0.0230460889532 -0.00371498990919 4.84149 4.86279 28.7482528669 71.5140759391 2.66510368734
-120.061 47.6902 -0.00198481413305 -0.00110425717053 0.0158208129689 -0.000197048219152 4.52928 4.54269 19.8280455704 -16.1422738444 0.722257132484
-119.045 47.7849 0.0017518112916 -0.0058101235795 -0.0141191727128 -0.000659376146531 3.70878 4.11943 -1.70934759009 6.46055646578 5.4103188732
-118.274 47.8006 0.00441150906333 -0.000958129389143 0.021454513138 0.000940163373879 3.63487 3.75457 30.2967260922 40.9646521162 2.57248346102
-117.308 47.8192 -0.00128166059428 -0.00149589206802 -0.00497230025097 0.00254302025817 3.69948 3.72063 6.62130734115 -11.9031962578 1.5046632742
-114.574 47.6795 0.00280174879434 -0.00104333308737 0.00601256558909 8.91055361758e-05 3.38612 3.4589 17.0790496576 27.1627147454 1.61698997922
-113.747 47.7687 0.0034600650908 0.00110923356007 0.000905888427313 0.00204617221227 3.60376 3.65526 2.9919603951 31.958657422 -1.17467580092
-123.771 47.1161 -0.00113500573498 -0.00137331464697 0.000435495385902 3.2022567007e-05 4.17925 4.14082 4.001325764 -12.1857030852 1.52315739624
-122.803 47.1109 -0.00364917818666 -0.00273204102754 0.00126666781545 -0.00487741782723 5.2946 5.05805 22.8654545965 -27.9891749532 1.96192201872
-121.989 47.1881 -0.0100364479513 -0.00379889214786 0.0303390521971 -0.0029613667374 4.84459 5.55982 35.4537025489 -69.4187591725 -0.721031917116
-120.844 47.1935 0.0111237289984 0.00168095034028 0.0234801559217 -0.00402370178113 4.00321 4.10407 19.2899549801 98.2923470499 0.150160173491
-119.973 47.1936 -0.00160192168616 0.00303613524573 0.0131656815958 -0.00511224557434 4.7947 4.25783 29.6450994275 -23.4910993404 -3.40430921853
-118.921 47.0573 0.00334709063869 -0.00104823063858 0.00508344252852 -0.00375355542159 3.80868 3.64823 50.1620295414 29.2096070806 3.01256441296
-118.309 47.0615 0.00240600998574 -0.00175957862769 -0.000710998267815 -0.00282968812537 4.6937 4.53852 10.8412685833 22.7991863343 1.88261487579
-117.276 47.0547 -0.00186751531144 -0.00218107666624 -0.00175988383793 -0.00168340912553 4.31185 4.33567 -0.824173598313 -19.6006780808 2.41503054363
-116.335 47.0477 0.000746254360551 -0.000878399901955 -0.00208721384829 0.00145763673986 3.86775 3.87194 -3.0430557516 5.42662354242 0.746730703914
-115.353 47.0528 0.000841432145426 -0.00107312817028 0.000579219700411 0.00348682913137 3.75588 3.77772 1.73891914779 7.02532793108 1.01698701957
-114.459 47.0943 -0.000269081047069 -0.00247232170784 -0.00106397746733 0.00333805545684 3.59519 3.66732 3.98899909683 -2.72089097293 2.47536194744
-113.506 47.0816 0.00480461136818 -0.00115048439436 0.000328995995841 0.00496978276885 3.15406 3.21397 7.95287878774 44.3776179052 1.48833447651
-112.52 47.0418 0.00163393022077 0.000198550907667 0.00204094431723 -0.00156518506502 3.90559 3.88477 2.36943686353 14.8828893304 -0.21851385079
-123.563 46.5459 -0.000637696637877 -0.00126386108562 0.01284094383 0.00041610439943 4.3998 4.39346 17.0389088972 -4.8342846555 1.20518810477
-122.72 46.5934 0.000420185794923 -0.000882757924583 0.00112525361541 -0.00346094995825 4.02277 3.94202 0.00674979387023 2.15979594455 0.781518536692
-121.761 46.5605 -0.00578043447577 -0.00115143085743 0.026069857721 0.000158333824794 3.62979 3.69636 48.382571228 -35.3294929059 -2.62243149302
-120.979 46.5433 -0.0053654086527 0.000630141575273 0.0187033799785 -0.00474708769918 2.68219 2.7682 46.9310069526 -42.5683869083 -3.72357086303
-119.855 46.5585 -0.000187252821254 0.0103001794641 0.00782654273143 0.00383621034238 3.82823 4.27342 42.5507151555 -53.0545420453 -8.70055297498
-119.06 46.4911 0.00769336644075 0.00141845720662 -0.00131344708041 -0.00491640750443 5.65948 6.69335 43.69786227 49.6729301839 3.27758664164
-118.146 46.5139 0.0023893405611 -0.000615945576845 0.0023545446219 -8.78630430494e-06 4.74557 4.5913 6.9386807554 21.611085487 0.58297209011
-117.11 46.485 -0.00127703739097 -0.00269043038082 -0.00394680285195 0.00262178179652 4.12724 4.07724 -4.45332587159 -16.1408022886 2.88886414482
-116.209 46.3559 0.00234868846323 -0.000365956219192 -0.00179095361856 0.000978169976474 4.12509 4.27994 -1.81008611164 20.5770265197 0.0379228862972
-114.188 46.4423 0.00237033829151 -0.00171427093765 -0.0012321641326 -0.00229487898468 4.13179 4.13863 0.801054011865 20.3905562521 1.55959447025
-113.493 46.4162 0.00175391659384 -0.00177502003788 0.00180508965954 -0.00426651578524 4.26623 4.21746 8.50788496561 17.0806586739 1.9106900275
-112.641 46.4246 0.000830824772127 0.000585059795966 0.0042347667807 0.0010999803089 3.72829 3.73576 7.29904547467 7.1012523776 -0.523795269736
-120.728 40.6183 -0.000225126792233 0.00442100845226 0.00106601668281 0.00157313367873 4.46313 4.28298 -0.948971190721 5.26888672741 -4.29682639321
-123.559 45.9306 -0.00091945379532 0.000733761021299 0.00500497659957 -0.000969331220203 4.35899 4.31913 10.1545376742 -8.11292292557 -0.7007068077
-122.419 45.9325 -0.00353927884617 8.59696301066e-05 0.00656374867338 -0.00412603432163 4.64912 4.66194 32.9824613698 -30.1045125099 -1.39013162298
-121.459 45.8839 -0.0045822804206 -0.00278741705456 0.00402164946815 0.00635380256618 4.14942 4.17967 32.6818915113 -28.8528864764 0.848223446332
-120.782 45.7664 -0.00489032226733 -0.00660059037878 0.000119298463963 0.00637830303961 3.99606 4.2288 14.428583198 -39.3205267239 6.1953681209
-119.928 45.8951 -0.00142685187995 -0.00162945179962 -0.00557298546538 0.00712525068234 3.50271 3.69318 0.851110249437 -14.8868602989 1.81956795456
-118.777 45.7971 0.0077557409271 0.000860948700661 0.00198900559835 0.00256585521898 4.72311 4.94933 0.00111564473598 70.2358022331 -1.96662886514
-117.909 45.7087 0.00315753255679 -0.000268030318601 0.000409459905726 -0.00105136446738 4.55845 4.32392 -1.10398140526 27.6904951795 -0.210125127783
-117.228 45.9734 4.49822682715e-05 -0.00141560872371 -0.00500988275271 0.000532920246253 4.28972 4.18104 -6.67506117831 -2.6172265206 1.36497011688
-116.155 45.8883 -0.00126348697247 -0.00351031919115 0.000134618946411 -0.00307424472949 5.24032 5.17038 2.05072229743 -13.5566919278 3.590688356
-115.255 45.7565 -0.00186996959925 -0.000896876880451 0.0043438193167 -0.0132542734808 5.27891 5.34252 15.8044556225 -15.0335618664 0.542709933796
-114.332 45.7893 0.0026866806762 0.000178087519449 -0.00188769728166 -0.00140404414934 4.0763 4.09481 1.82183497634 24.1382849243 -0.30739898666
-113.37 45.8122 0.00165709680925 -0.00026146110495 -0.000226396233742 -0.000728289863278 4.1119 4.06884 2.225377431 14.7836875327 0.216233695177
-112.493 45.8409 0.000718262231905 -0.00154806853543 0.00196391241622 8.834816877e-05 3.94046 3.91383 2.90825255147 6.40130482324 1.54619861652
-122.478 45.2059 -0.00097426496691 0.000372570355332 0.00820305132368 0.00191064414584 4.28115 4.2326 25.529279125 -9.31308306882 -0.600244702796
-121.317 45.2422 -0.000861236794406 -0.00267523520718 0.0050770333549 -0.000756649578366 4.06713 3.92422 34.7149586061 2.85610812829 2.08232641883
-120.635 45.2357 -0.00343313396574 -0.00324949534238 -0.00158646793003 -0.00641757458997 4.89075 4.62425 10.4210095135 -30.4724339395 3.2126998866
-119.669 45.2664 -0.00595105372738 -0.00189966075292 0.00342189473062 -0.00440713888208 4.56333 4.81492 7.67168596311 -53.6930334511 2.03844373096
-118.96 45.2904 0.00929233639623 0.00227190582215 -0.00433953718086 -0.00960186037392 5.3456 6.19476 -25.4036062438 80.4249904834 -7.06065314026
-117.78 45.2781 0.00344341473108 0.00179033105364 0.000838968725721 0.00116318762402 4.31748 4.17125 -1.65380878965 32.9219767837 -2.31277180498
-117.12 45.2925 0.000960539645561 0.000877900012465 -0.00163204725226 -0.00277921257857 4.66859 4.43 -2.88546179416 9.78929932112 -1.02846378379
-116.268 45.3997 -0.00109070222233 0.000177502578603 0.00407712715975 -0.00401527067099 4.91879 4.69963 4.93898407952 -9.71073394084 -0.153494593659
-114.233 45.0931 0.00184642984575 -0.000807937797268 -0.00195199099195 0.00106928498589 3.82975 3.86721 3.07452544427 16.2264695502 0.761331367762
-113.46 45.2432 0.00337853055022 -4.51112098195e-05 0.00153694164983 0.000558565734529 3.82755 3.83166 6.31436046827 30.060850186 0.189279540958
-112.489 45.166 0.000763779009261 -0.000312437212704 -0.000195273691581 -0.00167086021527 3.94476 3.90748 0.313288440403 6.64719914165 0.275477364148
-124 44.6764 0.000300030799817 0.00264225432901 0.00461247578979 0.000553445597065 3.80198 3.80239 12.6008366404 2.68227411057 -2.6421870433
-123.292 44.6765 0.000475013126051 0.00272463864268 0.00141276521912 0.000847358219455 4.16564 4.13654 26.0206170237 -1.77846155947 -2.52856200608
-122.186 44.6837 0.000337200596171 0.000601729902949 0.00402415162354 0.0010847488838 4.32193 4.24053 30.6211004806 1.04263965892 -0.454482751716
-121.227 44.6473 -0.00127973563217 -0.00090228758217 0.00978438174079 6.71879793914e-05 4.1189 4.00372 30.4808414356 -7.93268653796 0.405801889197
-120.335 44.7344 -0.00473466162174 -0.000112731665586 -0.00109478989932 -0.00436144630406 4.69664 4.76176 10.0865077688 -42.1662415298 0.0706243674829
-119.565 44.5913 -0.000270831008816 0.000693429421054 -0.0052965999052 -0.00314590121762 4.13751 4.17258 -7.92317167239 -0.514883204824 -0.585007363126
-118.67 44.5191 0.000702788945694 -0.000749393694258 6.08141972849e-05 0.00670208235871 3.38532 3.39455 -3.02843919976 4.8157510685 0.598084709069
-117.664 44.6653 0.00258306690058 0.0037393716161 -0.000103861151334 -0.00414541126573 4.6282 4.68789 -0.589376245428 27.2822213824 -4.06106369809
-116.747 44.589 -0.000627769728874 0.00444010382239 -0.000285276990695 -0.00350070115146 4.94319 4.9275 0.608091445255 -1.41550386849 -4.35008640309
-116.013 44.7035 -0.00247642725231 0.00426326251087 0.00377833138456 0.000852665415153 4.52006 4.54364 6.06194853251 -21.9782645614 -4.2659806868
-114.855 44.5494 0.00276348800189 -0.000549371222395 -0.00264551802515 0.00383742899658 3.69422 3.7143 1.53510782139 24.0659148574 0.379449971338
-114.255 44.5642 0.00244671853875 -0.000965733773749 0.00247917467686 0.00051882264906 3.79894 3.7874 4.21012056423 21.5553723541 0.951716505285
-121.551 36.3887 -0.00238519468265 -0.0019668705431 -0.000393843530414 -0.00412921978843 4.17844 4.08468 -3.28504966168 -22.4080704959 2.49344493665
-121.461 40.8161 0.00258941873501 0.00306968479201 0.00132278237059 0.00479838646155 3.70506 3.66906 1.03603453053 26.0472526797 -3.45917102796
-119.023 36.6801 0.000774768493623 0.000500419912267 0.00708963989079 -0.00270995246059 4.03013 4.00817 7.20310535027 6.31300085826 -0.521776572021
-123.83 44.0035 -0.000573101229931 0.00395769625972 0.00498645192377 -0.00920535089732 3.91275 4.2121 19.1494037473 -9.14176084724 -3.99748541709
-123.278 43.9726 0.00179638038832 0.00543576034125 0.0037210360765 -0.0223099350969 4.21856 4.48085 46.178995751 -13.8832387556 -3.48958285224
-122.411 43.7941 0.00198046393675 0.00272651794868 0.00291255610527 -0.00218469223062 4.82193 4.78067 27.8091267444 9.94013043193 -2.05217104878
-121.268 44.1626 -0.00123355525073 0.00101208890194 0.011470726871 -0.000609422334641 4.16416 4.04241 24.2113034531 -12.7555934693 -1.27792437945
-120.211 43.9437 -0.00620244642821 0.00115061598368 0.00314606312501 0.00186254402127 4.20491 4.33297 19.2512209433 -55.6328883596 -2.18471046299
-119.504 44.082 0.00213878014326 0.00401489478339 -0.00766495510389 0.00885703867895 3.11211 3.1843 -10.1021256309 29.3905820636 -4.49262754567
-118.569 43.9104 0.00202600889273 0.000111271820721 -0.00459230026909 -0.0012672599664 3.75258 3.82408 -8.12508806436 17.3814890407 -0.67426655087
-117.741 43.9733 0.000982564710469 -0.000802437010146 0.00439334658783 0.00376190521924 3.47179 3.51914 9.05403253139 8.83451762878 0.829609766441
-116.803 44.086 0.00253968612194 0.00235137862361 0.00142926134585 0.00297552843518 3.66323 3.73425 4.21216523775 23.2077837606 -2.4580852412
-115.958 43.9121 0.00200996924481 0.000808101564623 -0.00239235427483 0.00111331113017 3.81385 3.80687 -1.80740405728 18.4249259138 -1.07263398071
-114.117 43.9146 0.00122615365033 -0.000603258474857 0.00172316532714 0.00023225506721 3.73109 3.7306 2.0332417717 10.5070311452 0.55138860507
-123.575 43.3654 -0.00527398692551 -0.00514123499527 0.0417246409335 0.0396518423156 1.66977 1.67477 30.5603737735 -29.9151316299 3.2286508001
-122.965 43.3717 -0.000147129288907 0.00159582911242 -0.0293885030979 0.00838532459808 3.17378 3.26914 -14.3441349529 5.02221725617 -1.36788795711
-122.109 43.2406 0.00434874739941 0.00440877130657 0.0066578538196 -0.00505705268014 5.32392 5.55519 19.0424841906 32.4238214362 -3.76471569146
-121.236 43.2843 -0.00135909754416 0.00229175409157 0.00498162895165 0.00103637185773 4.42599 4.27775 21.9159308005 -15.6873892988 -2.51745318056
-120.153 43.2515 -0.00539622887622 0.000545673162099 0.00165323120249 0.00453882600728 3.98997 4.01709 13.2516875658 -47.3921038758 -0.900113173172
-119.311 43.3736 0.000653808077432 -0.00148689408104 -0.00553376170223 -0.0255247159663 8.50849 9.90426 -26.2368815548 -2.77675770306 0.842792421856
-118.474 43.358 0.00308768178097 -0.00110025658376 0.00105075625808 -0.000686369258802 3.84714 3.82387 -0.993353995704 25.1158915457 0.599734238911
-117.754 43.3471 0.000406887722596 -0.00161901913982 -0.00344343966974 -1.99133976143e-05 3.67989 3.66362 -2.66683027947 1.00648888781 1.52203887695
-116.767 43.4275 0.00134327177053 0.00108816201296 0.00286951940852 0.00251138009464 3.16062 3.20322 8.3646829532 11.4300723216 -1.0475768576
-115.828 43.4151 0.00304895852757 0.00229120846516 -0.000981967420476 -0.00133662268246 3.77377 3.78926 1.25090539582 28.0915249712 -2.52935267501
-115.098 43.25 0.00255541563652 0.000270128125975 -0.00117908983974 5.54074799633e-05 3.72238 3.72122 0.353180442581 22.3267994549 -0.48793708906
-114.174 43.3979 0.000920859576993 -0.000620402734212 0.00124463142563 -0.000650956670446 3.82036 3.78401 1.36564372566 7.7057645591 0.569307330124
-124.469 42.8088 0.00229399763115 -0.000210591251366 -0.0156282738263 0.00497370715264 3.18401 3.14322 -19.9558768911 15.8546186199 -1.0729219105
-123.49 42.7667 -0.00154066910607 -0.000530244280394 -0.00935041524877 -0.00386001062807 3.65104 3.56229 -13.1333391106 -14.1548389213 1.13941555941
-121.731 42.6133 0.00234561044527 0.00623576557316 0.000935664803405 -0.00250092263361 4.93719 5.2712 2.04331904754 28.4170528962 -6.52022033529
-120.893 42.7258 -0.000166485051216 0.00171304696469 0.00361883360631 0.00152966865007 4.43932 4.25381 16.7322735452 -3.15727403792 -1.72081432368
-120.251 42.7991 -0.00444001674151 0.00186655900223 0.00137598925458 -0.00231922325455 4.43063 4.38833 12.4539392245 -39.373390882 -2.0875854947
-119.247 42.6912 -0.00170984374352 0.000181152378699 -0.00110393484111 0.0146700167304 3.54061 3.58581 4.24118631386 -14.6555575134 -0.0465067384637
-118.486 42.7308 0.00314835565238 0.000126948598827 -0.000555898063993 -0.00146891192399 3.94678 3.91424 -3.56692418036 26.9396834729 -0.761259325362
-117.725 42.6996 0.000352814689815 -1.40125323084e-05 -0.00650358544017 -0.00186425855119 3.91504 3.85583 -7.91824122513 2.91136908317 -0.0801241114893
-116.87 42.7779 0.0018505419282 -0.00218279171148 0.0109755306042 -0.00394094625025 4.07553 4.14874 15.3330017796 18.6511864374 2.43436703097
-116.032 42.7713 0.00254064976877 0.000630691972501 -0.00295065801225 0.00116370170935 3.24952 3.3149 5.11011647626 22.0507020056 -0.672547157669
-114.903 42.636 0.00372946899126 0.00136493616066 -0.00113474198997 -0.00132122824248 3.77694 3.77026 1.40259846434 32.8456206734 -1.60342197869
-114.084 42.6493 0.00128482798253 0.000300877763446 0.000819828419025 0.000313856934554 3.71298 3.65718 3.36184930757 11.1173715922 -0.324687522997
-113.176 42.5452 -7.99929227609e-06 8.47369705206e-05 0.00184854330547 -0.000115153007513 3.80748 3.78065 2.60573519129 -0.0552976560721 -0.0845744429558
-123.602 42.156 -0.0047396192714 0.00550035256773 0.0194257858421 -0.0670047708907 12.7152 13.1305 164.965284758 14.5490803841 2.7021593581
-121.891 42.175 0.00111342189884 -0.000855107009639 -0.010592876085 0.00565825762571 3.11158 3.20795 -6.37794383059 6.99125255071 0.48463042337
-120.834 42.0472 0.000735429177849 0.000867187711877 0.00850116239443 -0.00113751870744 4.68959 4.62679 13.1305612047 5.93332376502 -0.826835025113
-119.34 42.0187 -0.00369749677247 0.000378114571176 0.00751883168854 -0.0233612262139 6.75337 7.82425 61.8312142647 -21.7303268292 -3.18024587896
-118.344 42.1901 0.00300249659713 0.00187886455287 0.00151645524308 0.000559003283208 3.84096 3.85826 1.74450353111 27.4424615698 -2.19503039605
-117.667 42.0192 0.00155902605866 0.000768117006698 -0.00237122557287 0.00116484796192 3.90667 3.85623 -7.38206690447 14.6136686602 -1.14145357342
-116.471 42.0773 -0.000615412184315 -0.00266589171137 -0.00312332117912 0.00228345401856 3.59183 3.61285 -5.17089506398 -9.76689776793 2.73519999233
-115.754 42.1669 -6.19308410921e-05 -0.00444895690374 0.00169441804579 0.00187456482156 3.23818 3.31068 7.75701075274 0.747487586162 4.44438420437
-115.016 42.146 0.00455052428444 0.000838206226612 -0.000569298603529 0.00289042664776 3.35059 3.43419 5.64972381602 38.9317173026 -0.803894546271
-113.944 42.0886 0.0013456210112 0.00050768598552 0.00138222396884 0.000599872535958 3.66315 3.64017 4.18716571139 11.5201885735 -0.510780835302
-120.74 38.7552 -0.00748832636289 -0.00127967580219 0.00989424553906 -0.00637765522804 6.39126 6.36289 15.9872277595 -60.4541842375 0.511192912121
-124.122 41.8473 -0.00205724178673 0.00228973389819 0.0210277111424 -0.0209404899013 6.74107 6.89014 26.0311092213 -21.8623501329 -2.69963210207
-122.854 41.392 0.000317781256562 0.000303008989998 0.00598342085788 -0.0104541206845 4.95082 5.27193 8.41452967631 2.87504898099 -0.321157370182
-122.122 41.2742 0.00395945003376 0.000195756998371 -0.00191744615746 -0.00104001653503 4.04507 4.17818 -2.36501316469 33.3279522975 -1.11778469689
-121.839 41.7826 0.00272762166403 -0.00168831925198 -0.00895106165875 -0.00416869974299 3.81841 3.77133 -7.3678674163 17.7291969675 0.746814605943
-121.146 41.3593 0.00120266400983 0.000971779769457 -0.00264789272783 -0.0051762773163 4.55675 4.44989 -3.96089495807 12.0195753663 -1.23919322579
-120.477 41.2047 -0.00186736896243 0.000538152636789 0.00194014301553 -0.00318467947551 4.70938 4.60423 1.51739617233 -15.0876513152 -0.262929330886
-119.171 41.3884 -0.00234713734749 -0.0022838186163 -0.00318035284637 0.0131913346136 3.10427 3.12846 6.45662707534 -20.7655060103 2.37477182468
-118.379 41.4483 0.00338922217612 0.000582009883701 -0.00516689390624 0.00130557888025 3.5439 3.55397 6.12884508462 29.0367163727 -0.695715138132
-117.45 41.423 0.00318196745953 -0.00113445256798 0.0113072585059 -0.00328195556846 4.09385 4.01877 13.6866125613 27.9861126029 1.48247640332
-116.54 41.522 0.00242841331253 -0.000865692755586 -0.00802506640111 -0.00147638828397 3.78659 3.73847 -13.6134094339 16.8722676848 -0.0227239769397
-115.791 41.4311 -0.000212136972898 -0.00170060258745 -0.00096738764447 -0.00121759185371 3.98675 3.90669 -1.20399313915 -3.5713509458 1.71378262344
-114.915 41.4157 -0.00158289786268 -0.00167813690616 0.00144909572295 0.000560850579629 3.489 3.55779 11.1879621566 -11.8597849766 1.50229588166
-114.165 41.3602 0.00206782230421 -0.000761449339426 -0.000217493041123 -0.000170527219168 3.76475 3.80644 5.87369938859 17.6717339969 0.810159238385
-113.347 41.503 -0.000543325217769 0.000135191140951 0.00175503830873 0.000438166158585 3.71199 3.6987 6.40573166648 -4.6573142406 -0.159508982972
-112.448 41.4632 -0.00112508572497 0.000718257761521 0.00384353462818 0.00193910158782 3.54682 3.56837 5.77303337016 -9.81359392443 -0.770573976169
-123.306 40.822 -0.00292537328442 -0.00523291557442 -0.0063530494165 0.0131663124164 5.16595 5.49976 -4.1216623497 -36.4704018863 5.84376726149
-119.835 40.7484 -0.00193037831072 -0.000510105198426 -0.00582233778821 0.00647966489807 3.14916 3.15336 -3.67751165435 -16.8921621737 0.930578591942
-118.971 40.7797 -0.000660581170601 -0.000473234061118 0.00509269245352 -0.00241552604963 3.73144 3.76728 13.0156724913 -5.25976969825 0.420678889232
-118.134 40.7811 0.00153034099381 0.00219712413153 -0.00524155643491 0.000978233659273 3.68728 3.79565 4.69433293562 13.9355216946 -2.27860083805
-117.524 40.852 0.00189122152835 0.00163048571503 0.0133949429666 -0.000955638325085 3.69589 3.71411 22.5457022123 11.8102604087 -1.07811055688
-116.508 40.7186 0.00255171717017 0.00067565503827 -0.00528597522491 -0.00149510689303 4.10976 4.03465 -8.32660123368 22.232824144 -1.30644982304
-115.736 40.8167 0.000715919710757 0.000870383948385 -0.00361906941572 -0.00225074604378 4.19324 4.10965 -6.95083197478 7.50821155363 -1.00741670907
-115.039 40.8522 0.000117458907434 -0.00130942651436 0.00198501246831 -0.0014818708472 3.98354 3.96836 6.85938976005 1.29591178756 1.31218629719
-114.204 40.8556 0.000641224158196 -0.000348752749341 0.00298559148369 -0.00101619174129 3.88547 3.8826 8.3753994666 5.58183375442 0.3906374072
-113.187 40.8513 -0.000953019524759 0.000308651050645 -0.00294342558464 -0.000528154345735 3.76074 3.73972 -1.08078608762 -7.77276557586 -0.228132043735
-112.52 40.8903 -0.00117818283222 -0.000713670814377 0.00200057462778 0.00466917766607 3.40011 3.40408 1.20093223891 -10.1095003352 0.75304739622
-123.82 40.1398 0.000279708090997 -0.00184492712141 -0.0044370089601 0.0068550678263 3.60297 3.58138 -2.7548255433 -1.86399409506 1.70440987707
-122.788 40.1767 0.000465783009515 -0.00260705976413 0.00397740570425 -0.0123490324298 6.24134 6.24582 -0.0980680188032 -0.685730787833 2.45522646952
-122.032 39.9971 -0.00216205449702 -0.0032043261118 -0.00406887884601 -0.00638420117514 4.64332 4.65084 -10.5973234558 -26.8973997308 3.77759344752
-121.086 40.32 0.00218900021587 0.00478427954162 -0.00131717882796 0.00718396531092 4.16997 4.53991 -3.85451314566 27.8128352617 -5.17536515264
-120.918 39.962 -0.00385983201564 -0.00184540779352 -0.00284980899424 -0.00889521529717 9.38113 12.0528 -64.4115936869 -23.514534055 4.21063806258
-119.827 40.165 0.00102273348695 0.000908608473186 -0.00522144875508 0.00402808145094 3.53557 3.53325 -2.66954397703 9.98950589581 -1.10121500724
-118.155 40.2903 0.00220120837129 -0.000703679682638 0.00983585840108 -0.00384786402623 4.38914 4.5126 17.1240510694 19.1820525385 1.04710075103
-117.19 40.1697 0.00353712324772 0.00112000749309 0.000232679829137 0.00532298376139 3.43263 3.46 2.44395254511 30.2652223444 -1.40343366908
-116.5 40.2917 0.00252137875847 0.00165341724184 -0.00300421276779 0.00173928535319 3.57547 3.55872 -4.32274161771 23.344687888 -2.0979790622
-115.657 40.1313 0.00104754678964 0.000176155658052 -0.00146722916095 0.000436652632278 3.87525 3.85199 -1.12945520024 8.86066739048 -0.301359166815
-114.745 40.2679 -0.000139939057237 -0.000368604390885 0.00220899952194 0.000147321096646 3.94774 3.93897 5.34378027497 -1.1528013871 0.367837445996
-113.981 40.1314 0.000485444606133 -0.00023861707132 0.00216936347146 0.000659470190476 3.7434 3.73975 4.9108975967 4.06534300416 0.24304581269
-123.338 39.469 0.00076995452278 -0.0010808977273 0.000739827821772 -0.00893443638793 4.44748 4.40143 -2.09896076192 4.00084155068 0.855796527007
-120.608 39.3028 -0.00600885947441 -0.00151648628409 0.00214767303978 -0.00573985565658 5.90219 6.05885 -9.54927719434 -51.316998145 3.44063592265
-119.898 39.6785 0.000328713705856 0.00217163269929 -0.00282269551702 -0.00151287988448 4.05779 4.08752 -4.44830187991 7.00312026584 -2.18719482056
-118.889 39.5399 -0.000951900566458 -0.000359419298124 0.00448235758065 0.00249145744595 3.49274 3.55324 8.60626173617 -7.91667734468 0.358567502204
-118.08 39.6946 0.00188114946166 7.54488150017e-06 0.000888486673428 0.00149061168832 3.95281 3.97353 4.13031373712 15.6343365242 -0.130125715752
-117.14 39.5516 0.0044728157976 0.00135235157387 -0.00137371087048 0.000657193831426 3.644 3.72244 0.99030682948 38.1068980455 -1.81906962873
-116.464 39.6202 0.00335669217903 0.000703546194767 0.000973475453821 0.00217137170414 3.62897 3.6426 3.22647623912 28.1522877952 -0.894305529036
-115.754 39.553 0.00166828368989 -0.000277851723026 -0.000673026355122 0.00121367912937 3.76664 3.7445 1.32559476228 13.5971704737 0.143797310142
-114.908 39.4731 0.000708910162798 -0.00109738057216 -0.0011311067315 0.00108030198853 3.70323 3.68715 2.30162521209 5.39900095535 1.06029090946
-114.016 39.455 0.000418088526656 -1.39083034831e-05 0.00406363905817 0.000549215524518 3.77657 3.77349 5.89021971607 3.45634208127 0.024550599437
-122.015 38.6333 -0.00450581310642 -0.000876981534186 -0.00154553151107 0.011546833722 3.21877 3.27315 0.762315580498 -37.9461396414 1.68055938539
-121.377 38.839 -0.000133919360169 0.00033284190171 -0.00693417008769 -0.00318323748041 4.35121 4.06217 -6.59885823292 -0.240251777651 -0.278047788051
-118.808 38.9383 8.78311170057e-06 -0.00238819377415 0.00543702232393 -0.00168856396235 3.97191 4.03384 5.29426147338 -1.0335322278 2.38393812046
-117.932 38.8606 0.00553318816619 0.000750864365466 -0.00418264122489 -0.00148320676643 4.05464 4.18672 -3.94694197197 45.8613442886 -1.85915649769
-117.182 38.834 0.00183126154267 -0.00178189723525 -0.00157569151434 0.000402982876342 4.01854 4.0296 2.36826620593 13.7855122633 1.62341991699
-116.4 38.8247 -0.00011752576154 -0.00160816843922 0.00672647808628 -0.00303218352151 4.23353 4.22252 13.0298216591 0.548778145805 1.58423996461
-115.654 38.8455 0.00241379865341 2.62125413341e-05 -0.00455148131902 -0.00188843405708 4.04063 4.00639 -3.70858279826 19.5736301152 -0.426259581794
-114.83 39.04 -0.000438801241694 -0.000585911777301 0.000647378242827 -0.000116495928261 3.91953 3.89782 3.3408645857 -3.7570123006 0.599348064407
-114.02 38.9551 0.000120200576192 3.3146958131e-05 0.00376234197445 0.000226568660068 3.80021 3.80706 7.311602603 0.971698705345 -0.0270962798205
-120.936 38.2571 -0.00116799347081 0.00281253698777 0.013514094367 -1.62229829309e-05 4.28327 4.31279 15.65389231 -11.6843638915 -2.90863544878
-120.076 38.7028 -0.000462726233636 -0.00150886808273 -0.0149282742326 0.00102773361533 3.57174 3.73222 -9.25798275512 -7.6288528181 1.57744784785
-119.451 38.5226 0.00233957903303 0.000697465369777 0.0129135098525 -0.0331311832646 8.41487 8.42652 17.4508233766 18.1805491984 -0.349145644511
-119.047 38.089 -0.000484422868505 -0.00127895416649 -0.00501850665303 0.0026886664869 3.74057 3.72963 -2.56574014632 -5.92567810842 1.34914750965
-118.106 38.3489 -0.00114946260945 -0.00125193444365 -0.000379485285763 0.000830560181194 3.80924 3.80643 8.11616334176 -9.37019417456 1.24843461635
-117.072 38.2397 0.00315187932332 -0.000391679080793 0.00235066302438 -0.00236459362518 4.3859 4.34734 6.91857630641 25.695467346 0.383512888627
-116.302 38.2886 0.0036247149071 0.00044630959565 0.000546639531343 0.00357908090508 3.62221 3.62841 1.89336262785 29.7454681775 -0.730364716044
-115.585 38.3489 0.00226317114524 0.0012559401995 -0.00237273843247 -0.00127075937925 3.98787 3.96856 -2.22986630484 19.699589272 -1.55965877496
-114.608 38.3281 0.000303177935673 0.000289808996595 -3.689547231e-05 -0.0019219148008 4.00509 3.9696 1.31026173584 2.61382199222 -0.308530497311
-113.021 38.2987 0.000583683554931 -0.000447942346089 0.00322133884431 0.000136228785545 3.82366 3.80928 3.27386534221 4.72334340466 0.444551316741
-121.328 37.5049 -0.00795914967798 -0.00106392920163 -0.00835186097837 0.00414325578176 3.36694 3.53981 -10.0687679208 -63.5869523383 3.81819705895
-120.33 37.346 0.0038288659841 0.0031601735815 0.00283576079942 0.00746271503461 3.36387 3.46868 14.0390558911 29.0701836193 -2.87373715862
-119.849 37.8817 0.000973465345453 -0.00101413082914 0.000985374679536 0.000366961747254 3.99576 3.96173 4.23858916703 7.15245240004 0.921703259733
-118.171 37.4993 -0.000539595874379 -0.000237021394054 -0.00303602013432 0.00223086408379 3.64633 3.63212 0.822097266373 -4.5694195153 0.302877916289
-117.225 37.7243 0.00556594355696 0.00268322828837 0.00788347024478 0.000191387055255 4.18792 4.21669 13.4438382719 42.4606586049 -2.06368777519
-116.595 37.923 -0.000395020487235 0.00131524431074 0.00150090680443 -0.00715385971142 4.63411 4.40834 6.81950267374 -3.23312551344 -1.31625689481
-115.747 37.6444 0.00219084660477 0.000530355346569 -0.00133076856863 0.00214152670607 3.61875 3.64759 2.14199231507 17.9395171344 -0.674948657942
-114.849 37.6083 0.000871877148225 0.000588294836205 0.000284113059501 0.00090815142268 3.70716 3.66639 3.09832225332 7.19966819338 -0.619710282597
-113.86 37.5808 0.00125469054158 0.000172545641638 -0.000959923173241 -0.000612251885632 3.75298 3.74799 1.56286502368 10.1610344793 -0.233155950363
-113.168 37.7601 0.000642251765966 0.000354227974871 0.0027757147926 0.000166668921374 3.70017 3.68554 3.23863814718 5.20777951999 -0.359867775345
-121.786 39.2291 -0.00109746884623 0.000409256176045 -0.00329158040892 -0.00994855312546 4.98314 4.99193 -5.95619443951 -7.74824547674 -0.0713782545857
-120.674 36.8953 -8.48190028449e-05 -0.00115419318791 -0.00587209738814 0.00392984426149 3.66933 3.76708 -6.37747733392 -3.30599525721 1.13046203787
-119.709 37.0069 0.00323608574182 0.00108176591972 0.00851082503603 0.00248425550995 3.78391 3.84199 13.7332588185 25.3208475607 -0.832141652953
-115.22 37.2408 0.00132094556825 4.02035830219e-05 -0.000563533083658 0.000948808019749 3.74079 3.74332 2.34703024006 10.6048203845 -0.113210944054
-114.715 36.7256 0.000495063192107 -0.000456059867774 -0.000945884306716 0.000564298803612 3.67394 3.66322 -0.848852766597 3.54592916113 0.402304659421
-113.907 37.0195 0.000284613975661 -0.000179575726618 0.000201018005242 0.00116570337537 3.54458 3.57348 3.33622566553 2.24784553718 0.17428595672
-113.084 37.0615 0.000931318475757 0.00050729573597 0.0015996341192 2.90862111217e-05 3.66438 3.68234 4.61998181817 7.37586586611 -0.492031136161
-112.382 37.0183 0.000749548271471 -8.89339178453e-06 -0.00119063835483 0.00165357920223 3.65037 3.65501 -0.33448041592 5.96912229083 -0.0357644846762
-120.783 36.3627 -0.00910500391366 -0.00294146708433 -0.00336315440177 -0.0115103101947 6.09503 7.54539 -23.3900808626 -73.644773709 7.49944960951
-120.12 36.3356 0.00113945858136 -0.00111007251842 0.000659710374515 -0.00488199458168 4.2937 4.85646 0.527166121077 7.56070103698 0.913073047212
-116.33 36.4193 0.00116060162454 -0.000480800444919 0.00428364275347 -0.00205105955748 4.01549 4.00911 4.84301873671 9.10859282871 0.447039735627
-115.383 36.423 0.00103271984798 -0.000424808769182 -0.00233154846071 -0.0018789699902 4.01734 3.97927 -4.39473489407 7.48108926845 0.237506824899
-114.539 36.4321 0.000192813220023 -0.000342586113245 -0.00137750839292 -0.000369991572414 3.88086 3.8618 -4.0660355151 1.08435503612 0.308111801294
-113.965 36.4151 0.000397494094377 -0.000782974575418 -3.68714208317e-07 0.00085829012327 3.62405 3.63604 2.33273603256 2.91788167255 0.767672868434
-113.18 36.4182 0.000558155080575 -0.00110552709697 0.0029289970994 0.00114579225339 3.62199 3.63823 5.21333119904 4.6386383354 1.11912421899
-121.236 36.0214 -0.00286784453318 -0.00109728383402 0.00422958959696 -0.000514714433312 4.15827 4.09849 3.58467362725 -23.7633603999 1.44496307343
-120.87 35.636 -0.00304723619441 -0.000650730352452 0.00661891960525 -0.000899288241177 4.13876 4.22296 7.97742103585 -24.3358137454 0.780585796962
-119.903 35.8667 0.00198068551991 -0.00290542520638 0.000265029245817 -0.000984491380372 3.86058 3.89425 0.0865897984056 11.687853233 2.53844188981
-115.43 35.8384 0.000677485885691 0.000514644801727 -0.00201932966937 -0.000808019927996 3.82589 3.83816 -2.27397589239 5.84763475487 -0.604122564961
-114.851 35.7266 0.00108994708537 0.000504195432308 -0.00197999469764 -0.00260177712152 3.98714 3.93105 -4.94938707136 9.12925803163 -0.689177912236
-113.984 35.8522 0.00103560024713 -0.000861157436563 -0.000985888313937 -0.00130918555585 3.98248 3.96893 -1.46009775757 7.39762650766 0.749126292102
-113.105 35.6339 0.000211655417001 -0.000595966023174 0.00174670446184 -0.00113198393496 3.88388 3.86186 3.29427216358 1.62213638162 0.594320322293
-114.87 35.301 0.00102676746016 0.000468573327226 -0.00280830679335 0.00311967289873 3.52027 3.5024 -2.97457524388 8.46099500968 -0.611100447477
-113.885 35.099 0.000888233574018 -0.000408653464427 0.000181814035163 -7.06932974145e-05 3.86244 3.83585 0.478017692457 6.67492429823 0.346512188983
-113.083 35.2127 -4.10741267296e-06 0.000245570009936 0.00114727376348 0.000401531101175 3.87234 3.82191 3.739972359 -0.0324849183052 -0.245571074888
-112.267 35.1787 -0.000526410225005 0.000108043489598 0.000899779444412 -0.00243911150332 4.03326 4.0316 2.42460091401 -4.08610901185 -0.10262271038
-113.83 34.5935 0.000524532466407 4.72813937837e-05 -0.000131116057604 0.000275919553257 3.88775 3.8675 0.55715205694 4.06658071004 -0.0822657398797
-112.891 34.4692 -0.000645996845003 -0.000535145078668 0.0015050542947 0.00157525985435 3.70988 3.68103 5.14399518953 -4.86177768576 0.517245062665
-112.237 34.4866 -0.0014955302463 -1.23903713871e-05 -0.00011177089224 0.00120243909999 3.71372 3.72127 4.67605227947 -11.5112060777 -0.031330787407
-111.441 34.4178 -0.000247905409496 -6.42521048797e-06 -0.00111001797313 0.000623261481806 3.70642 3.74264 6.48750308269 -1.89800962535 -0.0116768672287
-109.95 34.5293 0.00143496223497 1.68175638233e-06 0.00382943841621 0.000537448694033 3.69281 3.71314 10.331316334 10.9001993537 0.231158153835
-109.29 34.4275 0.000751592659244 -0.000117588172375 0.000237291553241 0.000711685434207 3.8072 3.79812 2.20810420934 5.80340012881 0.141048276428
-114.524 33.7503 0.00126965561442 0.00011153398205 -0.00163135644972 -0.00203988205306 3.92646 3.86273 -1.87705566936 9.72657522844 -0.263368628682
-113.829 33.8142 0.0018529991004 0.000172159649804 0.000434429995673 -0.000589224655449 3.8932 3.83948 0.283715583766 14.2098610469 -0.305206167574
-113.005 33.9383 -0.000391272394077 -0.000295185214563 -0.000702665472278 -0.000810464842611 3.95486 3.8872 0.438628292874 -3.1146060998 0.316882155955
-112.333 33.9535 -0.00157846528486 -0.000634742916117 0.000295402977884 0.00157863052377 3.67231 3.68881 4.7828741909 -11.9171851805 0.588002151662
-111.478 33.8798 -0.00039429363863 -0.000982017857965 -3.85634120397e-05 -8.64115044467e-05 3.80304 3.8021 7.88858105043 -2.27107921836 0.939335075825
-110.034 33.7776 0.000749586692898 -0.000368955584895 0.0019764916942 0.000812829446655 3.62081 3.55525 9.49278594392 6.05909566023 0.474736883326
-109.254 33.9571 0.000531487902112 0.000459278091441 0.00227036092393 -0.000366217501052 3.7864 3.76602 3.99700415808 3.82907064032 -0.424872461983
-112.946 33.3627 -4.14772707638e-05 0.000294602653921 -0.00124253647585 -0.000667235069819 3.95455 3.94917 0.678177375624 -0.198242121903 -0.292056075888
-111.427 33.341 -0.000433927301605 -0.000755764890153 8.77088097761e-05 0.000783600933078 3.7667 3.78406 7.43803432219 -2.76087977014 0.71394604787
-110.036 33.0851 0.000283255614994 -0.000644232272284 0.000930028409855 -0.000382898610948 3.83878 3.88654 9.71046262001 2.84034364713 0.679443086848
-109.266 33.2921 0.000402635780682 0.000220473700858 0.00377741358052 4.30879643831e-05 3.74158 3.74064 6.05764786221 2.86526885333 -0.179676696525
