-112.228 32.7006 -0.00429826015166 -0.00924785102173 -0.078906949819 -0.0757988120685 2.37012 4.4523 -110.738196504 -50.5128259769 0.206467394508
-111.704 32.5618 -0.000191135564583 -0.0343733357728 0.0239555529847 0.0115415070742 5.49577 -nan 162.528413204 89.5265212994 -32.3577358486
-110.739 32.5716 -0.00162850183516 -0.00167164034505 -0.00872814389153 -8.18565587549e-05 4.56712 4.43438 -18.0186342886 -15.6960564225 2.12324474029
-109.97 32.6399 -0.000348245038627 -0.000318755193042 0.00310400727846 0.00561892751512 3.8094 4.0518 3.09678744558 -2.52038623797 0.305957201055
-109.303 32.7663 -0.000227962970812 0.000495362467871 -0.00118079531849 0.00392403309674 4.08279 4.01136 -0.628125434794 -1.64149249685 -0.491064129657
-111.457 32.0022 -0.00250285200642 -0.00232357256218 0.000183668149668 -7.74840482931e-05 4.00624 2.33765 0.149360698994 -19.2311041546 2.41830253549
-110.816 31.7748 -0.0279871650993 -0.00306305116945 -0.00109886832633 -0.000622536034422 2.51062 -nan -59.3930062563 -119.628577912 25.9975832573
-110.046 31.9737 -0.00309110380615 -7.94686274724e-06 -0.00210793108752 0.00481642895188 3.91491 -nan -13.2458021398 -22.2248478482 0.773488400318
-109.259 31.9989 0.000165231010568 -0.000180672287307 0.0101580545875 0.00471861037042 3.66764 3.97559 7.83689662473 1.38900999665 0.200553721789
-109.991 31.439 -0.00197185848743 -0.00257305097416 -0.00470595824337 -0.0198027037838 6.67 -nan -22.1060164602 -20.7828790978 3.14120761441
-109.281 31.3757 0.0001259946003 -0.000302596898635 0.00220238695101 -0.0051609416595 4.39309 4.80165 0.555049185052 0.931347422349 0.30290177926
-122.707 48.7197 -0.000725987047339 -0.000432155130988 -0.00320236981766 0.000575378887962 3.99595 3.65785 5.36509482654 -7.19688252973 0.50633421977
-122.085 48.9983 -0.000329663813885 -6.55179171685e-05 -0.00980956202366 0.0128408745271 3.47389 2.98599 -2.76489164876 -3.15601341013 0.141591951143
-121.48 49.0983 -0.0129198975058 -0.00751899774711 0.0178065937645 0.0261855653546 2.71337 -nan 7.18672962152 -125.246726032 8.23442101644
-120.384 49.048 0.0653021310643 0.0161169921381 -0.116661686039 -0.060235256439 0.632378 1.12563 73.5673077868 132.142327914 51.6642733076
-119.272 48.9534 -0.00205008120732 0.0017854387926 0.00312208081865 -0.000214577642849 3.96117 1.25904 0.130152935352 -16.5114722008 -1.46357190701
-118.585 48.9752 -0.0313863865393 0.00820238754478 2.06929008609 -0.239604222058 0.639422 0.681559 -67.9327322889 3.31312514048 28.4642365323
-117.559 48.9813 0.0178153945235 -0.0111136863569 0.0264964675146 0.0134761980602 3.23827 -nan -1.35646388124 149.15530619 8.33766062838
-116.363 48.958 0.000952380274174 6.47748100236e-05 -0.0124284021471 0.00473181112206 4.44932 3.99494 2.0873409714 8.90745317387 -0.133290098356
-115.653 48.9339 0.00140454116804 0.000723250307254 0.000720684146178 0.00630300632451 3.67274 4.02377 2.80957813936 13.4117593368 -0.791676633106
-114.413 48.933 0.000886574393894 0.000207072135593 0.00271125740532 0.00439283808672 3.80637 3.96063 3.23177833822 8.30275778997 -0.228459338567
-123.504 48.0575 0.000476358976119 -0.000217428339065 0.00297093417722 0.00457113548635 3.88445 3.82639 10.600727851 4.38415194797 0.205024888715
-122.096 48.2641 -0.00125427432325 -0.000238990109705 -0.0118599151499 -0.00389957552847 4.15731 3.49108 -3.04288875766 -11.8795125549 0.534819405464
-121.484 48.5183 -0.00739123619196 -0.000165043282206 0.023005876346 -0.0111323071356 4.20283 9.41414 41.6995387156 -58.1896257731 -3.69568553908
-120.12 48.4607 -0.0077301117194 -0.00671806278575 0.130939360249 0.102038342562 1.61272 1.77236 42.1802901716 -26.5159530171 1.44760809448
-119.333 48.3584 -0.00048783672825 0.0866013318175 -0.0386591198425 0.0869679081232 0.471661 0.956501 6.40807961762 27.235033321 -86.5146023007
-118.149 48.4226 0.0149021456326 -0.00148171639588 0.0764110484643 -0.0768109434044 7.07745 -nan 95.7485007201 18.4631888486 14.9439262029
-117.225 48.2995 0.00382047494975 -0.00106085019844 -0.0184574098081 -0.00446171203006 4.81678 5.10222 -8.7946212908 31.4080134063 -0.0149463694554
-116.367 48.4366 0.000389100880249 -0.00030038380418 -0.00355860868626 -0.000563695001474 4.47415 4.24481 0.0844477595941 3.28930170713 0.256980573555
-115.589 48.4694 0.00132553445635 0.000127440693992 -0.00122044767625 -0.00462831483911 4.74938 5.31748 -0.413504366518 12.3457872645 -0.265401229577
-114.468 48.3739 0.000791697559843 -0.000431894221677 0.00286699062602 -0.00219345510454 4.44287 4.24063 4.30238346766 7.30027432508 0.426833472456
-122.173 37.1311 0.000572173091835 -8.01752062849e-05 0.00758844524535 -0.0113223879585 4.79345 7.49807 7.94233068958 4.58974954673 0.0450785499749
-124.566 47.9475 0.000315303723985 -0.000141003326269 0.00807068400483 -0.00162373376435 4.43254 4.45882 11.0096796733 2.89307114857 0.130252350405
-122.972 47.7172 -0.000152115967338 -8.04704223543e-05 0.00286794089168 0.00425641213577 3.94782 3.77054 10.4735686342 -1.42545469654 0.0835975806713
-121.689 47.6947 -0.000938942018271 -0.000250313452679 0.00162725970536 -0.00254421305067 4.7781 4.89375 5.59547359508 -8.85477452038 0.331458614974
-120.894 47.923 -0.0028106041669 -0.0035897458642 -0.00443408861114 0.010538118961 3.63544 4.64481 3.63199553953 -29.5448945917 3.87753383078
-120.061 47.6902 -0.000205773391405 -0.00673286528729 -0.000894860355528 0.0044730537683 3.13736 -nan -3.09877916167 -15.175183827 6.62045028727
-119.045 47.7849 0.000263772885741 -0.0135770548786 -0.0036229782428 0.115651251228 1.93021 4.97978 0.534505927292 -14.8289577175 13.4115945016
-118.274 47.8006 0.000285079377977 -0.00798405311081 -0.00213144919129 0.0434241158311 2.90213 5.56184 -3.60911327493 -12.000317289 7.76953652695
-117.308 47.8192 0.00222027514386 -0.000864454247156 -0.00193259343802 0.000663463008671 4.72193 4.29848 -7.66792768073 17.7699554399 0.273451527555
-114.574 47.6795 6.13832844897e-05 0.000626667865407 -0.00175437235113 -0.00293824876988 4.40523 4.12574 -0.43765896998 1.08220046331 -0.629652049919
-113.747 47.7687 -0.000898701785112 0.000563124804681 0.00304285426009 0.00339044768963 3.76652 3.70865 2.78975578232 -8.13366642697 -0.54276176749
-123.771 47.1161 -4.10366143579e-05 -0.000678486620629 -0.004295618657 -0.00388285076212 5.35648 5.5363 -4.68102387175 -2.19108854642 0.660821193392
-122.803 47.1109 -0.000241793138677 0.000728498759718 0.00896337132036 -0.00434768421074 5.01374 4.83471 19.3655180884 -3.11773734994 -0.754646047499
-121.989 47.1881 -0.00158560962119 0.000551536045527 -0.00158819107838 -0.00500014567644 4.99069 4.67663 -3.01781610966 -12.9423675317 -0.154861885573
-120.844 47.1935 -0.00146185774326 -5.39963924578e-05 -0.00596665266908 -0.000117670172488 3.58962 3.26924 -6.24959598301 -13.0322596145 0.459251598898
-119.973 47.1936 -0.000730831202285 -0.000430131269406 0.000511930766797 0.0129155113086 2.57254 1.96893 7.95043809555 -6.78968912436 0.44619296742
-118.921 47.0573 0.000927681749594 0.000149445524391 0.00399450155359 -0.0238722001065 4.49198 2.48918 -4.31876602076 8.57772377671 -0.3493524488
-118.309 47.0615 0.0026088520895 -0.000147284416319 -0.0036734339795 -0.00930378509281 3.79393 3.03431 -5.39041462386 22.90212212 -0.454290569818
-117.276 47.0547 0.000914148750715 -0.000459819672823 0.0025443145317 0.00192249673967 3.95311 3.62101 1.36620096067 7.89277016454 0.367839965586
-116.335 47.0477 -0.00040735165317 8.19542302819e-05 0.000456622711357 0.00162964844089 4.15368 4.17076 2.03535341482 -3.65048840151 -0.0519677395165
-115.353 47.0528 0.000277015862105 0.000374292784923 0.00399272758937 0.000610353407633 4.14303 4.21002 3.3136211692 2.64774955263 -0.384194035781
-114.459 47.0943 0.000601289786219 0.00170963939233 -0.00802485242969 0.00201271501413 3.68053 3.69191 -13.2064717652 9.99687394769 -1.8116776462
-113.506 47.0816 0.000833049438921 0.000204753696314 0.00409683205024 0.00137871539693 3.90755 3.9772 5.89919674117 7.51455196838 -0.175362552677
-112.52 47.0418 0.000570723070734 -6.6075386771e-05 0.00316595910703 0.0121414164387 3.16096 3.16906 4.12899706499 5.20140974159 0.0766121664048
-123.563 46.5459 -0.000966608453865 -0.000245524031538 0.00230353111995 -0.00396326163532 5.13347 5.04351 1.77520065781 -9.10794880578 0.415915310097
-122.72 46.5934 0.000607063423901 -0.000436566344944 0.000118445040881 0.00175799393479 3.90256 4.05487 0.215319586167 4.66470096097 0.309547500351
-121.761 46.5605 -0.000720343212856 0.000672266764599 0.00899775031487 0.0048737469184 3.55608 3.5766 7.8317599871 -6.25984683421 -0.635405379545
-120.979 46.5433 -0.000186730041069 0.000231195473914 -0.015068522289 -0.00171015953381 3.39347 3.42405 -29.7995662313 0.0440006689513 -0.0578031057776
-119.855 46.5585 -0.000912341329289 -0.00108352112565 0.00501320414917 -0.008533593088 4.59343 5.79252 -0.0565313902378 -9.77275448855 1.2153289917
-119.06 46.4911 -0.000103301998137 -0.00157733516532 0.00687288737249 0.00195174912844 3.68185 4.13007 16.4137054258 1.04796008395 1.5479902864
-118.146 46.5139 0.00142727185392 -0.000653627401673 -0.00643064930545 -0.00120291354991 4.04884 4.37493 -5.45059560061 11.26261838 0.311013924649
-117.11 46.485 0.00058750521546 0.000730153727481 0.00360672603149 0.000843876485658 3.73483 3.69052 7.03808714649 5.3066391321 -0.728478492522
-116.209 46.3559 0.000444130443978 -0.000543278182826 -0.00022175135071 -0.00339369572113 4.51428 4.66272 0.733603274511 3.53604994097 0.499084531194
-114.188 46.4423 0.000638325057294 -3.66416968572e-05 0.00348499341757 -0.00251822242631 4.17217 4.4517 3.05433421018 5.75913443358 0.0209942021856
-113.493 46.4162 0.00119144883186 -0.000329486196404 -0.00499806106866 -0.00264250946872 4.31896 4.38447 -12.2594731564 9.50844740037 -0.0147374825973
-112.641 46.4246 0.000615458097708 -0.000209004544546 -0.00170079589662 -0.000163341511732 3.98111 3.94097 -2.49261955849 5.3427307108 0.147201803405
-120.728 40.6183 0.00530362262047 -0.00209293587711 0.00767990011566 -0.00986977493466 5.29368 6.51285 42.0556945142 47.4500298709 4.58567971468
-123.559 45.9306 -0.000417640467862 0.000838365254575 0.00718793232983 0.0034834211336 4.24039 4.21057 7.5900495005 -3.17224624056 -0.8022046345
-122.419 45.9325 -0.00107789915473 0.00040845248015 -0.00541217782995 -0.00320253035975 4.48545 4.46895 -13.2253352334 -7.3615358791 0.0749067018813
-121.459 45.8839 -0.000705096621989 0.000858574087635 -0.000898747867445 0.00706916037964 3.57519 3.90528 -1.78830512002 -4.58567167293 -0.689308461927
-120.782 45.7664 0.00118706714777 0.00037945894997 0.00652264731024 -0.00276349569059 4.5217 4.74108 6.31261344099 10.9098503401 -0.453315353302
-119.928 45.8951 0.000578578964847 -0.000935137734784 -0.00517684841417 -0.00577867979175 5.2246 4.55419 -17.0987038801 0.940845044464 0.581844875657
-118.777 45.7971 -0.00017578250024 -0.00116817973688 0.0010363658211 -0.00206181801366 4.75 4.63442 -4.21869946623 -3.81956466223 1.17855998135
-117.909 45.7087 0.000294904615718 0.00142243748407 -0.000764939733055 -0.000149127490198 4.0496 4.12747 -3.22141306347 4.99259107634 -1.45249009254
-117.228 45.9734 0.000406224322189 -0.000283865899028 0.00310658536878 -0.00187566785352 4.36964 4.39242 4.48933527323 3.54513108008 0.265937304467
-116.155 45.8883 0.000314438508464 -0.00070365378258 -0.00116555432623 0.00241027290017 3.67953 3.6072 -2.28783561346 1.87445165638 0.650295041594
-115.255 45.7565 5.63343940141e-05 -0.000573945922259 -0.00220880275062 0.00458056891175 3.75207 3.81557 -3.59540741804 -0.30140191148 0.558202837054
-114.332 45.7893 0.000941956754299 -0.000514267905633 0.00103275401199 0.00226394864012 4.06854 4.25611 4.18519774781 8.41339215725 0.507682591327
-113.37 45.8122 0.0011169662967 -0.000654293705084 0.00166325727123 0.000659423338765 4.29456 4.40864 3.28489155193 9.9600075143 0.644499826881
-112.493 45.8409 0.000350622418339 -5.28686116201e-05 -0.00271114376971 -0.00929778755618 5.82148 5.61496 -3.99221559393 3.06051247015 0.00943994443881
-122.478 45.2059 -0.000737188921209 0.00141956128702 -0.00168674848993 0.0010087629403 4.18587 4.19871 -4.31869284209 -2.9406531214 -1.16819066603
-121.317 45.2422 -2.92939644208e-05 0.00063393314617 -3.60511159217e-05 -0.00673966834001 5.37238 7.24297 -17.7264204891 2.4481741344 -0.545431921727
-120.635 45.2357 0.00241583234664 7.61230452514e-05 -0.00132584545481 0.00306241531469 3.91634 4.33546 -6.53829024449 20.9790421281 -0.753043021226
-119.669 45.2664 0.00100048993045 0.000922425853563 0.00159323855392 0.00164957028798 4.2169 3.84571 1.0631898903 10.0190436102 -1.05193432743
-118.96 45.2904 -0.00125466521272 0.000277876998181 0.000482825190024 -0.00153904616575 4.53758 4.34809 0.520948310376 -10.7830119449 -0.102657608718
-117.78 45.2781 0.00147550222068 0.000689024865459 -0.00120937805461 -0.00090333224281 4.41202 5.35678 -3.53347835164 14.1199864229 -0.957593817971
-117.12 45.2925 0.00217886672531 -9.6194022735e-05 0.00169236932199 0.00128315301365 4.19727 4.54133 1.6073640249 19.3015078435 -0.105428573651
-116.268 45.3997 0.000237225687882 -0.000227589154105 -0.00359293288476 0.00344463786527 3.62181 3.55836 -3.08117928897 1.76443755764 0.186359505339
-114.233 45.0931 0.000586848649567 -0.0010934956247 0.00252353653783 0.000137721192441 4.39484 4.40348 4.57703669749 5.22704048975 1.0941508337
-113.46 45.2432 0.000942826799838 -0.00126031836416 0.00689315201632 -0.00579848671286 4.52559 4.52559 8.21191901647 9.21732442172 1.32811053635
-112.489 45.166 5.84824801189e-05 0.000121864306026 0.000180784630477 0.00309566937254 4.05365 3.99006 1.07495968207 0.556965204822 -0.123816924702
-124 44.6764 -0.000380513985403 0.00108863248428 0.00148138596334 -0.0060547270484 4.63482 4.64706 4.9621173346 -2.08429357728 -1.02850850182
-123.292 44.6765 -0.000772905211724 0.00137204721291 0.00194438415003 -0.00139712703153 4.25283 4.46067 6.51558033072 -5.70743526835 -1.29175435097
-122.186 44.6837 -0.000494865630007 0.00138737727962 -0.000706644657627 -0.0038969351473 4.41857 4.67439 -3.97623347527 -1.0439605255 -1.21087878598
-121.227 44.6473 0.00068844708492 -0.000269890100605 0.000492346553473 0.00121647917052 4.2313 4.38366 -6.62472479046 5.16772881535 0.0575903196917
-120.335 44.7344 0.000548030224389 0.00130467813989 -0.000897333535892 -0.00395354390129 4.66065 4.34464 -8.14269023118 8.18763424358 -1.40957893512
-119.565 44.5913 0.000345611807248 0.00184680007543 -7.8831942794e-05 -0.00248372987398 4.49601 4.40616 -7.09842245603 7.48394273499 -1.87038715163
-118.67 44.5191 0.00114509114609 0.000581296265356 -0.000662060550156 0.00274954411399 3.65789 3.82373 -3.63769733476 10.9916670232 -0.803977499912
-117.664 44.6653 0.000565129048627 -0.00101753931112 -0.000811827642672 -2.59090671231e-05 4.08464 4.21173 -3.6538211183 3.19392462845 0.890688026516
-116.747 44.589 0.00128746736029 -0.000980419235941 -0.000229932916791 -0.00294726730334 5.32215 5.325 -6.23945258651 9.18082911026 0.669495960394
-116.013 44.7035 0.00107236145983 -0.000484700424507 -0.00183539263547 -0.00371521049598 4.58318 4.48916 -1.68685180757 8.83966505121 0.336926795786
-114.855 44.5494 0.000861345402673 -0.000133900292999 0.00100499811441 -0.00634764169597 4.71367 4.31092 3.36626139254 7.56993969176 0.108700001616
-114.255 44.5642 8.23524710705e-05 -0.000326494014933 0.00270503275758 -0.00403006327649 4.75087 4.34771 4.42013094757 0.721239987618 0.326323908423
-121.551 36.3887 0.00041281552606 0.000381412741158 -0.0020438739051 0.00586170401463 3.71818 3.76147 2.1458946387 3.73801935876 -0.440188276994
-121.461 40.8161 0.00142026307273 -0.000705698389097 -0.00164714895022 0.0023591126231 3.66923 4.45338 -3.89392288319 10.1733999671 0.326316766905
-119.023 36.6801 0.00170964363479 -0.00176452982061 -0.00786722419241 0.00420634005615 3.55724 3.79337 -8.87949030503 8.75329007168 1.16209973044
-123.83 44.0035 -0.00119576048152 -4.59298926574e-05 -0.00389325385351 0.00156279395437 3.42909 4.02854 -0.890149238009 -10.42713005 0.321073238903
-123.278 43.9726 -0.00134865397534 -0.000590740790191 -0.0012068996433 0.000166956026599 3.36675 4.58732 0.15478291213 -12.7830085313 0.855478662854
-122.411 43.7941 0.00115743716936 0.00113029072093 0.0149724201838 0.00297511178161 3.90301 4.64797 12.1203794516 10.0856370924 -1.11397147905
-121.268 44.1626 0.00091728104519 -0.000170823053937 0.00176103303476 0.000538404858559 3.90869 3.97801 0.317711343951 7.73712354174 0.00820619955327
-120.211 43.9437 0.00140348377744 0.00197461991567 8.49379806113e-05 0.004168452144 3.47739 3.9581 -8.81579559341 17.2238916374 -2.31560925935
-119.504 44.082 0.00177110301943 0.000334057487575 -0.00427164295274 0.00397265069829 3.44041 3.76482 -11.518214064 15.6776053846 -0.931223061641
-118.569 43.9104 0.00135549240499 -0.000865268039004 -0.00318229220424 0.00194827209819 3.7072 3.96794 -4.87469036499 9.90256885245 0.537783272029
-117.741 43.9733 0.00157911606928 -0.000461257411318 0.0073023296881 -2.34506589553e-05 4.194 4.21557 14.6018221716 14.2833765888 0.654240669157
-116.803 44.086 0.000938547227645 -0.000512377398871 -0.00182476633705 -0.00327260230175 4.43953 4.21316 -3.81054183194 7.29885953494 0.333123771936
-115.958 43.9121 0.000173103949922 0.000285050810979 -0.00193882086241 -0.00183796792844 4.4695 4.30938 -6.54835856021 2.02392616811 -0.315793015561
-114.117 43.9146 0.000259765408335 0.000613542790886 0.00132738067948 0.00150703755165 3.93137 3.89259 1.05839347454 2.58713832776 -0.627769734077
-123.575 43.3654 -0.000594090230937 -0.00856998433225 -0.0011904713409 0.00423306000348 3.15701 3.23312 5.26437572507 -14.4263310968 8.57830211729
-122.965 43.3717 9.75301545577e-05 -0.00399821070754 0.00301828070695 0.00422545623096 3.46927 3.47691 10.878827356 0.299207725915 3.99615699407
-122.109 43.2406 -0.000881881207076 -0.00216701041353 0.00287824308758 0.00704184735125 3.59454 3.62334 5.2858683555 -9.61678248849 2.24508397582
-121.236 43.2843 -0.00147681081252 0.000594900543165 -0.00554583662859 4.64440309699e-05 3.86325 3.946 -10.0426203581 -10.3096701292 -0.0425473627013
-120.153 43.2515 0.000575500155157 -0.00150064053199 0.00247539621429 0.000404147577606 4.16826 4.47563 -2.49345222594 2.20199736219 1.34870677967
-119.311 43.3736 0.00298433290633 -0.000506609140095 -0.00153370778711 -0.00138802348606 4.06519 4.17412 -4.56696129289 24.3740476769 -0.195525099154
-118.474 43.358 0.00135023702843 -0.00141423358019 0.00155785460515 -0.00298909143202 4.52983 3.94369 0.576171983474 10.0797242388 1.22587130396
-117.754 43.3471 0.000384530539799 -0.000855167404602 -0.000351172254928 -0.000147115898016 4.26326 4.04422 -0.0727068164467 2.34548584414 0.797223525617
-116.767 43.4275 0.000495395136305 0.000162952055299 0.000830246871527 0.0062251241136 3.39389 3.3257 3.7312767943 4.3886860405 -0.187999803479
-115.828 43.4151 0.00018606241628 0.000869307971122 0.00178903569139 0.000508240218344 3.94833 3.86393 2.27809308533 2.09294962567 -0.879259308226
-115.098 43.25 0.00037873798424 0.000608636960456 -0.00310232667804 0.00670872145531 3.52549 3.61154 -3.96495976491 4.09711645108 -0.661505214637
-114.174 43.3979 0.000566790575217 0.000155334036154 0.000329542820712 0.0024402469402 3.5336 3.62419 -0.336816602914 5.02746625803 -0.202465685032
-124.469 42.8088 0.00582073902624 -0.000134913023108 -0.00421113198768 0.00340104960347 3.7022 3.4285 -6.18016021357 47.7763689784 -1.78956154111
-123.49 42.7667 1.91525809931e-05 -0.000176241626717 0.00100728521674 -0.00499144668101 4.48648 3.0468 -0.00766195443564 -0.163374824705 0.168161463254
-121.731 42.6133 -0.00200761504218 0.00179632769003 0.0021826442988 0.00557797798899 3.93991 3.74824 1.77601282228 -14.7915540462 -1.45912475894
-120.893 42.7258 0.000249991954097 0.000983282615958 0.00143374742991 -0.00720012310518 4.35987 4.61907 -3.62799762044 4.14164316807 -1.01452058247
-120.251 42.7991 0.000967827911881 -0.000316969519179 -0.0011433609911 -0.00544623455821 4.62606 4.65881 -13.337243773 6.67879961186 -0.0847456344935
-119.247 42.6912 0.00254070774861 -0.000310137922228 -0.000168943141582 -0.00322562247768 4.35869 4.31204 -4.54871174816 20.8202379369 -0.282123876196
-118.486 42.7308 0.00124680987395 0.000212686527166 -0.000530994140295 0.000634568706079 4.23252 3.6831 -2.68692665296 10.9579099395 -0.442381176718
-117.725 42.6996 0.000126631800269 -9.15683841119e-05 -0.00117115916042 0.00205016398642 4.184 3.87361 -1.21141119552 0.963600706155 0.0714006068909
-116.87 42.7779 -0.000329097479881 0.000225631129186 0.000409131347484 0.000858309698897 4.37149 4.40531 -0.94110631597 -2.56061650809 -0.179520139961
-116.032 42.7713 -0.000386550525667 0.00116904710901 -0.00101017092402 0.0130968654069 3.27743 3.38374 -1.5772867945 -1.96963891426 -1.10734127323
-114.903 42.636 0.000925285526966 -0.000410255254192 0.00313211086273 0.00143665808051 3.94631 4.25632 1.21707991019 7.7180932491 0.346439374462
-114.084 42.6493 0.00141035802772 -0.000624223669999 -0.00141954277713 0.00104409383969 3.77277 3.88887 -0.129438780348 11.6872041263 0.510235912763
-113.176 42.5452 0.000612563659493 -0.000443641513037 0.00355348189264 0.00103627137241 4.07541 4.01755 4.46401757721 5.32068702673 0.452130014455
-123.602 42.156 -0.000810098675947 0.00820495715051 0.00634414837221 -0.00684467060328 8.20807 10.8743 11.8612393206 -6.40322994796 -8.19751748896
-121.891 42.175 -0.00271676955575 0.00173359577771 -0.0032919758555 -0.0213635803024 8.33947 -nan -3.91236299642 -18.8685006621 -0.978644982794
-120.834 42.0472 0.00149808137875 0.000675634070081 -0.00275748268664 0.00536292048769 3.14985 3.33959 -3.68784068722 13.9298703611 -1.01277024366
-119.34 42.0187 0.00146541834177 1.99849165622e-05 0.00088303970499 0.00414524291067 3.83552 3.94139 -0.297864737708 12.4661723462 -0.25243002865
-118.344 42.1901 0.000956387447902 0.00110944995229 0.000202410602578 -0.00179474913301 4.61756 4.35043 -0.48309858493 9.54760926104 -1.23845057546
-117.667 42.0192 -9.35892917664e-05 0.000244719701219 -0.00681299824192 -0.00283269407807 4.61425 4.2676 -6.65320572518 -0.267364853179 -0.214556991932
-116.471 42.0773 -0.000215400395057 0.000653915567752 0.00664832143971 -0.00628416525353 5.73904 6.66565 0.69010117897 -1.2755728428 -0.62904534961
-115.754 42.1669 0.0013742711472 -0.000264698042909 0.00133090125311 -0.0262531213246 26.2727 -nan -44.6202485167 5.75273222454 -0.89124784687
-115.016 42.146 0.00142495340982 -0.000571651131469 -0.00517920858176 -0.0106785262796 5.2455 5.18836 -12.7404419379 10.1035187678 0.104448783729
-113.944 42.0886 0.00114940760572 -0.000693467110344 0.00154374581582 0.00159918549743 4.15135 3.99924 0.262150745471 9.38756059141 0.61041326835
-120.74 38.7552 0.00210804789858 0.00228004502517 -0.000823393516882 -0.00503399019024 4.02467 4.97355 11.2776857121 17.0369202721 -2.23804072693
-124.122 41.8473 -0.000702776707332 0.00209439090215 0.0177824607997 -0.00248111208349 4.33367 4.30274 18.9019972559 -7.9712071755 -2.15717066729
-122.854 41.392 -0.00102921112586 0.00339900479022 -0.00777636380058 0.00819462624669 3.69253 4.38565 -5.49462032344 0.229473225788 -2.93995340932
-122.122 41.2742 0.000802985227442 -0.000562646161672 -0.00178409881857 0.0065338948349 3.53843 3.86496 -3.43215087386 5.4336299063 0.341842924119
-121.839 41.7826 -0.00107777341287 0.000757149953516 -0.00191096252333 0.0204487764206 2.60594 2.80509 1.66183438205 -8.10644439336 -0.573767081654
-121.146 41.3593 0.000772409114368 -0.000447231049217 0.00200505834748 0.00972471668281 3.15474 3.29359 -0.0751997764053 5.80177558094 0.299815298816
-120.477 41.2047 0.00161455736336 -0.00185410832328 -0.00434510649681 -0.00152848313673 4.87049 6.38797 -2.90976751341 9.94176382987 1.45283136599
-119.171 41.3884 0.00102907696581 -0.000954340618888 0.00688944183562 0.00268524297891 4.16402 4.74145 8.45575950935 8.73618989145 0.949566483428
-118.379 41.4483 0.000849530037901 0.000231705980328 -0.00148257466716 -0.00193449495393 4.32828 3.89632 -0.743036626417 7.45738940531 -0.358945003219
-117.45 41.423 -0.00011154250379 0.000616889657745 -0.0077311586202 -0.00365793295884 4.51235 4.25174 -4.30567232601 0.124336156209 -0.581923498812
-116.54 41.522 0.000230024130961 -0.000138396290587 0.0267354547513 -0.00612006259219 3.64507 3.70489 51.2175912087 2.22017543824 0.260176220153
-115.791 41.4311 0.000684389654201 -0.000402965961173 -0.00873067397392 -0.0035987468642 3.70851 3.66014 -14.2266800415 4.28211173045 0.143052991014
-114.915 41.4157 0.000761729022236 -9.31543594414e-05 -0.0156834687249 0.00229752317828 2.81855 2.82856 -37.8381599148 4.18950120771 -0.451230064009
-114.165 41.3602 0.000328284460751 0.00185746637107 -0.0158873086655 -0.00539964195605 4.11079 4.36692 -15.3235860031 7.95983874288 -1.8586238027
-113.347 41.503 0.000877920022416 -4.39117885679e-06 0.0130154815745 -0.0050762300064 4.63885 4.45399 17.1789681172 7.25675068118 0.207027491527
-112.448 41.4632 -0.000135164610628 0.000225519611207 -0.00628140833304 -0.00299480381674 4.36059 4.29211 -3.5280245372 -0.918590372458 -0.208503514465
-123.306 40.822 0.000181444340977 0.000156328880935 -0.0101005208682 0.00812919548654 3.35718 3.55029 -10.0614042015 1.93673037932 -0.213383637141
-119.835 40.7484 0.00174501899266 -0.0114101218577 -0.000386251831685 -0.0072407039781 28.4058 -nan -136.182789298 -66.8991032686 -10.3902600895
-118.971 40.7797 -0.000475137107536 -0.000621460940664 -0.00108066983863 -0.00323017008834 4.76321 4.52809 -5.21489782692 -5.15505072949 0.716808358033
-118.134 40.7811 -0.000332474050626 0.00245605731027 8.6444675495e-05 0.0115590716646 3.01727 3.23424 4.91401135982 -1.73365594594 -2.43562005791
-117.524 40.852 0.000149971713949 0.00123343281092 0.00429198368134 0.00397702925432 3.81159 4.17081 7.55526287592 1.2312167983 -1.23291185751
-116.508 40.7186 0.0014625258682 0.000382895311738 -0.00372174337553 0.00443447375154 3.21285 3.45773 -7.94905114243 12.7333867061 -0.735896694099
-115.736 40.8167 0.0010700059929 0.000244789334488 -0.00311564212355 0.0286084854802 1.86011 1.86928 -2.48228248072 9.22013447665 -0.397353244115
-115.039 40.8522 0.00110726921194 -0.000248849845269 -0.00300698838249 0.00635594517204 3.37357 3.45176 -4.59909766053 8.83123879102 0.0554630175619
-114.204 40.8556 0.00126912513312 -0.000218177033854 0.00331502430163 0.000991587089454 4.07023 4.31341 7.20441390658 10.7581095013 0.276476811742
-113.187 40.8513 0.000541526127839 0.000339208533062 0.0050392576379 0.00449004379138 3.78966 3.80448 7.19363445265 4.37319734289 -0.305588606113
-112.52 40.8903 0.000142803779983 0.000364995565405 -0.00712314569512 0.00394290158364 3.77044 3.7495 -6.21289034266 1.68433421099 -0.383345378094
-123.82 40.1398 0.000589353337943 -0.00044937269195 0.000283764061234 -0.0039181845199 4.44649 4.49688 -4.06699989528 3.68327800993 0.260917113818
-122.788 40.1767 -0.000100037218875 -0.000461756213263 -0.00548155640261 -0.0113176747046 4.43656 4.69041 -10.1205008977 -2.23963076537 0.465735028303
-122.032 39.9971 0.00125876730162 -3.29342718198e-05 -0.00989557946355 -0.0115059026515 4.47211 5.01888 -12.0055966152 9.62960534995 -0.465070947847
-121.086 40.32 0.00514225105391 -0.00191428480437 0.0123241195621 -0.00524932588295 5.69508 7.49598 44.5324028241 44.9607880629 4.47194435701
-120.918 39.962 0.00566082923125 -0.000446275639607 0.0117386142496 -0.0006667103097 4.62363 3.90037 32.6944107119 45.3458393863 2.57467253359
-119.827 40.165 0.000303603447785 0.000676489234869 -0.00404294638945 0.000389544102302 4.13586 2.60189 -3.05504368905 3.70890591057 -0.725831425767
-118.155 40.2903 -0.00229233525094 -0.0004780764677 -0.00498967313547 -0.00351869315076 4.04338 4.26328 -21.9386060978 -18.6844374427 1.55554402549
-117.19 40.1697 0.000892135288053 0.000250283328136 0.00865999501991 0.00394101245193 3.11752 3.31887 5.47090713995 7.52277487444 -0.275544861246
-116.5 40.2917 0.00140307005026 -0.000615032192696 -0.0104442350365 0.00402642201754 2.7731 2.90077 -12.1560807153 9.48397447558 0.133519272154
-115.657 40.1313 0.00170325387658 -0.00112337355635 0.000953209796408 -0.00836508915816 3.66129 3.79777 2.9120003033 13.7305081457 1.03594638602
-114.745 40.2679 0.00139268289638 -0.000499134725017 0.00330246351561 0.000182636788297 3.95755 3.9231 4.73839131136 11.6182349195 0.491991485046
-113.981 40.1314 0.000616026830343 -0.000477170955131 0.00204392850495 0.000880607677291 4.00557 3.92629 3.69478176562 5.08759335464 0.469693791767
-123.338 39.469 -0.000350940859288 -6.42686092227e-05 0.00117479391192 -0.002132635257 3.99034 4.1358 0.449848181015 -2.98920028099 0.13486184011
-120.608 39.3028 0.000588418352679 0.00221090987089 9.74574082645e-05 0.0120941367775 2.84997 2.76555 5.93047454718 6.18994627962 -2.24716869301
-119.898 39.6785 0.00108161607347 0.0119463102688 -0.00512143245794 0.00509918463446 2.27732 2.42589 2.91042404747 20.2401376545 -11.992020012
-118.889 39.5399 -0.000305277467878 0.000925982388285 0.00570196006845 0.00184018923694 4.3257 4.05591 -1.74785503205 -1.12098970334 -0.856452711739
-118.08 39.6946 -0.000520079496553 -0.000491372891956 -0.00481019086334 -0.00857091266913 4.95144 4.41298 -25.7249964433 -5.87098738473 0.697059983681
-117.14 39.5516 0.000954172399907 0.000417221790617 -0.000706867396618 0.00144528067741 3.38276 3.49821 -8.71438753861 8.56348594042 -0.661153714523
-116.464 39.6202 0.00227699685312 -0.00048015966339 -0.00246311542263 -0.0038621116477 3.94615 3.84162 -7.51688227154 17.372610989 -0.0858060897671
-115.754 39.553 0.00110801684654 -0.000516897214912 0.000811202618471 -0.00559593034413 5.0287 4.59366 3.77530175416 9.01670163663 0.475384060611
-114.908 39.4731 0.000949972793036 -0.000353112608551 0.00221209791162 -0.00390861509616 4.37416 4.17635 11.3468690901 8.12535035276 0.452992981578
-114.016 39.455 0.000435294927768 0.000287261748298 -0.000935744860845 -0.00295061576957 4.44883 4.2267 1.38810056649 3.71763289306 -0.309963773409
-122.015 38.6333 -0.00238597697076 -0.00321085253808 -0.0223691615622 0.0325376729824 2.56034 2.8053 -9.13865641392 -27.7280946746 3.84043021307
-121.377 38.839 0.00160565078133 0.00105288756303 0.0010526543651 0.00688158311607 3.32779 3.79591 6.26435384131 13.9242764615 -1.17335695595
-118.808 38.9383 0.00036018899326 0.000914944763844 0.0049161801719 2.42101860408e-05 3.9659 4.07451 -2.44794386693 4.3536181303 -0.966733444205
-117.932 38.8606 -0.000230657053087 -0.000126338645089 -0.00897264161355 0.00272806038556 3.20816 3.3461 -19.5877954656 -2.16463050135 0.218213329874
-117.182 38.834 0.00147224895693 3.19003416953e-05 0.00121111718639 -0.00173338901983 4.28863 5.26946 -7.07611437975 11.7981939503 -0.392453609285
-116.4 38.8247 0.0024056888815 -0.00124071420318 0.0032216606359 -0.00152049784193 4.45972 4.21936 5.86957875743 19.6483109845 1.21522547437
-115.654 38.8455 0.00131947586406 0.000369778725116 -0.00166650137143 -0.00284014785141 4.95277 4.3743 -1.47824583358 11.1286383228 -0.534841938001
-114.83 39.04 0.000743417952978 0.000100653139311 0.00220591938783 0.00133743824441 4.15717 3.98425 6.039914618 6.09900006693 -0.0888737221248
-114.02 38.9551 0.000191161523973 0.000775886139786 -0.00049956332494 0.0025353967749 3.95998 3.91223 1.25528106419 1.92094643766 -0.785323362705
-120.936 38.2571 -0.00056761649061 -0.00105186781172 -0.000208809496067 0.00542887882962 3.68811 4.02759 0.610969570845 -6.0510215099 1.13265398268
-120.076 38.7028 0.000383841224456 0.000668391304437 0.00488978502484 -0.0070384952498 4.54512 4.52154 17.5246870114 2.37352354045 -0.609013373719
-119.451 38.5226 -0.000387269700338 0.0012993461595 0.00151779950399 -0.00617521838663 4.398 5.00458 4.50606876468 -2.32151145853 -1.2643849233
-119.047 38.089 0.000810100003714 0.000556177648276 -0.0035319150757 0.000957160785912 3.34518 3.5054 -10.9915816267 7.75713894303 -0.797133006553
-118.106 38.3489 0.00114306286063 0.000133230035621 -0.00557927992605 0.00719179977598 3.0457 3.13896 -9.96883657374 9.23104698543 -0.478306864707
-117.072 38.2397 0.00244453034765 -0.00163657762178 0.00120412686759 0.000456930316596 4.17869 4.38186 -2.08175065791 17.5596842148 1.2270826918
-116.302 38.2886 0.00121517997362 0.000179270945423 0.00257589163328 0.00391373519771 3.89997 3.56361 5.11470289497 9.93733413061 -0.206694611791
-115.585 38.3489 5.98980844914e-06 0.000587536711571 -0.00165110580173 0.00463343534991 3.85803 3.7183 0.736530630387 0.471146305007 -0.585774930938
-114.608 38.3281 0.000353664450976 0.000737519816005 -0.000638636217029 0.0003797564125 4.1305 4.12125 0.374891079872 3.35064175865 -0.763441656847
-113.021 38.2987 0.000182497605302 -0.000342734102048 0.00185269957509 0.002003339672 3.92725 3.86825 1.87772299267 1.39875225799 0.337074145708
-121.328 37.5049 0.000345184015423 -0.000580358976451 0.0068762546918 -0.011810494141 5.39784 5.88403 11.1675950162 2.84487119579 0.583103207452
-120.33 37.346 -0.000634980984008 -0.00044377249626 -0.000696293538501 -0.00119788512622 4.14664 5.14153 0.392807709091 -5.66469216086 0.542306950033
-119.849 37.8817 0.000529699911772 0.00107889804671 0.00321677202517 0.00114270191474 3.96453 4.4105 2.21116106142 5.38969760387 -1.1369759242
-118.171 37.4993 0.00169228860104 -8.59843606851e-05 -0.00409886403779 -0.00215928361638 3.87356 4.05756 -7.87968132382 12.9693953465 -0.381288781352
-117.225 37.7243 0.000785726430494 -0.000741186851654 0.00453569981387 0.000376443283663 4.16188 3.92526 3.25948409476 5.93484352323 0.685191188175
-116.595 37.923 0.000606090357949 0.000680006819584 -0.00119992812194 -0.00146826988962 4.38358 4.19994 -1.13024583162 5.62213630548 -0.755991107111
-115.747 37.6444 0.000424397539521 0.000537072692158 -0.00184705425829 -0.00114293637618 4.21464 4.14352 0.899245497271 3.79657251086 -0.572396344265
-114.849 37.6083 0.00090841479362 0.000164566667798 0.00249856127027 -0.000479660896827 4.22689 5.21342 6.92104959558 7.28246849468 -0.137034310855
-113.86 37.5808 0.00104408493474 0.000613034083133 -0.00120552118559 -0.00427780056102 4.41217 4.3138 -1.79697348269 8.88901562353 -0.721156495051
-113.168 37.7601 3.37454259539e-05 -0.000365249918802 -5.06068704143e-05 -0.00127860263709 4.09703 3.97961 -0.289965562621 0.064345718634 0.361972138853
-121.786 39.2291 0.00163211825004 0.000122021914409 -0.0042924093868 -0.00253260173748 3.53988 3.78004 -2.29378700924 13.4615941704 -0.494075562008
-120.674 36.8953 -8.95371839197e-05 -4.85751551899e-05 -5.51487849213e-05 -0.00108656910655 4.13598 4.23614 2.16806681856 -0.768801994705 0.060594942138
-119.709 37.0069 2.3692126381e-05 -0.00178407422331 0.00147394560092 0.00085202998486 3.47111 3.65634 -2.66770792142 -2.80850563167 1.73993678874
-115.22 37.2408 0.000418692122279 -6.0282004071e-05 0.000836246742719 -0.00295786318406 4.45859 4.59405 2.76883557906 3.33375653653 0.0401306592306
-114.715 36.7256 0.000748790177258 -8.96792536625e-05 -0.00334668230886 0.000407999504972 4.03478 4.16938 -4.38539623281 5.76552345751 -0.0349315104791
-113.907 37.0195 0.000834733647692 0.000199164627703 0.000358063718359 0.00383592718263 3.51565 3.45349 1.3808166062 6.74601441062 -0.242782027988
-113.084 37.0615 0.00105951331662 0.000130054233578 -0.00152178557117 7.30186394456e-05 4.00863 3.94416 -1.00610633595 8.52417421401 -0.216269595484
-112.382 37.0183 0.000291226673069 -9.01711743224e-05 0.00270351596364 -0.00199451106667 4.12913 4.04203 2.30515192931 2.31504300984 0.0862246012261
-120.783 36.3627 0.00124795149758 0.000817024015145 0.000959299863409 0.00448214813774 3.59877 3.80955 2.54559396119 10.7740519784 -0.97821044768
-120.12 36.3356 0.00268555523952 -0.00662450352365 -0.000337859822924 0.0039061476653 3.19888 3.35812 -1.22239045473 10.9838773564 5.99217535288
-116.33 36.4193 -0.000335405361448 -0.00036105610359 0.00423936072723 -0.000769210933507 4.22777 4.41087 3.50591990627 -2.81158683425 0.378082392232
-115.383 36.423 0.000504460794399 -0.00120108744488 9.52931902836e-05 0.00192063382662 3.84806 4.06547 -2.72833375424 2.56635698097 1.11435241787
-114.539 36.4321 0.00137859507779 0.000188941716343 -0.00316745339022 -0.00061146541704 4.06699 4.16346 -9.25814895063 10.9683182356 -0.521666797746
-113.965 36.4151 0.000644006705785 -0.000339543303492 6.19320760504e-05 0.000603806580035 4.00186 3.86273 0.442190028981 4.90320360764 0.293573854819
-113.18 36.4182 0.000197630065486 -0.000257802725541 0.00435970052928 -0.000214441265545 4.06233 4.00508 6.78217321781 1.67020971934 0.267793130194
-121.236 36.0214 0.00162962257132 0.000104789469711 -0.00221043596239 0.00143439960776 3.70668 3.91304 -0.535927951172 12.8999398843 -0.420835270752
-120.87 35.636 0.00460334332747 -0.000974899126193 -0.00187382245977 -0.000972618631231 3.81791 3.96768 -4.49344231732 33.2444076435 -0.243556000728
-119.903 35.8667 0.00194821418773 -0.00292373334385 0.0010613902423 -0.0029593954683 4.2082 4.00631 0.555146480663 11.6173886482 2.58143707412
-115.43 35.8384 0.000114111270902 -0.000935485909352 -0.0028861266876 0.000995953961449 3.90795 3.80166 -2.57147654623 -0.176361606682 0.909143419829
-114.851 35.7266 -0.0004656099084 -4.24966201363e-05 0.00271134062943 0.00265607500148 4.01916 4.10853 3.81132540603 -3.66532301229 0.0541489621622
-113.984 35.8522 0.000418645536787 -2.5559615991e-05 -0.000248185991094 -0.00263002207092 4.78363 4.95092 -1.92397436401 3.24906908514 -0.0213824312381
-113.105 35.6339 0.000422628227731 -0.00056600065863 -0.00233873681008 0.00272772726417 3.66918 3.6788 -1.8004171566 2.86769889056 0.522594106596
-114.87 35.301 2.33344901284e-06 -0.000161179019559 0.00273544062276 -0.00488115933245 4.61653 4.71396 2.26194507937 -0.0480324588241 0.160832983042
-113.885 35.099 0.000455084845659 -0.00102143310683 -0.00375612556576 -0.00178351170442 4.45416 4.58746 -6.87328131425 1.91469930537 0.912456982688
-113.083 35.2127 0.000235526565671 -0.000564303649267 -0.0025432486916 -0.00231622453491 4.30224 4.26566 -1.46503733839 1.42906121566 0.54068449
-112.267 35.1787 -0.000195445978603 -0.000121739838362 0.00990993924756 0.00200573218372 3.88921 3.84071 9.63013756086 -1.40114604679 0.0984104078969
-113.83 34.5935 0.000168078028554 -0.000716033063113 -0.00375581037713 0.00172152916157 3.86204 3.73234 -4.64812329468 0.412975378002 0.680724590167
-112.891 34.4692 -0.000367243614991 -0.000419581210347 -0.00223653972643 -0.000843649280035 4.01607 3.99262 -5.28976134685 -3.29342392623 0.471157281301
-112.237 34.4866 -0.000476623341344 0.000233236786195 0.00679303613398 -0.00533398510023 3.93311 3.87613 9.09439157898 -3.84101316552 -0.282512318123
-111.441 34.4178 0.000244532379926 -0.000398621317585 -0.00366961635673 0.0028918610573 3.43127 3.49891 -1.58769412824 1.66833196721 0.381105573698
-109.95 34.5293 0.000808316805069 -2.94568369099e-05 -0.00152716254183 0.00919842274327 3.47124 3.13679 -1.9286220246 6.20408892967 -0.0117953360237
-109.29 34.4275 0.000454370587454 0.00025627622774 0.00302971650878 0.00416133859016 3.67967 3.68887 2.38232943366 3.42332592914 -0.24052679554
-114.524 33.7503 0.000394333748612 -0.000218526402601 -0.00318231028834 0.000810917020589 3.98543 6.50437 -3.61537641438 2.72599672337 0.156782580481
-113.829 33.8142 0.000166113543079 -0.000150213204262 -0.000497220349959 -0.000647163550964 3.97975 4.70433 -2.96883774027 1.11070216466 0.127619330161
-113.005 33.9383 -0.000462980199912 0.000476387087074 0.00122249667172 -0.00191177291708 4.47522 4.23505 1.97164859206 -3.42916532974 -0.462314730418
-112.333 33.9535 -0.000356387681511 0.00130073796623 0.00129249178189 0.0217818271451 3.07782 3.52806 1.04530587609 -2.36658248962 -1.28715204015
-111.478 33.8798 0.000403873685263 -0.000191915752829 -0.00260990025941 0.0102931913507 3.27472 3.90703 -3.91324521254 2.90422541945 0.146745821922
-110.034 33.7776 0.000540114261405 -0.000532279619197 -0.000118794365317 -0.00436362434352 4.72712 -nan 0.216055838394 4.0526392826 0.524142169458
-109.254 33.9571 0.0004916227567 -0.000889666901301 0.0043241227843 0.00254459658248 4.05142 4.83427 5.49450385001 4.34391039397 0.92992248405
-112.946 33.3627 -0.000139443827007 0.000620066997227 -0.00228255073204 0.00504871441936 3.89938 4.70857 -2.30324843345 -0.563920507284 -0.602260201161
-111.427 33.341 0.000813332727573 -0.00386008717087 0.00408874011927 -0.00288580343228 6.11558 -nan 0.825857665903 5.39985270166 3.83774262846
-110.036 33.0851 0.000679955544351 -0.00143637411816 0.00334052094259 -0.00340125223426 4.74629 3.58409 5.044623088 5.8631102362 1.47994925605
-109.266 33.2921 0.000265367316111 -0.000666606151126 -0.000219419195286 -0.0085844842116 5.61022 5.29616 0.123701471218 1.98263651244 0.665337468072
