-114.58 32.5356 -7.60151190141e-05 -0.000331745210047 0.00190280190517 -3.16040298683e-05 3.93272 3.92604 0.321120069409 -3.42322776854 0.0740012287776
-113.767 32.7683 0.00037852120066 -0.000240184348205 -0.00121255805493 0.00018798749107 3.79682 3.78689 0.253147969046 -2.46274704828 -0.37847320313
-112.883 32.7513 0.000576820834127 -0.000680022818396 0.0013137260188 0.000430152564748 3.88695 3.87919 2.02630922442 -6.68163994598 -0.549543630364
-112.228 32.7006 -0.000177921677777 -0.0016545084161 -0.00352026535816 -0.00261935333641 3.60145 3.5882 -2.2024348347 -16.6740570449 0.131243590593
-111.704 32.5618 -4.92565832958e-05 -0.00132701169829 0.00292611764859 0.00200058645916 4.17144 4.15027 3.11638416116 -13.356261445 0.141408917385
-110.739 32.5716 -0.00109183429945 -0.00165781002606 0.000687873411958 0.000370073384703 3.95486 3.96133 0.249045144235 -16.8371014596 1.1387375376
-109.97 32.6399 -0.000634988252722 -0.00245255431417 -0.00153494097516 -0.000419473288085 3.49685 3.62944 -2.76341688432 -24.1729798397 0.593721407909
-109.303 32.7663 0.00146496624303 -0.000120906064512 -0.00106129154754 -0.000718670831169 3.55569 3.62352 -5.7437566709 -2.08733974458 -1.46965735278
-108.633 32.5466 0.000975361008079 -0.000284266272202 -6.39279452272e-05 -0.00117949675096 3.75805 3.7953 -6.58357660273 -3.44784396721 -0.993065391423
-107.785 32.5324 0.000145792831758 -0.000275483713361 0.000375448523607 -0.000943873606976 3.77882 3.80792 -5.10794968712 -2.72172691568 -0.155961367103
-107.001 32.6995 0.000710011119378 0.000849938352475 -0.00037985820044 -0.000462351995867 3.67213 3.70898 -3.95112458347 8.11306880575 -0.701858218023
-106.262 32.6349 0.0012577820742 0.000507102470133 -0.000151161670113 0.00064113104811 3.76988 3.77563 -1.28422193429 5.36690098759 -1.27881776894
-105.454 32.7001 0.000602151669415 4.08937103003e-05 -0.000220651353417 0.00152859558228 3.8402 3.79545 1.01552021262 0.908868991395 -0.603365699532
-104.657 32.6588 -0.000234542377116 -0.000503784432693 0.000133436514204 0.00114290494043 4.02324 3.9594 0.420814403796 -4.91419946752 0.278326170996
-104.02 32.6462 -0.000824756633794 -0.0013165267485 0.0021254648271 0.00191969954321 4.23125 4.20656 2.38578588489 -13.1912172188 0.987487600029
-103.357 32.6764 -0.000503928600962 -0.00174603237908 -0.00155769788492 0.000658605721743 3.78241 3.7874 -0.616112374072 -16.5389379392 0.647224933814
-112.812 31.9559 0.00038348263115 2.94832295211e-06 -0.00170930366626 -0.000612123559886 3.78267 3.77363 -0.690941078993 0.00284835990932 -0.383452836253
-111.457 32.0022 0.000309354557634 -3.83635177264e-05 0.00144112791016 0.00281553539107 3.94753 3.93312 2.9488535507 -0.170071469435 -0.305972881781
-110.816 31.7748 0.000328470587171 -0.000497259043339 0.00119063984722 0.00415425793659 4.01146 3.99029 4.4591637446 -4.6049873172 -0.276527170456
-110.046 31.9737 -5.29033730646e-05 -0.00166245656998 -0.000180954980155 0.00179961779082 3.90625 3.86646 2.4240864046 -16.4624036765 0.17373961261
-109.259 31.9989 -5.37512831436e-05 -0.00172135773275 -0.00064445671628 -0.00105720323828 3.75713 3.75105 -2.80483351062 -16.916590534 0.0345285878153
-108.527 31.9041 0.000116903208487 -0.00156159106892 0.000223084474723 -0.000320210638221 3.78612 3.76081 -3.14444893565 -15.2551236086 -0.13313640084
-107.778 32.0094 -0.00051760841598 -0.000574776294598 0.000982246183265 -0.00277055576913 3.8286 3.8292 -4.73813384078 -5.41124129529 0.499409843995
-107.101 32.1046 -0.000409337128298 -0.00021509595149 -0.00013385629477 -0.0027264372121 3.67241 3.70516 -4.9545840771 -1.95732318555 0.403009228435
-106.428 32.0062 0.000681942647014 0.00031466678212 -0.00124897626504 -0.00398460244983 3.5633 3.57416 -7.08779027125 2.61482378576 -0.661940720809
-105.523 32.076 0.00100669537933 0.00118417532889 1.83368696989e-06 0.000217049493387 3.76611 3.76714 -4.04473181325 11.2433504493 -1.00891886064
-104.823 32.1101 0.000775509870891 0.000568436254286 8.94807800037e-06 -6.63157933253e-06 3.96396 3.94295 -4.24537710637 5.38734896929 -0.778318146046
-104.101 32.0618 0.000299929999805 0.000154906068688 0.000766280456129 0.000171027533023 4.0665 4.01853 -2.19388261478 1.57894782476 -0.306936353186
-103.292 32.012 -0.00032594878982 -0.000106795158097 0.000762113375066 0.00245231428191 3.95586 3.92781 1.61089981754 -1.34820933756 0.336476772468
-109.991 31.439 0.000178167523398 -0.000244995204514 0.00162235042012 0.000799645818828 4.00327 3.99712 1.53010570508 -2.31965566357 -0.163774045681
-109.281 31.3757 0.000452784232281 -0.000584989133968 -0.000164097851302 0.00180345149861 3.89371 3.87697 1.64177164427 -5.44532890712 -0.413258393957
-108.528 31.3369 -7.26735888396e-05 -0.000361415269146 0.000937081211504 -0.00020900191967 3.84014 3.82845 -0.322337236593 -3.55185783691 0.0865112424138
-105.483 31.4425 0.000339285116291 -0.000361295823193 -0.00193133018085 -0.00407804932895 3.69621 3.71484 -10.8981813281 -3.77711669143 -0.379555931253
-104.971 31.3711 0.000815890695412 -0.000936225677631 0.000355725058791 -0.00150940194153 3.8273 3.83182 -11.7514830361 -9.73404869925 -0.92923979382
-103.979 31.3165 -0.000162542119399 -0.000250817397432 -0.0012075873513 -0.00089998761281 3.63535 3.65445 -9.98403639036 -2.19576588481 0.139662641115
-103.492 31.3691 0.000565716194589 0.000718618751739 -0.00109379515519 -0.000497278447934 3.85155 3.9061 -7.10800534809 6.48741312552 -0.540946125239
-102.81 31.3818 0.00032139137359 0.000536013754702 0.00313931908721 0.000205407915281 4.1338 4.14112 -4.67119857027 4.98378814823 -0.329301163356
-104.986 30.7862 0.000233540048543 -0.000610279619514 0.000752540405409 -0.00245256030585 3.91072 3.8944 -6.03604924453 -5.81111780839 -0.251710883349
-104.029 30.6689 -0.00072750487045 -0.00105657136374 0.000147595739978 -0.000894352459074 3.84507 3.83766 -8.66893411587 -9.37349732516 0.654576625632
-103.402 30.8498 -0.000695835777543 -0.000606211779605 -0.00160635730557 -0.00230972860336 3.65136 3.66299 -12.6458203834 -4.72848645007 0.610758459613
-102.685 30.7263 0.000113960528051 -6.74382550379e-07 0.000685178576619 -0.00217977601935 3.82967 3.85315 -12.0369354254 -0.125439903772 -0.113297094625
-104.09 30.0609 8.5058287835e-05 0.000713120398787 -0.000464309531261 3.87696720716e-05 3.92472 3.90585 -4.20357971245 6.6575013167 -0.0912920479227
-103.612 30.1456 -0.000725958561163 -4.16312240278e-06 0.000859686750033 -0.00013255790469 3.98998 3.97051 -5.02241594518 -0.0308873489216 0.725953291283
-102.788 30.1615 -0.000562022256156 -0.000534856315186 -0.000121644347465 -0.00227526636011 3.81912 3.81824 -8.04172046751 -4.67624183656 0.536558108437
-104.133 29.554 -0.000326912656209 0.000967149198826 0.000114126968478 -0.000520932461293 3.88205 3.88408 -1.30456087324 8.82781633692 0.270293138282
-103.389 29.4528 0.000357247072225 0.000466681907421 -2.04238506568e-06 0.00116071395689 3.96165 3.9622 -0.497973764261 4.56382955485 -0.392683598781
-102.888 29.4862 0.000416329773485 0.000208085646608 0.00225584344426 0.00174774229752 3.97717 3.96579 0.545252350618 2.29211530356 -0.435188675074
-115.653 48.9339 -0.000194992914588 4.57964347667e-05 0.000299369158469 0.000607310253944 3.86007 3.85849 0.420445997949 0.539697248472 0.196361764273
-114.413 48.933 -0.00054536183313 -0.000724294727369 -5.29922078517e-05 -0.00029003280257 3.88494 3.92484 -1.01049956065 -7.2126829335 0.515380162977
-113.422 48.9725 -6.53968163559e-05 -0.000695164814593 -0.000901654076064 -0.000143414265356 3.82421 3.86993 -2.73822849657 -7.04685218518 0.0250328432039
-112.733 48.9777 0.000909114705202 -0.000199193478548 0.000867053497709 -0.000952681952709 4.18985 4.19869 -3.28329262434 -2.55930002939 -0.919191695972
-111.597 48.9482 -8.30058035775e-05 0.000157311059465 0.000356424343673 -0.00113665564156 4.1051 4.07744 -1.20569930308 1.5910680968 0.0841403016328
-110.699 48.9448 -0.000450114816781 0.000283693514318 0.000114487973036 0.00100964609283 4.1442 4.1447 1.2510661288 2.62304015408 0.436158469048
-109.846 48.9198 0.000367439316185 -0.000279701379647 0.00129351021292 0.000570153552717 3.94424 3.94611 0.624446041015 -2.60497986915 -0.353687598507
-115.589 48.4694 4.66489564548e-05 -0.000273865238485 -7.67562469492e-05 -0.000367155414466 3.87143 3.87142 -1.25770354422 -2.8640702109 -0.063008589289
-114.468 48.3739 7.24570563027e-09 -0.00170904378369 0.000524654559658 -0.000232832756356 4.03374 4.00772 -2.15299937949 -17.5499398225 -0.104201908214
-113.273 48.3609 -0.000657403071798 -0.00104657240174 0.000567992384085 -0.0031877411823 4.04199 4.03689 -7.30906344301 -9.67137894748 0.510067338104
-112.562 48.3129 -0.000764776269044 -0.000240394281116 -0.000530543538646 -0.00237859733307 3.92928 3.95612 -6.56049593808 -1.5477830525 0.732756371745
-111.707 48.4128 -0.000171361508858 0.000585916871081 -0.000545220939442 0.000542081769488 3.92359 3.95012 -0.146477890892 5.89071827508 0.165540385345
-110.799 48.2921 0.000443582600083 -0.000286441386686 0.000521490484351 0.0004495526832 4.05717 4.07481 0.792318436644 -2.69754153927 -0.432340653129
-109.777 48.3943 0.000336872725155 -0.000232376015254 0.00222884123069 0.000845612657947 4.01849 4.02268 1.98019907468 -2.06255475633 -0.319244416973
-116.256 47.8397 0.000686823928169 0.000151527120369 -2.79674416058e-06 0.000327147841137 3.85252 3.84778 -0.159414291167 1.22754619691 -0.678595066356
-115.475 47.7092 0.00114123710581 -1.75906258031e-05 0.000168454665886 0.000306394698446 4.05826 4.02761 -0.602451674615 -0.731042699427 -1.14082408512
-114.574 47.6795 0.000265197387287 -0.000257731878917 0.0010589342834 -0.000717487697087 4.17676 4.11567 -2.00282001778 -2.81106781645 -0.279985465428
-113.747 47.7687 -0.00110667458555 -0.000238628419083 0.0016708600757 -0.00105243293258 4.15712 4.11633 -2.14338516259 -1.86097811172 1.09304722444
-112.607 47.775 -0.00128894501411 -0.000658300847995 -0.00156964146631 0.000879171353923 3.76161 3.76053 0.665130644306 -6.84651478796 1.29714943848
-111.746 47.8012 -0.000204895920534 -0.000686643677738 -0.00160735233175 -0.000389448187876 3.71458 3.73688 -1.0689386488 -6.91166093605 0.200392224716
-110.763 47.6327 0.000138135466919 -0.000987678443041 0.00196777288624 -0.000834994105135 4.08513 4.09424 -1.56099818859 -9.89172313692 -0.14057249982
-118.921 47.0573 0.000107880482856 0.000516286859973 5.12802100225e-05 0.00203980056354 3.79879 3.80336 1.21200799011 5.41194507151 -0.077672557664
-115.353 47.0528 0.000807610868757 0.00185607661385 0.000542978735346 0.000158740353116 3.97922 3.94746 -2.01827265301 18.6052955902 -0.67786910025
-114.459 47.0943 8.8258249822e-05 0.00162043423159 0.00113077729737 0.00103768306561 4.09834 4.03888 1.1523800943 16.6738325023 -0.0846628414784
-113.506 47.0816 -0.000384030529752 0.000745504325667 -0.00043970873515 0.00271581770695 3.90061 3.87548 4.51080172065 7.33139520057 0.332064598856
-112.52 47.0418 0.000148020354907 -0.000272713154048 -0.000377271716586 0.00165626384565 3.89474 3.8815 3.45885687724 -2.66671891073 -0.130622857982
-111.549 47.0308 -2.93760763962e-05 -0.000722883749548 1.891790628e-05 -0.000675969125375 3.96076 3.94127 0.254132632702 -7.28377713819 0.0432498536583
-110.687 47.1523 -0.00044078904947 -0.000656641482952 0.00159996496025 -0.000539825526201 4.07598 4.04889 0.411255659324 -6.71114221342 0.462160477126
-109.802 47.1961 -0.000411473683727 -0.000115293311971 -0.00136162981762 -0.00154793720768 3.79914 3.79657 -0.736143413777 -1.24434974271 0.414142106403
-119.855 46.5585 -0.000566684100347 0.000292873730267 -0.00151933362444 -0.00327270198153 3.60075 3.61771 -5.01735002623 4.15971327775 0.609578844282
-119.06 46.4911 0.000427967733095 0.000425379670504 -0.000877464094932 -0.00283449830705 3.655 3.67699 -7.20088521977 3.50166295825 -0.332002162164
-118.146 46.5139 0.000559470350278 0.000156897702299 0.00149721074222 -0.00319520251921 3.94836 3.95817 -4.86528217416 0.735233810856 -0.528908304023
-115.571 46.4151 0.00052830816019 0.00155086261887 -0.000778585499337 -0.000578397783433 3.77632 3.80231 -3.41774133368 15.4992374767 -0.378038118586
-114.188 46.4423 0.00106444753505 0.00146139892473 -0.000589972206011 0.000656909802344 3.79224 3.81685 0.848725769555 14.9720475175 -1.05918192896
-113.493 46.4162 0.000694514516365 0.000919953207158 0.000533503957576 -1.67692598299e-05 3.9674 3.94595 0.242256205269 9.36219248979 -0.689539140454
-112.641 46.4246 0.000351824176784 0.000585929318772 -2.9254405721e-05 -0.000212412160134 3.97744 3.97489 0.239809074993 5.96780061172 -0.354916913742
-111.676 46.5336 0.00032018408092 0.000618395507829 0.000415991012166 0.00106838682928 3.95533 3.92023 3.05557633517 6.43373828955 -0.360611036363
-110.858 46.462 -0.000409445243645 0.000296106617214 0.000555594583535 0.000601142327352 3.95083 3.92388 2.6794250889 2.67025180359 0.387620425915
-109.914 46.5663 -0.000593829648264 -0.000151795088371 -0.0003311899862 0.00117924570268 3.85729 3.85578 4.13037123436 -2.13484689743 0.606696468519
-108.13 46.5038 -1.79359438181e-05 0.000217683543311 0.000392748935911 -0.000694828652347 4.01673 4.01912 0.458188117805 2.11857105216 0.00353537977873
-107.076 46.5408 1.6185992225e-05 0.000184751125675 0.00202596021348 0.000288914841355 3.97027 3.97293 1.185254067 1.80385067519 -0.0331051448156
-119.928 45.8951 -0.000149027732734 -0.000296138022966 -0.00102723054419 -0.00176697584452 3.64798 3.65124 -5.93271742952 -2.80741886419 0.0892745729574
-117.228 45.9734 0.000120798018689 0.000189095720654 0.00114452508965 -0.00184632976234 3.99965 4.00155 -2.87830377352 1.84101823295 -0.100029073886
-115.255 45.7565 0.000330207260122 -0.000312044247648 -0.00114465889644 -0.000149275430372 3.77623 3.80377 -2.12530021331 -3.45760840529 -0.350739465455
-114.332 45.7893 0.000699937230318 0.000356532061451 0.000794685000541 -0.00171783493765 3.88358 3.91433 -4.78531021862 2.90531506238 -0.659460726168
-113.37 45.8122 0.000381104481374 0.000698303661032 -0.000325572074924 -0.00162375808217 3.8041 3.83859 -4.64181068212 6.75661029371 -0.317701131359
-111.626 45.7843 0.000274170988262 0.00089785562459 -0.000157748399322 0.000730396815951 3.80679 3.83353 2.22462091335 9.17850736285 -0.321202967916
-110.659 45.9054 0.00019111532149 0.00111675575266 0.0004945480921 0.000597449232709 3.87545 3.87617 3.65773441726 11.293381721 -0.290613189321
-109.716 45.9046 -0.000152422910995 0.000702515726346 -0.00100337209115 0.000797008068003 3.83921 3.83143 4.32381855947 6.75753326385 0.0720057258729
-108.944 45.8538 -0.000390225936394 0.000268196840346 0.00083551947951 0.0018834921862 4.07673 4.08028 4.34393106376 2.15245198866 0.354277033773
-108.149 45.8006 -0.000274885840549 0.000230494904097 0.000598988480464 0.00129536327893 3.96009 3.96711 4.35732609551 1.88114013026 0.241774341265
-120.635 45.2357 -0.000143020944147 -0.000128840151665 0.000393053132944 -0.000553209561764 3.81021 3.80963 -1.42109549447 -1.19028037439 0.126222544445
-118.96 45.2904 -0.000173680564864 -0.00017229820542 -0.000946145037251 -0.00249116899861 3.68685 3.68567 -4.09261071023 -1.5414824267 0.146333219188
-115.326 45.1285 -1.45985552632e-05 -0.00125346767653 0.000413518468495 -0.000830156110011 3.9186 3.94452 -1.85033638842 -12.9554860628 -0.0653495762121
-114.233 45.0931 0.000271268406286 -0.000800528548643 -0.000126868121006 0.000457469774964 3.85995 3.89913 -0.917518115306 -8.31835561246 -0.298329346477
-113.46 45.2432 0.000182431119456 -0.00108711797058 -0.00014822573291 0.00142646237464 3.76901 3.80634 -0.280882993667 -11.1318156444 -0.197044522682
-112.489 45.166 0.000123189703603 -0.000759484375418 9.64814669317e-05 -0.000304008320414 3.6479 3.67246 -1.35979874238 -7.72588329174 -0.13854769911
-111.805 45.2285 0.000611133323799 -0.000972570064974 -0.000474553622657 -0.00175599345152 3.71732 3.74097 -3.5909923793 -10.1111403981 -0.659706726935
-110.74 45.3212 -8.91931167647e-05 0.000394313331402 0.000342306557294 0.000831679256129 3.84915 3.86851 2.1116440505 3.88202929342 0.0646275480685
-109.563 45.3171 -1.26209222871e-05 0.000418108825443 -0.000294573234754 0.000554485232625 3.86278 3.8775 2.87262941753 4.11640022877 -0.0249028397418
-107.207 45.225 9.27559210937e-05 -0.000538638002621 0.00107853439692 0.0011508205758 3.87231 3.88229 4.69163108793 -5.0445547326 -0.0108878467453
-114.855 44.5494 -8.09758939089e-05 -0.00136231179344 -0.00106625216349 0.000283684294242 3.74913 3.78072 0.384507076636 -14.0538631071 0.0557816258808
-114.255 44.5642 0.00069951452954 -0.00233830694826 -4.90230918939e-05 0.000678456111874 3.75287 3.78074 0.210708455575 -24.1409301325 -0.732622121834
-113.367 44.6165 0.000855771672869 -0.00177154438597 0.000684758153963 -0.000892298057837 3.87131 3.84598 -1.90446598582 -18.4266303917 -0.926455182145
-112.644 44.6173 -0.000165751277422 -0.00157366767323 0.000400795464624 -0.00120529656885 3.74911 3.73139 -1.64153826919 -15.9274008424 0.123406557464
-111.248 44.7038 -0.00112308894755 -0.000690508630831 -0.00215072365843 -0.000806370305468 3.56652 3.5611 -0.271933507484 -7.09279496038 1.13269780416
-110.576 44.3951 -0.000320876617366 -0.00128719571079 -1.78401446904e-05 -0.00144963295861 3.78534 3.79144 -2.81556048581 -12.7836061838 0.292328172148
-107.999 44.4868 0.000103387307097 -0.000495309944066 0.000338023670011 0.000386238982785 3.88769 3.88818 2.69956196186 -4.71265963783 -0.0506114804697
-107.042 44.6277 -2.46088129505e-05 -0.000716706556701 0.00185974520497 0.000512337553439 3.9669 3.97011 2.35332681553 -6.94223791978 0.104097389647
-115.133 43.7945 0.000815982557574 6.11173026775e-05 0.000379802949028 0.000728799018559 3.921 3.88673 1.2329825005 0.579069238236 -0.815577447934
-114.117 43.9146 0.00052473702821 -0.000573224597088 0.0006114776021 -0.00202302660112 3.95681 3.87541 -1.81312599136 -6.13671617806 -0.551290226597
-113.452 43.9286 -0.000684303322035 0.000410906492555 0.000805838856189 -0.00178347106375 3.82765 3.75928 -0.891877574648 4.36041383325 0.693679021844
-112.485 43.9997 -0.000379000239565 0.000644496833528 -0.000936751685951 0.00057133436811 3.60592 3.56891 2.07153796163 6.3764749365 0.352863029203
-111.487 43.8756 -2.65268089092e-05 0.00027298067112 -0.000362229175104 0.00146122395441 3.66082 3.64206 3.38844185693 2.71855977171 0.00595596025534
-110.576 43.92 -0.000244789206416 0.000355757051417 0.000573110261556 -0.00149807767527 3.82265 3.73537 -2.07909041576 3.57570798448 0.248083656685
-109.817 43.7013 -4.7751989367e-05 -0.000343798656817 -0.000641513984507 -0.00141101683081 3.76737 3.7316 -0.509978261832 -3.42411587681 0.0570849538075
-108.128 43.9496 -2.90220271299e-05 -0.000128141042489 -0.000604616751125 -0.000729498305425 3.79827 3.7805 -0.564337732838 -1.26657349835 0.034974938281
-107.292 43.8122 -4.22032129344e-05 -0.000125436806191 0.00111454510742 -0.000198854077325 3.9872 3.95376 0.330398525273 -1.2461357335 0.0511601328443
-115.828 43.4151 0.000998847603337 0.00138698995197 0.000628628008683 0.00107187745162 3.91586 3.8868 1.82410219411 14.3988567776 -0.993281600117
-114.174 43.3979 -6.84043539505e-05 0.00195328027506 0.0019931242827 0.00210356151415 3.98039 3.92021 2.91364335989 20.0383973579 0.000373500224292
-113.518 43.3234 -0.000952580853125 0.00251052807749 -0.00101332767356 0.00424546803506 3.58401 3.57822 6.86857665482 24.423103877 0.666717752774
-112.433 43.3998 9.51079281028e-05 0.00212034693774 -0.000933808054377 0.000929083133634 3.56447 3.53656 5.34834566126 21.4841781896 -0.302353642984
-111.612 43.2741 -0.00136163432957 0.0019280912553 -3.27526332987e-05 -0.000322265685139 3.73945 3.6802 3.01642174435 18.450398492 1.22899071165
-110.712 43.3629 0.000885274011192 0.00354005354008 0.000583154370649 0.000214253149765 3.9409 4.00353 5.1576714887 36.1735986608 -1.28684332536
-110.02 43.2112 0.00190307801385 0.00209344925158 0.000855639052935 0.00163847437325 3.90415 3.8541 4.25760543987 22.7257832725 -2.11741607721
-109.053 43.2649 -0.000200730442911 0.00104045959874 -0.000951959117545 0.00020441552118 3.77226 3.74619 0.570697568166 10.1367221936 0.143152975666
-108.084 43.3531 0.000567868362988 0.000986344974213 -0.000900890725018 -5.00182713555e-05 3.82904 3.80394 -0.822011718008 9.87735394936 -0.609155538169
-107.446 43.3459 -0.000190387711905 0.00119859625878 0.000832848510461 -0.000708578970441 4.0542 4.00389 -2.29248349648 11.6167119836 0.161138590271
-106.479 43.4126 -0.000498176180487 0.000604025410351 0.00192346983446 -0.000338479537661 4.04322 4.02109 -1.01830733363 5.54179953817 0.462164306509
-113.176 42.5452 -0.00254033554021 0.000985772761887 0.00115206889707 0.000866653787852 3.86847 3.84402 0.685482399451 9.83713437892 2.53207276577
-112.531 42.6852 0.000311211514086 0.0034261286659 0.000938598432162 0.000923278061404 3.93283 3.97874 4.93476666072 34.8991040973 -0.617872458628
-111.588 42.8321 0.00014528247006 0.0040064314671 -5.16965336569e-05 0.000939410671529 3.73336 3.72355 3.20160867728 40.3367257667 -0.428452936392
-110.92 42.7507 0.000284104476589 0.000853395993534 -0.000498725104382 0.000500148409637 3.78925 3.77494 2.80458106293 8.72676746985 -0.344594316159
-110.042 42.6372 0.000107384836546 0.0030340762021 0.000660435892595 0.00112377594419 3.98235 3.99173 4.63506972868 30.0850228514 -0.452119882789
-108.847 42.8247 0.000240050049591 0.00158592136806 -0.000342815757784 -1.98649946682e-05 3.96121 3.90655 -0.407787816604 15.6931217448 -0.303687041292
-108.342 42.6579 -0.000100605423168 0.00234987446647 0.000214304554907 -0.000652805806225 4.03469 3.99889 -2.7498371981 23.0258458426 0.0882360775897
-107.251 42.6332 7.4033434931e-05 0.00286166973461 0.000129340433123 -0.00134836293601 3.95704 3.92888 -3.53460881765 27.7944214738 -0.0867233914663
-106.524 42.6507 -0.000317059622398 0.00241485389482 -0.000174322847977 -0.000306614949749 3.83999 3.81012 -1.2379682031 23.1134517284 0.188366859454
-116.471 42.0773 -0.000441861227723 0.00635087210066 0.00504050937995 -0.000973758746183 3.98839 4.09557 6.76655923897 65.9502476505 -0.0429804401509
-115.754 42.1669 0.00215242076186 0.00553020645448 -0.000819643914338 -0.00082400582944 3.95765 4.02642 3.15124202548 58.039009886 -2.27024734707
-113.24 42.0343 2.44008346301e-05 0.00527528358146 -0.00113746270829 -0.00261018825299 3.65936 3.60587 -3.56015455225 53.689008433 0.325096838996
-112.386 42.0041 -0.000540679651011 0.00564913570744 -0.00050692233724 -0.000685597332376 3.63419 3.63463 0.836147455135 57.1151341692 0.425380820277
-111.432 42.0149 0.000812967298343 0.0062460642178 9.36773140184e-05 0.000243132160158 3.7049 3.74106 2.04388001987 63.1362610298 -1.14004218202
-110.873 42.0995 0.00147615801207 0.00560421806192 -0.00112508942687 0.00116587170449 3.82325 3.74402 2.65147761694 56.9749523424 -1.86277217111
-110.036 41.9243 0.00153534292801 0.00557953586489 0.000412477964568 -0.000181722998691 4.14134 4.02805 0.884103070491 56.1213880431 -1.80432278646
-109.357 42.1012 0.000435293053382 0.00388891328598 0.00135708591204 0.000383155362318 4.25733 4.16903 0.71504056733 38.6050538487 -0.642844554892
-108.34 42.0073 -0.000422577530107 0.00444435942487 0.000855829828699 0.00052689415498 4.17008 4.12564 -2.48902630671 43.5015160919 0.380511290619
-107.369 41.9641 -0.000160922598938 0.0048845309566 -0.00107985726161 0.00568654943944 3.80871 3.76455 -0.309351956901 47.2877963223 -0.126354089202
-106.434 42.031 0.000221475061938 0.00463864187312 -0.000368774691564 0.00196723184394 3.83654 3.82286 1.48990920441 44.7028956001 -0.688905589167
-105.701 42.1143 0.000894583149553 0.00279442856132 0.0010096051728 0.00200719123844 3.96677 3.90561 1.89510530292 27.5880845265 -1.21448802974
-104.933 42.0432 0.000701243823132 0.000987659071993 0.000621373281245 0.000187999119614 3.83336 3.81236 -0.251836233234 9.95104873941 -0.785693269914
-116.54 41.522 -0.000412075936376 -0.00033323013813 -0.000867391520788 -0.00129501756928 3.74789 3.77892 -1.23675114405 -3.21048877534 0.390077176888
-114.165 41.3602 -0.000558274202146 0.0026967171714 0.00224769948716 0.0048650802612 3.93043 4.06595 4.55084837464 27.2936774347 0.381964291065
-113.347 41.503 0.000155593717925 0.00765788358357 0.00087966708791 0.00112241379086 3.90645 4.15063 1.22083430536 78.2208479761 -0.279604571866
-112.448 41.4632 -0.000232888250381 0.00812471886858 -0.00162371866238 -0.00153289873005 3.62607 3.93602 -3.2724861717 82.3743801521 0.653653211635
-111.63 41.3146 9.28274351208e-05 0.00836119849342 -0.000660909810113 -0.00276113189634 3.75955 4.25956 -9.5433235844 83.0769936255 1.17308139509
-110.666 41.4729 0.00116483235845 0.0087550603147 -0.000662403792316 -0.00528305472195 3.80338 4.11708 -9.10529316485 85.1314331065 0.00773582100658
-110.067 41.4272 0.00138519473274 0.00942687591242 -0.000786106457811 -0.00316837882398 3.98352 4.36507 -7.28249559872 91.9718007618 -0.490057086564
-109.157 41.5047 0.00125788663921 0.00835934706334 0.000673509355545 -0.00146018971516 4.23869 4.51619 -3.69888306368 82.1610834183 -1.07889003548
-108.187 41.4906 -0.000232089803593 0.00647492131676 0.00162174956627 -0.00234700155771 4.15188 4.30611 -5.03556303496 63.3756600676 0.448947828369
-107.364 41.6067 -0.00091202946637 0.00781984514584 -0.000311937414838 -0.0121055145417 3.7727 3.86466 -13.3027614546 76.3714415046 2.20831770245
-106.596 41.4033 0.00115852570244 0.010102057733 -0.00550043882099 -0.000978023816786 3.35077 3.70486 -3.44168473918 97.6012697621 -1.28569665955
-105.722 41.468 0.00310190848099 0.00630032308169 0.00128666448072 0.000325756993937 4.01796 4.23009 1.51570876872 63.2125425683 -3.77066176151
-104.825 41.4676 0.000764137642343 0.00452412665661 0.00180991144179 0.00112011242485 3.99471 4.05684 0.951040063384 43.5223104725 -1.25552356085
-102.772 33.9696 0.00108062951419 -1.62531372219e-05 0.0051281013782 -0.0021595209342 4.17798 4.21034 -5.09853924712 -0.0176631446379 -1.08031867276
-116.508 40.7186 0.000233359164502 0.00690664792451 0.011956466528 0.00141086751528 4.66906 4.91723 4.5303131527 72.4221707202 -0.498921314328
-115.736 40.8167 -0.00257830271327 0.0082645988673 -0.0044277337342 0.00149594625129 3.73516 3.9599 2.56676900986 85.7184899533 2.47158592937
-114.204 40.8556 -4.89060667834e-05 -0.0031596470508 -0.00769350399897 -0.0249607255578 3.29061 3.43813 -18.5035275655 -30.498173191 -0.999978779649
-113.187 40.8513 0.00566528467718 -0.00174820567447 -1.42161973187e-05 0.00865400242187 5.13063 5.97354 11.9506749609 -5.65554186853 -5.18891877522
-112.52 40.8903 0.00394210995135 -0.00206215233851 0.00156257635762 0.000947948258958 5.30484 5.03771 3.71723402939 -18.0888587769 -3.78934909593
-111.437 40.8869 0.00253270662467 -0.00175958394095 0.00154071842294 0.000396890312001 5.77462 5.61145 2.92241751113 -15.9172269567 -2.40735078596
-110.834 40.9425 0.00102721919962 -0.00166488082234 0.00415666262681 0.000129875452627 5.63817 5.80504 3.07660239205 -15.8050748633 -0.895182713097
-109.673 40.9763 -0.00141203245216 -0.000947482533409 0.00376385624794 0.000401528822996 6.40074 6.39007 6.6443612646 -11.4056216732 1.53996270476
-109.177 40.8936 -0.00277508590126 -0.000442019051371 -0.000495762029653 5.24428585449e-05 7.87284 7.7357 5.59472701776 -8.14422029447 2.80963218836
-108.263 40.8338 -8.86630552424e-05 0.000370895954969 0.00301421864111 0.00886237391666 9.8956 21.4814 12.630622385 3.25968683764 -0.0148240149744
-107.52 40.76 0.00260575497211 -0.00096951743279 0.00166158335484 0.00367617424101 8.65129 10.3718 4.47563045783 -5.80818844703 -2.44548757884
-106.454 40.8023 0.0015349112976 -0.00174583109952 0.00224699162892 -0.00289290810854 5.78199 5.67216 -6.0404123658 -17.2762154229 -1.58954881523
-105.944 40.8947 -0.00104792822935 -0.00215281071782 0.00224884947313 -0.00363277113413 6.56817 6.6015 -6.88281551082 -20.2207022198 0.959883377115
-104.882 40.8271 -0.00144238877281 -0.00108122317115 0.0126497291675 -0.00310979575953 8.45101 9.40196 -2.70479812805 -10.8706274393 1.48904770716
-104.087 40.8132 0.000725898791958 0.00859042250898 -0.00927234627083 -0.00993245282522 3.45925 3.645 -9.96299701455 80.3159788611 -0.0966533776965
-116.5 40.2917 -0.000402242713785 0.00114576676732 -2.17827965128e-05 -0.00551793510172 3.86561 4.20974 -3.97214211575 12.3973913645 0.524793284666
-115.657 40.1313 -0.00158882120422 -0.00613662670134 -0.00498709937254 -0.0032230579568 3.68043 4.00076 -5.55162444393 -61.2707547396 0.797761709146
-114.745 40.2679 -0.00194126186141 -0.000243063013925 0.0216867393182 0.0067269674689 6.64077 7.60767 13.6120409822 -6.77897365026 1.94799027907
-113.981 40.1314 0.00104427930812 -0.0130027094165 -0.0127953370775 -0.00292778909808 3.03149 3.31304 -12.2357999661 -132.533278166 -3.91919414505
-112.469 40.2807 0.00485943309656 0.00166073400299 0.00394563134668 0.00526291925194 5.36181 5.8137 9.01961276451 24.6030787008 -5.0643956417
-111.502 40.2067 0.0027129854796 -0.000251549387075 0.00482136329313 0.00600232022415 5.38397 5.44859 11.1491213057 3.23754795236 -2.60022075679
-110.738 40.1948 -4.23997573916e-06 0.000394660258725 -0.000202616826328 0.00632405780455 5.2525 5.42737 9.41731098882 3.86479967925 -0.070078677931
-110.008 40.2655 -0.00183591811177 0.000829859890881 -0.000586009817318 0.00948405555009 5.20485 5.43994 15.3560962326 2.46290104356 1.50720620593
-109.124 40.2982 -0.00295691775887 0.00123570946614 0.0100731452607 0.00403305433955 10.9416 14.4186 17.3482592783 1.57872112578 2.36296403023
-108.242 40.1348 -0.000147470899121 -0.0105268679045 -0.011678764762 -0.0139221069603 3.38692 3.63632 -22.5634420953 -96.5308676095 -3.38076592347
-107.47 40.2149 0.00404905075018 -0.00126388427834 0.0124546028009 0.00160781036352 11.2822 13.1887 9.75005888222 -2.91372362455 -3.65044268102
-106.547 40.1618 0.00184552671181 -0.00030484958972 0.00174352564032 0.00327386165933 5.94331 5.68368 7.08992102533 0.576684544937 -1.75101376475
-105.918 40.2109 -0.00133151943904 -7.58539995973e-05 -0.000679158135843 0.0013427300772 5.93159 5.7747 2.88991561071 -2.36899109236 1.33016014256
-105.073 40.1227 -0.00210354452366 9.93838874578e-05 0.00926824611192 8.22534655497e-05 7.61573 7.81353 2.15378573959 -1.57894839444 2.07432796349
-104.12 40.1129 -0.00105523998282 0.000779983276234 0.00943755016856 0.00322242442423 5.51181 5.97465 0.120532953365 6.30868086355 0.970850324493
-116.464 39.6202 -0.00021239205455 -0.00998879389941 -0.00944360001184 0.00152556527243 3.37724 3.59925 11.1565028593 -103.770473514 1.76215746444
-115.754 39.553 0.000878147374726 -0.00994366526712 0.00245165281653 -0.00026521392268 3.78312 3.94904 2.14494482117 -103.556013271 -0.811199446174
-114.908 39.4731 0.00172133071664 -0.00908868093475 -0.00112313049768 0.00257564375174 3.73542 3.82206 4.00783553453 -93.0736934469 -1.27682510673
-114.016 39.455 0.000504681862139 -0.0080325158578 0.000898473266891 0.000694281829926 3.91874 3.85477 -0.464118840348 -82.5920740988 -0.660965212511
-113.069 39.5906 -0.000380188290246 -0.00927395314103 0.00125975804814 -0.00618608094522 3.88826 4.0676 -11.777379392 -91.6989133168 -1.52961863029
-112.279 39.5708 -0.00161677413948 -0.00850395072874 0.00127206602581 -0.00568529570643 3.71707 3.94516 -9.29505559291 -82.5358277758 0.289366079856
-111.66 39.6092 -0.00222369713337 -0.0100255331728 -0.00239482548554 -0.00404960763458 3.34573 3.6712 -9.81077135807 -96.219969772 0.632941272411
-110.74 39.473 0.000117039668996 -0.00854731811294 0.00108335555004 -0.00274991805207 3.44706 3.65008 -9.55803940116 -84.6911775836 -1.32552647762
-110.246 39.6279 0.00193869462361 -0.00753597691237 -0.00420214394199 -0.00613969176258 3.45723 3.70216 -18.9190478303 -77.3167707609 -4.0784237093
-108.981 39.6333 0.00151109081624 -0.0054634911338 0.0050902469613 -0.00180886465007 4.48919 4.73001 -7.39721555356 -54.8220235184 -1.96821815421
-108.391 39.4998 -0.000322697049013 -0.00481547229163 0.00110954233377 0.00378080316126 4.18072 4.12616 0.720879217264 -47.2386364438 0.627130705281
-107.449 39.524 -0.00142579506051 -0.0064231486704 -0.00118213123062 -0.00207200879809 3.75026 3.86715 -1.36240317832 -62.8253330479 1.66560485695
-106.759 39.5952 -0.00198765249181 -0.0084747183193 -0.00341377637822 -0.00170944151001 3.50198 3.7089 -4.56594034412 -81.5581628664 1.89710182462
-105.839 39.3741 -0.000344448229195 0.00132133439807 0.00559941193173 0.00287209891681 4.11098 4.25691 3.13872743885 12.0895642496 0.165122147076
-104.908 39.5144 -0.00212959462382 -0.00863370260647 0.00184083489222 -0.00305722410416 4.03048 4.45558 -4.35388887692 -82.1927666954 2.24645029105
-104.168 39.5125 0.00196926541205 -0.0020563393364 -0.0105272732696 0.00269403597441 3.24779 3.35369 1.05689664464 -17.0985092768 -1.71744032718
-116.4 38.8247 0.00126836562148 -0.00376333681879 -1.91867650141e-05 0.00217898516543 3.79619 3.71329 5.97104703154 -38.4553153784 -1.01255088146
-115.654 38.8455 0.000461361590792 -0.00433362253077 0.000190586407029 0.000383437361567 3.83146 3.6911 2.57297707522 -45.0502680289 -0.391608106289
-114.83 39.04 0.00105062916338 -0.00419171738619 -0.000331162431346 -0.00249209346969 3.87005 3.74182 -1.92849985935 -43.8740538161 -1.273922752
-114.02 38.9551 0.000875749765438 -0.00285313018681 0.000601777225462 -0.00232827208407 4.02632 3.92754 -2.32593475612 -29.7347968798 -1.02191030175
-113.277 38.9882 -0.00052308015142 -0.0035282557159 0.00134437397607 -0.000846618990891 4.03834 3.9041 -0.362953388446 -35.966325472 0.490275894035
-112.379 38.9995 -0.00147825624102 -0.00427188553508 -0.000334821339049 0.000466710156152 3.72857 3.67931 2.28552559319 -43.9288449926 1.6762605629
-111.172 38.9176 -0.000991447666473 -0.00502639956996 -0.00116155123064 -0.00243150110625 3.62898 3.64127 -3.72026571985 -49.8966819757 0.765025911299
-110.133 39.1025 0.000368351303098 -0.0050772404537 -0.000583057974385 -0.00159573031363 3.73012 3.70597 -7.66317778444 -50.5588552296 -0.884905966681
-109.263 38.9553 0.000736674700055 -0.00313865064896 -0.000442544429842 -0.00144959000157 3.9258 3.91156 -4.36170397304 -31.1849199323 -0.846648499701
-108.296 38.9541 0.00107109342418 -0.00327624254709 0.0015858542764 -0.000234810310772 4.07216 4.04642 0.463710303249 -31.3499125727 -0.873986028029
-107.574 38.8347 -0.000215213293312 -0.00346332207246 0.0003863788498 0.0017559365831 3.84768 3.78735 3.06168414114 -33.6622918837 0.603592122453
-106.91 38.8627 -0.00140445532393 -0.0052979712081 -0.00216025843896 0.00107678505534 3.63237 3.64451 1.10966949544 -52.1333912675 1.85434086933
-105.834 38.9045 -7.45686061932e-05 -0.00417556802452 0.00152339344105 0.000481839441611 3.99368 4.00995 1.18221534769 -39.8066485887 0.487411690541
-105.149 38.9641 -0.00168531016379 -0.00496394079277 0.00069952799556 0.00137139340024 3.84535 3.84897 2.82126269308 -48.9103376288 2.3396737963
-104.247 38.9145 -0.0011248619357 -0.00667091105187 -0.00232372185219 0.000214659862072 3.6309 3.70918 0.190477273722 -63.6230796024 1.78065474238
-116.302 38.2886 0.00117096354063 -0.000443260978155 0.000918934841073 -1.73243436092e-05 3.91854 3.83657 1.43499870232 -4.76678043618 -1.17540713199
-115.585 38.3489 0.000216272151945 -0.000163019138905 0.00062230554926 0.00114668620542 3.99898 3.90908 1.84095782982 -1.68672377057 -0.21552027254
-114.608 38.3281 3.56432452598e-05 -0.000414422956121 0.000747714150338 0.00205498796464 3.94723 3.88206 2.79194321708 -4.26506560654 -0.0224593982714
-113.969 38.1802 0.000271104190258 -0.000382804581569 0.00013930303815 0.0018387727527 3.81841 3.76937 3.80126045565 -3.76803735214 -0.249101471255
-113.021 38.2987 0.000606497515015 -0.000946161483669 -0.000609701701166 0.00476717786134 3.74877 3.73092 7.12967850078 -8.7953664539 -0.484206506248
-112.277 38.2108 -0.000155261766716 -0.00138404010658 0.0014017979606 0.00264251506045 3.88557 3.80369 5.18146476089 -14.0948098446 0.290817200943
-111.483 38.2843 -0.000972490375521 -0.00206134440809 0.000232829893067 0.0018563599638 3.87104 3.78806 3.83137551074 -21.4639823374 1.14124061785
-110.711 38.4187 -0.00121918152318 -0.0031847112138 -0.0005572737174 0.000415060642087 3.79315 3.76125 1.60457680251 -32.3988190241 1.38638692868
-109.894 38.3862 -0.000940691158333 -0.00279674085967 -8.86305852605e-05 -0.000664858976188 3.79769 3.81753 -1.25040079164 -27.8348658954 0.974331771791
-109.261 38.2916 0.000323987731043 -0.00234202541372 -0.000743011648083 -0.00023132473476 3.75506 3.76814 -0.905337964879 -22.9997362433 -0.265626214378
-108.379 38.1888 0.00127621002393 -0.00278280959675 6.49754012832e-05 0.00154932380349 3.80824 3.79393 2.51176921883 -25.9242894359 -1.00947944062
-107.55 38.3685 0.000819913918193 -0.00226929187701 -2.26283605163e-05 -6.33977506863e-05 3.8313 3.79694 1.81532408124 -21.2177744273 -0.610544863794
-106.756 38.2289 0.000118542227273 -0.00308744211111 -0.000916830700652 -0.000409289853073 3.77612 3.73112 -0.714937842347 -29.6489189302 0.0519589233194
-105.107 38.2315 -0.000411607188125 -0.00294006938246 0.000983521601321 0.000331152763397 3.88196 3.83377 0.866612757907 -28.1650967223 0.704957402269
-104.283 38.1474 -0.000717994733379 -0.0033766663182 0.000186633088761 0.000135026195222 3.81991 3.80916 0.476520339321 -32.3389810199 1.06026805714
-116.595 37.923 0.000433630345718 0.000359985304655 0.00120627049802 -0.00200583929703 3.83962 3.83487 -3.32207527298 3.32683959358 -0.39718275194
-115.747 37.6444 -0.000158758266741 0.00138699277144 -0.00102503686004 -0.00107863602785 3.7699 3.77244 -2.60132746205 14.5449143839 0.260712965209
-114.849 37.6083 0.00119765002603 0.00177050781793 0.000135459648154 0.000276300159843 3.83833 3.82273 -0.386787924855 17.9971724575 -1.15184905552
-113.86 37.5808 0.000981111525029 0.00171330883282 0.00226225414154 0.00146751122943 3.8827 3.8533 3.42756187136 18.0738776157 -1.06789785643
-113.168 37.7601 0.0004440685887 -0.00127809916781 -0.00650961471385 -0.00235532016554 3.45373 3.42826 -1.9477027742 -13.1869093858 -0.488693843041
-112.363 37.6761 0.000183896908571 0.00128355068234 0.00145776399472 -2.85273653372e-05 3.8515 3.78986 4.06520232653 13.1062659343 -0.283870680792
-111.596 37.7222 0.000109225206307 0.000376312493117 -0.000132439109315 0.00222001389082 3.85644 3.79842 6.10235597245 3.89165916393 -0.154245333657
-110.802 37.6354 -0.000112580995087 -0.000511155432334 0.00125781844086 0.00190904429301 4.00117 3.93416 4.82934981219 -5.19842131661 0.167182796824
-109.995 37.6903 -0.000798935338009 -0.00134256901025 0.000254359369751 0.00108169043937 3.91134 3.8831 3.21163157798 -13.9672030821 0.914684408644
-109.137 37.7459 0.0004053243825 -0.00124067000307 -0.00115344757802 0.000293955126326 3.70512 3.69698 1.80323549155 -11.888655997 -0.313450264354
-108.36 37.83 0.00180078617245 -0.00190286008645 2.51624200735e-05 -0.00130968455374 3.84441 3.79796 -0.372484620562 -17.8179880733 -1.71614611032
-107.792 37.662 0.000862411198098 -0.00101935048273 0.000761106604977 -0.000412719692292 3.91139 3.85603 0.0452972798083 -9.42101817454 -0.803113379549
-106.829 37.7461 0.000162459846994 -0.00128489932069 -0.000783596818019 -0.00012049866252 3.72725 3.67594 -0.818855625624 -12.2894783458 -0.0953256597092
-106.002 37.7059 -0.000121138468146 -0.00142515433012 -0.000443904110975 -0.000558354006322 3.79087 3.74892 -1.52539786685 -13.6761703549 0.190191759604
-105.213 37.6407 -0.000156869040762 -0.000833903157981 0.000916355089911 -0.000840484968297 3.94657 3.89668 -0.293623254187 -8.01285005633 0.221729510873
-104.435 37.6606 -0.000658766799739 -0.00159984475094 -0.000112885097789 -0.000421122247943 3.80526 3.76557 -0.0930221627846 -15.5850744114 0.800365086608
-115.22 37.2408 0.000115415988998 0.000750642838499 -0.000924663468789 -0.000606779418502 3.70707 3.76033 -3.23682287103 7.67414439587 -0.0558425943473
-114.715 36.7256 -0.000429850426566 -0.000272530875471 0.000674586495133 -0.0016215572598 3.75461 3.80758 -6.25192800486 -2.2375690693 0.392257182552
-113.907 37.0195 0.000705629972328 0.00192117045554 -0.000818317680564 -0.00127634941369 3.57099 3.61172 -4.23215760278 19.0589853638 -0.545183241206
-113.084 37.0615 0.00104849015274 0.00220279683034 0.000231944372199 0.00179383386473 3.74025 3.72757 1.22920983608 22.6764226532 -1.09571656259
-112.382 37.0183 0.000943549942825 0.00213599899993 -0.000235422466924 0.000934943468706 3.77257 3.78854 0.766278046974 21.8316598127 -0.987842536882
-111.506 36.9839 0.00103265691143 0.00150120375919 -0.000155055787184 8.86965168675e-05 3.83986 3.83932 -0.428966848671 15.1839356678 -1.04634109083
-110.804 36.9969 0.000291640560502 0.0018572648699 0.00058286930298 0.000491041985958 3.99882 3.9481 2.17986559374 18.6976466599 -0.406186577324
-109.874 37.1364 -9.71462974882e-05 0.000628119647773 0.000518882153347 0.00199099340725 3.92069 3.87119 4.06376740144 6.08818851595 0.0309913393162
-109.025 36.8299 0.000653364259702 0.000856938602806 -9.96244250255e-05 0.00107434732506 3.88319 3.82298 3.17422313565 9.01141081746 -0.734002466055
-107.534 36.9914 0.00113047914751 0.000514460434171 0.00061732866247 -0.000102822278435 3.96085 3.91735 0.809129044519 5.76882934875 -1.16470575426
-106.903 37.0138 0.000275066839914 -6.65558372967e-05 0.000438867748218 -0.000489788412395 3.90994 3.86348 -0.876216755504 -0.509537529196 -0.271430678756
-106.037 37.0361 -0.000488147664365 0.0003404228597 -0.00023559444333 -0.00216044085533 3.7959 3.75238 -3.15979500468 3.1677687063 0.481640815225
-104.411 37.1388 -0.000453039664507 0.000791319078749 0.000123053610652 -0.000745727562764 3.77624 3.73793 0.888165474195 6.95845650191 0.366061235661
-116.33 36.4193 0.000184738374413 -0.000188041160104 0.000452043328587 -0.00070170382882 3.89681 3.89972 -2.35217435241 -2.10940159133 -0.198164533143
-115.383 36.423 -0.000137752652339 -0.00110599583508 0.000832574124881 -0.00128598543595 4.01938 4.00764 -3.77866087695 -11.327276494 0.0385880627316
-114.539 36.4321 -0.00124210083011 -0.00185872997343 0.00125507787282 -0.000122415541952 3.93996 3.94908 -1.18512227837 -18.7228512805 1.17573142393
-113.965 36.4151 -0.00022700696743 -0.00189942594635 -0.00162453204033 -0.000151107322957 3.46876 3.51634 -5.11021404883 -19.1885725408 0.0403245835981
-113.18 36.4182 0.000420437787958 -0.0012144090194 -0.000655074301033 -0.0018667209351 3.5004 3.55013 -9.08855400649 -12.9114591978 -0.607648604449
-112.291 36.428 0.000608073502642 0.000432059525189 0.000564905643655 -0.00227232669997 3.76089 3.8058 -10.2024837376 3.27226158039 -0.526485115815
-111.13 36.1428 -0.000135988083721 0.00141500988991 -8.4720380122e-05 -0.00333890746886 3.66028 3.68975 -9.44661204668 14.222153994 0.338053536645
-110.662 36.5996 0.000414888431318 0.00284613881178 0.000471537411286 -0.00112781857739 3.87568 3.88465 -4.93492962972 28.0886721105 -0.241415968872
-109.87 36.4199 0.000427941003448 0.00260934586816 -0.000306396814844 -0.00122227566448 3.75958 3.79752 -1.73325653717 25.8572790788 -0.436616289794
-109.208 36.2925 0.00109030008925 0.00271924238721 -0.000372871141233 -0.000647604122124 3.79444 3.83676 -1.15190671036 26.980782739 -1.14513997633
-108.52 36.3758 0.00144728840543 0.0022702345369 -0.000352474171175 0.00113395288986 3.91964 3.89311 2.83781803067 23.4767680085 -1.66039056067
-107.658 36.4277 0.00133210041314 0.0015729224581 0.00071739174558 0.000611684313998 4.07348 4.02903 2.26242035147 16.4350720517 -1.47664330896
-106.855 36.3773 0.000202422857503 0.00156724433749 0.00139195984228 -0.000378614906038 4.03207 3.9427 1.13052749974 15.209124426 -0.333903349183
-106.192 36.3289 -0.000842104160763 0.0016742750212 -0.000258495610595 0.000519568529385 3.70991 3.67364 2.58421124127 14.9824107439 0.641539460975
-105.278 36.4093 -0.000721504165881 0.00133893122379 -0.00186885245759 3.15479272989e-05 3.5688 3.56778 1.4263093567 11.9142313488 0.575762593973
-104.408 36.3998 -0.000509023362615 0.00154755865821 0.000695442793348 0.00213768021103 3.78202 3.82842 5.90039997259 13.3794102111 0.202481635693
-103.744 36.3945 0.000197881081273 0.000848606954016 0.000584225203221 0.00168100532701 3.80272 3.82585 4.5394486682 8.14094495472 -0.343678776773
-115.43 35.8384 0.000192762923636 -0.000234372966668 -0.000336237256685 0.00234430450844 3.80313 3.78964 1.67020375295 -2.42654321967 -0.191363381582
-114.851 35.7266 0.000323100922332 -0.000453172344062 0.00116939944505 0.00321215824588 3.9313 3.88054 2.76643673635 -4.58515393999 -0.308854602769
-113.984 35.8522 0.000191525902347 -0.00126638056874 -0.000271407674346 -0.000502381838098 3.78545 3.7353 -0.455476067798 -13.0410943301 -0.212292663396
-113.105 35.6339 -0.000479380601995 -0.00181840768887 0.0023668394237 -0.00299853509727 4.03629 3.95669 -3.71049541425 -18.1861714416 0.36177309451
-112.173 35.8191 -0.00130487101595 -0.00104530827979 0.000300610233469 -0.0035663780062 3.70258 3.68963 -9.42410121216 -8.4120697132 1.12845464164
-110.794 35.6218 -0.000990065933987 -0.000106998492586 -0.00199144533446 -0.00165574760913 3.53943 3.58369 -6.01199513645 -0.265500710118 0.978171725049
-109.933 35.7113 0.000328457837032 0.00060290440992 0.000828264563917 -0.00105861823967 3.62141 3.69239 -5.83776264015 5.73403873 -0.28600586762
-109.046 35.7147 0.000978069846108 0.000744297286134 -0.00117868576113 -0.0012993591692 3.58668 3.67411 -5.57647736916 6.76896088976 -0.935200571596
-108.466 35.7992 0.00177625779428 0.00224802965539 2.72496766475e-05 -0.000493433403858 3.85393 3.95099 -1.62723722921 22.3056079537 -1.81925927664
-107.638 35.8054 0.00155087231395 0.00218999239776 0.000513963907016 -0.000140801656818 3.97472 4.02003 0.501822906248 22.1747529278 -1.6896099334
-106.909 35.9138 0.000367406592595 0.00239721053197 0.000778769000361 0.00230618783246 3.83786 3.83991 6.02370761245 23.3647413855 -0.764942218219
-106.183 35.7452 -0.00039389909508 0.00172661661881 0.000802498337532 0.00254498026295 3.67757 3.69512 9.29232892269 15.2041738953 -0.0155959093078
-105.272 35.7259 -0.000419500171501 0.0012378596664 -0.000611932255261 0.00124724735941 3.54786 3.57356 5.79689734479 10.8322350737 0.18930457652
-104.616 35.8383 0.000136349143631 0.000284684763561 -0.0020907520632 0.000489634078507 3.527 3.55965 4.70125262965 2.86223680081 -0.18233314272
-103.786 35.7964 0.000600131326252 0.000106417223363 0.00364822547414 0.00136280862528 4.01278 4.02862 6.59041564832 2.14686612719 -0.609117569756
-114.87 35.301 0.000306328338382 0.000635381112857 8.5674494448e-05 -0.00314426944134 3.84563 3.829 -2.46950278211 6.3770288824 -0.267622943087
-113.885 35.099 0.000955843513549 0.00199146538718 -0.00118860997299 0.00149307550623 3.87064 3.81231 1.44682365008 20.6199547918 -0.992132513556
-113.083 35.2127 0.000457254670961 0.00268617270459 0.0020419976951 0.0049550518405 4.04138 3.84172 7.94924293005 27.7613647633 -0.826971364793
-112.267 35.1787 -0.00105789763467 -0.000156425755828 0.00058420612552 0.00540171748431 3.86135 3.82769 6.83436209632 -2.94121018037 1.06922062547
-111.532 35.0951 -0.00107049280932 -0.000476234187233 0.000331036377801 0.00166629516583 3.76058 3.76916 2.82393867383 -5.48433315033 1.09951085084
-110.713 35.0789 -0.000614771237098 -0.00149945364866 -0.000656927227223 5.37736854039e-05 3.64836 3.66803 2.48305695743 -15.3417207216 0.715355123594
-109.736 35.1181 -0.000998512275708 -0.00234134336809 0.00149107870503 -0.000297502107689 3.91248 4.04764 -1.03206375288 -23.3097561748 1.03702526468
-109.388 35.1118 0.000187427759821 -0.00225401706327 -0.00175342777388 7.28597003257e-05 3.52838 3.62408 -0.675275050261 -22.1589836494 -0.128288319566
-108.5 35.1259 0.000687816325658 -0.00225414462855 0.000795143574822 -0.000597994112642 3.73611 3.84689 -5.9122240979 -22.3775244406 -0.813551307306
-107.648 35.117 0.00143808241782 -0.000283947441204 -0.000124917690642 -0.000128993410492 3.66519 3.7404 -1.90510005842 -2.44344032685 -1.43142861741
-106.867 35.0719 0.000871480207582 0.000608519074767 -0.0014707460604 -0.000930422742322 3.55446 3.57495 -0.867137796816 6.25408599793 -0.899725173089
-106.15 35.1605 0.0002540006033 -0.000196774584601 0.000210430915394 0.000443208273263 3.74842 3.77924 0.80571500226 -1.66948932814 -0.236464555051
-105.408 35.2106 0.000392545010506 8.32814681701e-05 0.000405644131026 0.00151694269143 3.80212 3.8301 2.9805766698 1.26761273891 -0.400032733786
-104.461 35.2177 0.000354896307965 -0.000298111574464 -0.000974133456865 -0.000981384521514 3.75727 3.76421 -1.69378112823 -2.60601132794 -0.336975088216
-103.766 35.0891 2.01167352252e-05 0.00028609808982 0.000894771242749 -0.00122477046031 3.99482 3.97977 -1.23252055967 2.67991326733 -0.0409321894478
-103.063 35.0637 -1.02428735164e-05 0.000313167957745 0.000777036302402 -0.00153069539315 3.95504 3.94961 0.482772542998 2.87818936725 -0.0242053684319
-113.83 34.5935 9.72074305167e-06 0.000389566047151 -0.00178718855623 -0.000879578207011 3.69321 3.75608 -0.750614005911 3.99477122339 -0.00225718766165
-112.891 34.4692 0.00114246581208 0.00125817252965 -0.000578606951441 -0.000918616081147 3.70388 3.77732 -0.622529287858 12.7132344697 -1.13287563273
-112.237 34.4866 0.000899841142799 0.00153847292009 0.000905187715691 0.00019578967226 3.87119 3.88569 2.45090210936 16.0174204591 -0.979286596875
-111.441 34.4178 0.000846055410764 0.000936687663907 0.000675788670906 0.00496939409754 3.77782 3.72977 8.68788575902 10.7019605081 -0.991671097554
-110.806 34.3371 0.000624094764671 -0.000214690104224 0.000764205337209 0.00569921949035 3.82238 3.79218 8.47765531019 -1.04712689063 -0.578230531394
-109.95 34.5293 0.000648370008801 -0.00192359232331 -0.00155387492518 0.00277671192331 3.66205 3.64822 4.77444293511 -18.1859380226 -0.422307143556
-109.29 34.4275 0.000724317740159 -0.00309087913719 0.00162849646135 0.000873620583053 3.92576 3.89862 2.09489628657 -29.8049118388 -0.489976001142
-108.498 34.5421 -9.28543278138e-05 -0.00307863255058 1.688770469e-05 -0.00026587172628 3.78652 3.76379 -0.861818851228 -30.097681108 0.189745764497
-107.786 34.4457 -0.000663138485752 -0.00289128717961 -0.000751791941559 -0.000858570572384 3.65652 3.67109 -3.26048155301 -28.0407566927 0.653265111004
-107.01 34.5058 0.000181549182085 -0.000877860550205 6.26397657677e-05 0.000231082727707 3.6661 3.71364 -3.50740873836 -8.45842407081 -0.181553912435
-106.188 34.581 0.000169849243346 -0.000846467641314 -0.000205867542511 -0.00299007513559 3.6984 3.70285 -7.73995136454 -8.18171597546 -0.225007988149
-105.435 34.5646 -0.00022028583081 -0.000500537982899 0.000657006561072 -0.00236113793477 3.82545 3.83287 -6.38806544577 -4.67567288544 0.202847411176
-104.662 34.5271 -7.74508524989e-05 0.000850901700483 -0.000369504372468 -0.00161024400409 3.76834 3.79072 -5.16408322346 8.01975004246 0.0822017024328
-103.81 34.5508 8.78833997423e-05 0.000537101699414 -0.000908494205148 0.000660127236091 3.77594 3.79381 -3.20282673606 5.04503052108 -0.107790448397
-103.097 34.6469 0.000155381269794 0.000783805902282 0.000142330609865 0.00265873119883 3.87905 3.86658 1.40674637696 7.3955976738 -0.251862909918
-114.524 33.7503 -5.97597616593e-05 -0.000787906658745 -0.00116031249246 0.00103483053722 3.81151 3.81507 1.36493711585 -8.14271438998 0.0689283092173
-113.829 33.8142 -0.000191679455652 -0.00147419180856 0.00142470176133 0.000443004430251 4.00494 4.04323 1.25301982246 -15.1578634712 0.215766935247
-113.005 33.9383 -0.000886675607679 -0.00151648404748 0.000770006603413 -0.00313872389767 3.86472 3.93167 -4.60361957018 -14.6959528183 0.765889771213
-112.333 33.9535 -7.04303205982e-06 -0.00021837293807 -0.00120403026044 -0.0028197011278 3.5588 3.62939 -4.71328091595 -2.1995054043 -0.0089808610156
-111.478 33.8798 0.00119365664395 0.000776737372836 -0.00152170561231 -0.00380683081546 3.51408 3.66682 -5.32891244685 6.87134033271 -1.13140589277
-110.844 33.6953 0.00228237604934 0.000166462398729 -0.00188593693209 -0.00455493068174 3.60784 3.66559 -5.28006630625 0.0909089329286 -2.26552430438
-110.034 33.7776 0.0017336639324 0.000498070984713 0.00159612531259 0.000737048490753 4.01466 4.00629 0.223657229007 5.53540744625 -1.75006088332
-109.254 33.9571 0.00074802763714 -0.000531287283745 0.000739386274508 0.00036039113603 3.95465 3.87162 0.375567930926 -4.88824976634 -0.723173886059
-108.377 33.9085 -3.60379149303e-05 -0.000677742206935 0.000240220965652 0.00186994677789 3.86357 3.81667 2.43884287694 -6.6180126423 0.0967094987928
-107.674 34.0087 -0.000728183759774 -0.00135985908551 -0.000502690189327 -0.000136316272573 3.76059 3.72055 -0.689282055708 -13.467388415 0.784882147634
-106.965 33.937 -0.000682801765747 -0.00237217660317 0.000491384355967 -0.000991080168481 3.79863 3.79339 -1.5742361177 -23.0457356259 0.762066585535
-106.921 34.0739 -0.000560401277925 -0.00278602695263 0.000498485640861 -0.000851955983393 3.76588 3.80735 -4.39463396065 -26.7290374086 0.518364215885
-106.055 33.9315 -0.000344951129084 -0.00120910564423 0.000135434777257 -0.00107127509018 3.74442 3.73802 -3.73951245965 -11.5541968429 0.350596320336
-105.436 33.9257 -0.00120499746166 -0.00182980880153 -0.000782854743544 -0.000155781896958 3.65971 3.69526 -3.5037799764 -17.5256142578 1.23199761167
-104.693 33.9229 -0.000519419405673 -0.00185388882912 0.000647143597308 0.000440575058197 3.79987 3.86531 -3.53435912311 -17.5608352779 0.559292568564
-103.825 33.9232 0.000157293703814 -0.000859845147016 -0.00100889741325 -0.00113218601821 3.69608 3.7536 -6.86559243754 -8.0670140684 -0.181337558948
-103.163 33.8839 0.000802882434946 -0.000172555466422 -0.00149177228126 -0.00130543977428 3.74195 3.80172 -6.1678010041 -1.67083251651 -0.804473340332
-113.657 33.1999 0.000331688509307 -0.000843870989604 0.000105320116307 -9.91163114057e-05 3.9219 3.84185 -0.446518797924 -8.68416476466 -0.341162939706
-112.946 33.3627 -0.000423288384768 -0.00214221520196 0.000772792206186 0.00249064960124 3.96031 3.86922 4.81957819394 -22.1005174403 0.608551573334
-112.158 33.2893 -0.00102146640817 -0.00264527219895 0.000487314152255 0.00201566498783 3.86663 3.85579 2.16134426835 -27.2037194652 1.14849705975
-111.427 33.341 2.8241352114e-06 -0.00258575593731 -0.000236334771832 -0.00205939834316 3.58047 3.57709 -4.59280768904 -25.9085776934 -0.1641304729
-110.472 33.2969 0.000716640939258 -0.000293849230655 -0.0012548070501 -0.00461317841075 3.59675 3.58167 -9.83963602108 -3.92253091601 -0.751558344119
-110.036 33.0851 0.0010256877367 0.000960812564308 -0.00173401497974 -0.00313600142776 3.52591 3.58221 -10.016042951 7.96464128605 -0.877339015526
-109.266 33.2921 0.00139803286647 0.00170529392523 0.000191113437953 0.000168960083094 3.77426 3.77333 -1.52838039738 16.9350004583 -1.41786682096
-108.592 33.1132 0.000731440559051 0.000651110425551 0.000444013038965 0.000398117323549 3.85667 3.80682 -1.23529749658 6.52734759042 -0.746297676124
-107.671 33.3086 0.000278528711841 0.00038402647455 0.00023095967867 0.0016382553343 3.826 3.78611 0.622976300303 3.88702195383 -0.302700790145
-106.964 33.2555 0.000215066630201 0.000294497539841 0.000257510493499 0.00216624446286 3.79003 3.72987 1.87880645601 3.0141013515 -0.241523721871
-106.232 33.2621 0.000211751447523 -0.000687940575255 0.000433270929071 0.00295775855054 3.77367 3.72605 3.82641737878 -6.24346780688 -0.117832211804
-105.365 33.3298 0.000119388973832 -0.00175503132047 -0.00129734436218 0.000581538348481 3.72214 3.66179 0.283620145871 -16.4831082768 0.0225767197305
-104.717 33.2797 -0.000721830932402 -0.00246270390103 0.00105741260229 0.000290245064602 3.98874 3.93566 0.189581875783 -23.6789882701 0.928980873373
-103.98 33.2716 -0.00107029913175 -0.00194927158805 0.00102970716777 -0.00134323228507 4.00157 3.98957 -4.25394821158 -18.3636625099 1.09909669367
-103.215 33.315 -1.02534258812e-06 -0.00173715371718 -0.00196407519415 -0.00172579023782 3.70273 3.7374 -7.49776093466 -16.1025484082 -0.0585241844763
