-114.58 32.5356 -0.00122584697219 -0.00017215210953 -0.0035977774928 -0.00150470244377 3.67074 3.65764 3.64885872615 8.53818836899 0.128228475025
-113.767 32.7683 -0.00362748652962 0.00108577964626 -0.00193753026705 -0.00391193006678 3.48647 3.58972 6.23125148175 28.0071792807 2.08173207362
-112.883 32.7513 -0.000851317381855 -0.000921565745749 0.00730058441274 -0.00304233608595 3.61424 3.72117 -5.31833171675 5.63074569139 -0.839059607447
-112.228 32.7006 0.00168596795819 -0.00150168586909 -0.00544914925307 0.00351051013304 3.79815 3.85485 15.4165507493 -16.0472282244 -2.0909118626
-111.704 32.5618 0.000957643932148 -0.000251429009381 -0.00362505864132 0.003075890471 3.95165 3.99148 10.3699562676 -7.26392672686 -0.580384257986
-110.739 32.5716 0.00326429540971 0.000215881346262 0.00218369498178 -0.000624058102602 3.84962 3.92464 -7.26101283668 -23.8892530569 0.00398022296195
-109.97 32.6399 0.00404536388507 -0.000776346688003 0.00234966174316 0.00118408173938 3.93797 4.01262 -4.29172181209 -30.1765708277 -1.25133017336
-109.303 32.7663 0.00366933063191 -0.00104504745071 -0.00096776681648 0.00030733608941 3.85403 3.85499 3.12705602656 -27.9111275561 -1.92267384551
-108.633 32.5466 0.00197893243099 5.09260004833e-05 -0.000176101684998 0.000220794318769 3.86978 3.82921 3.63558717728 -13.9170313659 -0.46183858239
-107.785 32.5324 0.000106560456259 9.53867541882e-05 -0.000663345062015 9.59030461645e-05 3.8384 3.80247 3.85122741433 -0.567494359409 0.0638423926737
-107.001 32.6995 -0.000270112449629 0.000766912576329 -0.00118364748792 0.000354969493259 3.8783 3.87416 2.18536961025 3.2425818948 0.80920368994
-112.812 31.9559 -0.000722897813487 -0.00127274319005 -0.0018002883475 0.00728770659608 3.97982 4.00745 9.68197269052 1.77608669752 -0.943948003294
-111.457 32.0022 0.00158255335519 0.000190627838406 -0.00301692441562 -0.00372135098913 3.53935 3.57127 3.81035601058 -11.0355858032 -0.214836654198
-110.816 31.7748 0.00296441463222 -0.000780455343908 0.00245984088408 -0.00272103339271 3.61654 3.64625 -6.57947119784 -22.4704965535 -1.00141291807
-110.046 31.9737 0.00448451484112 -0.000584718978554 0.00147893529831 -0.00111558933331 3.6975 3.72965 -2.63811303885 -33.5429673163 -1.23400486158
-109.259 31.9989 0.00278798484046 -0.000439358944145 -0.000620820851057 0.000283838566781 3.83407 3.79566 2.53756681924 -20.8164208689 -1.08791302154
-108.527 31.9041 0.00107356667378 0.000130044920144 -0.000690895688542 -0.000631724768615 3.73181 3.68799 3.30826548554 -7.44310101149 -0.144772566428
-107.778 32.0094 -0.000278705999967 0.000600260775668 -0.000281683841903 -2.0579333918e-05 3.77604 3.75594 2.71593454297 3.07366162003 0.650161573358
-107.101 32.1046 -0.000496204078807 0.000424846788414 -0.000429482908452 -0.00170578449642 3.67029 3.68343 0.698714414081 4.22597069187 0.520399831049
-109.991 31.439 0.00309475090743 -0.000343911597534 -5.03048822639e-05 -0.000221544035776 3.79198 3.80243 0.695716063968 -23.1743971464 -0.964637615318
-109.281 31.3757 0.00238987901794 0.000370185846198 -0.000755091470405 -0.000644070607162 3.77827 3.76128 3.21549356067 -16.609537687 -0.233241105036
-108.528 31.3369 0.000668708083604 0.000333000804198 -0.000647329609726 0.000372004065602 3.80936 3.79198 2.31256204869 -4.26695564358 0.166961726884
-122.085 48.9983 -0.00120565446371 -9.93310991786e-05 0.00348501707253 0.00030466281838 3.92754 3.91664 -3.36205364666 6.80831969738 0.050703264001
-121.48 49.0983 -0.00321862840805 -0.000467598756473 0.000505704580586 -0.00117998766692 3.68291 3.7104 2.93657374203 17.3015157209 0.300797174762
-120.384 49.048 -7.19563905128e-05 0.00105995660785 -0.00351968551626 0.00174554186496 3.5915 3.60505 16.8870262659 3.19075388952 0.971327034702
-119.272 48.9534 0.00153680654538 0.000890762260504 -0.00125120234411 0.00319321003186 3.89545 3.88488 11.7892260995 -6.10647009383 0.221557716779
-118.585 48.9752 0.000696059830905 0.000229247917819 0.000958076574085 -1.37356313033e-05 3.78948 3.76054 6.37706014902 -3.38540858481 0.00693595944829
-117.559 48.9813 0.0016284469571 -6.00568263004e-05 -0.001490219038 -0.00217343488725 3.66995 3.67868 5.11550260178 -8.97227032655 -0.524600170607
-116.363 48.958 0.000713234336573 -0.000149241451019 0.000675305818151 0.00169237703903 4.01099 3.9381 0.358676772698 -4.1340001699 -0.296428669344
-115.653 48.9339 -0.000759255997434 -0.000622013292809 0.000771989063734 -7.79062974291e-05 3.88463 3.83673 0.393034645915 3.44587553717 -0.444768970564
-114.413 48.933 3.38341936982e-05 0.000276182231776 -0.000951922049727 0.000642607724672 3.80382 3.84536 2.90633690348 0.22386438186 0.257692818435
-113.422 48.9725 0.000836487092625 -0.000545052506753 -0.000583095347873 0.00149541943457 3.97193 3.98581 3.00856090493 -5.35518440082 -0.74889236126
-112.733 48.9777 0.000744545584849 -0.000264763138083 0.00085661178686 0.00172294422661 3.99543 3.99244 2.0938865605 -4.42133980901 -0.445610971784
-111.597 48.9482 -0.0003626254789 -0.000549180123343 -5.51694246691e-05 0.00262155574266 4.10716 4.07839 2.99250307589 1.11058757005 -0.428846372839
-110.699 48.9448 -0.000811618081864 -0.00025074931749 -0.00144115301389 -0.00100933971856 3.75254 3.75055 3.15664490878 3.95980445848 -0.0134894046183
-109.846 48.9198 -0.00021033107246 0.000447929261667 0.00158989129016 0.000147751853297 3.85679 3.86713 -1.09568709275 1.67300735902 0.48223677741
-121.484 48.5183 -0.00166777754329 -0.000353256826163 -0.00287684896241 0.0015557643554 4.11974 4.11969 7.76056753244 8.53119198737 0.188620607078
-120.12 48.4607 -0.0010388942699 0.00156081396232 -0.00191883217432 0.00162695946684 3.86007 3.89502 19.5486307708 9.74899552233 1.87196971288
-119.333 48.3584 0.00226416585158 0.00143357996816 0.00143280804619 -0.00016874146109 4.01965 4.06888 9.9022762811 -9.26416685082 0.529650461168
-118.149 48.4226 0.00191041215727 0.000268745003744 0.00146275574952 0.000880905650252 3.9784 3.97143 4.24476478148 -10.181139489 -0.253926776977
-117.225 48.2995 0.00103896811363 -0.000212542971853 -0.00194658562532 0.000463608662422 3.95382 3.92827 6.25326462395 -6.07033871647 -0.51956088608
-116.367 48.4366 0.00112868815984 0.000849441409062 -0.000528373903262 0.000908370558155 3.97332 3.94574 2.75954601725 -5.04283180009 0.539771309373
-115.589 48.4694 -0.000146902485261 0.000164763614777 0.0018017475383 0.00196509626545 4.16564 4.12225 -0.258287623622 1.01257699161 0.191064123595
-114.468 48.3739 0.000275270700289 -0.0011294271298 -0.000284653767059 -0.00112042336903 3.82914 3.82566 3.06645274448 -3.20950854456 -1.16207298523
-113.273 48.3609 0.00047543923689 -0.000479578083905 -0.000728938634567 8.5783146777e-05 3.95235 3.94453 4.22241235268 -3.3740333407 -0.595698069347
-112.562 48.3129 0.00027070431599 -0.000599678112367 -0.000753369935447 0.000134250458004 4.01368 3.99086 4.34364336281 -2.46428613928 -0.652504971949
-111.707 48.4128 2.86302961669e-05 0.000258744350684 0.000463223049414 0.00156886460675 4.19541 4.15857 1.38170207705 0.201243510113 0.243871440212
-110.799 48.2921 -0.00100957966128 -0.000421338355396 0.00140325344237 0.000128510448063 4.04132 4.04136 -1.04684097733 5.09691155732 -0.203875729155
-109.777 48.3943 -0.000576683037929 -0.000177980413409 -0.00130931121221 -5.62238045264e-05 3.92226 3.93362 2.23670435172 2.86271476889 -0.0180724715689
-121.689 47.6947 -0.0018821691706 0.000309893424167 0.000685214325655 0.00140155180283 4.08555 4.04155 3.21931131904 11.1988219075 0.743975041239
-120.894 47.923 -0.00420069152666 0.00158373596038 -0.00454551265805 0.00138979287431 3.79785 3.91821 15.3009936596 26.1584239305 3.25996222543
-120.061 47.6902 -0.000359000794127 0.00149150362803 0.00037351347816 -0.00024640738338 3.73566 3.85215 17.985398062 6.05450441773 1.48027151479
-119.045 47.7849 0.00246064549308 -3.43075765431e-05 0.00110522749122 0.000182285481138 3.92161 3.98554 6.27533048194 -13.7810963489 -0.764380687775
-118.274 47.8006 0.00207168424049 0.000613437789277 0.00037649652306 -2.8721087276e-06 3.9776 3.97125 5.49255501472 -10.5371793392 -0.0075881292598
-117.308 47.8192 0.00118114369578 0.000646862350466 -0.00223444422442 0.00169275693797 4.09736 4.08306 5.59009259786 -5.46340879094 0.272848133101
-115.475 47.7092 0.00142150391518 0.000483508030054 0.00173203656726 -0.000140699115116 3.98025 3.96968 -0.8177447088 -7.55202996272 0.203148581967
-114.574 47.6795 0.00071242538942 -0.000424452597059 0.000442715051848 0.00117565504894 4.07062 4.04852 1.54114457862 -4.58242708842 -0.579711945561
-113.747 47.7687 0.000140827610066 -0.000112332082254 -0.00100868019546 0.000438669468188 3.92833 3.90813 5.8720060001 -0.972413574349 -0.150514876917
-112.607 47.775 -0.000116645696148 -7.92598755517e-05 -0.000732487844702 6.42999295176e-05 3.92742 3.90539 4.09362770385 0.512321621087 -0.0427058090376
-111.746 47.8012 -0.000454031245636 0.000651837006301 0.000376140391525 -0.000818125869518 3.89774 3.8855 0.968042165571 3.40675543136 0.740498034141
-110.763 47.6327 -7.58261431279e-05 -4.59917188778e-05 0.000735742374226 0.000978617907643 4.21095 4.19937 0.767688007473 0.360143832616 -0.0268476206435
-122.803 47.1109 0.00100129197173 0.000566915891554 -0.00471138338067 0.000861424175851 3.816 3.79399 7.25387913648 -4.69761451737 0.243512368129
-121.989 47.1881 -0.00105494299117 0.00136829697712 0.00295631522049 -0.00106373900366 3.92647 3.8693 0.947349668764 7.73384812661 1.54709513966
-120.844 47.1935 -0.00487881916906 0.00100767714622 -0.000342865745016 -0.00228042447984 3.49086 3.6116 11.4315194796 29.0697698551 2.75835823366
-119.973 47.1936 0.00251624676483 -0.000640847223411 -0.00117594392391 -0.00303584255939 3.44294 3.57043 13.2426539208 -15.1485395533 -1.60763524217
-118.921 47.0573 0.00264548939202 -0.000671148070041 0.00108172533497 -0.00110367372124 3.85869 3.84121 5.52760936766 -16.1400839208 -1.39378890434
-118.309 47.0615 0.00126619497305 6.53425669969e-05 -0.000982934612823 0.000172414604036 3.88751 3.88296 5.48050588662 -7.06108437617 -0.298397607758
-117.276 47.0547 0.000647981784947 0.000338523022518 0.000146063605602 -0.00126428035269 3.85258 3.86764 2.57911814697 -3.22828986129 0.172957414421
-116.335 47.0477 0.00116050253643 0.000386385403678 0.000209447833548 -0.00223538740257 3.73761 3.74676 1.69023623033 -6.12429610573 0.110723436916
-114.459 47.0943 0.000547830869423 0.00036919279935 -0.000390445654883 -8.60325241345e-05 4.02602 4.0017 3.70617312348 -2.50145196202 0.207589681044
-113.506 47.0816 0.000125299957037 0.000342288832466 -0.000456569128929 -0.000373831898851 3.91716 3.90382 3.84309674027 -0.152013436673 0.294468937286
-112.52 47.0418 1.21650726473e-05 0.000608871583592 0.000148137312795 -0.000699799212662 3.90744 3.90236 2.37382055441 0.833620101521 0.585727525572
-111.549 47.0308 3.81029198109e-06 0.000118948564011 5.87116213667e-05 -0.00116358828434 3.80702 3.80877 1.57759060353 0.147456359796 0.114405456715
-110.687 47.1523 2.83439444494e-06 0.000353422408031 1.29663256879e-05 -0.00058432910491 3.92288 3.91518 -0.0282823965222 0.434912593496 0.344078456874
-109.802 47.1961 -0.000318105004937 -0.000255981891188 0.00156763562477 0.000901906447014 4.11046 4.10271 -1.01161879074 1.48676993262 -0.184476807063
-123.563 46.5459 -0.000241992723408 -5.63629227728e-05 -0.00542289159336 -0.000451508780236 3.77852 3.77739 5.21099674203 1.32314227158 0.0082202484824
-120.979 46.5433 -0.00141864289807 -0.000720163724221 -0.00180620903891 -0.0010252493046 3.67419 3.73792 9.21514271051 6.57089348487 -0.202105010834
-119.855 46.5585 0.00261424069094 -0.000184075510971 -0.00288315018777 0.00184425844307 3.64895 3.65272 18.7141294265 -14.1771093645 -1.44279833905
-119.06 46.4911 0.00220234981405 -0.000313511943943 0.00139639832694 0.00167761216958 4.01733 3.99724 4.97056323503 -13.1871020264 -0.901520654062
-118.146 46.5139 0.000938164274472 -0.000344223428139 -0.000479195782954 -0.00130730529449 3.73481 3.71684 3.73038654229 -5.93594798819 -0.572115715379
-117.11 46.485 0.000788944117892 4.75882996809e-05 0.000717843971118 0.000244270262002 3.89994 3.9061 0.667563804045 -4.53706151112 -0.116698752013
-116.209 46.3559 0.000966736338161 -0.000599801227374 0.000236086319946 -0.000143282823851 3.93325 3.94051 2.82943064663 -6.45968555804 -0.819812951407
-114.188 46.4423 0.000138377400223 -0.000145614621428 -0.000261969991553 -0.000505498536091 3.9323 3.91864 2.66713218952 -1.00872754199 -0.175759590047
-113.493 46.4162 -0.000456610469432 -0.000258540835081 -0.000587499099993 -0.000197125782413 3.90283 3.90185 4.13816951225 2.16350055766 -0.120901184472
-112.641 46.4246 0.000231686986568 0.000464680698352 0.000100998541712 0.000643226738267 4.00277 4.01866 2.51252148678 -0.622562548845 0.390340653585
-111.676 46.5336 2.58665789909e-05 0.000177648368113 0.000955916012308 0.00038724497291 3.92795 3.92898 0.212513156994 0.0806796809374 0.167637306189
-110.858 46.462 -9.10703483348e-05 0.000370351279439 -0.000453588717211 -0.000463515532984 3.79179 3.79203 2.57596557308 1.08367029133 0.381271952946
-109.914 46.5663 -6.17385400897e-05 0.00061229594388 -0.00159784164682 -4.21032491146e-05 4.01523 3.99132 2.89832133418 1.31491809499 0.606080079717
-123.559 45.9306 -7.32584214761e-05 0.000249974321011 -0.00647630437576 0.00563907440377 4.24986 4.24806 9.27696287865 0.919739333166 0.260205980867
-122.419 45.9325 -0.00106534223086 0.000316272681393 0.00387539684345 0.00172055501769 4.02412 4.01873 2.37155562019 6.74962809998 0.536991691243
-120.782 45.7664 -0.00208416600669 -0.00107930401978 -0.00387093332358 -0.00102450193485 3.70062 3.74117 12.0769677636 9.21900343539 -0.202715012294
-119.928 45.8951 0.00220527395153 -0.000585003700412 -0.00414311308734 -0.000292194572247 3.4993 3.52996 18.6992327061 -13.3906409054 -1.58816387953
-118.777 45.7971 0.00250456915944 -0.000428672437652 0.00396706042425 -0.000209533745188 4.0273 4.00056 -0.596991568688 -15.3816845774 -0.865752430458
-117.909 45.7087 0.000668814983718 -0.00121075282169 -0.000640553575058 -0.000536731745199 3.88326 3.85465 2.84181252347 -5.68053455951 -1.33552582338
-117.228 45.9734 0.000705408016507 -0.000319049694633 -0.000966965030869 -0.000438267923619 3.79713 3.79882 4.66179050208 -4.60305331954 -0.49945430647
-116.155 45.8883 0.000662170048572 -0.000148708455665 0.000726559543827 0.00141758955208 4.11954 4.1168 2.66077975157 -4.07384812435 -0.305138426847
-115.255 45.7565 0.00117224483593 -0.000245148855922 0.000231318728281 5.54839551349e-05 3.90387 3.89905 4.14070195612 -7.17490498657 -0.553577965996
-114.332 45.7893 0.000875238637187 0.000302164223971 -0.000459117509323 0.00113603953714 4.01753 3.98973 4.25832102128 -4.53601356736 0.0485274541374
-113.37 45.8122 -0.000443568546972 -3.43844585771e-05 -0.000607989291656 0.000301305239874 3.9126 3.90324 3.46169213807 2.49726262811 0.0850593295498
-112.493 45.8409 -0.000561286146758 0.000131289292292 -0.000403836295392 0.000209551689939 3.81727 3.8297 1.63998107056 3.43055602278 0.261600071323
-111.626 45.7843 6.02733918129e-05 -0.000208132426873 0.00191488841043 0.0013249505878 3.98121 3.98695 -1.42047917344 -0.586447474366 -0.215787812736
-110.659 45.9054 -0.000457233847202 1.75089831373e-05 -0.000480866509569 0.00023904466123 3.83358 3.83464 3.29923658349 2.62933996629 0.141937319136
-109.716 45.9046 -0.000337937161428 0.00130605198128 -0.00299997820012 0.000185610074233 3.95869 3.97976 4.50240303279 4.19099429645 1.34748935165
-122.478 45.2059 0.000403220636787 6.24270345194e-05 0.000450527326189 -0.00217071545143 3.66655 3.65858 1.65266961561 -2.36056805173 -0.0195047693369
-121.317 45.2422 -0.00114675640017 -0.000147203811436 0.00397970562872 0.00321075286635 4.08235 4.01544 0.873127416391 6.74933381361 0.0749591174942
-120.635 45.2357 -0.00347074957787 -0.000283478848533 -0.00400235670747 0.00154049021498 3.78081 3.77522 17.5745925315 18.0259533529 1.37284535105
-119.669 45.2664 0.00225049120658 -1.29304866697e-05 -0.00356793666758 0.000170467558537 3.51075 3.56757 16.4484524238 -12.3186008503 -1.03264530598
-118.96 45.2904 0.00308450965324 0.000285146119759 0.00341034458124 0.00029980572048 3.94366 3.92503 -0.397910466562 -18.2361030995 -0.270917122519
-117.78 45.2781 0.000681076634639 -0.00018020728318 -0.000211773982105 0.00157601847185 4.11151 4.02941 3.56980984843 -4.29440804184 -0.345293332541
-117.12 45.2925 -0.000370044888016 -0.000392427196829 -0.000569852311333 2.67829802468e-05 3.83928 3.81049 4.5197983472 1.52510261689 -0.278250754955
-116.268 45.3997 0.000689668625552 9.35320307075e-05 0.000769346926159 -0.000903432367034 3.83723 3.84373 2.44381826285 -3.92457783275 -0.073082791014
-115.326 45.1285 0.000633986095201 -7.47362441714e-05 -0.00088505224539 0.00108412932313 3.93745 3.93231 4.76115056156 -3.82450536132 -0.249005889118
-114.233 45.0931 0.000279154682897 0.000743851574335 -0.000534882336487 9.99482759121e-06 3.87942 3.86317 2.5217052336 -0.532242669959 0.652449313517
-113.46 45.2432 -6.71442526423e-05 0.000323368923634 0.000793752839375 0.000527523471025 3.93554 3.92406 -0.576731969641 0.779813313419 0.330257487434
-112.489 45.166 0.000513697547274 -5.52079802087e-05 0.000296415096947 -0.00102060746822 3.62121 3.62946 0.109836193811 -3.09545841281 -0.162448306346
-111.805 45.2285 0.000383843165422 -0.000317857989766 0.000287864631468 -0.00175942610169 3.60678 3.59825 0.719827861933 -2.67503411712 -0.395813332625
-110.74 45.3212 -0.000891233151091 -5.52854618361e-05 7.83408052336e-05 0.000553644982804 3.80978 3.80464 2.28621536679 5.06879031471 0.173510559378
-109.563 45.3171 -0.000630190961194 8.32449191119e-05 -0.0038284388189 6.62634989992e-05 3.65657 3.66201 4.10244054292 3.73852640414 0.261942754751
-120.335 44.7344 -0.000615360173783 6.55874007617e-05 -0.00677245557728 -0.00153489348689 3.45766 3.50981 16.6350677181 3.58054950391 0.33739068951
-119.565 44.5913 0.00195562180397 0.000853663285993 -0.00104437451215 -0.00031647813699 3.49598 3.54918 11.9870784875 -9.17815974818 0.0417472290346
-118.67 44.5191 0.00273280391452 0.000150850774959 0.0027474975913 0.00047001947402 3.8997 3.90846 1.00543816052 -16.3819886303 -0.404970372807
-117.664 44.6653 0.00107030663447 0.000444349648732 0.000903100317107 -0.000941159385712 3.85011 3.82205 1.27851453566 -5.86780820516 0.208499879382
-116.747 44.589 0.000350836236728 0.000267129572671 -0.000907999419743 0.000421298365406 3.88454 3.86882 4.15310573989 -1.65110104142 0.165470125222
-116.013 44.7035 0.000308934256761 2.76151407978e-05 -6.90892899684e-05 0.000919014532424 3.88819 3.89054 3.70941734084 -1.78612828336 -0.0531581222465
-114.855 44.5494 0.00044817269421 0.0005834226146 0.000597999069551 -0.000349110363455 3.75239 3.76921 2.79170593784 -1.77990498376 0.454791760596
-114.255 44.5642 0.000909915227072 0.000818742940187 -0.00142726321545 -0.000108830103693 3.71153 3.71309 2.25731892169 -4.20336891512 0.576551042429
-113.367 44.6165 0.000104859262748 0.000580739222517 0.00109338929206 -3.99686241106e-05 3.78543 3.78325 -2.21812420381 -0.0399686906859 0.555123252956
-112.644 44.6173 -0.00012491548513 -0.000289110921964 0.00138974787876 -0.000161742017296 3.62287 3.6181 -2.58656146334 0.463342161415 -0.264882052689
-111.248 44.7038 -0.000113942820928 -8.81511785306e-05 -0.00147577655713 -0.000435649384755 3.62669 3.61358 2.20127602859 0.534626944325 -0.0568830225999
-120.211 43.9437 -0.000468331729018 -0.000653877225392 -0.00791574247429 -0.00278002128002 3.46394 3.48254 11.7256696529 1.19000688455 -0.431088920812
-119.504 44.082 0.00293753884115 -0.000678483436815 -0.00123305542456 -0.00149481677645 3.36834 3.44007 11.7852280142 -18.604976877 -1.73854956747
-118.569 43.9104 0.00241429057479 0.000334635654337 0.00169281675937 0.000136333745563 3.75719 3.76138 2.02609769781 -14.2814697859 -0.201615006599
-117.741 43.9733 0.000655170016763 0.000595593674408 4.89839857335e-05 0.000796988404265 3.84762 3.82 2.36689720793 -3.13308480933 0.430722826913
-116.803 44.086 0.00040053509423 0.00071382890228 -0.00121591411782 0.000686041763141 3.82297 3.82164 4.0973844278 -1.24578503861 0.584717276509
-115.958 43.9121 0.000600221786112 0.000166380141607 0.000716305360459 -0.000553883568043 3.73454 3.73091 1.04569398531 -3.42807623382 0.0355779618771
-115.133 43.7945 -0.000131329759554 7.51761515345e-05 -0.000262896424671 -0.000966523563669 3.65864 3.64856 0.73323066979 0.896111080488 0.100968722168
-114.117 43.9146 -0.000203780199065 0.00108123787867 -0.00170360834475 -0.00045899906272 3.54742 3.57795 1.02637682487 2.68868969081 1.0996589243
-113.452 43.9286 0.0013831700274 0.00100463026909 0.00210568334152 -0.000739043526196 3.59581 3.63307 -5.37932515936 -7.80629027862 0.846194272573
-112.485 43.9997 0.00102537201559 -0.000917701648307 0.00118563748844 -0.000616737714546 3.69912 3.68313 -1.125622955 -7.25286239843 -1.09338356092
-111.487 43.8756 -0.000184570830868 -0.000161018417633 -0.00128893339913 -9.27856329395e-05 3.70552 3.6859 4.03462343107 0.815064114461 -0.10339253138
-110.576 43.92 -0.00108842416982 0.00219941695241 -0.000553264419438 -0.000971001827989 3.68769 3.69161 3.81821713974 10.1476377273 2.41503720523
-109.817 43.7013 -0.000213088023432 -0.000318160700874 -0.00264073593408 -0.00105321175168 3.69843 3.71117 4.57158794582 0.680812899199 -0.242073761067
-120.153 43.2515 0.000145654610391 -0.00055187363548 -0.00604754604947 0.00203173318033 3.95069 3.96076 10.2054888879 -2.08849414772 -0.568041607757
-119.311 43.3736 0.00183222338496 -0.000300737330604 -0.00387006215323 -9.06340498928e-05 3.53274 3.55279 12.7457910641 -11.4065643181 -0.996288702561
-118.474 43.358 0.00186172702024 3.36239453308e-05 0.00252417242568 -0.000352379110531 3.70149 3.68456 -0.277057361875 -11.5309467217 -0.299380001407
-117.754 43.3471 0.000118863804347 0.000314068180958 0.000297857321701 -0.000641483554251 3.64712 3.64866 0.3757284929 -0.354469613958 0.285328292557
-116.767 43.4275 0.000806087362071 -0.000211147162707 -0.000817951122597 -0.000969707597757 3.59957 3.61303 2.51523435785 -5.23368688361 -0.392903672817
-115.828 43.4151 0.000670610022124 -9.15431436017e-05 0.000405142710636 -0.000116666032218 3.72307 3.70874 0.655114135507 -4.23265006938 -0.226657925759
-115.098 43.25 -0.000283900613606 0.000173985815579 0.000765094197454 0.00055145814459 3.76569 3.74497 -0.815038096418 1.9501809139 0.222610290307
-114.174 43.3979 -0.000154755751171 -0.000339478662556 -0.000185426552704 -0.00108896558428 3.52665 3.55237 -1.2433644257 0.574279496768 -0.306572636114
-113.518 43.3234 0.00204784730302 -0.000456774246011 3.65676025309e-05 -0.000828981266293 3.57063 3.59678 -0.20996438784 -13.0944554791 -0.852402024581
-112.433 43.3998 0.00091362766364 -1.34555695946e-05 -6.10420519212e-05 0.00191399515235 4.02012 3.94268 2.21285716077 -5.52957154932 -0.23486630595
-111.612 43.2741 -0.0023190249506 0.000478186501893 -0.000281632072715 0.000999460577617 3.9576 3.88614 3.6207553786 14.6833180883 1.08448802918
-110.712 43.3629 -0.0015603661688 0.00125990249947 0.00185701523955 -0.000826030629839 3.99209 4.08165 4.23673126332 11.4710160296 1.64951138855
-110.02 43.2112 0.00140383654903 0.000293566105789 -0.00207473318234 0.000916927943761 4.03082 4.0651 6.35469039208 -7.6594352792 -0.170769098395
-119.247 42.6912 0.00098270791099 1.7412126615e-05 -0.00237179205912 -0.000382320015909 3.69584 3.7046 5.6170962193 -6.01685627439 -0.253074302916
-118.486 42.7308 0.00170503465529 -0.000268546181014 0.00269687155381 -0.000415548859589 3.71559 3.71856 -1.04665861555 -11.0191882863 -0.54456997318
-117.725 42.6996 0.000824989409117 -0.000887502401681 0.000281600848382 -0.00109712379083 3.59343 3.58892 2.07236498011 -6.37714646717 -1.04735541118
-116.87 42.7779 0.000919312223048 -0.000243154980475 -0.00154232428952 -5.23443107018e-05 3.64684 3.63585 5.35556703108 -6.04110046755 -0.489874396079
-116.032 42.7713 0.000178787782422 0.000262494242426 -0.000865980995557 0.00084060890742 3.81121 3.78394 2.47274228743 -0.714437007883 0.213562829764
-114.903 42.636 0.000376114075981 0.000341204721514 0.00128349702339 0.000549591177607 3.78651 3.7792 -3.10147008954 -2.05449620473 0.28458908066
-114.084 42.6493 0.00040296457822 -0.0002685798154 0.00050914524294 0.000856700178628 3.79162 3.79195 -0.68748779334 -2.82002803443 -0.338808643147
-113.176 42.5452 0.000693942839482 0.000265864363854 -0.000541655200698 -0.000238177681552 3.68461 3.676 4.47388728596 -3.75115128 0.0636827881602
-112.531 42.6852 0.00053185245184 0.000824623689134 -0.00024789360221 -0.00063193840895 3.76764 3.7363 4.32239364346 -1.78312006258 0.64552123017
-111.588 42.8321 -0.000368378534357 0.00110729712025 0.00027735737739 0.000229456686148 4.02442 3.9994 5.33752306817 4.26216721875 1.16673750207
-110.92 42.7507 -0.000638970633505 -0.0014739028653 0.000212499916717 0.0017095701249 4.11164 4.10487 6.31608427191 0.888832443003 -1.19745730631
-110.042 42.6372 -0.00145709722835 0.000826909093554 -0.000323177663411 0.00128868489843 4.15103 4.15241 6.36562689392 10.2925954305 1.24797815648
-108.847 42.8247 -0.000475121093001 0.000843692565298 -0.00183257369841 0.00119669021991 3.91843 3.96282 6.8680554498 4.52402795586 0.953415773867
-108.342 42.6579 0.000900428102264 0.000532742566267 0.00260770010884 0.00133832693072 4.08327 4.10773 -1.22877723441 -4.84690055773 0.345786349549
-119.34 42.0187 0.00120018994085 0.000122494623086 -0.00231600880482 0.000134290674003 3.75264 3.76245 4.80119559246 -7.29957702869 -0.192835012637
-118.344 42.1901 0.00190292723252 -0.000496731899474 0.00266561383022 0.00102560721024 3.86621 3.84012 -0.458219022106 -12.6265170062 -0.819556032691
-117.667 42.0192 0.000295113503118 -0.000622034913442 -1.83851965752e-05 0.00152193587704 3.9057 3.85079 2.7384638361 -2.77639184091 -0.673288421433
-116.471 42.0773 -0.00010609345746 0.00109175102202 -0.00204585394479 0.000573781229711 3.71423 3.70224 5.24346508883 2.59789770831 1.07842130257
-115.754 42.1669 0.00032308449863 0.00131684229452 0.000248035805221 -6.19824922898e-05 3.72252 3.71665 -0.187414155595 -0.450736591811 1.23288300305
-115.016 42.146 0.000261514030116 0.000954237362859 0.00104058420382 -0.000493568654625 3.66662 3.65373 -2.77111044278 -0.765587204498 0.90596530626
-113.944 42.0886 0.000463062815651 0.000542742411345 7.35325639162e-05 0.000228005484425 3.83293 3.81806 0.0712286316831 -2.21084124929 0.440220628849
-113.24 42.0343 0.000477333692343 0.000251949810165 0.00090874889473 0.000139968347557 3.83582 3.83338 3.20896220535 -2.53688210649 0.12254853397
-112.386 42.0041 0.000201495295851 0.000575478168386 -0.00120776204503 -0.000367167809482 3.78089 3.76701 8.45813739196 0.0557071235498 0.471053142725
-111.432 42.0149 -0.000767326219009 0.00144758142849 -0.00112794332087 0.000779936287977 3.92673 3.89599 9.19018692534 7.84779838899 1.62656043082
-110.873 42.0995 -0.00125195745169 0.0020670594683 -0.000309165099798 0.000393089039459 4.06076 3.98789 5.83161064027 11.5480809403 2.35086088499
-110.036 41.9243 -0.00139087663016 0.00141757171812 0.00263131205565 -0.000604338452171 4.04934 4.07558 0.820260039189 10.5986317043 1.69287405
-109.357 42.1012 -0.000803443327606 0.000794670735193 -0.00115755216682 -0.00193333471351 3.80614 3.84978 4.88458184065 6.31762941396 0.996256742491
-108.34 42.0073 0.00160754368447 0.000810088746215 -0.0015031441367 0.000272266112611 3.99369 4.02396 3.71198507204 -8.30299208885 0.330699480086
-107.369 41.9641 0.00179706682833 -0.000377276120984 0.00225769297382 0.00122237165629 4.08294 4.07174 -3.07480738789 -11.5298967071 -0.670141789953
-106.434 42.031 0.000438333737616 -0.000393666570965 -0.000407908742562 0.000370948706946 3.83212 3.83887 -0.33466728054 -3.21134626282 -0.479036341128
-119.171 41.3884 0.00194940438734 -2.08810245636e-05 -0.0019944543658 -0.00067738904254 3.67387 3.68187 4.96140919316 -12.3436029304 -0.529737816486
-118.379 41.4483 0.00182938127932 -0.000123670285829 0.00062234943479 4.89688593005e-05 3.78362 3.73999 2.15981273711 -11.8235864116 -0.51748190433
-117.45 41.423 -0.000564626855933 0.000156440617198 -0.00012065669726 -0.000243820192649 3.81951 3.78497 2.14483713344 3.81055969922 0.276769868707
-116.54 41.522 -0.00131194296177 0.000610886197976 -0.000807519771825 -0.000751730080026 3.59004 3.59511 2.3162716768 9.18588070389 0.891830358216
-115.791 41.4311 -4.43808776523e-05 0.00132485693887 0.000105997162563 -0.000284613925075 3.6161 3.65878 -1.35955809868 1.70809850405 1.31388236842
-114.915 41.4157 0.00123349517897 0.000483813178859 0.00133012180385 -0.000308697506032 3.64051 3.69051 -1.80498397832 -7.37487397515 0.278703740775
-114.165 41.3602 0.00113949426641 0.000205624521542 3.49493408488e-05 -0.000688723999399 3.63844 3.66741 2.82844879464 -6.82520199637 -0.0772096366029
-113.347 41.503 0.00075507777298 4.49197932371e-05 5.52037871281e-05 0.000322648284537 3.89995 3.88177 6.49129689742 -4.53679081962 -0.189298176309
-112.448 41.4632 -0.000583387566368 0.000260215653412 -0.0013946247716 0.00155449808207 4.02252 3.98831 8.91611774736 4.097653947 0.448012545435
-111.63 41.3146 -0.0018881549285 0.001589642208 0.000217142327626 -8.21351627679e-05 3.79725 3.86712 6.34584029605 14.7107198192 2.09683194132
-110.666 41.4729 -0.000921760334927 0.00154292535689 0.000249044990846 -0.000939018853662 3.83517 3.89801 4.92590468393 8.50328187148 1.74390802267
-110.067 41.4272 0.000342721072701 0.000776428663575 0.00188476520346 -0.000658184814235 3.92983 3.97995 1.03166906133 -1.01135728445 0.678814449332
-109.157 41.5047 -1.79467284043e-05 -0.000362036651045 -0.00192113753011 0.000450317995821 3.99717 4.04031 6.49234517338 -0.631254962757 -0.337137554409
-108.187 41.4906 0.00245407010717 0.000344096612537 -0.00128084301098 -0.000208869728486 3.79793 3.86649 0.58743423785 -14.6938503853 -0.216356077401
-107.364 41.6067 0.00231256526416 -0.00014011769756 0.00229941594437 0.000463102383821 3.98147 3.96301 -4.31986462556 -14.5976298399 -0.470627866026
-106.596 41.4033 0.000987036426591 -0.00144297255606 0.00122853285286 0.000265385462013 3.90979 3.88188 -1.68483822641 -7.87710522067 -1.60479847323
-119.835 40.7484 0.00226959077222 0.000688757003502 -0.00549880959956 0.000400037373571 3.40597 3.42304 8.45234241993 -12.8131957696 -0.0643530217311
-118.971 40.7797 0.00303236187584 -0.000143704609881 -0.000519439374956 0.000112164198414 3.78754 3.78789 6.56112192313 -19.4531927927 -1.01057966047
-118.134 40.7811 0.00150018125951 0.000292053520843 0.000261895578176 -0.00097950617726 3.73348 3.71066 2.08694124725 -9.24282886225 -0.0377531035913
-117.524 40.852 -0.000422963362719 0.000567957056076 0.00027052661969 -0.000506579466973 3.80306 3.76366 0.458400363039 3.43903751969 0.63789706247
-116.508 40.7186 -0.00109342726109 0.0007430267206 2.42073138562e-05 3.87173998456e-05 3.73377 3.75348 -0.14173402002 7.9597907517 0.930391401768
-115.736 40.8167 0.000378856405017 -0.000275699125083 -0.000182721234776 -0.0014806148243 3.58796 3.63354 -0.873941986054 -2.75706885117 -0.337122676095
-115.039 40.8522 0.0013771982782 -0.00110043830035 0.0020244247728 -0.0015566293518 3.63435 3.65909 -1.80371702959 -10.0339479749 -1.3061459387
-114.204 40.8556 0.000980414245938 -0.000985458915695 -0.000503550200397 -3.42257891187e-05 3.78158 3.79313 5.95585973253 -8.00248977361 -1.23031003264
-113.187 40.8513 0.000427261855401 2.10338975312e-05 -0.00235797287213 0.00032063848033 3.76409 3.75829 10.1987840053 -2.53501226949 -0.137423240208
-112.52 40.8903 -0.000787323538541 0.000676718325828 0.000684882836287 0.00049318826548 3.93522 3.93637 6.36596540083 6.21096273614 0.885572086698
-111.437 40.8869 -0.0016075802264 -0.0013088078919 0.00162297689392 -0.00151926154261 3.68252 3.74381 3.84600477763 7.75316459813 -0.829909300888
-110.834 40.9425 8.12783277301e-05 -0.00065565761413 -0.000761279326717 -0.00200397688564 3.637 3.66014 5.71633164571 -1.77637064158 -0.649659878355
-109.673 40.9763 -2.94913610936e-05 0.000275764801372 0.000119592628487 0.00220262591159 4.04748 4.05642 4.76084660766 0.694720490261 0.272505615455
-109.177 40.8936 -0.00027575403285 0.000371430361386 -0.000279886818532 0.000758142474235 3.9706 3.95878 3.04851671409 2.33774192384 0.430693485141
-108.263 40.8338 0.00271810959965 -0.00109820079428 -0.000254977733518 -0.00130294974768 3.60669 3.64892 -1.67720310284 -18.459032659 -1.58044283875
-107.52 40.76 0.00316911139406 -0.00136170032872 0.000127730529362 -0.00133399817283 3.69007 3.701 -1.98302842869 -21.5847617082 -1.91361783731
-106.454 40.8023 0.000882358130788 -0.000547686715228 0.000851272216229 5.05902246585e-05 3.85758 3.8525 -0.885978053162 -6.23572923753 -0.715764123542
-119.827 40.165 0.0017962042872 -0.000234543768453 -0.00856453677016 -0.00109529007037 3.53609 3.56368 13.2297366013 -11.6559254199 -0.922027714247
-118.877 40.1614 0.00273595751227 2.94800260056e-05 -0.000445240564789 -0.000124631120892 3.84159 3.81384 6.5143430964 -17.4305881341 -0.755231756695
-118.155 40.2903 0.000698425459556 0.000115029354906 0.000700491823724 0.000492006009859 3.9925 3.91925 1.53743970162 -4.38644314518 -0.0305654433201
-117.19 40.1697 -0.000930098859206 0.000854269559184 7.97997327763e-05 0.000870724482175 3.92153 3.90719 -0.323802032958 7.08360594876 1.00483680483
-116.5 40.2917 -0.000541414688294 0.000283272977968 0.000588539804793 4.93711303461e-05 3.84358 3.90658 -1.55414201998 3.83526337138 0.365130337425
-115.657 40.1313 0.00167898896926 -0.00118063439113 0.000670120982644 0.00113690561127 3.94792 3.9962 1.13222789379 -12.4975618246 -1.50184780204
-114.745 40.2679 0.00133340468834 -0.00121349137492 -0.000410329852078 0.00152643992915 3.98593 3.96499 5.59796070807 -10.7117146723 -1.54351235954
-113.981 40.1314 -6.20716898319e-05 -0.000930276259375 -0.00153692486168 0.000144004446954 3.79664 3.77974 7.38739801139 -1.55953645476 -0.862480167467
-112.469 40.2807 -0.000135927316022 -0.000235813558337 -2.69123017687e-06 -0.00151242332015 3.68275 3.66992 5.84705337392 0.391754625 -0.184800730512
-111.502 40.2067 -0.000523114422871 -0.00120456494102 0.00159180233802 0.000632739932816 3.97463 3.93537 3.35150289869 1.27300873388 -1.02869140611
-110.738 40.1948 -0.00218840855299 -5.18160727137e-05 -0.00179690637967 0.00134616781061 3.88974 3.88594 8.93913582458 13.2607876786 0.724792833829
-110.008 40.2655 -0.00143423979194 0.000933846414357 -0.00175968279383 0.000404641197484 3.86758 3.91362 6.76696468888 10.8005956417 1.34377394299
-109.124 40.2982 0.00135969158189 0.000651467303844 0.00199318121631 -0.000710171598018 3.80344 3.86738 -3.99774903631 -8.15120050376 0.454082172569
-108.242 40.1348 0.00357780894737 -0.00142182437932 -0.00015376457045 0.000169354916516 3.7956 3.83143 -0.855280458173 -24.6139289258 -2.09851603659
-107.47 40.2149 0.00196118105468 -0.0013195321317 -0.000601450137929 0.000205297097976 3.7979 3.77124 0.340776084713 -14.2681921988 -1.71851435447
-119.898 39.6785 0.00148115386816 -0.000414895938328 -0.00700406550105 0.00273904790659 4.24611 4.24879 14.3934079384 -10.2485805648 -0.986797343745
-118.889 39.5399 0.00177123604463 5.55264805359e-06 -0.00312376824644 0.000452791056136 3.86846 3.83286 8.56968517469 -11.2988426565 -0.560618845632
-118.08 39.6946 0.000256974383677 0.00103532882914 3.00557291782e-05 0.0020783708741 4.04177 3.97567 2.12954304906 -0.195595941274 0.956213938194
-117.14 39.5516 -0.000849850022929 0.00112044031844 0.00203040217642 0.000543796270482 3.9013 3.88682 -4.57737393097 6.43943060402 1.20115713638
-116.464 39.6202 0.000804798538129 -0.000431054336895 0.0010085286759 -0.00029408726966 3.79561 3.8582 -2.68144677885 -5.73136714436 -0.537379610409
-115.754 39.553 0.00225643267761 -0.000656691564636 -0.00134065850702 0.000261918963492 3.87273 3.87091 6.06364622548 -15.7190459755 -1.27962841924
-114.908 39.4731 0.00128824126131 -0.000183436225585 -0.000523929391718 0.00181510443452 4.08569 4.0217 5.01519050924 -8.61788400884 -0.528849750179
-114.016 39.455 -0.000371858688079 0.000167009989181 0.00163828987025 0.000291243649998 3.94765 3.91014 3.05877766206 2.67757015687 0.252533923224
-113.069 39.5906 -1.64654241021e-05 -0.000553345631485 0.000235396077641 -0.00119527823308 3.65325 3.65829 7.6692812963 -1.08710713325 -0.518167604805
-112.279 39.5708 0.00056469296466 0.00019311314017 -0.000821433095982 0.000855659123232 3.84872 3.78997 8.47207219854 -3.08645908535 -0.0101808706994
-111.66 39.6092 -0.00160239062748 0.000541404083501 -0.000501721738612 0.000997432635722 3.99734 3.88242 7.09647274776 11.1891465607 1.02432816715
-110.74 39.473 -0.00299265745938 0.000756613367451 -7.55942879717e-06 0.000645460060826 3.99963 4.00883 6.43592797205 20.3697649681 1.64900885065
-110.246 39.6279 -0.00146105808991 0.00130000784403 -0.000407051810375 -0.000246453589477 3.88526 3.99121 1.66321540983 11.3540644964 1.60399915026
-108.981 39.6333 0.00257378098385 -0.000269099384624 0.00133360677475 0.000624912769752 3.82785 3.92981 -2.45735778536 -16.9583239474 -0.692583483589
-108.391 39.4998 0.00429082186487 -0.000819219004796 -0.000163751154198 5.51780043357e-05 3.84066 3.84159 -0.149842564463 -28.6939078956 -1.6902067882
-107.449 39.524 0.00154149715958 -0.00063696909455 1.86590659094e-06 0.000191644045651 3.84773 3.82385 0.0145538396841 -10.7539606995 -0.950531541874
-118.808 38.9383 0.000546739409863 0.000953412561174 -0.00215375306547 0.000909192753916 3.87452 3.86531 3.67560412314 -2.07809198456 0.796843251328
-117.932 38.8606 -0.000969774814351 0.00116279422892 0.0021642892551 -0.00251649336898 3.6351 3.67994 -3.97445398172 7.41066382835 1.2609847849
-117.182 38.834 0.00145312146569 0.00131716108523 0.000449134993312 -0.00112061998219 3.57422 3.62779 -2.96630459322 -8.63719661124 1.11974625614
-116.4 38.8247 0.00180038795114 -4.06106073458e-05 0.000661215842125 0.00072664978271 3.88872 3.8644 1.45849177626 -11.9968382754 -0.412683298998
-115.654 38.8455 0.00115578589469 6.20429657984e-06 -0.00177141851895 -0.000385429171315 3.77239 3.74573 6.0706700594 -7.47603399967 -0.326526566253
-114.83 39.04 0.000967490402784 0.000829384469508 -0.000201012402577 -0.000690778103227 3.79408 3.76559 3.81646885986 -4.88841423494 0.557799200946
-114.02 38.9551 0.000298483774137 0.000312031110026 0.00212104647442 2.26636373598e-06 3.9129 3.89537 2.43374991853 -1.46602309 0.234276307328
-113.277 38.9882 -0.000586105487574 -0.000637099868892 -0.000710258095307 0.000834216200123 3.90008 3.88392 7.79207552532 2.33434355836 -0.412647740677
-112.379 38.9995 -0.00115260432189 0.000618893538469 -0.0018370647031 0.000754488139536 3.83935 3.82192 11.5568294327 8.71892642288 1.01801714467
-111.172 38.9176 -0.00166943926257 0.00137481070552 0.000335923246901 0.000865484147709 4.05813 4.04662 5.14149099475 13.3212640383 1.79574595615
-110.133 39.1025 -0.00136610282192 0.000322583358239 0.000371947113599 -0.000736980460216 3.80276 3.87376 -0.285730752856 9.32127921451 0.587335922651
-109.263 38.9553 0.00308795720209 -0.000732734270104 0.000188790227817 -0.00153818105744 3.72387 3.79949 -2.24825747419 -21.0438213405 -1.23896476514
-108.296 38.9541 0.00402385052446 -0.00077046201458 -0.000159746504238 -0.000311546027077 3.86847 3.86647 -0.247435757634 -27.1484925331 -1.57747488545
-107.574 38.8347 0.00120453674354 0.000112860870336 4.0251795116e-06 0.000159869209761 3.8379 3.7952 0.226549094399 -7.63624675323 -0.148314280157
-119.451 38.5226 0.000467240966616 0.000356857094321 -0.00365905395825 0.00138039798335 3.89229 3.88931 4.39151412908 -2.5040247365 0.230944103064
-118.106 38.3489 3.07202557532e-05 0.000563415186772 0.00422149736257 -0.0019714685469 3.64195 3.6581 -5.47493921057 0.102101964489 0.559092791536
-117.072 38.2397 0.00152913123316 -5.23848900232e-05 -0.00138758679684 -0.00255803029944 3.47112 3.51491 1.14304666238 -10.3423150285 -0.354843592352
-116.302 38.2886 0.00219365223257 0.000564984956053 -0.00019356802616 0.000962124807118 3.8391 3.83755 3.79534542781 -13.5822562491 0.0072962197503
-115.585 38.3489 0.00122811271371 0.000164610674647 -0.00123135212808 0.000385816375615 3.78795 3.76715 5.42351947828 -7.73728514043 -0.181018356827
-114.608 38.3281 0.00116031730044 0.000263906950615 0.00106480878784 -0.00076614886241 3.70982 3.70888 2.15581613438 -7.2914915055 -0.00295393602919
-113.969 38.1802 0.000335494849891 -8.30203440388e-05 0.000406789235144 -0.000357522982224 3.78262 3.75703 4.15440301274 -2.35309910254 -0.167353398886
-113.021 38.2987 -0.000502196474067 0.000538412384248 -0.0016425997398 0.000201902361391 3.74178 3.7046 9.71381247209 4.48064357305 0.681731957234
-112.277 38.2108 -0.00191639234994 0.00117189359557 -0.00162811577117 -0.000453532845683 3.74303 3.71052 10.0054896309 14.9848090948 1.78653777936
-111.483 38.2843 -0.00256189145238 0.00231529590504 -4.6918882e-05 -0.00103745510476 3.83212 3.86545 6.7178443828 21.3144387637 2.99690929358
-110.711 38.4187 -0.00141198908027 0.000922744915565 0.000912004818744 -0.00051327098581 3.94952 3.98662 -0.484050213476 10.5155683913 1.17658257205
-109.894 38.3862 0.0013396289266 -0.000754682104536 0.00156735716075 6.45300308035e-05 3.98293 4.05637 -4.32982279422 -9.57497401582 -0.920207783014
-109.261 38.2916 0.00336693603577 -0.00109791841691 -0.000485312368979 0.000321882800872 3.94395 3.9693 0.817323547484 -23.6795967046 -1.80687231578
-108.379 38.1888 0.00152718871897 -6.25488666764e-05 -0.000781030811884 0.00154177364859 3.94218 3.93116 0.889970186859 -10.0876885728 -0.400292760828
-117.225 37.7243 0.000766031581514 -0.000600468604031 0.00197808151475 0.00409793604265 4.08875 4.10853 -0.573813353569 -5.91570335661 -0.720406234979
-116.595 37.923 0.00161053492312 1.15076703035e-05 -0.00282820096498 -0.00159550821005 3.61322 3.63384 6.90879364791 -10.5574634292 -0.467375123314
-115.747 37.6444 0.00137241522978 0.000281783621062 -9.23993182445e-06 -0.000604200285165 3.7292 3.73593 2.72438287451 -8.76958842403 -0.0398940483398
-114.849 37.6083 0.00111926070821 -8.26575569146e-05 0.000803950557296 -0.000968508120902 3.6319 3.62185 3.03324432274 -7.62319146544 -0.345654973231
-113.86 37.5808 -0.00014894309608 0.000142198766626 -5.52620924183e-05 0.000118949495612 3.79226 3.74805 5.85129518965 1.26164558332 0.17903581499
-113.168 37.7601 -0.00143464288742 0.000872359473984 -0.000702698870626 -0.000763221889902 3.64699 3.61456 7.86567774341 11.2197589987 1.28972612999
-112.363 37.6761 -0.00255825163564 0.00291601115172 -0.00105007470785 -3.47857593498e-05 3.70949 3.71876 10.1898894299 23.551719187 3.64728481419
-111.596 37.7222 -0.00152985604909 0.00167106876801 0.000282829753558 -0.000691881084723 3.70747 3.75221 5.86452150048 13.3328308374 2.04827934561
-110.802 37.6354 0.000622948232505 0.00133355452127 -0.000180453458033 0.000138217002955 3.82629 3.86058 2.31575027206 -1.96167201539 1.14708248073
-109.995 37.6903 0.00137859075136 0.000369017350298 0.000594250276166 0.000874604726805 4.01817 4.01419 -1.21924078464 -8.76265706912 0.114595451197
-109.137 37.7459 0.0015579471161 9.45746961512e-05 -0.000182638110508 0.00195136722634 4.11735 4.09598 -0.4684196074 -10.2235247836 -0.212332157555
-115.22 37.2408 0.00121985755727 -0.000317665516606 0.000174005375212 -0.000734054251411 3.67473 3.68235 3.4202564682 -8.73860779491 -0.603209477988
-114.715 36.7256 0.000892675435517 -0.000725058895175 -0.000775999096759 -0.000318382494136 3.75257 3.75121 7.18565934896 -7.48084861963 -0.963309593799
-113.907 37.0195 -0.000417923732895 -0.00018201845483 -0.0010795598248 -0.000197809272893 3.79956 3.76779 7.17544068293 2.36729147143 -0.044135023316
-113.084 37.0615 -0.00312920496862 0.000816387214646 0.00031674048155 0.00109349178541 3.85389 3.80541 7.30142209603 22.3240263832 1.75595959601
-112.382 37.0183 -0.00361967786632 0.00177018735932 -0.00167340153995 0.000684927696232 3.60536 3.69268 13.3872611509 27.8313310779 3.11079709369
-111.506 36.9839 -0.000986851032008 0.00129095807948 0.00113363538522 0.00160713736815 3.94597 4.02275 3.78602138954 8.88480151021 1.50275293918
-110.804 36.9969 0.000554843432893 0.00132113338858 2.26010141906e-06 -0.000907105557652 3.67565 3.7611 -0.646816672296 -2.05955045154 1.1947162706
-109.874 37.1364 0.00192321467731 0.00159462634154 -0.000662336838563 0.000131806920995 3.89715 3.91215 0.131850665414 -10.6919555324 1.17176631761
-109.025 36.8299 0.00203590880743 0.000352596137008 0.000902592024512 -0.00167153247235 3.77474 3.802 -2.09298562895 -13.3906957789 0.0086367829472
-116.33 36.4193 0.00118253094578 -0.000310721171519 0.000819009045724 -0.000713288611068 3.789 3.75966 0.644933013457 -8.58917147265 -0.529263976991
-115.383 36.423 0.0017398735906 -0.000916689273813 -0.000229402981678 -0.000526608256405 3.72198 3.64395 4.62770828688 -13.4772174923 -1.33809992104
-114.539 36.4321 0.000973339784379 3.53865428714e-05 -0.00153971480554 0.00195961788933 3.94852 3.95655 10.6402126952 -6.26836774981 -0.320071191648
-113.965 36.4151 -0.00138396631969 0.000757686144155 -0.000427131621187 0.00180162508946 3.95762 3.85785 8.85211330513 10.9086499554 1.17778312664
-113.18 36.4182 -0.00308129278725 0.00113340115651 0.000144157503005 -0.000308916545708 3.81129 3.82457 5.4117513914 22.8917581081 1.95237287966
-111.13 36.1428 6.60806770075e-05 0.000897114942196 0.000809167997953 2.85632105525e-05 3.72676 3.77691 2.29689399008 1.01693528656 0.856763231658
-110.662 36.5996 0.000586284220999 -2.88279495097e-05 0.000812006674262 0.000865005419182 3.75012 3.71058 0.239823901538 -4.01754616485 -0.146146055641
-109.87 36.4199 0.00260250164205 0.000373170646618 0.000880914655754 -0.00131775555964 3.62883 3.66222 -1.42195764877 -17.3086362476 -0.0873554513271
-108.52 36.3758 0.00201925928708 -0.000892408793399 -0.0021081490308 -0.00138541013959 3.76713 3.80911 1.58079381657 -15.0009676146 -1.33302783335
-115.43 35.8384 0.000746855091994 -4.40526303185e-05 -0.00252089630291 0.00130112932878 3.89481 3.86889 6.75853021721 -5.15104926543 -0.262475471745
-114.851 35.7266 -0.000745384720842 1.51541279373e-05 -0.00273727583859 0.000291767385495 3.74924 3.66767 10.4680726644 4.97453853006 0.280933018015
-113.984 35.8522 -0.00144316714373 0.0019752087785 0.000822803038085 -0.000190383778341 3.83437 3.80677 5.2668009875 13.6351721922 2.29567027358
-113.105 35.6339 -0.00279335319356 0.000527972598832 0.00206108514671 -0.000876367698404 3.96283 3.92791 2.72189015771 20.082299503 1.167465933
-112.173 35.8191 -0.00287062292284 0.00150839091824 -0.00162398966348 -0.00278414724041 3.48424 3.53579 8.53831879687 22.5873050248 2.38196202034
-110.794 35.6218 0.00158834331668 0.000605276631466 0.0013619972471 0.000813725595032 3.77461 3.85209 -1.39927983469 -10.2807964313 0.324907586579
-109.933 35.7113 0.0028344071349 -0.00093394719669 0.00129339849438 -0.000517081168073 3.70726 3.74757 -1.11278526331 -20.7170232383 -1.42524717266
-109.046 35.7147 0.00411661850386 -0.000754220468368 -0.00185470013031 0.00144729188371 3.80865 3.87696 3.91484509438 -29.1511154056 -1.8251892272
-108.466 35.7992 0.00299869530945 -0.000486095874046 -0.000650555817098 0.00208658567057 3.98234 3.92623 2.20195316053 -21.1136046239 -1.19076654057
-107.638 35.8054 0.000751345134301 -0.000546611360183 0.00133894540606 0.000506966329261 3.79664 3.77512 -1.13038897668 -5.84167955807 -0.676391494601
-114.87 35.301 -0.000542701983333 0.00132519997337 -0.00308855323437 -0.000673393819319 3.76122 3.73694 5.96903219998 6.39206646101 1.42459178201
-113.885 35.099 -0.00166424585294 0.00199654440295 -0.00109759483949 -0.00100702343505 3.65154 3.64118 7.6900089505 15.7708042174 2.41844686756
-113.083 35.2127 -0.00235571082948 0.00193722329861 0.00173825713255 0.00213417666147 4.07678 4.01554 4.62601672104 19.831015242 2.49364052926
-112.267 35.1787 -0.00344308006226 0.000444913316522 -0.000992318849857 0.0017707800822 3.88035 3.94849 7.21889818744 24.2413687671 1.4954195064
-111.532 35.0951 7.14529131227e-06 0.000425985342408 -0.000502058628196 0.000536952535151 3.77011 3.86309 4.49658642229 0.762653648799 0.408467750807
-110.713 35.0789 0.00266317943587 -0.000669028811798 0.000430203278433 -0.00134794257823 3.57747 3.63241 -1.33500152397 -19.4208485224 -1.11554331616
-109.736 35.1181 0.00352239128973 -0.000977916268365 0.00342567421861 0.00218364040055 4.00286 4.00319 -1.88206116413 -25.7037994381 -1.54568999415
-109.388 35.1118 0.00288610960488 -0.00069615628316 -0.00285958707811 0.00198215758421 3.89505 3.8951 4.95407828129 -20.9487089953 -1.4823900996
-108.5 35.1259 0.00288651787585 -0.000281943916092 0.000551888480703 -0.000917042839375 3.68975 3.70359 -1.41068337196 -20.3723330741 -0.787833524883
-107.648 35.117 0.00174567901945 -0.000566667117019 0.00117719749779 -0.00105865716631 3.67512 3.65487 -2.25723292468 -12.764976147 -0.846469159037
-106.867 35.0719 0.000266334132105 -0.000206384170386 -0.00136225190988 -0.000564412036651 3.7671 3.76334 1.03634807563 -2.14679007209 -0.260639430378
-113.83 34.5935 -0.00170619247385 0.000736816724559 -0.000596437969267 -0.000275835499439 3.74783 3.775 4.08247199263 13.2253249723 1.14508348395
-112.891 34.4692 -0.00225351653517 0.00177063560609 0.000610414683051 -0.00200306522441 3.56968 3.61941 6.26781401831 19.2366620772 2.3528120619
-112.237 34.4866 -0.000558777951635 0.0015795326122 -0.00279840821099 0.000150077801924 3.7473 3.77355 8.77084039511 7.59481783596 1.67545002523
-111.441 34.4178 0.00113705699154 0.000252857078362 0.00319609841594 -0.000341383283936 3.76689 3.83804 -3.40648713312 -7.84838584716 0.100141150225
-110.806 34.3371 0.00312773394168 -0.00151687612009 0.000279662609322 -0.000968899173219 3.84882 3.90198 0.302351739582 -24.1498496898 -2.10610367856
-109.95 34.5293 0.00278719654938 -0.000495173901199 -0.00278620651652 -0.00114372723831 3.68949 3.71419 5.17421895121 -20.0817331165 -1.26458674651
-109.29 34.4275 0.00322800480765 0.00020708321473 0.000841585108295 1.72245350175e-05 3.7906 3.81233 -1.68224903382 -22.4603255393 -0.340197042144
-108.498 34.5421 0.00318794384728 -0.00128466168699 0.00176566256416 -0.00116753950548 3.60463 3.6117 -2.86431473362 -23.7860545057 -1.75068135645
-107.786 34.4457 0.00157594166618 -0.000332887657789 -0.000475948001664 -0.000480360685716 3.71994 3.70824 1.29072677319 -11.4469607452 -0.677303054383
-114.524 33.7503 -0.000142535678706 0.000599404704481 -0.00243220617084 0.00123834225376 3.81846 3.80833 4.61013864749 2.13869597271 0.615869252733
-113.829 33.8142 -0.00149182826557 0.000691696777888 -0.000438496785416 -0.000331588096477 3.82615 3.76742 4.24509799745 11.7913369042 1.04925755138
-113.005 33.9383 -0.00321182502822 0.00122130217933 -1.27758948472e-05 0.00212559124019 3.95098 3.93928 6.03640519649 24.8695378627 2.09399821117
-112.333 33.9535 -0.00195614681261 0.00225361996231 -0.000961352536289 -0.000264939410458 3.49563 3.62702 7.58107562699 18.5945893528 2.75572340784
-111.478 33.8798 0.00376041740361 -9.33360636215e-05 0.00201020215882 -0.00176398872835 3.66053 3.74442 -0.708158678465 -26.8962383425 -0.760978288289
-110.844 33.6953 0.00295919078887 -0.00051963218052 -0.000516015666555 0.00348520381639 4.18808 4.02258 1.81317558028 -21.7390368915 -1.16552239354
-109.254 33.9571 0.00376813862902 -0.000944454330288 0.00090053729995 -0.00182147653539 3.49607 3.53413 -2.66117128625 -27.799720215 -1.50298569708
-108.377 33.9085 0.00222674337434 -0.000923454339259 -0.000162071257455 0.000123746686424 3.81668 3.84024 1.30831948106 -17.0530854202 -1.39398582459
-106.921 34.0739 0.000189179843074 8.18706997632e-06 -0.00162753997395 0.00155199604836 3.93815 3.9251 2.85520312141 -1.29089225446 -0.0397999378344
-113.657 33.1999 -0.00246073222832 0.00245228734147 -0.00128753213054 0.00249304543719 4.0732 4.14671 6.40819656913 22.5418086284 3.06227192445
-112.946 33.3627 -0.00303541542002 0.00158547343999 0.00101596455738 -0.000307520165613 3.65844 3.79648 3.40361526807 24.3652088875 2.27519703856
-112.158 33.2893 0.000946893390082 -0.00148237216454 0.00123115106312 -0.00272433370877 3.48192 3.52664 2.92501616736 -9.29573853772 -1.66456719218
-111.427 33.341 0.00370191598307 -0.000893435708742 -0.00407302765258 0.00222036375816 3.87307 3.92996 8.5409460384 -27.6293604707 -2.07573874858
-110.472 33.2969 0.00182626624497 0.000157526688839 0.00280536984208 0.00127381615865 3.99936 3.88893 -4.91497131976 -13.0979863489 -0.0396076639841
-110.036 33.0851 0.0033373937399 -0.000551063544716 0.00200349366523 -0.000258994238519 3.80892 3.7388 -6.31396274316 -24.604484253 -0.829829836745
-109.266 33.2921 0.00368712489144 -0.00134353495924 0.000857596747355 0.000472779383272 3.7622 3.70877 -0.000435705705002 -28.1616472159 -2.03929883493
-108.592 33.1132 0.00183661139549 -0.000792058911324 -0.0018011079522 0.00147927292645 3.9322 3.79186 5.25144945725 -14.4370641108 -1.28477543298
