-114.58 32.5356 -0.000526040825878 0.000188175630217 0.00209057331621 0.00012801106311 3.94011 3.93745 -3.39103532388 1.47027245681 -0.308048768457
-113.767 32.7683 -0.000772271335628 0.000318919429068 0.00153032391661 0.00309347170066 3.68917 3.74747 -8.26796988782 1.28256517454 -0.482248608876
-112.883 32.7513 -0.000222854580764 0.000462362814757 -0.000894443590693 0.0010637708519 3.78744 3.85565 -9.85454783231 -2.53089443327 0.0482030076367
-112.228 32.7006 0.000737241848807 0.00109882757397 0.000828011984243 0.0014277078785 3.69268 3.7512 -12.628217263 -11.950366239 1.17383809422
-111.704 32.5618 0.000890042912925 0.00170475945095 -0.000561453500416 0.000732206583265 3.83041 3.86776 -9.97622408045 -17.4879011653 1.6506166469
-110.739 32.5716 0.000620211117408 0.00146803310019 -0.000444218372711 -0.000572900779938 3.84621 3.87024 -9.07541084959 -14.4113133501 1.31816448882
-109.97 32.6399 0.0006998966186 0.00177099957731 0.000151838662581 0.000137174579797 3.78323 3.82129 -12.5270264661 -17.3963710493 1.48752773467
-109.303 32.7663 0.00113132588269 0.00182744022073 -0.000356166051082 0.00064262527767 3.85312 3.86533 -14.5347993747 -19.8770446328 1.85864744621
-108.633 32.5466 0.0011324652946 0.00230259853649 0.000456076939567 -0.000252800131803 3.82308 3.84783 -15.1637734719 -23.9307969713 2.07571707583
-107.785 32.5324 0.00139948721043 0.00254890200527 0.000350646879192 0.000394882257549 3.81251 3.82946 -13.9118665104 -27.298975915 2.4721263688
-107.001 32.6995 0.000895290192798 0.00183361399207 -0.000447666971138 0.00037362907082 3.91873 3.84836 -8.08935287487 -18.9695625435 1.79618957495
-106.262 32.6349 0.00016309459104 0.000562255725266 0.00136113797764 0.000825587444661 3.82501 3.76462 -7.98342165925 -5.21927336845 0.463173928777
-105.454 32.7001 -0.000462158198106 -0.000551489022559 0.00116387719683 0.000944486465928 3.93879 3.83886 -4.68965553431 6.85928509891 -0.708096156111
-104.657 32.6588 -0.0019576404252 -0.00146101301782 -0.00145256985978 0.000257354368631 4.16548 4.06386 0.628605437772 23.2102010526 -2.41405595933
-104.02 32.6462 -0.00350711246651 -0.00307998302018 -0.000274312919845 0.000672219931732 4.11205 4.25202 2.02768740213 44.9445517985 -4.64241857493
-103.357 32.6764 -0.00188843172291 -0.00191906090392 0.000207924288546 0.000606413672927 4.12177 4.16737 0.158712846593 26.0393738497 -2.69236659197
-112.812 31.9559 -0.000356139597836 -2.40584940329e-05 0.00250155198906 -4.06508400876e-05 3.66587 3.68094 -6.09946570309 2.03415112816 -0.305533365041
-111.457 32.0022 0.000332369673543 0.000896121867495 0.000519575726826 1.91268914017e-06 3.63181 3.65675 -8.0879829457 -8.53456702533 0.772891424178
-110.816 31.7748 0.000757798915117 0.000745793481684 -0.000404323633508 -0.000914146108288 3.72747 3.74185 -5.28983797618 -9.70645945906 1.05335578786
-110.046 31.9737 0.000724330891907 0.0010686445614 6.00404860934e-05 -0.000534378683823 3.74305 3.77108 -7.44127366878 -11.9731107269 1.20556033061
-109.259 31.9989 0.000485604393574 0.00114595817056 -0.000192247905239 -0.000834316124205 3.8098 3.84524 -9.27433477506 -11.416180609 1.03671069725
-108.527 31.9041 0.000556879844134 0.00148775342871 -0.000187750787922 0.000458203792979 3.77019 3.86421 -11.7538632374 -14.6463799723 1.24892094075
-107.778 32.0094 0.00136500318481 0.00148526929523 0.00103330102941 0.00183582119281 3.60586 3.65497 -12.812015299 -18.60630295 1.93095866479
-107.101 32.1046 0.00196106934753 0.00173936735149 -0.00110875490449 0.00132611291337 3.77681 3.83523 -9.01126452721 -24.1112794949 2.6025537265
-106.428 32.0062 0.00133683486487 0.00119263416627 0.000517704345961 0.000175973851075 3.7406 3.71495 -6.48011143138 -16.7618997963 1.78678810681
-105.523 32.076 0.000220723840087 0.000811192645334 0.00191816326068 0.000640834690639 3.93322 3.87615 -6.60493556677 -7.42943579918 0.672368193875
-104.101 32.0618 -0.00137508932997 -0.00144992081478 -0.00214333836149 0.000128914996944 4.19862 4.0802 0.656826111769 19.3129974667 -1.99814931345
-103.292 32.012 -0.00175316044479 -0.00236778116175 0.000139103164161 0.000269852104425 4.09057 4.09723 0.194950966267 28.2927480631 -2.91969499276
-109.991 31.439 0.000585624182049 0.000304030701479 0.000714168474658 -0.000647281380145 3.71321 3.71805 -4.33900945612 -5.59629330025 0.64848650245
-109.281 31.3757 0.000488328513974 0.000303285450922 -0.000608091210718 0.00119481444707 3.77269 3.78422 -5.72628909136 -5.02596866051 0.572495895138
-108.528 31.3369 0.000327507359189 -0.000133582148905 0.00315284457361 -0.00167033249138 3.51835 3.52143 -5.18176596369 -0.904177685026 0.176265024142
-105.483 31.4425 0.000612800252402 0.000764845032159 0.00195883790807 0.000884832807529 3.9291 3.92921 -5.69740141895 -9.43704955623 0.956994424191
-104.971 31.3711 0.000773669619357 0.000693034596606 0.00105116825862 0.00123763100923 4.04647 4.011 -5.42514758793 -9.92554270847 1.03770479989
-103.979 31.3165 -0.00014781132866 -0.000434258052217 -0.0012698724054 -0.000665423064473 4.07031 3.94549 0.3416599441 3.98725897699 -0.413755132897
-103.492 31.3691 -0.00230853225734 -0.00138041426858 -0.000311129787268 -0.000400273452705 4.01832 3.95436 0.102806440613 25.5483703467 -2.60121527295
-102.81 31.3818 -0.00171925449186 -0.00120888606661 0.00144360945355 0.000186869410383 3.95341 3.97589 -2.32273521332 20.2197648564 -2.07905632262
-104.986 30.7862 0.000746054145864 0.000742059545335 0.00214044043824 0.000821045773038 3.93869 3.92546 -3.98716212074 -10.1924309833 1.0496593608
-104.029 30.6689 0.000418976226469 0.0010260279286 0.000703637599302 0.000356010755995 4.00577 3.93199 -3.02993823224 -10.1914969191 0.99993471548
-103.402 30.8498 -0.00106227556326 -0.000236225211223 -0.00137239405748 -9.45275887891e-05 4.06176 3.96762 0.894055168942 9.15644275803 -0.902902169205
-102.685 30.7263 -0.000954277259665 -0.00144985463103 0.000552260094728 0.000275221738066 4.02541 3.99696 -1.32049854079 16.807235269 -1.69755649257
-104.09 30.0609 0.000866312197091 0.00231673430992 0.00235183345149 0.000544022395788 3.96185 3.95183 -4.35053903687 -22.7924986094 2.17175775702
-103.612 30.1456 0.000723665260548 0.00111630993499 -0.00135010734991 -4.50649129106e-05 4.02244 3.96785 0.329216698892 -12.7847685892 1.30487293608
-102.788 30.1615 -0.000277745405271 -0.000335511537005 0.000764434218293 -8.54524264666e-06 3.97513 3.94659 -0.97538351273 4.29855446321 -0.433574616956
-104.133 29.554 0.000600119134677 0.000874101097824 0.00250506702705 -0.00014901207532 3.85487 3.90576 -2.82376562188 -10.3631995871 1.03265042409
-103.389 29.4528 0.00162662219016 0.000690048311953 6.11739018383e-05 -0.000584365217811 3.9496 3.9166 -0.414663642719 -16.2836191476 1.63597097927
-102.888 29.4862 0.000486839732632 0.00036258152491 -0.00113481128503 -0.000516392384384 4.03602 4.00625 1.13764289328 -6.00803882984 0.597235953683
-117.559 48.9813 0.000159797801402 9.54903501712e-05 0.00310510353643 0.000480677171012 3.77955 3.7833 -3.34273289232 -1.25361797582 0.186137601182
-115.653 48.9339 0.000397692949568 0.000152424283115 0.00109751692238 -0.000568871411528 3.77992 3.77024 -3.29003225351 -2.65035320381 0.416754563247
-114.413 48.933 0.000205132768825 4.45842559803e-05 -0.000893888375388 0.00103395747851 4.05086 4.0229 -1.03904136225 -1.21633548737 0.192353164975
-113.422 48.9725 -0.000372294661635 -0.000519416208858 3.04552666706e-05 0.000284325704946 4.09009 4.04381 0.903239003167 5.00171623193 -0.614415189096
-112.733 48.9777 -0.00120654366514 -0.000662515400277 -0.000527016713975 -0.000370996921062 4.17288 4.14829 3.37144072539 10.1905947295 -1.3437336338
-111.597 48.9482 -0.00269882905307 -0.00101489789241 -0.000295875096931 -0.00110852193934 4.177 4.20604 4.33889046009 20.5082735226 -2.66662985794
-110.699 48.9448 -0.00173456402163 -0.00128716941224 -0.00102048509906 -0.00233472173737 4.0034 4.06827 4.66862371124 17.0261784515 -2.14261840538
-115.589 48.4694 0.000428203238395 0.000664934592267 0.00089867683605 0.00216277441637 4.06093 4.06159 -10.3756925009 -6.07988602174 0.676063352669
-114.468 48.3739 0.000623415448342 0.000427077582757 0.000364178752454 0.000118785250084 4.01552 3.98652 -5.10053662659 -5.40965575352 0.75496716961
-113.273 48.3609 7.47206519358e-05 -0.000208682713125 -0.000467387999222 -0.000156292555717 4.06992 4.00667 -0.463121399292 0.952087460662 -0.0670131835773
-112.562 48.3129 -0.000824129482705 -0.000879283559601 -8.14774026875e-05 -0.00012978718357 4.09222 4.00417 1.7186690557 9.54269094804 -1.1963171739
-111.707 48.4128 -0.00157824838032 -0.00192925141418 -2.15431171039e-05 0.000361066249139 4.09865 4.09305 2.66191931699 19.8615501461 -2.45940853725
-110.799 48.2921 -0.00200037922093 -0.00266025675012 -0.000332986034502 0.000329712146946 4.06256 4.12084 3.19297762175 26.6169386841 -3.2718003305
-109.777 48.3943 -0.00103070323917 -0.00181006662901 -0.00114022004117 -0.000907982100671 3.99332 4.01797 3.13626430475 16.3855702805 -1.98844726284
-116.256 47.8397 6.62534329951e-05 0.000317832526183 0.000873830903251 0.00226226943653 4.09017 4.10539 -11.408318405 -2.45027638638 0.193079534876
-115.475 47.7092 0.00053861684283 0.000710512849604 0.000387182393996 0.000667813828575 3.90219 3.91587 -11.698240157 -6.79596044346 0.787902817179
-114.574 47.6795 0.000862243557001 0.000984226921792 0.000702581107684 0.000828081535376 3.87673 3.88514 -10.2105502973 -9.96210595639 1.21474190622
-113.747 47.7687 0.000884007711724 0.000929316014655 0.000583715343876 0.000234856611857 3.95719 3.93134 -5.25148317941 -9.93855251376 1.24426617191
-112.607 47.775 0.000436165281964 4.50562807149e-05 -0.000421038883482 -0.000350355270616 4.06363 4.00296 0.219580280641 -2.44527944852 0.369239660729
-111.746 47.8012 -0.000763097557063 -0.000878953257929 -0.000319283356985 -0.000450305265358 4.087 4.02032 2.63707127373 9.32787168286 -1.1538477323
-110.763 47.6327 -0.000794117262676 -0.00215385433554 -0.000596949745344 -0.000213000859144 4.01455 3.98816 2.95663869355 17.1819973985 -2.03913076372
-118.921 47.0573 -0.000465120999501 -0.000308665290476 0.00167486262264 0.00163683073381 3.84529 3.84595 -4.49182027084 3.82493485245 -0.557323087118
-117.276 47.0547 -0.000604745758474 -9.67392912599e-05 -0.000623713181354 0.00105718962294 3.90084 3.91636 -5.86638709535 2.97946446885 -0.57248834496
-115.353 47.0528 -0.000329613930606 0.000414414782227 -0.000242780446307 0.000121679518417 3.94909 3.99455 -10.0106041101 -1.73233214056 -0.106685042741
-114.459 47.0943 0.000524456837213 0.000994078777812 0.0009616499103 0.000317743709411 3.77557 3.81462 -11.315614509 -8.87723378023 0.908107337861
-113.506 47.0816 0.00126874039908 0.00129386501967 0.000595562205518 3.84099863376e-05 3.83041 3.84254 -8.24830068607 -13.9507036527 1.74325154239
-112.52 47.0418 0.00128854950797 0.000869365872229 0.000299564894551 -0.000432940885001 3.91014 3.89084 -2.51229570321 -11.7203155343 1.55341623718
-111.549 47.0308 0.000641951216873 -0.000423638343398 -0.000361913481623 -0.00047033735877 4.02981 3.96994 1.27851910817 -0.756551880102 0.214114809467
-110.687 47.1523 -0.000384929521451 -0.0011588913141 -0.00041373918318 -9.31631259834e-05 4.09843 4.02638 2.41486983925 9.08364427336 -1.0618962626
-109.802 47.1961 -0.00068831218581 -0.00173439811023 -0.000938884875331 0.000235779813099 4.07712 4.06661 1.50254857031 14.3252528632 -1.66689815003
-119.855 46.5585 -9.23496561659e-05 -0.000209080473212 0.000686831797382 0.000851714309387 3.98115 3.96503 -2.77294261268 1.72181281875 -0.188350007786
-119.06 46.4911 -0.000703700569226 -0.000436649096966 -3.51293490956e-05 0.00075152674376 3.93791 3.91889 -4.68232324366 5.60239749159 -0.827844685172
-118.146 46.5139 -0.00093159011167 -0.00020047193127 0.000179081682761 0.00140791953057 3.87223 3.86912 -4.81767612743 4.98999707597 -0.903868709059
-117.11 46.485 -0.000733485733264 -0.00030418971573 -0.000259096028413 0.00036918343856 3.99074 4.00331 -6.3348116982 4.88288291472 -0.787854040779
-115.571 46.4151 -0.000561436656391 -0.000490640685068 -0.00036688822907 -0.000462390080259 3.89102 3.91397 -6.52356471085 5.57389266247 -0.732557711095
-114.188 46.4423 -4.0912989679e-05 0.000162543776634 0.000274473332805 8.63701650145e-05 3.79852 3.84872 -10.5425755179 -1.00241089374 0.0378767540279
-113.493 46.4162 0.000972869382846 0.000590019750499 0.000596049187032 0.000152159004066 3.71946 3.77801 -11.1350106233 -7.74599717291 1.13470803599
-112.641 46.4246 0.00177913989161 0.00113740451999 0.000798636135001 0.000142126304004 3.87824 3.90352 -7.53527988694 -15.2518124648 2.11092983358
-111.676 46.5336 0.00131091196734 0.000769653109156 -0.000468553009266 0.000277965000997 4.10173 4.04335 -1.47903288913 -11.4360347303 1.50788483333
-110.858 46.462 0.000270878354423 0.000199606671387 -0.000926546260748 0.000269727552322 4.13936 4.06872 1.13850711306 -2.67765963624 0.335472304515
-109.914 46.5663 -0.000253497059713 -0.000607624913522 -0.000774096413551 0.000149904658895 4.04277 3.99875 1.11902170886 5.119342048 -0.59165839409
-119.928 45.8951 -0.000190453709338 -4.34608128231e-05 0.000938069563151 0.000457773181524 3.95126 3.94468 -3.15802779192 1.0425995973 -0.185152243864
-117.909 45.7087 -0.000764143074856 -0.000640123216439 0.000170037517386 -0.000302168569008 3.89404 3.91812 -3.50897273037 7.38712860355 -0.987933839109
-117.228 45.9734 -0.000620415365184 -0.000466118235757 8.38248081381e-05 -0.000197538905431 3.90388 3.92907 -3.37021493449 5.68020391383 -0.773941525951
-116.155 45.8883 -0.000546797917689 -0.000548338058948 5.98654753484e-05 -1.52616293889e-05 3.88955 3.91139 -4.13850931471 5.96115885685 -0.756101615295
-115.255 45.7565 -0.000584028342404 -0.000830846254721 -0.000371051302933 -0.000138813661392 3.93648 3.95086 -4.96723713009 8.05807664887 -0.937817283306
-114.332 45.7893 -0.000498036789188 -0.000606367180342 -0.000100151756483 0.000163918299357 3.87863 3.91049 -8.23949224856 6.18421835895 -0.73244014187
-113.37 45.8122 8.52707859034e-05 0.000164258674374 0.00015187246724 0.000647074605942 3.8377 3.88535 -11.9864857501 -1.49061564614 0.149374172502
-112.493 45.8409 0.00105339517423 0.00138820257053 0.000413238985718 0.00170188703701 3.85964 3.899 -11.5161247367 -13.9191345954 1.57342932269
-111.626 45.7843 0.00146341767673 0.00177614574914 0.000723012088689 0.000439260330498 3.87669 3.89206 -5.91813294289 -18.6821688978 2.20024223297
-110.659 45.9054 0.000929913152432 0.00114660496806 -0.00107686642977 -0.000334664588172 4.00145 3.94966 1.13693623042 -12.1158198476 1.45432115137
-109.716 45.9046 -1.47338010309e-06 0.000348149352476 -0.000701464897913 -5.99788715842e-05 4.0051 3.95387 1.53321020797 -2.13060927846 0.231908729847
-120.635 45.2357 5.48686831956e-05 4.16307712408e-05 0.00123716390987 0.000425978099522 3.92514 3.92437 -1.92045994346 -0.493329778829 0.0686443228622
-118.96 45.2904 -0.000306740991112 -0.000395198177208 0.000485131158221 -0.000517676608692 3.85178 3.84116 -3.07599234859 3.85475387969 -0.470335631347
-117.78 45.2781 -0.000840552898872 -0.00100362402045 -0.000131184678923 -0.000287555470286 3.82907 3.83476 -2.30853120849 10.1731460387 -1.25609531089
-117.12 45.2925 -0.000715272615123 -0.000896889560515 0.000261204693057 -0.000389182480413 3.82281 3.83878 -2.53998810251 8.98399189787 -1.09346771362
-116.268 45.3997 -0.000370054857871 -0.000936494321804 -0.000144220119768 -0.000181429802468 3.9201 3.93182 -2.39776752739 7.76018507907 -0.834604968138
-115.326 45.1285 -0.000594418083371 -0.00086346412603 -2.16111055381e-05 0.000373461926851 3.93692 3.93279 -2.85988783023 8.36728074111 -0.979346313176
-114.233 45.0931 -0.000919079561941 -0.000757240813818 -0.000839066333987 0.000186189855167 3.97034 3.974 -4.41675305096 9.17568166543 -1.18464009454
-113.46 45.2432 -0.000849533709877 -0.000301870442273 -0.000242309223746 0.00115089374847 3.88005 3.92119 -9.4359210469 5.46896121034 -0.889324510693
-112.489 45.166 -7.70264244726e-05 0.00104222076181 0.000319003572346 -0.000291192643618 3.58866 3.65698 -10.5818371548 -7.17328711425 0.428717269533
-111.805 45.2285 0.00146893525276 0.00136408487153 0.00115289272514 0.000362825099251 3.66519 3.70808 -8.08227304694 -15.8006947663 1.9639863444
-110.74 45.3212 0.0011777788971 0.00169295321762 -0.000380867439453 -0.000217705561268 3.90699 3.90578 -1.02679275041 -16.9676501099 1.98047736746
-109.563 45.3171 0.000312751315127 0.000926943657936 -0.000576737123396 -0.00147566190992 3.89327 3.88157 2.19801107511 -7.42108785457 0.859987953828
-118.67 44.5191 2.33727671204e-05 -0.000115557252771 0.000859700110094 0.000421151248482 3.82418 3.81348 -3.45285342377 0.665636505518 -0.0419386214088
-117.664 44.6653 -0.000431111030866 -0.000742558335961 0.000195837505526 2.28200897848e-05 3.82321 3.80335 -2.36062672602 6.73893245829 -0.771837231606
-116.747 44.589 -0.000516748142483 -0.000861221429772 4.744189366e-05 0.00021701350929 3.90117 3.89538 -2.52058203164 7.95010916749 -0.911819406516
-116.013 44.7035 -0.000608750468317 -0.000929644019713 -0.000483156015387 -0.000145653049434 3.91389 3.91366 -1.05256365249 8.84248078895 -1.03956212319
-114.855 44.5494 -0.000775726631991 -0.000924061062002 0.000327877917978 -0.000330517024946 3.85184 3.84422 -0.988396582639 9.69829334744 -1.1749017366
-114.255 44.5642 -0.00105908657543 -0.000950014407852 -0.000571242203983 -4.33724461199e-05 3.87543 3.88298 -1.45365858243 11.2792372072 -1.4169322654
-113.367 44.6165 -0.00162524033317 -0.000656866099189 -0.00112339028193 -0.000195380443893 3.7893 3.8429 -2.96799434391 12.0583841493 -1.70323340874
-112.644 44.6173 -0.000890186828629 -0.000587425307155 0.00150522254545 9.62145244408e-05 3.42692 3.49915 -7.9035522628 7.8829082158 -1.06570812798
-111.248 44.7038 0.000859092317379 0.00111049376562 0.00177605781756 -0.000303855915935 3.6115 3.65303 -5.69099573684 -11.5780331401 1.3343633023
-119.504 44.082 0.000196570179313 5.85825913965e-05 0.00149446890299 0.000941505094409 3.89466 3.88873 -2.29676211813 -1.217697887 0.196661327371
-117.741 43.9733 -4.82224902455e-05 -0.000284205366096 0.000295200025354 -0.000561704911094 3.81431 3.79361 -2.27176579904 2.07405290058 -0.199326754954
-116.803 44.086 -0.000403791730663 -0.000662926379042 -0.000278023185432 -0.000331445255636 3.86071 3.84571 -2.17305950464 6.16713435995 -0.709359550475
-115.958 43.9121 -0.000409839116044 -0.000932710925537 0.000230054467177 -0.000183983381294 3.81351 3.80184 -1.93358610855 8.00441805321 -0.874814634161
-115.133 43.7945 -0.00055115780609 -0.00100427949945 -0.000248188047038 -0.00052322367013 3.79598 3.78759 -0.56826887266 9.15910566377 -1.04699473596
-114.117 43.9146 -0.00108487485176 -0.00140476078751 -0.000413898826732 -0.000910419214473 3.72272 3.71813 0.943713614514 14.4428553565 -1.72957301155
-113.452 43.9286 -0.00132694256675 -0.00148138199712 -8.09307965415e-05 -0.00148185799048 3.55297 3.5784 0.174619752322 16.2500220812 -1.96316877286
-112.485 43.9997 -0.00113966730651 -0.00208029759634 0.000828564441235 -0.0011038071021 3.45147 3.49931 -2.96377833253 19.3650483315 -2.15056439724
-111.487 43.8756 -0.000178620389168 -0.0010617065554 -0.000415624924111 -0.000765423779016 3.61838 3.68469 -7.322614902 8.23201793829 -0.721929651508
-110.576 43.92 0.000781554033411 0.000371474381152 0.00148469581411 5.69824357064e-06 3.73189 3.75964 -6.21911460993 -6.23889326749 0.855277025835
-109.817 43.7013 3.73881120945e-05 0.00109515484701 0.000745614707537 -0.0011521592421 3.8779 3.86091 -1.24908382053 -7.3059096644 0.727085150019
-118.474 43.358 0.00039928976924 0.000157875943174 0.00277880552025 0.000510696587595 3.76477 3.76565 -3.54379240165 -2.75042583073 0.421416886181
-117.754 43.3471 0.000582183251524 0.000254699405345 -0.000231532142625 0.00104028912277 3.83312 3.81529 -3.42568488572 -4.22321402323 0.6267513897
-116.767 43.4275 9.84163998073e-05 -0.000131300407339 -0.000609355845937 0.000412075493644 3.91177 3.87082 -2.8302106307 0.425762906115 0.00749984859896
-115.828 43.4151 -0.000197927914264 -0.000565944667515 0.000330729203293 5.94117199961e-05 3.81659 3.77607 -3.18633574312 4.66891692928 -0.483001382737
-115.098 43.25 -0.000329978568126 -0.000718792403787 0.000150730736949 0.000223931039477 3.77078 3.73454 -2.65691954345 6.31389326218 -0.685082404636
-114.174 43.3979 -0.000688573231158 -0.00115224220816 -8.82622684913e-05 -0.000135211208577 3.72396 3.69878 -1.73927184163 10.9126297587 -1.24113436009
-113.518 43.3234 -0.000967552530154 -0.00148865923578 0.000213432887243 -0.000322614733744 3.69157 3.66795 -1.80053265724 14.5570427786 -1.66933244189
-112.433 43.3998 -0.00102594286251 -0.00193574124803 -6.6414569514e-05 0.000169879477319 3.74841 3.73337 -3.85633886043 17.9822236658 -1.96096039638
-111.612 43.2741 -0.00124507166778 -0.00174178071316 0.000246968163551 0.0012571908509 3.91167 3.89226 -7.09352140472 17.8409791685 -1.99068744406
-110.02 43.2112 -0.000518412288103 0.00151610687094 0.00161387141106 0.00295585842654 4.04565 4.06654 -13.3818504941 -9.34242363973 0.239093387337
-116.87 42.7779 0.000570539645922 0.000916200013124 -8.69672545125e-05 0.000714442182764 3.90453 3.87124 -2.50714523241 -8.66998787539 0.990391654578
-116.032 42.7713 0.000274316763377 0.000824822401193 0.000890906635141 0.000190312062554 3.75407 3.70953 -3.79670666256 -6.78441546951 0.687070374543
-114.903 42.636 0.000269148893452 0.000255191968627 -0.000162135845701 0.000196403487811 3.80237 3.74701 -3.11384155739 -2.97403111137 0.366990777611
-114.084 42.6493 -0.000189191338194 -0.000299543455352 0.000313139854437 0.000317041957684 3.77659 3.73137 -3.50256038809 2.91219303604 -0.32727614771
-113.176 42.5452 -0.000478836720926 -0.000512149054551 0.000361919851717 0.000436045662833 3.83467 3.78486 -3.67705391213 5.76626508656 -0.687350857047
-112.531 42.6852 -0.00121723180233 -0.000871108987365 -0.000293965282993 0.000235961388979 3.96948 3.91716 -2.78445360668 11.8771580242 -1.49650981344
-111.588 42.8321 -0.00154717835742 -0.000884556460148 -0.000435465824963 -0.000188911174053 4.04361 3.99184 -4.32765415578 13.5790848762 -1.77257986005
-110.92 42.7507 -0.00211892391642 -0.000505558149812 -0.00081069397575 0.00200421249245 4.12341 4.16532 -7.75713625388 13.2181558541 -2.05662333615
-110.042 42.6372 -0.00150285537996 0.000964720088149 0.000396707767593 0.000181146010813 3.92579 4.01938 -11.1619634648 -0.77312488027 -0.825430572139
-108.847 42.8247 0.000237362151059 0.00110498228071 0.000215014422972 0.00440840168917 3.98666 4.01111 -6.54135410482 -8.89613794056 0.828638689666
-108.342 42.6579 0.000398064059042 0.0014514206628 0.00381972969095 0.00171333926116 3.76751 3.78619 -4.54310777504 -11.9840969287 1.19686096684
-116.471 42.0773 0.000471102545071 0.00234349760383 0.00103367086492 -0.000465685140162 3.80703 3.80038 -0.781330185435 -17.5222484587 1.78044329807
-115.754 42.1669 0.000904266836426 0.00169559142725 0.000566810246256 0.000526966871433 3.75068 3.73219 -2.95116878168 -15.5600112995 1.71279442569
-115.016 42.146 0.000731171024714 0.00141099615163 -0.00022661056151 0.000441265094128 3.82299 3.77136 -3.20915318028 -12.922150304 1.4096508791
-113.944 42.0886 0.000232918447584 0.000680355047683 0.000279763511783 0.000313127722834 3.84378 3.78395 -3.74956991978 -5.71531372995 0.58218592173
-113.24 42.0343 -0.000248398828618 0.000454644391546 0.000242643372276 0.000392232258943 3.91636 3.85448 -4.65956965584 -1.93935521511 0.0540374802315
-112.386 42.0041 -0.000769682471967 -0.000197379268086 0.000264346396575 -0.000238339190233 3.98726 3.92424 -3.02569687657 5.18639584181 -0.734859050113
-111.432 42.0149 -0.0018251509078 -0.000558889109258 -0.00080873852481 -0.000484220452694 4.14067 4.0411 -1.58440843022 13.3188049161 -1.77384960313
-110.873 42.0995 -0.00333590541587 -0.000984020009186 -0.000376662157484 -0.00152319253859 4.02814 4.0878 -3.424964576 23.7145559191 -3.25318163518
-110.036 41.9243 -0.00370581903479 -0.000785042999918 -0.000583517148815 -0.00148893022643 3.84111 3.9652 -7.46346973364 23.0933921846 -3.52102985809
-109.357 42.1012 -0.000775596252387 0.00116563262903 -6.78552228078e-05 -0.00100643708881 3.65446 3.75195 -11.2266330223 -5.29138529938 -0.0843731544884
-108.34 42.0073 0.00198850709343 0.00161660964097 0.00424423294095 -0.00210489959665 3.43745 3.48942 -5.60192306184 -21.4294533073 2.55984693685
-107.369 41.9641 0.00220564358691 0.000125041968486 -0.00344380920579 -0.00435810744721 3.98152 3.96792 7.4850812119 -15.4040786451 1.51273108589
-106.434 42.031 0.000679631048892 -3.9646916152e-05 -0.00355391807705 -0.00184048282941 4.0456 4.04776 5.5069605844 -4.22966979504 0.419998806645
-116.54 41.522 0.000577069137715 0.00218807006382 0.000654821469673 -0.000296818663537 3.77054 3.79716 1.63288396697 -16.7774375031 1.83220658209
-115.791 41.4311 0.00122188595675 0.00229567556403 -0.000215959324866 0.000149837045975 3.8098 3.83402 -0.0438443288352 -21.0117854196 2.37670043922
-114.915 41.4157 0.00122452846671 0.00217023905155 3.77962581955e-05 0.00077081796762 3.83665 3.82137 -2.01033418164 -20.432129684 2.27567278669
-114.165 41.3602 0.000903465948809 0.00175086084282 4.15680111879e-05 0.000608999326576 3.88893 3.85064 -2.72680883079 -16.1849175415 1.76337790656
-113.347 41.503 0.000425524055453 0.00139545991247 0.000354975210069 0.00111936332014 3.91749 3.86758 -3.91977321019 -11.5657193881 1.15567448134
-112.448 41.4632 -0.000359748009501 0.000756971223709 0.000527680057558 0.000939261091743 3.995 3.91993 -3.8351317453 -3.37512286695 0.153949889688
-111.63 41.3146 -0.00104643798873 0.000200777712511 0.000136050055262 0.000541197394796 4.01125 3.93358 -2.00103344604 4.16549422976 -0.69668396908
-110.666 41.4729 -0.00241321748699 -0.00107581119959 -0.000248873719075 0.000573942366961 4.0936 4.0274 -2.22105112934 20.0138846725 -2.55738801949
-110.067 41.4272 -0.0034067282877 -0.0016287710971 -0.00138766432308 0.00122456296541 4.07672 4.09955 -4.36390238068 28.6669642261 -3.70390476502
-109.157 41.5047 -0.00176512186639 -0.00115983085447 0.00127105118314 -0.000751833789505 3.53897 3.66008 -12.456550365 16.1521394636 -2.10655690583
-108.187 41.4906 0.00249728047168 3.61289917952e-05 0.00191772182148 0.000481705625872 3.62936 3.75519 -10.7051062823 -11.5858111497 2.14913908232
-107.364 41.6067 0.00238499227651 0.000262503555435 -0.00191154309362 0.00160650101277 4.50358 4.45999 -6.01829287008 -14.2440434939 2.0715901092
-106.596 41.4033 0.000978813059614 -0.000663210824885 -0.000378453523221 -0.00258897770946 3.75983 3.71566 4.58111579305 -2.42959388591 0.169424754439
-116.508 40.7186 -7.64770575609e-05 0.00140548560625 0.000385949239933 -0.000921320731147 3.7511 3.85653 2.02681272361 -8.44696290107 0.842618208548
-115.736 40.8167 0.000684772783983 0.00154134441574 8.44216459866e-06 -0.00127107708827 3.72059 3.78974 2.74144815601 -13.3051034237 1.5277488154
-115.039 40.8522 0.00140357954351 0.0020714684404 -0.000216543611368 -0.00142502823804 3.70721 3.76723 2.58838032027 -20.595257743 2.42031133413
-114.204 40.8556 0.00109533677806 0.00227938862973 -0.000146216078055 -0.000851744215141 3.76844 3.79411 0.921627858923 -20.4592866593 2.30330418467
-113.187 40.8513 0.000968597252783 0.0017762790283 -0.000213825377973 -0.00103365960478 3.79704 3.80241 0.835519687835 -16.6653022743 1.88885962342
-112.52 40.8903 0.000550321451603 0.00174667495086 0.000617905600065 0.000415116563691 3.84831 3.83557 -1.32420703864 -14.446131646 1.5195489508
-111.437 40.8869 -0.000144785452627 0.000748138790304 0.000949122969401 0.000614828396693 3.93908 3.88381 -0.303924599243 -4.07602420799 0.372132177574
-110.834 40.9425 -0.00137164190282 9.38373610493e-05 -0.0022367495037 0.000811295099341 4.13961 4.06909 0.94839328719 7.21893321461 -0.960797902748
-109.673 40.9763 -0.00275694535425 -0.00150302002438 0.00055569058097 0.00100228873049 3.89558 3.90502 -5.63535497424 24.4371778932 -3.11532595859
-109.177 40.8936 -0.00158905332864 -0.00206656384609 0.0010137689733 0.000684033144521 3.6582 3.73751 -11.5571566615 22.4071478543 -2.41208863267
-108.263 40.8338 0.000930884652064 -0.000538691049528 -0.000156610327843 0.00295940089843 3.73094 3.78923 -16.047394281 0.636247217729 0.597851930106
-107.52 40.76 0.00234320325023 0.000475158543848 0.00260046898109 0.00148373974456 3.79275 3.78935 -11.8340118771 -14.1207621914 2.25596405343
-106.454 40.8023 0.000863433446368 0.000122866087176 -0.000985585196489 0.00232774145609 4.16262 4.13909 -2.71649769589 -5.78572289554 0.736318359191
-116.5 40.2917 0.000119691953286 -0.000439489960405 0.00213507108009 0.000653190476988 3.84294 3.91504 -4.19798502782 2.46113505473 -0.144745426353
-115.657 40.1313 0.000309233863014 6.47822979036e-06 0.000373163551377 -0.000393791558584 3.80086 3.84572 -1.87103401308 -1.57239191443 0.252261580793
-114.745 40.2679 0.000479417933666 0.00102037343492 -0.000965768469701 -0.00100930482559 3.7855 3.82903 1.8118058537 -9.07487339865 1.0286765049
-113.981 40.1314 0.000970623111203 0.00138769490733 -0.000247006265531 -0.00174157924008 3.70665 3.73746 1.87308507137 -14.165251429 1.6441101713
-112.469 40.2807 0.00050682428187 0.00122422934852 0.000172010198058 -0.00160227871149 3.63708 3.64817 4.06173517696 -10.4723856003 1.21603769823
-111.502 40.2067 0.000320854983231 0.000794635508274 -5.36448595135e-05 -0.0013154344407 3.76353 3.75628 4.51121680821 -6.755488885 0.7892682884
-110.738 40.1948 -0.000209968448247 0.000412613821427 0.000264315446446 -0.00151450884147 3.85549 3.82548 4.21681170177 -1.22200977398 0.144818621636
-110.008 40.2655 -0.00110900705343 -0.000127914848504 -0.00214060444703 -0.000932625594698 4.03446 3.98986 4.22157964558 7.63627709054 -0.867549165295
-109.124 40.2982 -0.00183395872339 -0.000811702702417 0.000572833790029 0.00152999736363 3.92182 3.91624 -5.59962998371 15.1532385555 -1.95909341872
-108.242 40.1348 -0.000624870386126 -0.000605102045203 -0.000190289605795 0.000429692985112 3.63423 3.67407 -10.4888524953 7.41034260993 -0.850073875546
-107.47 40.2149 0.00121588315049 0.000953795631143 0.0047256367557 0.000982017914523 3.66511 3.68953 -12.63554929 -12.6643995824 1.53028226958
-116.464 39.6202 0.000259094695937 -0.000351502821455 0.00119880184953 0.00171246651247 4.01106 3.9527 -5.90420460877 1.31890195445 0.0317633764708
-115.754 39.553 -7.18355745887e-05 5.70594597013e-05 0.00116052876499 0.00233506214759 3.94612 3.93228 -7.69708850955 -0.10190594921 -0.0324826288244
-114.908 39.4731 -8.70640489155e-05 0.000284048722535 -0.000619876520827 0.00156626475316 3.88513 3.91022 -5.14722058753 -1.57570697433 0.0856551611773
-114.016 39.455 0.000677168295549 0.000593826506921 0.00110484452457 0.00171821823643 3.76768 3.78177 -5.80298876478 -7.35404872734 0.892646451051
-113.069 39.5906 0.00113217346709 0.000789805947296 0.000298095096986 -0.00162486282344 3.62109 3.63237 1.02966329528 -11.3912623965 1.37288886625
-112.279 39.5708 0.000735406074835 0.000167681522684 -0.000508503935553 -0.000340435834086 3.79044 3.77856 2.46184479359 -5.32987191025 0.653914220545
-111.66 39.6092 3.29154051335e-05 0.000155969305263 0.000823712825291 -0.000403948851262 3.82767 3.81998 3.4551574644 -1.1613070232 0.132099337296
-110.74 39.473 -0.000518512296284 0.000181546487063 -0.000150009585191 -0.000136458311635 3.91877 3.88896 4.46396200088 2.10845368493 -0.233404262852
-110.246 39.6279 -0.00102303212059 0.000113505789342 -0.00172741416704 -0.000374884587224 3.93743 3.92994 6.72522236515 5.9558800231 -0.599311608105
-108.981 39.6333 -0.00125544394734 -0.000628462344686 -0.0010674328687 -0.00127003122962 3.80125 3.82081 1.87735936883 11.6096640488 -1.34050972486
-107.449 39.524 1.79573934552e-05 -0.00015256543997 0.0050908057495 -0.000995366506997 3.66158 3.70606 -8.43069882474 1.02740408625 -0.0714115027143
-104.908 39.5144 0.000783279541647 0.000671780534366 -0.000676986076644 -0.000794687970276 4.01623 3.98628 1.31407798635 -9.30506266828 1.02808315162
-104.168 39.5125 5.69061074908e-05 0.000449665584778 -0.00160573001437 -0.000131744337184 4.04352 4.00517 1.79463226548 -3.18926676576 0.365055256469
-116.4 38.8247 -0.000269708636025 -0.000203224115878 -0.00025472561864 -0.000608372068674 4.01647 4.04866 -2.94179853719 2.68535509589 -0.337568632504
-115.654 38.8455 -0.000319643850455 2.75889710834e-05 0.00132305642458 1.81048788973e-06 3.74414 3.78315 -6.39155473035 1.2378482125 -0.255428842207
-114.83 39.04 -2.78847253546e-05 0.000450924187792 -0.000919678251663 0.000647036578803 3.90566 3.93364 -5.22264517904 -3.02766257381 0.227991008139
-114.02 38.9551 0.000525732118992 0.00103227249143 8.13354247749e-05 0.00131740554486 3.72785 3.78184 -5.8792215331 -9.77440784888 1.00930094168
-113.277 38.9882 0.00146735445541 0.00130659855169 0.00125058756473 0.00329067393822 3.73467 3.72909 -7.25889414219 -16.1551154941 1.94017185932
-112.379 38.9995 0.000992697963422 0.00106321085538 -2.99866615937e-06 0.00154863065021 3.89218 3.85238 -0.701354247667 -12.4873881734 1.44267661206
-111.172 38.9176 0.00019054529575 0.000406696540204 5.51537663842e-05 0.00171634376674 3.98446 3.93684 1.20552678059 -3.72901602793 0.414241961043
-110.133 39.1025 -0.000677741071929 -1.85097750989e-06 -0.000566377950207 3.3928402331e-05 3.994 3.96939 4.1400396221 4.24408136429 -0.47539470436
-109.263 38.9553 -0.000890096966993 -0.000494151170102 -0.00142659631348 -0.000545054926078 3.95032 3.93485 4.2311156582 8.66869785112 -0.972816448433
-108.296 38.9541 -0.00105883101713 -0.00108419052248 6.90819916809e-05 -0.00104015926548 3.78707 3.80645 -0.32519476698 13.4296470486 -1.51256419182
-107.574 38.8347 -0.000596303903923 -0.001338125882 0.000233953248479 -2.11994511558e-05 3.75419 3.79238 -5.21095871162 12.7038036742 -1.28956479923
-106.91 38.8627 0.000264437749071 -0.000549137236434 0.00218820805152 0.00138443430507 3.72638 3.7402 -7.30922802082 2.5964601051 -0.107885148223
-104.247 38.9145 0.000140835752043 0.00160960213971 -0.000772663965688 -0.00134414322353 3.84611 3.8432 2.73433007236 -10.8888913077 1.28003701113
-116.302 38.2886 -0.000413060236321 -0.000951530092143 0.000882241865636 -0.00200047419525 3.81247 3.82671 -1.39730780555 8.45501758997 -0.903329034524
-115.585 38.3489 -0.000676390505737 -0.00086551515016 0.000775445701944 -0.00214535410282 3.68984 3.70335 -2.62371565313 9.25708822902 -1.05701558197
-114.608 38.3281 -0.00120167122978 -0.000450003960093 -0.00144889081588 -0.00235414997004 3.65657 3.68697 -1.56505225223 9.27693804831 -1.22564282918
-113.969 38.1802 -0.00034999550405 -0.000277325927788 -0.000833203362377 -0.00196673836314 3.59609 3.66962 -2.30217020096 3.70170878976 -0.446476941982
-113.021 38.2987 0.00130122131392 0.00150208934259 0.00111902675995 -0.00112589475918 3.51309 3.62684 -3.33213710576 -17.0622745499 1.94159639009
-112.277 38.2108 0.00197428299397 0.00148692278649 0.000128071885449 -0.00101469169362 3.68046 3.70749 1.3488650691 -21.0082536299 2.46265945776
-111.483 38.2843 0.00080568963686 0.00123870579481 -0.000644193642502 -0.000455165274007 3.87384 3.84082 3.37419047763 -12.6253765997 1.44161126231
-110.711 38.4187 -2.78213813129e-05 0.000767827888866 0.000260805865059 0.00060646282673 3.94043 3.91522 2.45862153947 -4.68714820236 0.510711793284
-109.894 38.3862 -0.000229165660545 0.000516609530051 8.8505138959e-05 0.000740735019078 3.96415 3.96307 2.70186019937 -1.83831839085 0.197765055975
-109.261 38.2916 -0.000146330902164 0.000260249727592 -0.000382519110314 0.000244587445307 3.92757 3.91679 3.60454077611 -0.684403248438 0.0838117628893
-108.379 38.1888 -0.000200550147647 -0.000562505277115 -0.000590300371309 -0.000455169408679 3.86826 3.84744 2.12834006431 4.8270387385 -0.537980643303
-107.55 38.3685 -0.000650736356511 -0.00117625647031 0.000519346914379 0.000459138726757 3.79316 3.76971 -2.54984381756 11.8056203853 -1.25779304532
-106.756 38.2289 -0.000710231535126 -0.000662458429468 0.00156233770584 0.00114845000195 3.79054 3.79524 -5.97505519915 8.63904690696 -0.966576156053
-105.107 38.2315 0.000647851029514 0.00159915974585 8.87741505049e-05 0.000715920976274 3.73579 3.76905 -5.13764585374 -15.0509477497 1.51159493374
-104.283 38.1474 0.000593350917901 0.00157296915752 5.40096201872e-05 4.14730660596e-05 3.90535 3.90547 0.137504713752 -14.0831290271 1.52999487506
-116.595 37.923 -0.000266577195755 -0.000962656362648 0.0024083366263 0.00185597700853 3.9421 3.93736 -6.2291875343 8.0287101383 -0.738421205071
-115.747 37.6444 -0.00052431525532 -0.00116057288184 0.00233268097397 0.00153744354987 3.75289 3.74443 -8.26401941426 10.7208984095 -1.04233506272
-114.849 37.6083 -0.000974228827605 -0.00141348263974 -0.000441884332095 -0.000255364503291 3.77385 3.78973 -6.57336169848 14.6422097355 -1.5840875896
-113.86 37.5808 -0.00118190602207 -0.00191070832208 -0.00075594773742 -0.000725137877418 3.67323 3.7449 -4.81085225959 19.2963175759 -2.06423963439
-113.168 37.7601 -6.88730514378e-05 -0.00117408948655 0.00110267061504 -0.00201399433948 3.48865 3.58596 -5.54217039201 8.68529186517 -0.723242853353
-112.363 37.6761 0.00112844380542 0.00017070669248 0.0006621463249 -0.00129186848688 3.69739 3.76124 -2.91730991821 -7.16778274777 0.99790404132
-111.596 37.7222 0.00121365534421 0.000878656935849 -0.00134530982232 -0.00137757626922 3.90301 3.93033 3.63654807859 -12.9211501426 1.4812457579
-110.802 37.6354 0.000373438123826 0.000723208554689 -0.000414320119501 -0.000988038664316 3.8658 3.85985 3.77313592836 -6.8221216771 0.775950315267
-109.995 37.6903 0.000132825901723 0.000492059572486 0.000717953048996 -0.00129528259912 3.75765 3.76343 5.31466314423 -3.82812818276 0.450717145286
-109.137 37.7459 0.000382429797809 5.29821797571e-05 -0.000561955494738 -0.000934409103238 3.85623 3.86154 5.49288915338 -2.83538093755 0.296675617891
-107.792 37.662 -0.000234459180408 -0.000299033766038 -0.00107706660169 -0.000493750252213 3.89992 3.87505 1.66650208295 3.39746161032 -0.376873438228
-106.002 37.7059 -0.000972668176519 -0.000398111885749 0.000922662532222 0.00193781861273 3.81824 3.83493 -6.82702983188 8.22869986504 -1.01638319479
-105.213 37.6407 -0.00060617577586 0.00010933715299 -0.00122663291424 0.00122947535914 3.91399 3.97348 -5.94795447831 2.65747858467 -0.407866630543
-104.435 37.6606 0.000356361903442 0.00207561773713 0.00383230505449 0.000267782430588 3.72018 3.72832 -4.52091991597 -16.7302829544 1.61080080052
-115.22 37.2408 -0.000520324382356 -0.0010171840955 0.00253793043669 0.00182152605499 3.8157 3.78388 -10.4796044473 9.74653745886 -0.945272881528
-114.715 36.7256 -0.000704829837751 -0.000556077092704 0.000555364490587 0.00218274940482 3.79899 3.78412 -11.5202697176 7.0740844002 -0.88347314041
-113.907 37.0195 -0.000808500195757 -0.00112304011155 -0.000295045190882 0.00177217817023 3.80842 3.77511 -8.99837716241 11.912422622 -1.2704024435
-113.084 37.0615 -0.000909770814211 -0.00134959141929 -0.000205348241278 0.0026217396008 3.85265 3.84632 -9.86411010573 14.1205368923 -1.46792186026
-112.382 37.0183 -1.70967852618e-05 -0.000494200432071 0.000906378623703 0.00296494097899 3.884 3.90792 -11.0710551078 3.83177952295 -0.258750839992
-111.506 36.9839 0.000459027571918 0.000306577308488 -0.000387590619421 0.00184172956445 3.91943 3.95093 -4.61796670744 -4.57268949098 0.551368218428
-110.804 36.9969 0.000374175095302 0.000637421333189 0.000377494706305 0.000698379993511 3.8228 3.83492 0.134115162667 -6.41795885054 0.702873050166
-109.874 37.1364 0.000439086277568 5.88613214069e-05 0.000311811233523 7.48387868015e-05 3.88456 3.89213 3.01824719839 -3.13014264572 0.352564996835
-109.025 36.8299 0.00035899968307 4.72230148726e-05 -0.00107710942797 2.75107711413e-06 3.97565 3.95461 5.25613652969 -2.66701584381 0.276909230798
-107.534 36.9914 -8.97062787294e-05 0.000141202682792 0.000369451303107 -3.55920429569e-05 3.93545 3.92124 1.25905280836 -0.34662159958 0.0345875487847
-106.903 37.0138 -0.00042866052326 -0.000284445730612 -0.000169163996887 -0.000526109737689 3.84039 3.82464 -0.345120106799 4.55733064041 -0.507372971223
-106.037 37.0361 -0.000989893710956 -0.000468761856679 -0.000170483522373 -0.000608234738291 3.78125 3.77277 -2.36152457632 9.22390283681 -1.05190986107
-104.411 37.1388 -0.000375158920741 0.00130395976833 0.00449450683969 -0.000475191998344 3.64518 3.69882 -6.42493297502 -7.31669697523 0.513905960573
-116.33 36.4193 -0.000120666478781 -0.000365526417775 0.000413077922962 0.0017391393221 4.05516 4.03767 -3.70726871622 3.1367705598 -0.309013980814
-115.383 36.423 -0.00083704843332 -0.000577572345011 0.00113745856097 1.41548743335e-05 3.8263 3.82233 -9.08621554673 7.89571474093 -1.01396452799
-114.539 36.4321 -0.000796971016387 -0.000551536603462 -0.000158538726314 -0.00110073241838 3.681 3.69528 -9.05876602435 7.60673169869 -0.966771733903
-113.965 36.4151 -0.000421719778676 -0.000274950432471 0.000243501457866 -0.000442821729666 3.72201 3.71533 -8.83532996354 3.93464371822 -0.50313396489
-113.18 36.4182 -0.000991865062169 -0.000962781456786 -0.0010512890501 -0.00036952065377 3.83889 3.84148 -7.25297585182 11.7722174817 -1.35662537406
-112.291 36.428 -0.000686133839505 -0.000528339799188 0.000474574684814 -0.000418432665682 3.69324 3.73685 -8.81247265429 7.13423770993 -0.861795025568
-111.13 36.1428 0.000177914973525 -5.10214178829e-05 0.000813493077201 -0.00066916559266 3.70058 3.73671 -6.05764769753 -0.544587700844 0.115653532624
-110.662 36.5996 0.000594985839422 0.000441992869868 0.000666904848682 -0.000293147665461 3.79719 3.82555 -0.822177037043 -6.4283124636 0.739270682897
-109.87 36.4199 0.000614230731855 0.000325960507034 -0.00028540907519 0.00049070689919 3.90305 3.91922 1.39780970717 -5.89934320739 0.670332469454
-109.208 36.2925 0.000763915175913 0.000147330242713 0.000537280386607 0.000668789905226 3.88815 3.89664 2.88598422399 -5.81905959491 0.642745619254
-108.52 36.3758 0.000271195780691 8.85867152938e-05 -0.0010715309266 0.000492859617139 4.03517 4.00506 5.18830632034 -2.35704464575 0.247668991388
-107.658 36.4277 -0.000233696742155 1.1293668826e-05 -0.000280937272562 0.000283399387584 3.94352 3.93189 4.21019829227 1.49346253942 -0.150161282788
-106.855 36.3773 -0.000275094023934 -0.000174977080613 0.000823353736903 -1.78376634941e-06 3.82229 3.77563 0.985311691344 2.90829906372 -0.318853622972
-106.192 36.3289 -0.000880616238578 -0.000419919999836 -0.00089517158495 -0.000656433587579 3.81617 3.78084 0.869200260799 8.44932308479 -0.921130547547
-105.278 36.4093 -0.00184434713066 -0.000223006779993 -0.000301190007675 0.000345353023434 3.8791 3.89751 -4.45982999257 12.5279887588 -1.55844017073
-104.408 36.3998 -0.00115088722364 0.000325196146746 0.00104212527206 0.000679141054253 3.75841 3.82943 -8.80106982854 3.84775681371 -0.740090545511
-103.744 36.3945 0.000272826093886 0.000431467770355 0.00235169720698 0.00223505798267 3.90833 3.94229 -4.76832656023 -4.72801250802 0.487348546647
-115.43 35.8384 -0.000474565782119 -0.000246535518914 0.00215469477268 0.000794778268394 3.84839 3.82322 -5.10774293058 4.05827538441 -0.531019016196
-114.851 35.7266 -0.000787227043605 -0.000972902431133 0.000936940410683 -0.000845030236572 3.79698 3.76791 -9.17253797065 10.7272323102 -1.17192574238
-113.984 35.8522 -0.000540101125141 -0.000438051196789 -0.00017794884611 -0.000563277234467 3.68895 3.68342 -9.55121608456 5.6798244015 -0.687679844021
-113.105 35.6339 -0.000413218780188 -0.00101367160691 8.27806393687e-05 -0.0020173241427 3.70498 3.68901 -6.31153461008 9.41584471836 -0.911358231396
-112.173 35.8191 -0.000966197448513 -0.00161880504181 0.000110342002427 -0.00162933069147 3.67935 3.69212 -7.33592642332 16.6543056833 -1.70034475303
-110.794 35.6218 -0.000183513923417 -0.000558929651115 0.00020590478109 -0.000735478007518 3.64355 3.68452 -6.2093769254 5.03022031259 -0.4734050966
-109.933 35.7113 0.000827385392763 -0.000265336799352 0.000483033538539 -0.000771894423845 3.72418 3.75418 -0.496789472687 -3.150979471 0.443437540212
-109.046 35.7147 0.000789892694255 -0.000392920807871 -0.000509124461319 -0.000869520284388 3.8492 3.87302 4.84463855655 -2.8479836598 0.246693731888
-108.466 35.7992 0.000341279564698 -8.88269500765e-05 -0.000845984866641 -0.000380083297106 3.90387 3.91572 6.64480886181 -1.83080975341 0.154669838529
-107.638 35.8054 -0.000172199847063 -0.000286535542658 0.000285410351476 -3.35301346804e-05 3.79843 3.81049 4.91909268523 2.9235528464 -0.328260341874
-106.909 35.9138 2.58205583025e-05 0.000203462323385 0.000734377046024 0.00010906819155 3.74956 3.74029 3.09568803117 -1.45634550662 0.165627913615
-106.183 35.7452 -0.00066160303747 0.000132587177067 -6.87239960152e-05 0.000436269143699 3.89076 3.84714 2.35497937574 3.57431621713 -0.361492517826
-105.272 35.7259 -0.00195387709869 -1.42527936238e-05 -0.00173270468812 -0.000307181171345 3.95082 3.94191 1.83457348526 13.2258763281 -1.36200016709
-104.616 35.8383 -0.00160323401229 0.000264703319054 0.00226120456232 0.000828651802763 3.7616 3.79746 -6.7703905994 7.26230018735 -1.10134486412
-114.87 35.301 -0.000276931925662 0.000175704843909 0.00233560039362 0.00228488786674 3.89039 3.84705 -8.84790865458 -0.076135339168 -0.147577471198
-113.885 35.099 -0.000169246838827 -0.00013619486774 0.00123188709292 0.000526718964054 3.79315 3.76927 -13.3329237043 1.73803838409 -0.212530512451
-113.083 35.2127 -4.63298465401e-05 8.57281123418e-05 2.25158358816e-05 0.00132468031473 3.86953 3.79851 -12.9929100452 -0.481419138571 -0.00138594425822
-112.267 35.1787 -0.000620785324638 -0.00114092617717 -0.000276114038389 0.000591727273244 3.83932 3.80148 -10.6734832056 11.5347401091 -1.11145392146
-111.532 35.0951 -0.00102197739508 -0.00106273196103 0.000311801362105 0.000672191003919 3.72743 3.7351 -12.05067705 12.7565021533 -1.41111120142
-110.713 35.0789 -0.000226003423916 -0.00116390721695 0.000297077397536 -8.53383909666e-05 3.75239 3.7738 -11.2698795225 10.0589131414 -0.784700728949
-109.736 35.1181 0.000481826955224 -0.00109666978036 -0.000445603169173 -0.000583856761096 3.64306 3.67762 -5.29352904689 5.32512874837 -0.273162679007
-109.388 35.1118 0.000654144195341 -0.000982886398504 0.00104358571083 -0.000788627356155 3.90377 3.92776 -0.186450893156 2.62698595497 -0.175194882362
-108.5 35.1259 0.000231343168603 -0.00128500566731 -0.000588309966396 -0.000972310126082 3.75289 3.7721 5.19478861801 6.29033685333 -0.800106695462
-107.648 35.117 -0.000396061979243 -0.00131760088025 -0.000733849655979 -0.000797154185844 3.7042 3.71922 7.35817752219 10.5122362926 -1.2694376162
-106.867 35.0719 -0.000839741138117 -0.000716350510736 0.00100455596647 -0.000627717677054 3.67851 3.69529 5.58551563356 10.216209842 -1.09094131963
-106.15 35.1605 -0.000713144214756 0.000614625135631 -0.000568003136658 -0.000508564849072 3.77016 3.78087 6.85743486927 1.53251704038 0.0262528998557
-105.408 35.2106 -0.0016792230755 6.9586898384e-05 -0.00123136419874 0.000350998173646 3.86201 3.86959 4.10131331875 11.3092808532 -1.06144944858
-104.461 35.2177 -0.00162664830903 5.76645903012e-05 0.00108029713022 7.90058366839e-05 3.72845 3.76109 -2.2089268537 9.96043258209 -1.15751928784
-103.063 35.0637 4.03023902618e-06 0.000185395041512 0.00414131279009 0.00188346735862 3.782 3.8063 -5.62961792722 -1.37499328017 0.122160537673
-113.83 34.5935 0.000140363719323 0.000827108763138 0.00268424530007 0.00174203532119 3.93596 3.90274 -14.4940341865 -7.10541281555 0.486462508856
-112.891 34.4692 0.000588970359014 0.00117760763747 0.000781136146448 0.00184535841016 3.79785 3.73672 -14.3007923477 -11.7094348516 1.05195845685
-112.237 34.4866 -1.35441693539e-05 0.000710539014997 -0.000178794880526 0.00131982114037 3.86601 3.79599 -12.0401312116 -5.49402383773 0.332891748987
-111.441 34.4178 -0.000467057143241 -0.000174402574076 -0.000194452972084 0.00183417299919 3.89341 3.83772 -13.3660894197 3.36259055933 -0.494167893233
-110.806 34.3371 -0.00036825539647 -0.000175118681167 0.000853320703611 0.00188654722611 3.68638 3.67695 -15.2800644833 2.90356606652 -0.407704355051
-109.95 34.5293 0.000677477511618 -0.000543226472984 0.000462588434146 0.00064149541995 3.70004 3.705 -11.7936974531 1.14837397278 0.310018916847
-109.29 34.4275 0.00105658549406 -0.000775602949992 0.000944007183278 0.000771602024621 3.80233 3.77426 -8.56497737257 0.493905696333 0.443980777041
-108.498 34.5421 0.000528274899484 -0.00121305574691 -0.000268960202662 -0.000476841544848 3.88754 3.83434 -1.69498198893 5.19533740554 -0.400797341673
-107.786 34.4457 -0.000421149395683 -0.0018313884174 -0.000906723389272 -0.000776853680873 3.8316 3.78518 2.7663982584 14.5607760622 -1.60973231608
-107.01 34.5058 -0.00154289891238 -0.00131741337006 4.92357423288e-06 2.28953546428e-05 3.83758 3.85357 3.75928856123 18.834182549 -2.01425973723
-106.188 34.581 -0.00148095472322 -0.00106769774856 0.00086752362311 -0.000174515514427 3.69639 3.75311 6.15753852717 17.0066838511 -1.76853311558
-105.435 34.5646 -0.00147200050695 -0.000349343799392 -0.00209670349203 -0.000719057310369 3.81488 3.85631 8.49776361827 13.000774862 -1.16670874041
-104.662 34.5271 -0.0013718938122 -0.000314220657756 -0.000187797330686 -0.000353748590473 3.72333 3.76358 3.38204382468 11.6313017546 -1.14905241317
-114.524 33.7503 -0.000108708249285 0.000982835541836 0.000408327938694 0.00131881048842 4.32321 4.32546 -8.98293990171 -6.93365600165 0.414929629539
-113.829 33.8142 -0.000221395902848 0.00153616109287 0.00132521011859 0.00114809786871 3.8653 3.86499 -12.9213596737 -11.1869005076 0.512725961668
-113.005 33.9383 0.000240542492759 0.00238241838689 0.000944387877373 -0.000198133228372 3.6751 3.70603 -15.4947734163 -20.1407870235 1.2349075687
-112.333 33.9535 0.000973056147168 0.00199235312345 -0.000308473336867 -0.000373855586479 3.78431 3.76181 -12.2559229234 -19.8641112676 1.8131669419
-111.478 33.8798 0.000220568771582 0.00104563071343 -0.000796160938636 -0.000246150151075 3.93659 3.87006 -11.7158502657 -9.18863086172 0.710762846299
-110.844 33.6953 0.000160037893035 0.000786848478197 0.000428599631398 -0.000177132637212 3.66953 3.61585 -14.2696038872 -7.01567942704 0.505764933872
-110.034 33.7776 0.000896878942395 0.000393977817531 0.000506790204732 0.000611763137862 3.73905 3.73132 -15.5699751969 -6.89313930461 0.978337961378
-109.254 33.9571 0.00124589084898 0.00017585948832 0.000544639317333 0.000144048575675 3.85135 3.81513 -12.9433080578 -7.05429696657 1.17013033622
-108.377 33.9085 0.000951160496348 6.991166582e-05 0.000466162161933 0.000657632950787 3.941 3.87255 -8.45550344168 -5.51528427593 0.823294108167
-107.674 34.0087 -0.000294456071714 -0.000677928381795 -0.000474146546825 -0.000237662760994 3.99898 3.90434 -2.82110499449 6.56131934271 -0.664139540944
-106.965 33.937 -0.00139963237365 -0.00189243586398 -0.000197725808452 -0.000656257900637 3.92898 3.88194 -0.759283248244 21.8380714927 -2.31358483104
-106.921 34.0739 -0.00159955988522 -0.00235021027299 -0.000198162642765 -0.000638823860294 3.8134 3.817 2.17452692948 25.9779877598 -2.80052325375
-106.055 33.9315 -0.0021475559097 -0.00200628291452 0.000894946836299 -0.001029967759 3.6966 3.69978 2.04472093607 27.6155134134 -2.93456183239
-105.436 33.9257 -0.00228640930876 -0.00200184234127 -0.000833575044457 -0.000674005655479 3.71888 3.81796 7.65239812815 28.6362231448 -2.98426562451
-104.693 33.9229 -0.00148264629225 -0.00206404846745 -0.0018704402305 -0.000441871569542 3.64666 3.72948 8.79711687142 22.9424555016 -2.54117401056
-113.657 33.1999 -0.000620263939016 0.00154679350766 0.00249492586844 -0.0029864100408 3.6607 3.7225 -7.27839366994 -8.50667280083 0.330621494498
-112.946 33.3627 0.000269023620114 0.00159952107465 0.000312146029272 -0.000865333098691 3.61926 3.70287 -12.613360442 -13.779661099 0.994325546813
-112.158 33.2893 0.00127129203812 0.00194918051012 1.33150983857e-05 -0.000789697059796 3.7733 3.81141 -11.2423571351 -20.9836993906 2.07562836269
-111.427 33.341 0.000717915325017 0.00162790338697 -0.000971592470466 0.000201042988758 3.89402 3.89286 -9.89098654751 -15.9974772615 1.46601654731
-110.472 33.2969 0.000658477728913 0.00104781185782 0.000898455300368 0.00154739020733 3.79501 3.75844 -14.9189645561 -11.2759000811 1.06364356468
-110.036 33.0851 0.000891579224581 0.00151017712971 0.000344367540749 0.000897555980239 3.80348 3.75537 -15.9369951198 -16.0774570568 1.46873933923
-109.266 33.2921 0.0012008867568 0.00132500281466 0.000546929980747 0.00122743186455 3.83919 3.80076 -15.1567997936 -15.9623045446 1.67643412968
-108.592 33.1132 0.00129560334931 0.00152349396475 0.000733927828629 0.00210830711008 3.87918 3.82246 -15.472140332 -18.1087389006 1.85227584053
-107.671 33.3086 0.000877514822033 0.00100404782426 -0.000235695294661 0.00135959191474 3.9833 3.88446 -8.41200742993 -12.3782211929 1.29448189774
-106.964 33.2555 -0.000219672580283 2.09893233127e-05 -0.000368807212228 0.000826761025029 3.95708 3.81784 -5.61844895137 1.11756824697 -0.159915418819
-106.232 33.2621 -0.00111751942965 -0.00111069294251 0.00166262529595 0.000669082213382 3.81979 3.74507 -5.23494004532 14.7788691983 -1.5670164487
-105.365 33.3298 -0.00172702624885 -0.00238866774276 -0.000551278513903 -0.000929338613521 3.86108 3.75571 1.6933669346 27.5186833319 -2.91939030915
-104.717 33.2797 -0.00284116955664 -0.00296198689289 -0.000958225703457 -0.00121917749209 3.91719 3.90044 6.04192208266 38.8438398889 -4.09064322446
-103.98 33.2716 -0.00203509998809 -0.001974472523 -0.00108551577137 -0.00247294643557 3.87534 3.91947 7.08447791705 27.0095180942 -2.8068346968
