-114.58 32.5356 1.57546689217e-05 3.92753258437e-05 0.00333954128982 -0.000492412456658 3.85963 3.77459 -2.43087036622 -0.36266960682 0.0365263985576
-113.767 32.7683 -5.27763786944e-05 -2.50599142555e-05 -0.000372870371598 0.00107822353446 4.07761 4.37076 -0.907652685799 0.474430674887 -0.0566213012378
-112.883 32.7513 1.92470178073e-05 0.000141875647564 -0.00113213039752 0.000870591293861 4.32836 4.8371 -1.86831382437 -1.10235651893 0.10442896789
-112.228 32.7006 -4.09224060032e-05 0.000448842894841 0.000825614731308 0.00103650615723 4.1799 4.62948 -4.82712965482 -3.05349545153 0.233769336067
-111.704 32.5618 -0.000215117797604 0.00050724201728 -0.000342715837122 -0.000132369392479 4.12079 4.51248 -2.82091781402 -2.38150079744 0.149385969419
-110.739 32.5716 -0.000315374828825 0.000327387271874 0.000625311130112 0.000316315535064 4.03588 4.24482 -5.15877940831 -0.671131528144 -0.0562743712301
-109.97 32.6399 -0.000542904387647 0.000171703762722 0.000518656871451 0.000932671616239 4.05963 4.17297 -4.80350744936 1.79550368477 -0.325980691475
-109.303 32.7663 -0.000389127435934 -2.51031727875e-05 -0.000648203358316 -0.000541432008852 4.10572 4.5356 -3.2752070105 2.46663115202 -0.316801090769
-108.633 32.5466 -6.31313655981e-05 -7.68986845342e-05 -3.01984208098e-05 -0.000430901561536 4.09764 4.30976 -4.03885373049 0.928220816148 -0.097430646272
-107.785 32.5324 -0.000220921459415 -0.000168862174706 -0.000452877047252 0.000124186516134 4.13219 4.38383 -4.77971856366 2.53298551297 -0.278005095572
-107.001 32.6995 -0.000246067079575 3.84569136049e-06 0.000178227201848 0.000208439986858 4.0539 5.11787 -6.22550137556 1.3841297174 -0.192841015507
-106.262 32.6349 -0.000152781827488 -0.000102825456639 0.000631593169647 -5.82454195228e-05 4.01731 4.48413 -6.79134542659 1.65390555734 -0.183842916609
-105.454 32.7001 -0.000194760904105 -5.09077078885e-05 0.000554985596466 -0.000912675332092 4.11608 4.98303 -5.4982671838 1.54553444267 -0.183398193032
-104.657 32.6588 -0.000197714923733 -8.03930530853e-05 -0.000938860136567 -0.000289023146001 4.36407 5.11239 -2.85007139021 1.84218809132 -0.200669858181
-104.02 32.6462 -0.000326413229555 -0.000108399625684 5.51804598521e-05 -0.000187259890592 4.32336 5.95434 -2.64139844724 2.89593408755 -0.313717311247
-103.357 32.6764 -0.000192887590008 -0.000334312228737 9.00157118552e-05 0.000354512665564 4.20931 4.61317 -2.37552299679 3.63518543314 -0.369403884629
-112.812 31.9559 -0.000113870476393 0.000132816061259 -0.000850443462707 -0.00143895473323 4.04543 4.07872 0.274051239106 -0.221638178283 0.00233505439613
-111.457 32.0022 -0.000129101882144 0.000217567372694 0.000712072811774 0.000345038441089 4.05719 4.06714 -0.995084200074 -0.740593315275 0.0440331856503
-110.816 31.7748 -0.000248669352332 0.000181222410588 -0.0015547425793 0.000764670600481 4.16794 4.14572 -0.675289651798 0.260406041267 -0.0669959059343
-110.046 31.9737 -0.000359751051664 0.000193260777377 0.00135178207524 0.00113034743214 3.9859 4.01456 -5.77989745668 0.548495777235 -0.173773958997
-109.259 31.9989 -0.000143934175313 5.01674022752e-06 0.000147421812152 -0.000173850286695 4.00617 3.95592 -4.03802944798 0.802489966594 -0.109233302256
-108.527 31.9041 -3.45547725724e-05 0.000128439209412 -0.00070787582788 0.000569217861164 4.19481 4.19698 -4.33594241348 -0.737538882108 0.0533977370138
-107.778 32.0094 -0.000247925701894 6.15755584506e-05 -0.000309557254175 0.000847656194653 4.05513 3.91799 -3.2012664371 1.06577705225 -0.14958868565
-107.101 32.1046 -0.000325940853178 4.02372761033e-05 0.000162045482022 0.000580789048471 3.97972 3.76719 -4.36542671393 1.66265525074 -0.226485167274
-106.428 32.0062 -0.000152824927151 5.78695181867e-05 0.000434995654965 0.00136487646901 4.03382 3.94965 -5.06838364087 0.487229599034 -0.0823768492533
-105.523 32.076 -9.8577628387e-05 0.000196976381878 0.00037695826308 0.000625044905524 4.24965 4.0321 -7.12037483257 -0.926118104448 0.0412238112847
-104.823 32.1101 -3.99016070886e-05 0.000201232341146 -0.000616681869017 0.000737736904491 4.3964 4.1175 -4.60405908135 -1.23016128508 0.099507167674
-104.101 32.0618 -0.000149276327702 0.000145242617229 -0.000775992309009 0.000458469034919 4.31797 4.013 -2.95475101431 -0.0694701829663 -0.0128797353584
-103.292 32.012 -0.000109099016887 -7.58728523704e-05 0.00134411652104 -0.000409763851481 4.07477 3.91313 -3.02726620334 1.26187553176 -0.131672528518
-109.991 31.439 -0.000243995349597 -1.45522884112e-05 0.0021435852632 -0.000776735621186 3.83599 3.83692 -2.40079272336 1.56603769511 -0.196216461843
-109.281 31.3757 -0.000214408513806 -2.57859576181e-05 -0.000837132436346 0.00188499819686 4.1483 4.16935 -2.70796609775 1.47804815706 -0.180732616266
-108.528 31.3369 -8.19195390086e-05 9.82677269673e-05 -0.000608322490056 0.00170079438593 4.11967 4.12572 -2.71120309726 -0.205181399303 0.00128385396879
-105.483 31.4425 -0.000179553885587 0.000275590293238 -0.000294969957371 0.00243367084633 4.38074 4.35782 -4.60976128779 -0.925135966874 0.0392078696123
-104.971 31.3711 -0.000213167926674 0.000440626301965 0.00102863805065 0.00150717078806 4.17337 4.24836 -7.40457139651 -2.13363273765 0.0981768391797
-103.979 31.3165 1.38708763347e-05 0.000337085090631 -0.000430821378763 0.000417344931762 4.13041 4.30966 -5.29162818596 -2.60238424891 0.227244873959
-103.492 31.3691 0.000237107384916 0.000216673284413 0.00166081928823 -0.00048444120666 3.92386 4.10606 -6.22317592627 -3.10481120525 0.320718361016
-102.81 31.3818 3.14829631995e-05 0.000134202314673 -0.000235646665756 0.000282053881169 4.20755 4.36556 -4.66480739129 -1.19439102061 0.112076367068
-104.986 30.7862 -0.000133080746261 0.000217995560253 0.00110955918508 -0.0012335704672 3.94936 3.99929 -1.25129718951 -0.643948515516 0.0537589296802
-104.029 30.6689 0.000106878436882 0.000202397725397 -0.000593214923715 -0.00118325740241 4.08774 4.13116 -1.53692947758 -2.15458304798 0.217146955005
-103.402 30.8498 0.000186124526607 0.000257267552707 0.00101894631153 0.00145999749395 4.21993 3.64907 -5.9040173231 -3.1099808105 0.307498286377
-102.685 30.7263 5.73020604019e-05 0.000286284974089 -0.000350137760106 0.00361734818146 4.52704 4.11437 -8.31286158069 -2.584215325 0.220135947896
-104.09 30.0609 6.20754526026e-05 -6.79987398234e-05 0.00077064868882 0.00079517485986 4.13685 3.97514 -2.5601357715 0.0775176519071 -0.0004855940021
-103.612 30.1456 0.000171470501154 3.4913069113e-05 -0.000687934624632 -0.000609011323216 4.21832 5.03094 -0.164888514869 -1.44382557528 0.145393462727
-102.788 30.1615 6.71443103434e-05 2.13813664974e-05 -0.00115233833171 -0.00166917433655 4.13071 4.79914 0.0777701144262 -0.625733478974 0.062043379093
-104.133 29.554 5.77604147199e-05 -0.000104725810309 4.99594537607e-06 -0.000245215657288 4.05272 4.13231 -0.426479418598 0.331367754002 -0.0328414491421
-103.389 29.4528 6.10130927268e-05 -1.49685006212e-06 -4.17259654314e-06 0.000252910289162 4.11736 4.1809 0.0369679040483 -0.422645850725 0.0415895756441
-102.888 29.4862 4.05266913747e-06 -6.79983277748e-06 -0.0016608471158 0.00145351019946 4.17708 4.02685 0.32166241949 0.0177874115293 -0.0020981143872
-117.559 48.9813 -1.22395443774e-05 6.57398985876e-05 -0.000113465980161 0.0002045469518 4.08052 4.07039 0.313445568139 -0.353581219613 0.0280038609697
-115.653 48.9339 -0.000266983242436 -0.00013750089334 -0.00119345622124 -0.00118155071201 4.21827 4.13806 3.59538219441 2.13076986813 -0.293188616362
-114.413 48.933 -0.000709947428232 -0.000224650351695 -0.000900881820464 -0.000322307676494 4.26619 4.3351 3.07677587004 4.88895640346 -0.688324291792
-113.422 48.9725 -0.000844080151816 -0.00034549162557 -0.00018059560143 0.000476548525571 4.14734 4.3944 0.72993276153 6.2196726079 -0.876841391206
-112.733 48.9777 -0.000181525275098 -0.000214505268952 0.000945407480069 0.000496986537483 3.95095 4.11623 -1.41451637464 2.20832442366 -0.273520251761
-111.597 48.9482 4.92685253995e-06 -0.00025956385939 0.000745562446353 -0.000941286918045 3.98439 4.12023 0.371906432201 1.57759530938 -0.159512461797
-110.699 48.9448 0.000178107415534 -0.000424498970811 -0.00128829518334 -0.00286825813519 4.08158 4.15771 4.2290282775 1.48683381562 -0.162319967186
-109.846 48.9198 0.000156622429466 -0.000402252041058 0.000302020342958 -0.00105797101241 4.03753 4.05748 0.461090400923 1.65964324265 -0.139817289748
-115.589 48.4694 -0.000156978265586 0.00017524365639 -0.000958138279842 0.00117127793135 4.36854 4.26856 0.0662034819276 -0.370806933405 -0.0223530173856
-114.468 48.3739 -0.000367684927604 -0.000388116491748 -0.000313486098516 -0.000509685983473 4.20949 4.08802 2.79745854581 4.16983954842 -0.530961090423
-113.273 48.3609 -0.00071032372747 -0.000737753774301 -8.56066080871e-05 -0.00136210871425 4.02306 4.00914 2.6048459601 8.06097793962 -1.0190309753
-112.562 48.3129 -0.000489372765309 -0.000904301845459 -0.000159463695323 0.000216686691347 4.09107 4.19385 -0.750721598522 8.05368469906 -0.938407194143
-111.707 48.4128 0.000202972407096 -0.000878794238862 0.00134197504811 0.000966156986262 4.07152 4.19621 -3.30280528085 4.77471408075 -0.343536011799
-110.799 48.2921 0.000191335991887 -0.000791758620123 -0.000327609591015 0.00164800915665 4.39023 4.39546 -2.90471911801 4.2099315551 -0.315528515034
-109.777 48.3943 8.24416409365e-06 -0.000565560712871 -0.0029866728623 0.00150853764597 4.43264 4.42866 -0.294364818738 3.48158103417 -0.354039145921
-116.256 47.8397 0.000180662894519 0.000598341292418 -0.00188994130794 0.000922871664056 4.34598 4.31861 0.550363968395 -4.55177729454 0.502275012792
-115.475 47.7092 0.000513703896199 0.000501451311644 -0.00038759332947 6.18354076047e-06 4.23056 4.12563 1.06578992338 -5.54456916394 0.713093802415
-114.574 47.6795 5.4884934767e-05 0.000195008670775 0.00104382424291 0.00040693368651 4.08961 3.93438 -1.30089084404 -1.4940141567 0.1587367415
-113.747 47.7687 -0.000413082462832 -6.95183673603e-05 -0.000167459253473 -0.00015004292936 4.1965 4.07703 0.71412966941 2.45511319206 -0.367083453922
-112.607 47.775 -0.000113121374701 -0.000552359063279 -0.000428050428081 -0.000754350009226 4.20182 4.11113 1.67727039958 3.94979694469 -0.44167663492
-111.746 47.8012 -5.49565038147e-05 -0.00056859805402 0.000620052088974 -0.000184440578046 4.22612 4.16034 -1.02869608237 3.87045917511 -0.391924119428
-110.763 47.6327 -3.13557003623e-05 -0.000363892788833 -0.00115180641712 0.000986177335816 4.45321 4.32191 -2.387759871 2.49952162155 -0.24439456775
-118.921 47.0573 7.08757560355e-05 0.000317316815568 0.00174223175285 0.000888476242615 3.87961 3.88381 -2.39238339236 -2.33403448591 0.229935909282
-117.276 47.0547 0.000355216011255 0.000750284230788 5.45618791423e-06 0.00169864063191 4.08988 4.07784 -1.43973831389 -6.34049773972 0.716418359094
-115.353 47.0528 0.000493792944142 0.000831286976016 -0.00061688473387 -0.000253995928946 4.19366 4.13772 3.27351275721 -7.48774385085 0.91348845449
-114.459 47.0943 0.000231987190947 0.000765466946944 -0.000779022238336 0.000367961624542 4.32202 4.17673 1.48299158046 -5.85925304493 0.661078064991
-113.506 47.0816 6.13854510504e-05 0.000240187230609 0.00129340662971 0.00195783029473 4.22201 4.1334 -3.7639694025 -1.85592984852 0.185773186673
-112.52 47.0418 1.89408147819e-05 7.73539708422e-05 0.000369019724221 -0.000227711024825 4.2101 4.11028 0.461212263633 -0.577734108763 0.0634155252989
-111.549 47.0308 1.31478951473e-05 -5.16621364809e-06 -0.000594286067909 0.000333120025422 4.39232 4.30274 1.21492381001 -0.0369695270893 0.00667496629734
-110.687 47.1523 -2.93318032269e-05 9.48898629553e-05 -0.000724973429683 -0.000632228704172 4.24132 4.1576 1.89412409829 -0.419136035261 0.0409331716692
-109.802 47.1961 -0.000138710919234 -0.00011965962909 0.00022006253881 0.00071729678639 4.17322 4.14083 -2.59593935999 1.4656827425 -0.182899492732
-119.855 46.5585 -0.00026171494346 0.000108240313642 0.000133966590665 -0.000216411654956 3.95394 4.00794 -0.249469178207 0.437283125622 -0.155683145983
-119.06 46.4911 -0.00014663824215 0.000301668378073 0.000767047704809 -0.00031701850226 3.85118 3.92431 -1.85623342859 -1.3239053502 0.0416257313697
-118.146 46.5139 3.76310875187e-05 0.000453310953445 -0.000897864180687 -9.47722585143e-05 3.95657 4.01252 0.106448991458 -3.01447953381 0.294065589888
-117.11 46.485 0.000346976141346 0.00102471032597 0.000670469573808 0.000861666391922 4.04065 4.16033 -1.7665609261 -8.10908354757 0.863649043935
-115.571 46.4151 0.000673773984758 0.000780895119765 0.000306384356902 -0.000418424580616 4.06711 4.13987 3.84503197271 -8.12742738825 1.02024653182
-114.188 46.4423 0.000471816302464 0.000510991561499 -0.00201992070809 -0.000396669733628 4.31577 4.31306 5.66840057677 -5.53759776899 0.693905202019
-113.493 46.4162 0.000249308833552 0.000357249898582 0.000820377058193 -0.000458510081549 4.05342 3.96363 1.4600901135 -3.47623909641 0.419821687956
-112.641 46.4246 0.0001378625748 0.00050229555548 0.000711998921214 0.00134583569668 4.18875 4.13481 -1.62593671928 -3.90023588271 0.412463493293
-111.676 46.5336 -2.4535761303e-05 0.000152907886165 -0.000616878403071 -6.43292180223e-05 4.24595 4.2006 2.31602027361 -0.796689350834 0.0829345480813
-110.858 46.462 1.33385796487e-05 0.000119874144139 1.67194355805e-05 -5.34476942285e-05 4.19231 4.21543 1.97693067464 -0.803227840304 0.0896423777122
-109.914 46.5663 4.30445638435e-05 8.11580100817e-05 -0.000586953619039 -0.00121231008496 4.09327 4.07032 1.04988226016 -0.733782024167 0.0858834235732
-119.928 45.8951 -0.000409503565543 -0.00042200733688 0.00105048622556 -0.000650879344355 3.8675 3.91768 -0.588822738199 4.423393378 -0.575515666851
-117.909 45.7087 -0.000285343413887 0.000163861282234 2.77489601911e-05 -0.000430459193019 3.85829 4.16544 -0.61596538007 0.237305875932 -0.13878990705
-117.228 45.9734 0.000362687556911 0.000337160214944 -0.000856897677101 -0.00141093063547 3.85096 4.09763 3.6751261515 -3.83449016719 0.494459404754
-116.155 45.8883 0.000728264761057 0.000455457492687 0.00162824465332 0.000252589531578 3.81956 3.98547 0.842313379962 -6.34386264919 0.854908826608
-115.255 45.7565 0.000769767161087 0.000399059161982 0.000261836902113 -0.000560579007622 4.07274 4.15699 4.14536976145 -6.42353163641 0.841161783971
-114.332 45.7893 0.000531670756999 0.000325678361631 -0.00162999107353 -0.000336281249483 4.2109 4.20209 7.49403431331 -4.85518202909 0.605437728378
-113.37 45.8122 7.51345784064e-05 0.000594971388729 0.000289332102703 -0.000833478596455 4.02928 4.03613 5.28175237613 -3.8858380394 0.465029995406
-112.493 45.8409 0.000221608711239 0.000354927965197 0.000506658968207 -0.00087231065063 3.98418 4.04931 3.95642134343 -3.33153539628 0.403798520426
-111.626 45.7843 0.000384392444158 0.000186024475616 0.000926720851456 0.000310286675565 4.10052 4.11735 2.6575795018 -3.2289801816 0.410047484748
-110.659 45.9054 4.19271271798e-05 4.36390456355e-05 8.32586207586e-05 -0.00159336762523 4.19818 4.12296 3.46054656033 -0.496945601345 0.0604461967658
-109.716 45.9046 -6.41099984799e-06 7.6079529595e-05 -0.00191829303976 -0.00047543827648 4.27155 4.22871 0.821058690523 -0.437588195806 0.0453941822263
-120.635 45.2357 -0.000312794256564 -0.000435213512054 0.00106896021184 0.000237692762829 3.9228 3.93233 -1.22601652683 4.08943932787 -0.500035195607
-118.96 45.2904 -0.000801737553769 -0.000825304145466 -0.00032847368572 -0.00050867974781 3.87357 3.9774 -1.79503708236 8.75488539401 -1.12425310872
-117.78 45.2781 -0.000403614396802 -0.000878498992296 -0.000177148289657 -0.000210547248185 3.81406 4.17762 -1.66303806135 7.45068886481 -0.828794814854
-117.12 45.2925 0.000282440210794 -0.000429559273171 0.00103727133822 -0.000940587461271 3.75993 4.04409 0.683615688379 1.35692534368 -0.0333837449618
-116.268 45.3997 0.0005855212361 -0.000142035620697 0.000243647390724 -0.00184909341381 3.84876 4.00859 4.42397625233 -2.20684446667 0.346653798671
-115.326 45.1285 0.000662967888822 -0.000238138126205 -0.000531045870909 0.000803152069777 4.2194 4.30901 2.24573176334 -1.91464820364 0.35832444505
-114.233 45.0931 0.000250262761595 7.08035978163e-05 -0.000695714276852 -0.000133720426679 4.05904 4.11226 5.01104991091 -1.7924343009 0.231193796137
-113.46 45.2432 0.000245899365726 0.000311569767626 0.000492072801839 0.000384788809393 3.98542 4.10684 4.38316899217 -3.20068733222 0.392155843803
-112.489 45.166 0.000475005234991 -8.52372649614e-06 0.00146329456021 -0.000411339380716 3.92534 4.01224 5.08851771528 -2.6463928777 0.335084904613
-111.805 45.2285 0.000288503313506 8.97415039332e-05 -0.000598759714478 -0.00105946540459 4.12477 4.12191 7.56444054739 -2.22918406227 0.262466201168
-110.74 45.3212 0.000125348371869 0.000307886863736 -0.000415170859186 0.00361725168469 4.55327 4.52678 -0.134251083004 -2.6121280251 0.293571798209
-109.563 45.3171 -5.49789146387e-05 0.00018967708067 -0.00324080188787 0.00447569844988 4.34843 4.35859 0.516119213734 -0.885916237541 0.0835873253541
-118.67 44.5191 -0.000850765289143 -0.00129619782855 0.00046028022761 0.00115323474178 3.90863 3.90399 -4.67964803792 12.1002273701 -1.39737159674
-117.664 44.6653 -0.000589107248228 -0.00134943289612 0.000825694738235 -0.000178653404667 3.78564 3.88014 -3.80118368545 11.442892078 -1.22099103695
-116.747 44.589 3.58333679789e-05 -0.000786441178 0.000334743473391 0.000870586362445 3.94174 4.14727 -2.70388231232 5.00634743069 -0.410816902198
-116.013 44.7035 0.000465486912108 -0.000644464654679 -0.000904512757783 0.000471256498711 4.1899 4.34407 2.11591050716 1.62849459334 -0.0474515478731
-114.855 44.5494 0.000271783787555 -0.000532653022167 -0.000468883446571 -3.4604820123e-05 4.05827 4.06398 3.37169156152 1.78483186066 -0.146416352144
-114.255 44.5642 6.76872150268e-05 -0.000349570145968 -0.000205366722526 0.000290216303395 4.07909 4.16697 3.60393049292 1.74379830809 -0.182385529587
-113.367 44.6165 0.000195776832721 -0.000543388451949 -0.000109828285542 -0.000464839674273 3.90734 4.0786 5.12956937786 2.09025902648 -0.234656549734
-112.644 44.6173 0.000292990976173 -0.000317314557298 0.00189298518826 0.000208499534721 3.95118 4.04178 4.33780927094 0.239124575867 -0.00516422189379
-111.248 44.7038 -0.000117171531813 3.47458682403e-05 -0.0046270234145 -0.000165249699283 4.50463 4.532 13.2389060792 0.601568422615 -0.0426025962648
-110.576 44.3951 -9.62280070035e-05 -0.000149178476253 -0.00462983421304 0.000478800863066 4.07008 4.20719 11.9715169287 1.39368851362 -0.176869905678
-119.504 44.082 -0.000277663069404 -0.000537215661261 -3.54251312322e-05 0.000980599196174 3.99729 3.95412 -1.68851416304 4.67838702749 -0.529122532667
-117.741 43.9733 -0.000735307779827 -0.00156520481637 0.00105606517273 0.000480220751466 3.90025 3.92335 -5.6904842995 13.6081822872 -1.43131822009
-116.803 44.086 -0.000301309682407 -0.00138091025142 -0.000203497419094 0.000261550167338 4.00247 4.21204 -4.94481366551 10.5958333235 -0.986009913447
-115.958 43.9121 0.000215247965797 -0.00104039420795 6.94230579838e-06 -7.54096147847e-05 3.97732 4.1025 -1.62247164894 5.7652400678 -0.433321644684
-115.133 43.7945 0.000258245368404 -0.000819021208581 -0.000923019318656 -2.90397223363e-05 4.05125 4.14745 1.22467636453 3.82286551243 -0.315996534408
-114.117 43.9146 0.000204071777161 -0.000780712986998 -0.000303032529067 0.000150226212879 3.94957 4.00496 2.37096399798 3.72832850446 -0.355285502692
-113.452 43.9286 0.000243963109945 -0.000717006837247 0.00100261388993 -0.00027550501155 3.84004 3.87192 2.82115213155 3.06260956208 -0.293460113417
-112.485 43.9997 4.33184511826e-05 -0.000622041940873 0.00047826149029 -0.000350978281467 3.95073 3.95591 5.74484538789 3.3679989798 -0.409529979824
-111.487 43.8756 -0.000149768812268 -0.000261668510413 0.000791408829754 -0.000754657768901 4.06511 4.01572 7.10308907582 2.39254372486 -0.293496371122
-110.576 43.92 -0.000287714697364 -0.00063254007065 -0.00213670135575 -0.00612285865297 3.49121 3.4919 16.5368361619 4.90117345619 -0.687059226806
-109.817 43.7013 -0.000222818666014 -0.000243159466828 -0.00595122486476 -0.00542729775625 3.9476 3.99046 12.310167444 2.72954252191 -0.328194358253
-118.474 43.358 -0.000294122655649 -0.00051755848792 0.000515311094642 0.000690073795644 3.99775 3.94755 -1.86944155406 4.68646774385 -0.534593335199
-117.754 43.3471 -0.000859881212503 -0.00083070743007 0.000212767255264 0.000857947778127 3.89287 3.86164 -3.73471543439 9.2509649364 -1.17285448772
-116.767 43.4275 -0.000449340655524 -0.0013956691085 0.000688680223451 0.00037537742556 3.92559 3.98458 -5.91582792348 11.4223744119 -1.1064744575
-115.828 43.4151 -5.24983562066e-05 -0.00126225222144 -0.000335483747262 0.000538469974625 4.02915 4.15925 -3.74127279344 8.69305886996 -0.746464185169
-115.098 43.25 0.00011294725497 -0.00101503899533 0.000124132323149 -0.000388840306249 3.99387 4.06635 -1.54310715069 6.0857488937 -0.512572441731
-114.174 43.3979 9.01986550408e-05 -0.000908428259365 -0.000398123279089 -0.000944576289021 3.93109 3.95891 1.43809325637 5.22039381845 -0.513870556568
-113.518 43.3234 3.95007632189e-05 -0.000934349139456 0.000929600000387 -0.000936121258355 3.93135 3.90879 1.18241189222 5.66986900318 -0.570980586722
-112.433 43.3998 -7.39026895513e-05 -0.000581088072284 -9.65791855321e-05 -0.000363232840577 4.05547 4.05884 3.25637274534 3.95156988657 -0.448437737507
-111.612 43.2741 -0.000291508088236 -0.000245475766836 0.000944784725027 0.0012277011067 4.23393 4.28227 3.0600197784 3.15616827901 -0.380610928116
-110.02 43.2112 -0.000276462467528 -0.000530794156735 -0.000887907138882 0.00241108462773 4.27802 4.2957 3.79837542904 4.83006723165 -0.569673407764
-116.87 42.7779 -0.000320302385622 -0.00107105516647 0.000112395819097 0.000589931640394 4.01781 4.04401 -4.4511168257 8.63899433072 -0.848455888777
-116.032 42.7713 -0.000143840300424 -0.00134773884056 0.00126580468596 -0.00155359502606 3.80814 3.84459 -3.62676596006 9.69827645667 -0.872881147081
-114.903 42.636 -0.000116122793147 -0.000999664960269 -0.00115835437092 -3.74847513138e-05 4.0305 4.0613 -3.11951898249 7.23232481682 -0.670440643043
-114.084 42.6493 0.00017496859167 -0.000894351994861 0.00102153786032 0.000161062469386 4.01879 4.02928 -3.32525676636 5.16762244983 -0.37520939647
-113.176 42.5452 -0.000228308850424 -0.000631937692764 7.09933373593e-05 0.000937334497232 4.17326 4.07372 -2.21215939531 5.32622340147 -0.562727451538
-112.531 42.6852 -0.000697637944935 -0.000679969538017 -0.000652846298864 0.000363750506603 4.34177 4.30937 0.929354944939 8.07772207456 -0.972068707512
-111.588 42.8321 -0.000292779125085 -0.000463564011689 -0.000146397493833 -0.000887545366026 4.25533 4.32501 2.71997457451 4.51542112132 -0.529681611
-110.92 42.7507 -0.000165241188071 -0.000433473843542 0.000387215603509 0.00188319439827 4.26287 4.23524 2.66606419261 3.61711399403 -0.416802432369
-110.042 42.6372 -0.000340029662874 -0.000282391619959 -0.000701708564995 7.29906170235e-05 4.34978 4.24187 3.86021724947 3.73341239557 -0.440261166681
-108.847 42.8247 -0.000441167361059 -0.000177397380393 -0.0011587894242 0.00219278749953 4.47061 4.54206 3.01726269691 3.72610980782 -0.438717136037
-108.342 42.6579 -0.000260293486538 -0.000314292599598 0.00166666822583 0.000637544387628 4.1161 4.14293 1.60918669741 3.49683768288 -0.405150019154
-116.471 42.0773 -0.000124416935859 -0.00123518042593 0.00324933542315 0.000518228717635 3.87352 3.86626 -8.31596034532 9.23983149435 -0.711982883657
-115.754 42.1669 -0.000340435428978 -0.00108355117645 0.000350679522701 0.00184942533063 4.0356 4.01162 -8.35209144609 9.05697871545 -0.830771011558
-115.016 42.146 -0.000235786724545 -0.000905972181534 -0.00129904117833 0.000314834553063 4.29296 4.3084 -5.22145855848 7.28435090653 -0.692238095901
-113.944 42.0886 -9.83099961168e-05 -0.000736720636679 0.000459286180357 0.000388666695938 4.14747 4.11894 -5.47451305897 5.53836371223 -0.487932598427
-113.24 42.0343 -0.000159548022225 -0.000408339610858 0.000329029856474 1.21385740386e-05 4.23854 4.17866 -4.14437857229 3.5453304022 -0.365554007093
-112.386 42.0041 -0.000467227104437 -0.000610457979511 -0.00059731268862 0.000272290808642 4.35762 4.30959 -1.90909210633 6.44513844962 -0.743530136222
-111.432 42.0149 -0.00055064218629 -0.000453341401585 0.000101902327542 0.000802768550932 4.33205 4.38153 -1.51550552645 5.89604421286 -0.713197154741
-110.873 42.0995 -0.000374967663654 -0.000306893651966 7.9996605121e-05 0.000422578098461 4.40053 4.37976 -1.10316165398 4.02692236407 -0.48454343875
-110.036 41.9243 -0.000442313663855 -0.000100864115107 0.000538187616982 -0.000578983955767 4.24702 4.30758 1.9813593028 3.20718611512 -0.392088394216
-109.357 42.1012 -0.0003460003059 -0.000188555042282 -0.00127015383639 -0.000885037615876 4.34056 4.35743 4.81674137052 3.2580083164 -0.375515511407
-108.34 42.0073 -0.000322366174839 -0.000439268683481 0.00244060188533 -0.00103895488149 4.02526 4.01493 0.668645828715 4.67675493769 -0.534737859044
-107.369 41.9641 -0.00052376332802 -0.000141653121247 0.000313216582917 -0.000938491659842 4.67359 4.77982 -1.15264131901 3.9372721591 -0.486593768587
-106.434 42.031 -0.000150276089275 -6.87383626295e-05 -0.00822913762477 -0.00380145423356 4.26932 4.30577 10.52531732 1.41542710937 -0.14452149279
-116.54 41.522 -0.000212178755631 -0.000865908819886 0.000244425643536 -4.25096399706e-05 4.15151 4.09956 -5.23659777165 6.88328766435 -0.643345410135
-115.791 41.4311 -0.000495254394382 -0.00100456496411 -6.36619304075e-05 -0.000818081531042 4.03501 4.02337 -4.59599678352 9.11581176418 -0.967186016888
-114.915 41.4157 -0.000376796227406 -0.000846208262547 -0.000406463925584 0.0013826214574 4.16577 4.18963 -8.97898615709 7.61788715602 -0.745168300263
-114.165 41.3602 -0.0002237124397 -0.000686841948259 0.00108885406376 0.000267614096079 4.02602 4.03385 -7.50345108631 5.84318676665 -0.549125284363
-113.347 41.503 -0.00022794537896 -0.00050820481656 0.000310046184942 -5.37878601791e-05 4.19584 4.15871 -5.27624877868 4.58590659958 -0.47353255152
-112.448 41.4632 -0.000519869096808 -0.000347211355672 -0.000644784722743 0.000244297803996 4.39197 4.34365 -2.59352446047 4.97589394108 -0.623984810188
-111.63 41.3146 -0.000666775120475 -0.000474591251859 -0.000790466339744 9.41772026901e-05 4.38933 4.4175 -1.00697154655 6.6970958397 -0.816573431774
-110.666 41.4729 -0.00067094131061 -0.000215813397552 -0.00016555380267 0.000767710615546 4.29059 4.35852 -2.34445376202 5.00173514508 -0.659619624129
-110.067 41.4272 -0.000403928239308 -0.000333888546019 0.00176840268771 0.000764501472233 4.17393 4.32199 -3.09062225355 4.38808572743 -0.52387337104
-109.157 41.5047 -0.000182456232581 -0.000389612758073 -0.000995137118117 -0.000265380748495 4.42583 4.52809 3.39738577435 3.48799477258 -0.404563400909
-108.187 41.4906 -0.000310987781605 -0.0002636679304 -0.00147036036734 0.00139925004557 4.52535 4.49645 1.86686687329 3.52364207392 -0.406852153133
-107.364 41.6067 -0.000522638152666 -0.000315573767241 0.000612487673885 0.00358510587553 4.93638 5.12863 -11.1142295603 4.7306995509 -0.610510029729
-106.596 41.4033 -0.000163462178633 -0.000669526515676 0.00346996183349 0.000239581261014 3.84873 3.86058 -0.46683393504 5.30444447537 -0.573464853063
-102.772 33.9696 -0.000414801136559 -0.000213779129254 -0.00338752752101 -0.000379739398115 4.38858 4.44561 1.86952614596 4.32962497699 -0.437384835069
-116.508 40.7186 -0.000133726201404 -0.000834842737956 0.00488167330655 0.000224376883795 3.89813 3.87531 -9.00378353934 6.52943467874 -0.520028057326
-115.736 40.8167 -0.000438327394087 -0.00075036895685 -0.00057845266664 -0.000190286578862 4.15331 4.08926 -5.89772404665 7.16493835909 -0.771736873624
-115.039 40.8522 -0.000547579306929 -0.00069332354991 -0.00234645406804 -0.000589488634789 4.37026 4.34096 -3.10567268057 7.31852050338 -0.848349007197
-114.204 40.8556 -0.000442733048952 -0.000610915951811 0.00217202857623 9.6177550082e-05 3.97072 3.97535 -8.03589095417 6.27510386733 -0.694095384656
-113.187 40.8513 -0.000439781052141 -0.000452309861857 -0.000735263413203 0.000673306817392 4.247 4.26208 -5.88490347553 5.21944087296 -0.616790960131
-112.52 40.8903 -0.000461981022184 -0.000488934971393 0.000236551579941 0.000218463377768 4.2287 4.2681 -4.22162088049 5.63639545686 -0.660455015731
-111.437 40.8869 -0.00074194092887 -0.000612791934685 -0.000130721344675 -0.000665519934823 4.22772 4.29605 -0.900143252943 8.05661772514 -0.962283721847
-110.834 40.9425 -0.000573632489474 -0.000565160295878 0.000113650337452 -0.00138761260119 4.15291 4.24415 1.06532438589 6.87938586334 -0.80437350269
-109.673 40.9763 -0.000281690238127 -0.000501882981175 0.0005045106891 0.00100152350238 4.2999 4.3768 -0.640290133168 4.86766974597 -0.541129931747
-109.177 40.8936 -0.000309142583326 -0.00053129948584 -0.000428733672688 0.000767158923638 4.42696 4.34743 0.94204469438 5.20252406207 -0.5873477392
-108.263 40.8338 -0.000428073300303 -0.000206465536785 -0.00109003118316 0.000357309425921 4.37599 4.4084 2.97196435202 3.92128971885 -0.448161947971
-107.52 40.76 -0.000236005141737 -0.000238752102764 0.000113066193908 -0.00253328699842 4.00918 4.08003 3.14613907106 2.947341496 -0.335699210994
-106.454 40.8023 -0.000143136060466 -0.000341221929937 0.00134271398623 0.0025230981647 4.1881 4.18186 -2.51477355753 3.11310348229 -0.331044605354
-116.5 40.2917 -0.000270181856719 -0.000734885203771 0.00148205161531 -0.000117822147199 4.06809 4.00799 -5.30762302135 6.29610773822 -0.623990911796
-115.657 40.1313 -0.00061647416501 -0.000493502893203 -8.48899028014e-05 0.00149785906034 4.1844 4.13405 -9.16441020108 6.07647923685 -0.779033394196
-114.745 40.2679 -0.000507938812221 -0.00053984450333 -0.000524917297099 -0.000736303987334 4.05163 4.09489 -4.74229637731 6.11367137746 -0.723331752307
-113.981 40.1314 -0.000329776026055 -0.00059229183582 0.000298576156826 0.000554239200648 4.11133 4.15168 -6.53005716859 5.69219701131 -0.59782474338
-112.469 40.2807 -0.000403842844896 -0.0006779184996 4.79973445732e-05 -0.00035082365067 4.12593 4.13347 -4.00531303934 6.68059622274 -0.725434037539
-111.502 40.2067 -0.000579403831607 -0.000702853889892 -3.71479776267e-05 -0.00022827132203 4.13388 4.12752 -2.57029981108 7.80362415046 -0.889309242305
-110.738 40.1948 -0.000626993565525 -0.000660317072079 0.000329598344853 -0.000347797393995 4.16232 4.19771 -1.67672545074 7.82797814787 -0.903435512955
-110.008 40.2655 -0.000430837356862 -0.00048464162277 -0.000125310107893 -0.000715362596187 4.25125 4.30972 0.796188954625 5.61640458769 -0.644656625629
-109.124 40.2982 -0.000454917688972 -0.00035696368946 -0.000497243484649 -0.000147930814621 4.30381 4.33967 2.00867419993 4.99005451446 -0.575371712125
-108.242 40.1348 -0.000470595976509 -0.000416949204934 0.000160584288889 -0.00162410340748 4.04457 4.11619 3.76221312984 5.51749850882 -0.626750367906
-107.47 40.2149 -0.000141439658792 -0.000490587947614 -0.000740675591953 -0.000605911897322 3.98797 4.07515 3.20221676869 3.90772239241 -0.450914548252
-116.464 39.6202 -0.000389004471925 -0.000554417550081 -0.000562688579469 0.000580073543405 4.20456 4.1099 -4.51777080763 5.60872346833 -0.630859774663
-115.754 39.553 -0.000766892387165 -0.000660706621418 0.000534922177754 -0.000568428956613 4.03285 4.08733 -5.27168911451 8.11057793878 -1.00355239168
-114.908 39.4731 -0.000441412587138 -0.000741834699901 4.86760256087e-05 -2.63701233744e-05 4.01628 4.13707 -5.63488265466 7.24268954344 -0.776286747103
-114.016 39.455 -0.00022784217851 -0.00103596537627 0.000253354403006 -0.00110798430706 3.98357 4.02854 -3.99662527813 8.25946574692 -0.785914993714
-113.069 39.5906 -0.000318283091423 -0.000951412985834 0.000217528611702 -0.000728223222203 4.07065 4.10946 -4.8580436732 8.18769873037 -0.806502765994
-112.279 39.5708 -0.000367907391153 -0.000600355380637 -0.000265676430116 -0.000367107444551 4.11258 4.04787 -4.43803653974 6.01381469787 -0.649768223763
-111.66 39.6092 -0.000578528752968 -0.000514750009735 0.000544865046217 -0.000110679604033 4.17117 4.07665 -4.41476893059 6.51259172555 -0.770837250188
-110.74 39.473 -0.000759797437504 -0.000557265616798 -0.000645028398216 0.00073678735624 4.26524 4.25973 -3.3623404352 7.85502173664 -0.941937663975
-110.246 39.6279 -0.000655045943184 -0.000647408668798 1.1673778486e-05 0.000827013886015 4.2723 4.36665 -2.69993733041 7.9516693135 -0.915896242209
-108.981 39.6333 -0.000408077681093 -0.00059806899915 0.000472616748378 -0.000655308820472 4.09793 4.16888 1.07975508295 6.27798718152 -0.70656852187
-107.449 39.524 -0.000168067062179 -0.000649252202459 -0.00153012005119 -0.000206269039588 4.08833 4.09502 2.30042342526 5.12370457088 -0.578793724631
-104.908 39.5144 -0.000695144624992 -5.13003862321e-05 -0.00178759651527 -0.000828196471837 4.24582 4.34282 4.70510140321 5.04153735552 -0.495302930271
-104.168 39.5125 -0.000335063514146 7.7679692562e-05 0.00015451428945 0.000270249783043 4.02641 4.10153 0.972755409716 1.68150366067 -0.178850858072
-116.4 38.8247 -0.00021343612212 -0.000472019669072 -0.000578084681773 -0.00062510631775 4.16422 4.12533 -3.06713099105 4.2435898776 -0.446774436154
-115.654 38.8455 -0.000441193536377 -0.000774227363015 0.000500676236385 8.85039212921e-05 4.04431 4.03398 -5.48171952941 7.46415297104 -0.793207583076
-114.83 39.04 -0.000235671044904 -0.0010276208096 0.000766020233974 -0.000152237591603 4.0082 4.05728 -7.37718534176 8.41894287423 -0.740389925702
-114.02 38.9551 -8.6541440525e-05 -0.000937820358487 -0.000230762382577 8.41029958059e-05 4.14484 4.0779 -6.06734667555 7.05335502255 -0.588855798494
-113.277 38.9882 -0.000555583655702 -0.000715702219262 -0.000448951522482 0.00112550972376 4.29593 4.20761 -7.59155813891 7.70262126295 -0.85191331125
-112.379 38.9995 -0.000828103242231 -0.000477341681687 0.000302096959943 0.00109182305172 4.23186 4.23448 -7.3360403919 7.32082256506 -0.954495359449
-111.172 38.9176 -0.000577488291383 -0.00041873618257 -0.000363873993264 6.67536535196e-05 4.16194 4.16686 -4.23896559658 5.91406336971 -0.713259656
-110.133 39.1025 -0.000453288252123 -0.00063911338711 -0.000126186289883 -6.81923725756e-05 4.16742 4.20441 -2.67818520278 6.835095493 -0.753719990547
-109.263 38.9553 -0.000426456376571 -0.000709641295079 0.000633971955383 -0.000368650061376 4.02862 4.05209 -1.86001770934 7.19928523624 -0.783269488902
-108.296 38.9541 -0.000431794292384 -0.000747507234111 0.000167318438038 0.000806025379883 4.17005 4.17578 -1.2590685282 7.5099242128 -0.81729722735
-107.574 38.8347 -0.000437564901106 -0.000687429430037 -0.000715929353126 0.000847833064779 4.27553 4.25176 1.17380657961 7.12374121329 -0.792418641908
-106.91 38.8627 -0.000518832838352 -0.00042802835569 3.68453235127e-05 0.000687826790307 4.20332 4.24944 1.79717261354 6.00124089685 -0.669514944498
-104.247 38.9145 -0.000174874927346 -0.000528542630629 -0.000450962228605 -0.00124753439361 3.83853 3.91392 3.46514303738 4.40760722249 -0.510281396406
-116.302 38.2886 -0.000112267011615 -0.000433819447036 -0.000169574399242 9.90831599274e-05 4.16146 4.08659 -3.31879940428 3.51655999658 -0.341645083212
-115.585 38.3489 -0.000270647723584 -0.000667837224134 -5.45602086853e-05 -0.000198087207446 4.13144 4.05331 -4.29294002757 5.93228092857 -0.601550990603
-114.608 38.3281 -0.000293795372124 -0.0008053834594 0.000805871332648 0.000972684717311 4.16677 4.09805 -7.35317453404 7.12917848118 -0.675598541796
-113.969 38.1802 -0.000544175029797 -0.000571927772354 -0.000665190820308 0.0016253340648 4.37817 4.28606 -7.81536026408 6.61090790068 -0.764029565322
-113.021 38.2987 -0.000713350480184 -0.000393527689992 -0.000939868475411 0.000642738834216 4.28906 4.25763 -6.84239465612 6.20090544896 -0.812308076842
-112.277 38.2108 -0.000727813139096 -0.000175468689105 0.0013129220343 0.000423573382805 3.97037 3.98731 -8.24615918479 4.65127858854 -0.709119042863
-111.483 38.2843 -0.000584283776177 -0.000352647956959 0.00038926335225 -0.000301184425309 4.02878 4.06771 -5.48494778487 5.45296039596 -0.68053484375
-110.711 38.4187 -0.000460515349215 -0.000490126106218 -0.00103504911289 -0.000521897223992 4.17206 4.19746 -3.41704795904 5.86018999253 -0.664387965902
-109.894 38.3862 -0.000276509061801 -0.000517547793832 0.000939727538143 -2.38764732669e-05 4.06362 4.08798 -4.59561257745 5.10459554042 -0.532759860089
-109.261 38.2916 -0.000190805727622 -0.000606972815688 -0.000417114577754 0.000419026643575 4.2772 4.2136 -3.66837696245 5.26287170906 -0.526413487114
-108.379 38.1888 -0.000397514772449 -0.000484319056111 6.22605916192e-05 0.000945071045455 4.20418 4.15698 -3.19108155848 5.58921550771 -0.614433347511
-107.55 38.3685 -0.000578061469004 -0.000611042106375 0.000128381469764 -0.000443314003021 4.08179 4.05198 -1.07728544216 7.53391957872 -0.838280664538
-106.756 38.2289 -0.000558673099541 -0.000656730853798 -0.00029307894641 -0.00112583764973 4.07921 4.1001 1.59625535443 7.75333763479 -0.85938304749
-105.107 38.2315 -0.000849786919714 -0.00073965172088 0.000174343342649 -0.00100876437859 4.01527 4.06899 4.20229780243 10.2797045109 -1.11715591703
-104.283 38.1474 -0.000448040933623 -0.000904968207762 -0.00158957026034 0.000439328511369 4.11552 4.19849 2.87343452299 8.64265505135 -0.970322627372
-116.595 37.923 -4.61163684544e-06 -0.000190769338307 0.000103615248219 0.00108986163988 4.18649 4.18491 -4.01517537064 1.34278703046 -0.111591136627
-115.747 37.6444 1.78806025161e-05 -0.000310892904591 0.000205220911329 0.000353710400765 4.20319 4.13363 -4.06942941025 2.07536583457 -0.1628156673
-114.849 37.6083 -0.000252810995536 -0.000429113140346 -0.000374256070909 -6.55192181223e-05 4.24059 4.11913 -4.66038747169 4.23891423574 -0.45201788615
-113.86 37.5808 -0.000626349404551 -0.00058777358479 0.000157864384902 -0.001109771262 4.09294 4.00341 -4.08757401712 7.25134963217 -0.851701290542
-113.168 37.7601 -0.000950697714816 -0.000409202004994 0.00016503712553 -0.00108115180754 4.01471 3.99452 -4.57138698595 7.65015197317 -1.01136655979
-112.363 37.6761 -0.000896772835557 -0.000242042934226 0.000271923762457 -0.00125533866655 3.9462 4.06224 -5.86156280026 6.16920441525 -0.875134812748
-111.596 37.7222 -0.000370895950887 -0.000359218814824 0.000534205541788 0.000426100909479 4.08216 4.18313 -7.10418615071 4.41486570555 -0.50807889444
-110.802 37.6354 -0.000281920770604 -0.000488318288001 -0.000369400203449 0.000564974888862 4.21672 4.21447 -5.60060920109 4.93894473058 -0.514072640527
-109.995 37.6903 -0.000223817550806 -0.000502052158608 -0.000457561444366 0.000354068957652 4.26583 4.24524 -4.8427004629 4.74370327161 -0.480450434959
-109.137 37.7459 -0.000294328507248 -0.000287517872807 -9.90233011217e-05 0.000793434239703 4.21631 4.17687 -5.06797268096 3.62305123098 -0.40819742896
-107.792 37.662 -0.000394734682142 -0.000495678994665 0.000995372218102 -0.000287098284136 4.00063 3.98454 -2.86179364891 5.69967764806 -0.621066957133
-106.002 37.7059 -0.000602396295509 -0.000843532917233 -0.000115894818553 -0.00107235674299 4.07199 4.06014 1.95132670517 9.29143001216 -1.02465640427
-105.213 37.6407 -0.000805773419356 -0.000808621484921 -0.000545419702231 0.000242019805079 4.2494 4.25761 2.92961249046 10.4530484718 -1.14079448815
-104.435 37.6606 -0.000591912223699 -0.000976538562283 -0.00126416106381 0.000701602501168 4.19413 4.24994 1.99501837594 10.1388243651 -1.11651305751
-115.22 37.2408 -5.90765841648e-05 -0.000152610219669 -0.00010347347603 0.000324590188251 4.20594 4.10998 -4.2797908395 1.35640885787 -0.135823197201
-114.715 36.7256 -0.00014786399633 -1.76812121924e-05 0.000235631846235 0.000227931623453 4.17249 4.07611 -4.87984440191 0.848939484414 -0.131667311665
-113.907 37.0195 -0.000572352909577 -0.000196348456034 0.00072655707578 -0.000128770905972 4.0226 3.87629 -4.67401744034 4.23746522396 -0.58082659646
-113.084 37.0615 -0.0011165414778 -0.000228522074908 -0.000735489515054 0.000272166005772 4.16277 4.08092 -4.61133343028 7.27395446593 -1.04026666698
-112.382 37.0183 -0.000754463425599 -0.000506586990412 0.000296603581519 0.00124975294313 4.09932 4.20834 -6.23984076392 7.3812131567 -0.908722723157
-111.506 36.9839 -0.000337496291978 -0.000411591728549 0.00032393275442 0.00043922573771 4.1074 4.1592 -5.92340711256 4.67375281426 -0.512935545021
-110.804 36.9969 -0.000372336974 -0.000259864195903 -0.000785213486481 0.000226593564662 4.24376 4.20459 -5.36785442434 3.79901568251 -0.453961346929
-109.874 37.1364 -0.000455934817857 -0.000213109401515 -0.000220363884863 0.000814018766474 4.19089 4.13214 -5.45165159077 3.93648598515 -0.493387994289
-109.025 36.8299 -0.000301160056453 8.54492152705e-06 0.000822056509952 -0.000138737828043 3.96696 4.05468 -4.8812976105 1.5844611897 -0.233818384219
-107.534 36.9914 1.17990132769e-05 -0.000476785159114 -7.56297625344e-05 0.000701899197487 4.09293 4.07504 -3.66966846703 3.27057998115 -0.293718117049
-106.903 37.0138 -0.000134144970593 -0.000565572018376 0.000347248310073 0.000444530976554 4.13009 4.04264 -2.22238484201 4.67875402894 -0.473496161881
-106.037 37.0361 -0.000546158161274 -0.000756314409655 9.50822057985e-05 0.000461349918829 4.22996 4.12757 -1.20101894592 8.48319609329 -0.914206957227
-104.411 37.1388 -0.000601247589316 -0.000883266999058 -0.00157067266755 -0.000303558073764 4.0882 4.07281 2.65868274373 9.62843048933 -1.05711504417
-116.33 36.4193 4.9882408369e-05 -1.11236293545e-05 0.000902676190953 0.000863413663326 4.11743 4.09549 -2.35304152578 -0.176383813902 0.0334938849366
-115.383 36.423 -5.5862999081e-05 2.70386668595e-05 -0.000961956367978 -0.000302653648309 4.25997 4.21285 -2.0156422553 0.10560842504 -0.028084917156
-114.539 36.4321 -0.000231813113676 8.57150572277e-05 0.000281810036828 4.48049129731e-05 4.07742 4.01468 -2.97517357172 0.60336942949 -0.134604704593
-113.965 36.4151 -0.000496674274371 0.000133036579528 0.000150513925669 0.000779037326604 4.09915 4.02087 -5.3581341644 1.4975948087 -0.333260250386
-113.18 36.4182 -0.000722916971805 -0.000245080223366 -0.000192135012792 5.2449558571e-05 4.0724 4.06712 -4.92703399631 5.40221327232 -0.731186673138
-112.291 36.428 -0.000604140445973 -0.000615629636772 0.000607645577134 -0.00189625881101 3.88484 3.9097 -2.21101065003 7.54333458235 -0.856159398325
-111.13 36.1428 -0.000592297793407 -0.000390007312068 -0.00152565648753 -0.000710281141952 4.2128 4.23454 -3.39513836995 5.97444085547 -0.706860638367
-110.662 36.5996 -0.00046593214325 -0.000163217798937 -0.000482977774235 9.19979555955e-05 4.14146 4.13679 -4.68007988364 3.64593775678 -0.470660731255
-109.87 36.4199 -0.000623778846666 -8.17058388408e-05 -8.79937754033e-05 -0.000789489990797 4.01638 4.09702 -3.99670417653 4.01426877924 -0.541963048962
-109.208 36.2925 -0.000368087846053 -0.000378018482688 0.000504667542736 -0.00160774108071 3.79571 3.92638 -3.38082360758 4.73289877091 -0.523890846368
-108.52 36.3758 0.000113123289808 -0.000282822304455 0.000498777028591 -0.000809355480449 3.92237 4.0163 -3.77744510716 1.34937574118 -0.0894860480956
-107.658 36.4277 0.000113277343127 -0.000247502123251 -0.000508186763942 -0.000336261831542 4.15093 4.14725 -2.80859088245 1.05151041709 -0.0736357919916
-106.855 36.3773 -1.54025027086e-05 -0.000277363433393 0.000286837167998 0.000453543680237 4.19525 4.05941 -3.40144307699 2.03315090883 -0.190485892726
-106.192 36.3289 -0.000375176149626 -0.000208447393415 7.10059318631e-06 0.00127420124138 4.29119 4.15145 -3.42679549941 3.69963940726 -0.420756487018
-105.278 36.4093 -0.000682162247056 -0.000528818922325 -9.51931884833e-05 0.00120899865524 4.17307 4.09567 -1.57854707913 7.88018182837 -0.859883961463
-104.408 36.3998 -0.00111004052164 -0.00060542621008 -0.000246891715135 -0.000269219175191 4.03637 4.13719 0.507798886563 11.3127590062 -1.21113452915
-103.744 36.3945 -0.000548639232071 -0.000304098768387 0.000508804767327 -0.00102328631313 3.90948 4.0406 1.00414202725 5.67178536729 -0.599387722199
-115.43 35.8384 -6.04502383773e-05 9.59454492252e-05 -0.00077377428399 0.00106276906049 4.21058 4.1835 -1.03457361035 -0.325607737191 0.0120770663846
-114.851 35.7266 -0.000175678476316 4.32717939498e-05 9.53294853305e-05 0.000371220883187 4.155 4.12508 -3.07653713953 0.606084042448 -0.115297754528
-113.984 35.8522 -0.000260341107697 0.000116284583532 0.000142978295936 2.27471317633e-05 3.99645 3.99 -2.69434228372 0.570995240871 -0.136414754775
-113.105 35.6339 -0.000307750722179 -0.000242317357082 0.000733826869346 0.000696165289496 4.04029 3.98819 -5.69883683971 3.29429265723 -0.391001501568
-112.173 35.8191 -0.00057953222541 -0.000440195573415 0.000593241420392 0.000317701823388 4.09205 4.04659 -5.29116757664 6.15018953946 -0.727475598974
-110.794 35.6218 -0.000695790705297 -0.000345875640888 -0.00161280176803 -0.000510274818317 4.12027 4.15378 -3.0287445432 6.30540401143 -0.759595847709
-109.933 35.7113 -0.000471033153672 -0.0003941591841 0.00174188939511 -0.000286844548533 3.83608 3.90812 -6.08041146335 5.36274340452 -0.612716834877
-109.046 35.7147 -0.00017743431435 -0.000516576741392 -0.000291263141224 0.000362847811692 4.03071 4.10169 -4.53838102676 4.68109523405 -0.457500769839
-108.466 35.7992 -1.70330613935e-05 -0.000400090425401 -0.000458362205975 0.000897294630493 4.22802 4.25353 -4.44761907957 2.95147000796 -0.26135800013
-107.638 35.8054 1.79299752974e-05 -0.000226050118217 -1.49374354304e-05 0.00022745716286 4.1813 4.1617 -3.88128424566 1.4967962345 -0.129264194825
-106.909 35.9138 -0.000118480900843 -0.000116354769331 -0.000704702402627 0.000471180405826 4.27334 4.21701 -2.83750346376 1.52044266748 -0.165697954352
-106.183 35.7452 -0.00025720478427 -8.54135186987e-05 0.000153737207461 -5.73115285637e-06 4.0635 4.01634 -2.33939891355 2.16965750314 -0.249083561637
-105.272 35.7259 -0.000522116475571 -0.000248686566873 -3.51375349753e-05 -0.00070317371526 3.93667 3.85805 -0.489627594894 5.03852602829 -0.548643755629
-104.616 35.8383 -0.000875075665273 -0.000380307091031 0.000682983017352 0.000316814700593 3.97467 3.99142 -1.59152854456 8.18248573191 -0.898613873412
-103.786 35.7964 -0.000428987480753 -0.000960501348848 0.000822441928385 -0.00059778461561 3.99037 4.04616 -0.477930689639 9.25378498739 -0.980442978244
-114.87 35.301 -0.000136778617272 0.000105128462073 -6.83237895489e-05 -0.00116862288008 4.00684 3.99599 -0.930897054035 0.0323345544217 -0.0407781612002
-113.885 35.099 -0.000137481536062 -6.68275426498e-05 -0.000220283402328 -0.0013658679728 4.00809 3.99113 -0.618619725041 1.22118274103 -0.148538040409
-113.083 35.2127 -0.00019353138558 0.000104211106975 -0.000320350001821 -0.000800389953538 4.08593 3.97931 -2.05653447616 0.343817211747 -0.0865529236847
-112.267 35.1787 -0.000330791265604 -0.000238276768042 0.000569975608621 0.00252154140222 4.21761 4.1641 -7.77739433534 3.38029370301 -0.40726036148
-111.532 35.0951 -0.000582146195683 -0.000420289229267 0.000297847322196 0.00168947574803 4.13266 4.09776 -5.98134235552 6.07615994705 -0.717983349438
-110.713 35.0789 -0.000715708774642 -0.000589052238209 -0.000366553639187 0.00041449321982 4.08791 4.09638 -5.09157218732 8.09590024532 -0.925814704007
-109.736 35.1181 -0.000678530996081 -0.000563802246209 0.000658107688586 0.00012509803341 3.94493 4.06743 -6.47190845778 7.7373014552 -0.880049492932
-109.388 35.1118 -0.00039515554509 -0.000467295997634 -0.000242989270516 0.000365277057083 4.16351 4.24956 -5.19201982273 5.55200154814 -0.597217029664
-108.5 35.1259 -0.000157535151722 -0.000292577297601 -3.34672195376e-05 -0.000461768722182 4.13557 4.11865 -4.31203980097 2.99038386827 -0.305401287519
-107.648 35.117 -0.00013926162282 -0.000147055890981 -0.000731486153506 0.000323752457733 4.21439 4.20494 -4.36269370463 1.85753193715 -0.20070963491
-106.867 35.0719 -0.000156037218288 -3.21046343227e-06 0.000640053894086 -0.000346675497589 3.94381 3.94032 -4.10284970679 0.942049386176 -0.122403457843
-106.15 35.1605 -0.000228871616494 -0.000113899942415 0.000700396629571 -0.00144578988628 3.77372 3.75318 -1.50743018852 2.2176863762 -0.245720411271
-105.408 35.2106 -0.000380600442763 -0.000110597736659 2.78383816311e-05 -0.000706571175014 3.95532 3.93916 -0.638832323085 3.20365504338 -0.351504017348
-104.461 35.2177 -0.000373436807336 -0.000521957850042 -8.31412222839e-06 -0.000590403484607 4.01292 4.00427 0.416718349521 5.94764974099 -0.633621653331
-103.766 35.0891 -0.000446195527363 -0.000673838849304 0.000239829394933 0.00134497798163 4.29863 4.21696 -2.13536717977 7.5357055279 -0.786161335328
-103.063 35.0637 -0.000459131544625 -0.000249376870123 -0.00179373076658 0.00304466330871 4.56078 4.52443 -3.47848477722 4.68380374225 -0.50782871894
-113.83 34.5935 -7.7125223507e-05 3.9290846727e-05 -5.86434550068e-05 0.00044847115589 4.16247 4.11701 -3.37391309904 0.131668862857 -0.0380453745887
-112.891 34.4692 -8.78537674487e-05 0.000118904955883 -0.000477812502513 -0.000938459548343 4.13946 4.1126 -0.783072361368 -0.308375576116 0.00906874598534
-112.237 34.4866 -0.000148959163529 -0.000262577945067 0.000100245727406 -0.00210063550851 3.97171 3.90386 -0.201119662064 2.64575501012 -0.284446342688
-111.441 34.4178 -0.000284818127718 -0.000385895152277 -0.000372482169567 -0.00104675218883 4.05085 3.96953 -2.13957126449 4.30974251328 -0.464843838699
-110.806 34.3371 -0.000592500140793 -0.000620162201253 -6.37333727547e-05 -0.000556317539441 4.01446 3.96149 -3.93194346508 7.71875489069 -0.848335184624
-109.95 34.5293 -0.000631678407447 -0.000320593668675 0.000442344448656 0.000650225329548 4.06797 4.04875 -7.06814666781 5.68554295146 -0.701177209713
-109.29 34.4275 -0.000507517451653 -0.000222291501376 0.000515797236532 0.000351594947194 4.06781 4.03507 -6.37018146581 4.37681475583 -0.541013492843
-108.498 34.5421 -0.000309255279951 -0.000172343564038 -0.000565945825542 0.000331565769667 4.19204 4.19398 -4.76240246232 2.999272084 -0.349707323401
-107.786 34.4457 -0.0002745353613 -0.000190374862671 -0.000398072275708 9.39098025277e-05 4.12186 4.08893 -4.38421389043 2.96187351574 -0.333230185929
-107.01 34.5058 -0.000206419889039 -4.28523615715e-05 0.000929923746109 -0.001488160554 3.82441 3.8744 -4.27503690446 1.52321319898 -0.186831934341
-106.188 34.581 -0.000154091222587 -4.63548220832e-05 -0.0001523284329 0.000451069676606 3.98637 3.971 -4.37919099621 1.25119988102 -0.148244464281
-105.435 34.5646 -0.000158440531343 -0.000177838999621 0.000310921537894 0.000354968752081 4.01137 4.03899 -3.02172673088 2.23625770639 -0.236440657704
-104.662 34.5271 -0.000169779469031 -0.000297110119333 0.000835612859151 -0.00100652929443 4.0578 3.97901 0.21940508243 3.11717193409 -0.330155568988
-103.81 34.5508 -0.000542778086449 -0.000284695107575 -0.00221465840297 -0.000456525084354 4.52629 4.44745 2.93469666419 5.64316109993 -0.574152361249
-103.097 34.6469 -0.000396370654913 -0.000371096321768 -0.000150177023069 -0.000869736863869 4.42089 4.46358 -2.7885471721 5.16350478859 -0.542967436354
-114.524 33.7503 -0.00012589060713 0.000125101463295 -0.00114240055503 0.00160857118473 4.24285 4.26092 -2.94716352832 -0.208959378734 -0.024768735065
-113.829 33.8142 -0.000156957320533 0.000267456085908 0.000257128200899 0.00182940081404 4.16703 4.3757 -5.78321477098 -1.16155657206 0.0228367628881
-113.005 33.9383 0.000221188967586 0.000229458957489 0.000758895504317 0.000454991437973 4.01866 4.18848 -5.24703321624 -2.81343900508 0.313349315239
-112.333 33.9535 0.000209034853895 -0.000103847742549 0.000126822833686 -0.000526751683154 4.03152 4.1081 -2.12072946558 -0.454779822597 0.0972294330555
-111.478 33.8798 -0.000101789361204 -0.000241804086759 -0.000203696507904 -0.000966785556078 4.1156 4.04353 -1.73433731859 2.26742030759 -0.23290136349
-110.844 33.6953 -0.000701797577971 1.19518191209e-05 -0.00137682173264 0.000547174532425 4.31107 3.78231 -2.64104179307 3.94605360231 -0.536513921641
-110.034 33.7776 -0.000918506821936 -0.000113974185478 0.000323631003332 0.000969337317737 4.13211 4.25882 -5.854103301 5.81415313297 -0.807441555959
-109.254 33.9571 -0.000480079285518 -3.9300717557e-05 0.000827092890813 -5.29423395573e-05 4.02262 4.17127 -6.28680954176 2.89778919473 -0.410351384129
-108.377 33.9085 -0.000242427298446 -0.000189902013775 -0.000697814932811 -0.000153019764399 4.1285 4.42833 -4.69577627944 2.76632163895 -0.307948885138
-107.674 34.0087 -0.000245903951198 -0.000197521827114 -0.000139467539747 -0.000415758700692 4.00528 4.25467 -4.27772021979 2.86210047446 -0.315406947148
-106.965 33.937 -0.000273536266175 -0.000374897249265 0.000110579635703 8.23719503102e-05 4.06926 4.41333 -7.20224838772 4.33279015661 -0.442800893729
-106.921 34.0739 -0.00025604427388 -0.000371847342023 0.000477207889037 0.00103770618724 4.05861 4.10801 -7.58753612673 4.21024080098 -0.425955215164
-106.055 33.9315 -9.68615242862e-05 -0.000146423929646 -0.000185152736518 0.00044715172715 4.00492 4.48255 -6.55613899579 1.64564459449 -0.166049291109
-105.436 33.9257 -5.89773624595e-05 -0.000257967665103 0.00106086515142 -5.17281712593e-05 3.99314 4.21175 -4.94142449813 2.23304561087 -0.209575061622
-104.693 33.9229 -0.000241490808038 -0.000175908023816 -0.000256305521188 0.00125181376945 4.41448 4.81599 -3.90976820307 2.76163668264 -0.297705725918
-103.825 33.9232 -0.000390106545487 -0.000134839533876 3.41482861381e-05 -3.55285794513e-05 4.38424 4.77064 0.420698578306 3.56280981799 -0.369041717579
-103.163 33.8839 -0.000905318717758 -0.000214279087945 9.99170705527e-05 7.97461376712e-05 4.51718 5.34725 2.56683231582 7.83931918938 -0.763509230616
-113.657 33.1999 -8.03832695395e-05 -6.9522842406e-05 -0.000279403295636 -0.00184468325498 3.95748 3.91889 0.766163598518 0.940422172716 -0.10627368748
-112.946 33.3627 0.00027856838544 7.10297085912e-05 0.00107519117208 0.000243129274256 4.0626 3.80749 -5.33150381941 -1.9709536394 0.267955024477
-112.158 33.2893 0.000252311293314 0.000247633211713 0.000307444753655 0.00132314251426 4.23361 3.59699 -5.96793513845 -3.1414559834 0.348995889764
-111.427 33.341 -0.000322432759694 0.000271848526328 -0.000895995155133 0.00147186517288 4.37763 3.84639 -4.13025413276 -0.179408076675 -0.0906806905101
-110.472 33.2969 -0.000745316621404 0.000154610000581 -0.000771429655084 -0.000527551991117 4.12876 3.26298 -2.94130844447 3.20090934394 -0.480997648828
-110.036 33.0851 -0.000664947969703 -6.55210685776e-05 0.000658141454322 -0.00183815722233 3.79222 3.39052 -2.6256527775 4.36283317649 -0.553911559719
-109.266 33.2921 -0.000463493806794 -1.4886688625e-05 0.000819499622593 9.47267331404e-05 3.97514 3.59623 -5.96818852498 2.66305715975 -0.380816031591
-108.592 33.1132 -0.000154271195261 -0.000178468481133 -0.000310156427472 3.74951760541e-06 4.08898 3.57104 -4.82202925112 2.18897981066 -0.231537832288
-107.671 33.3086 -0.000156375530412 -0.000194878809665 -0.000537625199022 0.00030907663731 4.14413 3.49398 -5.15383173049 2.33292051743 -0.243419398381
-106.964 33.2555 -0.000237919693358 -0.000185794500874 -0.000134280446234 -0.000199586147768 4.04841 3.20701 -5.57962940654 2.75154793154 -0.301868730214
-106.232 33.2621 -0.000184765250231 -0.000227922160075 0.0008020297447 -0.000496343511729 3.97743 3.48019 -6.78437922657 2.76772850725 -0.285087530613
-105.365 33.3298 -0.000108483326222 -0.000185349600961 -0.000126772411649 0.00040578637537 4.20173 3.38495 -5.43446166583 2.01444556019 -0.201046114073
-104.717 33.2797 -0.000141831373576 -0.000228896533618 3.33589948537e-05 -0.000364939585528 4.35744 3.60056 -3.01084173865 2.52865395368 -0.258328268816
-103.98 33.2716 -0.000436397010215 -0.000154071719557 -0.000528870084125 0.000592737874214 4.48586 3.33514 -1.20060835742 3.96840633453 -0.420926848584
-103.215 33.315 -0.000257063325108 -0.000173078827486 -0.000844748332619 -2.59228670857e-05 4.26081 3.55572 -0.0171075113292 2.93527293417 -0.303543087479
