-112.228 32.7006 0.0011442389447 3.05209904112e-05 -0.00143978922652 -0.0022653559495 3.87252 3.86872 -2.28557330924 6.43333658084 -0.812369074738
-111.704 32.5618 0.0012480742128 0.000453967735455 -0.00133769632838 -0.000341661646701 3.77772 3.76659 1.60006699301 9.44026699325 -1.14321030642
-110.739 32.5716 -0.000487721807007 -0.00142762074542 0.00183853447401 0.000233730054168 3.87692 3.84925 6.60818007966 -8.9514648552 1.45876325607
-109.97 32.6399 -0.00552331572168 -0.00419054599687 0.00292761034294 -2.87516191326e-06 3.7916 3.80947 9.56188850795 -51.1726138453 6.39261059498
-109.303 32.7663 -0.00074141712503 0.00104714564924 0.00619396687324 -0.00879020242629 5.98201 6.054 -15.3552103868 3.10710280139 -0.00727582287079
-111.457 32.0022 0.00101705674308 0.000245094248371 -0.00044239166593 -0.00105279872253 3.90367 3.90318 0.883376916796 6.9964212269 -0.842486621605
-110.816 31.7748 0.00146073939463 -1.60353479273e-05 0.000238444533011 0.000585574585521 3.87358 3.85261 3.20987978888 8.54442229154 -0.872724166252
-110.046 31.9737 -0.00179859541636 -0.00226404598797 0.000811773050636 0.00169926573169 3.73636 3.69755 4.88416466364 -20.4711097921 2.88611591042
-109.259 31.9989 -0.00422772728212 -0.00740305256833 0.00313803187367 0.00404697094572 3.59818 3.64252 8.80338151057 -54.2687586997 8.52461783829
-109.991 31.439 -0.000894078390628 7.97059260453e-05 0.000168210351001 -0.000382939973877 3.86491 3.8555 1.91315589012 -4.80653601287 0.488164448494
-109.281 31.3757 -0.00123193445613 -0.00139426983595 0.00217856895334 6.10464445622e-05 3.8603 3.83858 3.70245190052 -13.2224239227 1.85111398018
-122.707 48.7197 0.00542816079331 0.00387242200564 -0.00691363855136 -0.00879498537017 3.79595 3.81577 -8.64492213318 59.3015295191 -6.66655291708
-122.085 48.9983 -4.59097259822e-05 -8.65882183347e-05 0.00052559293079 0.000358796826179 3.88144 3.8058 -1.78055976241 -0.900410388801 0.0918995520327
-121.48 49.0983 -0.00443538730143 -0.00256530956311 0.00401234646338 0.00242138197885 4.01076 4.03637 3.70267063979 -47.2476981917 4.88235430645
-120.384 49.048 0.00236850850367 0.00085326226029 -0.0054650783363 6.34492171323e-05 3.51652 3.53229 -4.12278426833 20.554103128 -2.35128668387
-119.272 48.9534 0.00248309993936 0.000374108377737 0.000821009833145 0.00354871109509 3.7377 3.72791 4.85286592287 20.0770852808 -1.86489586411
-118.585 48.9752 -7.91359066846e-05 0.000806393573935 0.00797943098094 0.00191307460712 4.15268 4.1233 6.789667395 3.90441690704 -0.597361702492
-117.559 48.9813 0.00253971577764 0.000226180398069 -0.00537228073466 -0.00212454467513 3.29942 3.31109 -14.3789988365 14.4355672668 -2.25804788009
-116.363 48.958 0.00213432014737 0.000571543089702 -0.00215967187156 0.00123583303825 3.60733 3.56021 -2.51876928986 17.6402259712 -1.90171186075
-115.653 48.9339 -0.00125202463236 -0.00110092757103 0.0058288146976 0.00113592289171 3.98942 3.92108 3.80881409223 -15.1849429988 1.6355817174
-114.413 48.933 -0.000566183035737 0.000528986638102 -0.0093276143856 -0.0149377536541 3.35632 3.38456 -24.3705977438 2.13742273507 0.285226231123
-113.422 48.9725 -0.00173755214108 -0.0013711132558 -0.00605681095601 -0.0035750229212 3.56583 3.58827 -11.819820371 -19.4652058422 2.21331023051
-112.733 48.9777 0.00129138120186 -3.53844833127e-05 0.0079888938236 0.00530398433794 3.95356 3.98739 13.5527948906 10.3621898396 -0.520494169829
-111.597 48.9482 0.000877137618144 0.000853198220969 0.00290704772496 0.00586984467626 3.81806 3.90575 10.2395593066 10.488064064 -1.16310319946
-110.699 48.9448 -0.00203819744282 0.00117942395617 -0.00119638365707 0.00726486777001 3.62583 3.6714 3.0112410905 -9.11351684497 0.168795601742
-123.504 48.0575 -0.00293904722153 -0.00351591103843 -0.00495155991191 -0.00849134652331 3.65552 3.68014 -8.93316058645 -43.1009699832 4.38925582603
-122.096 48.2641 0.00693265400724 0.0063713204869 -0.0133877787872 -0.0133572230732 3.55442 3.63276 -21.7715368277 79.7737178358 -8.79633648114
-121.484 48.5183 -0.000122342137748 0.00133654409438 0.000641521097139 -0.00115721636437 3.82405 3.76977 -3.59621692417 8.82022582841 -0.772359794499
-120.12 48.4607 -0.00805419963149 -0.00650024111273 0.00355223263109 0.00208475612266 3.90547 3.95345 0.926571741463 -96.0257824152 10.2715433664
-119.333 48.3584 0.00159390047363 0.00150277580618 0.000998592642544 -0.00132601059729 3.87819 3.94475 0.836229077147 20.2983637278 -2.18725174646
-118.149 48.4226 0.000571475628877 -0.000257156378613 0.0006522808202 0.000205934840319 3.85114 3.84862 -3.27012058627 1.89062423157 -0.239057836676
-117.225 48.2995 -0.000863495991082 -0.00124691754545 -0.00329728905528 -0.0029706629153 3.70592 3.7031 -14.3308108754 -13.8774577222 1.40355146427
-116.367 48.4366 0.00224956287315 0.00341124030543 -0.00156688038194 -0.00104760021709 3.74154 3.7596 -11.2982789392 37.2103773217 -3.84390452492
-115.589 48.4694 0.00185265360827 0.00314141527407 0.0032853965614 -3.62119627306e-05 4.02478 4.01249 0.247079274468 31.4404768376 -3.58575077833
-114.468 48.3739 -0.00279923802372 -0.00440103749048 -0.00102944907945 0.00309147023179 3.66392 3.65658 0.11015357994 -44.9465114625 5.16738714319
-113.273 48.3609 -0.00052900408539 -0.000193197586741 -0.00821833282084 -0.0121737467274 3.58065 3.57855 -27.1726958102 -3.47557537684 0.562205386473
-112.562 48.3129 -0.00221595495394 -0.00217703122599 -0.00120519015619 -0.00477906912346 3.82739 3.78768 -13.5633355235 -27.4747135661 3.084162869
-111.707 48.4128 -0.00586104261961 -0.0101970277739 0.00330633129152 0.00183953186675 3.84175 3.91458 -4.9690787504 -100.049491622 11.4524257905
-110.799 48.2921 -0.00352900157965 -0.00821396450141 -0.00924208983228 -0.00419850123068 3.68226 3.75931 -22.0799359286 -78.4372243537 7.21761724128
-109.777 48.3943 3.18522636854e-05 0.00316831537952 -0.00580757347222 -0.00730921326283 3.64389 3.6653 -8.43576328202 19.8990388249 -2.26696857738
-124.566 47.9475 0.000479676282274 -0.000468480745827 0.000113687602996 -0.00099698268298 3.72442 3.71921 -1.32283170133 -0.460599211888 -0.0641747604082
-122.972 47.7172 -0.00366470240611 -0.00490931877441 -0.004147352619 -0.00856371721074 3.79958 3.84761 -10.1476412801 -57.5040248415 5.73178233974
-121.689 47.6947 -0.00526800806263 -0.00226236531954 -0.00764329110617 -0.00480493313973 3.27843 3.3213 -24.4454300407 -36.1960194543 5.71963038656
-120.894 47.923 0.00287786199368 0.00283591291282 -0.00155086192482 -0.00324475557231 3.80138 3.81796 -4.75041669724 37.4402111878 -4.02530240081
-120.061 47.6902 -0.000403859571325 -0.000439308499212 -0.000681719710642 -0.00151762636056 4.00796 3.94607 -2.96787268848 -5.52044743401 0.594134744832
-119.045 47.7849 -0.00943814947829 -0.00811789782608 0.00381233207561 0.0018617290375 4.0682 4.1597 2.8446925622 -114.592310037 12.3282819803
-118.274 47.8006 0.00124843529447 0.00120166361236 0.00195791325387 0.000279580400729 3.96224 3.98869 0.017445412557 15.8835159846 -1.73105015305
-117.308 47.8192 -0.000387513704367 0.000548675908867 -0.00215186684331 7.1752936034e-05 3.68384 3.69347 -7.03969063412 1.54026534288 -0.0582043074678
-116.256 47.8397 0.00052502697034 0.0011251511409 -0.00174222709347 -0.00184787617856 3.69169 3.70852 -16.5048687985 11.1838337781 -1.03666103832
-115.475 47.7092 0.00352259094292 0.00187522907379 -0.00187262039914 -0.0017293856412 3.81094 3.81905 -8.41366346758 33.4435189844 -3.89932409577
-114.574 47.6795 0.00137425947627 0.00029584942912 0.0021775284612 -0.000136956457481 3.91054 3.86925 0.415144459526 11.1364568169 -1.1119128471
-113.747 47.7687 -0.00453753611072 -0.00263856838561 -0.000638507335404 -0.0025663928387 3.98252 3.9833 -4.15091105577 -45.5561317965 5.05013740172
-112.607 47.775 0.00162386684821 0.000238844161583 -0.00659384436281 -0.00326556232378 3.42465 3.42531 -22.0225717557 8.86471146998 -1.53533767335
-111.746 47.8012 -0.00044684790133 -0.00254529102328 0.00201724304927 -0.00237116960423 3.95472 3.91393 -7.07710030239 -18.7764132869 2.10897790647
-110.763 47.6327 -0.00166537662143 -0.0055460955653 -0.00517637767676 -0.00440720014434 3.97025 3.95873 -16.2396520135 -47.9110877777 4.63047742982
-123.771 47.1161 0.00107769129616 0.00103054100348 0.00348814279267 0.00313403926728 3.78996 3.7731 6.17003186488 14.0243781507 -1.48648011512
-122.803 47.1109 -0.00194657723323 -0.000504396400848 -0.000309578933773 0.000425360607954 3.66257 3.61401 -0.473125875801 -15.7560418369 1.77844697476
-121.989 47.1881 -0.00790222633008 -0.00263194657953 -0.00516519330213 -0.00686471457837 3.56122 3.59068 -20.0600994319 -51.746097913 8.2975528169
-120.844 47.1935 -0.00348563153238 -0.00486934355941 -0.000125271863094 0.00113843608152 3.56822 3.60993 -11.1494014414 -55.3723513198 5.583363865
-119.973 47.1936 0.00503929984831 0.00720300806684 -0.0025397232739 -0.00556979534532 4.0495 4.03517 -7.71534657665 80.8747298769 -8.37518571082
-118.921 47.0573 0.00160734253518 -0.00102422540925 0.00107138094811 -0.00168641964915 4.00658 3.8337 -0.66723224666 3.83038982055 -0.405608191039
-118.309 47.0615 -0.00740356418698 -0.00711818867116 -0.001773406178 -0.00217835187218 3.92032 3.98629 -3.14795816574 -93.4322829285 10.2697328499
-117.276 47.0547 0.000708402490061 0.00157314604794 0.00046177390085 0.00269934298347 3.83273 3.90071 -1.49260773551 14.539118162 -1.62064204651
-116.335 47.0477 0.00275101307846 0.00223296021577 0.000126134066366 -0.00432908794415 4.07822 4.07144 -6.53928691205 31.4695456565 -3.54021634105
-115.353 47.0528 -0.0052517657454 -0.00610524675506 -0.00819025199947 -0.000920740972388 3.66159 3.74184 -12.627923615 -71.8989077042 7.84130264298
-114.459 47.0943 0.00296000981139 0.00315702694543 0.000262837990571 -0.000235752598212 3.86463 3.87077 -4.03156583411 38.5520397287 -4.32636888097
-113.506 47.0816 -0.00128770369293 -3.49129162358e-05 0.00212756072972 0.000671788780082 3.87501 3.85286 -0.951122479558 -8.86145664871 0.865864006733
-112.52 47.0418 1.60180206221e-05 -0.00219781162594 -0.000589373479137 0.00125771846553 3.41102 3.42951 -21.6733489427 -16.8115691344 1.06521558684
-111.549 47.0308 0.00173218420776 -0.000570747314376 -0.000485679288339 0.00200602775165 3.73241 3.73489 -8.5182960967 6.79338212013 -0.867228288578
-110.687 47.1523 -0.00137722943398 -0.00238603931138 -0.00161769000773 0.00103266819777 3.63292 3.61287 -10.4052764274 -23.5334974005 2.62332886147
-109.802 47.1961 -0.00156726746148 -0.00177911845052 -0.00721296605919 -0.0088185043148 3.83712 3.845 -15.021190827 -20.6082013975 2.33303487653
-123.563 46.5459 -0.000308718798691 -0.00181995699265 6.08876950438e-05 0.00110908044558 3.33124 3.33773 11.6392068906 -12.3823097416 1.65135605765
-122.72 46.5934 -0.000175195268875 0.000501027956199 0.00344364485432 0.00285391122131 3.52342 3.52458 10.2267857629 1.49914978984 -0.295248726277
-121.761 46.5605 -0.000701519720719 -0.000637695882361 -4.79744070798e-05 -0.000231671113678 3.71128 3.69712 -3.37007361484 -8.70002032627 0.947434361693
-120.979 46.5433 -0.0039168539327 -0.0027342428489 -0.00650231163938 -0.00518365846627 3.61691 3.61055 -9.93020034283 -41.1305163919 4.77649372332
-119.855 46.5585 -0.00665060207221 -0.0057227654512 0.000334437717846 -0.00996806660244 3.88584 4.14007 -22.5383532766 -71.7054613717 8.33659232294
-119.06 46.4911 0.0108282470291 0.00883910581252 0.000368903996413 0.00176754649605 3.90553 4.18308 0.842694722395 126.897730707 -13.8637626202
-118.146 46.5139 -0.000450301622351 0.000313695908319 0.00180301486548 -0.00186577985687 3.9494 3.86665 -0.826051473803 -0.926995922213 0.0908195146638
-117.11 46.485 -0.00820147080277 -0.0108677540902 -0.0077808555409 -0.00646827327228 3.75343 3.83872 -16.9488915809 -121.687441164 12.5656697405
-116.209 46.3559 0.00117664107044 0.000976834694778 0.00728521212934 -0.00203195024603 4.38814 4.47958 -0.139381760598 13.6625164238 -1.51387584876
-115.571 46.4151 0.00102332333174 0.00307476052715 -0.00814504988725 -0.00626759479926 3.74642 3.76037 -12.6443647974 27.5583772172 -2.63049042197
-114.188 46.4423 0.00365440348645 0.00231244324716 -0.00379119440792 -0.00360446582619 3.77871 3.82421 -12.2693402833 35.8805129379 -4.30787549167
-113.493 46.4162 0.00113476828313 0.000485172926561 0.0028719485063 0.000278219611443 3.84447 3.77201 -1.26435142792 10.3460132942 -1.11122457669
-112.641 46.4246 -0.000118772765389 -0.00204385181161 -0.00172839475535 0.00152941086173 3.5435 3.53183 -5.48548220365 -13.3222204089 1.53915591325
-111.676 46.5336 -0.000322269237255 -0.00227017900129 -0.00375429681024 -0.0042292511986 3.55631 3.55852 -21.9790179638 -18.6088979264 1.4060406044
-110.858 46.462 -7.07755475294e-05 -0.000269710448474 -0.00221940150541 0.00154080299423 3.61093 3.6093 -7.04050409065 -2.08396042429 0.241630532197
-109.914 46.5663 -0.000384246917253 -0.00267582331796 0.00169428762337 0.00301548895308 3.77694 3.78057 -0.552645082886 -16.6895829376 2.3602776256
-123.559 45.9306 -0.000215366486684 -0.0012017370385 -0.0019712375103 -5.91677691594e-05 3.66119 3.64163 1.90919785323 -9.43569628737 0.990356753536
-122.419 45.9325 -0.00418268064436 -0.00101561065814 0.00667470500094 0.00348296225868 3.65192 3.68374 13.6425174018 -37.4678207285 3.14711229212
-121.459 45.8839 2.82716551308e-05 0.00100918983498 -0.0137773872232 -0.00917742651427 3.48083 3.53568 -13.805122961 8.16290993423 -0.528431585114
-120.782 45.7664 0.0020098943747 -0.00122385927475 -0.0020244233709 -0.00369953704561 3.76433 3.76154 -2.25766436672 3.98745772053 -0.673881377141
-119.928 45.8951 -0.00445533229021 -0.00445048460208 0.00451943637229 0.00142400011695 3.92178 3.94025 2.57468841134 -57.2721016967 6.29104585115
-118.777 45.7971 -0.0029891159579 -0.00604031857366 -0.00883711803714 -0.00840481020049 3.65308 3.71261 -15.1763262963 -60.6999430582 5.65299468149
-117.909 45.7087 0.00880165700644 0.00458124026357 0.00424690661471 0.00728009127988 3.80578 3.81848 7.63844493233 88.1543956138 -8.86602963668
-117.228 45.9734 -0.00178313925199 -0.00104188984159 -0.00401656910297 0.00109426650509 3.75413 3.67993 -2.44647862065 -17.8789758428 2.00060509802
-116.155 45.8883 -0.00261592106595 -0.0032807942176 0.0042959368178 0.00484577100817 3.6792 3.69594 6.25422566781 -35.9628250734 4.19106126714
-115.255 45.7565 0.00144606219319 0.00106422745561 -0.00129444489233 0.00015635057157 3.64261 3.66996 -4.05028780245 15.6815663357 -1.77675067906
-114.332 45.7893 -0.00150053879151 -0.00163173195718 -0.00542062577253 -0.00478865130583 3.81862 3.84084 -9.15572191919 -19.4895444826 2.19970654369
-113.37 45.8122 0.00357743803956 0.00340507453175 -0.00258784271023 -0.00141881169521 3.62747 3.67231 -7.92589737874 43.1171087699 -4.93764431582
-112.493 45.8409 -0.000841242664271 -0.000535286848805 0.00138307044042 -0.00359412932086 3.90444 3.86161 -6.87535311084 -8.4482762547 0.976706299644
-111.626 45.7843 -0.00133673392869 -0.0015205831879 -0.00696293385838 -0.00249927554992 3.68218 3.66424 -18.2679844962 -17.3753760406 1.9530027395
-110.659 45.9054 -7.72547833943e-05 -0.000803814227184 -0.00355792109415 -0.00312509407046 3.74939 3.75112 -15.3124099338 -5.92939460138 0.547288919643
-109.716 45.9046 0.000968679276292 -0.000624501412478 0.000198196470796 0.0021138156511 3.79946 3.79537 -2.06684864104 3.12421819513 -0.119957342226
-123.281 45.3153 0.000554969113679 0.00147817453049 -0.00434836450704 -0.000356601352153 3.54867 3.5367 -2.00395878027 13.7461022543 -1.37931268698
-122.478 45.2059 -0.00121616293141 -0.00261968742348 0.00217781102382 0.00144348641826 3.66573 3.66274 5.82267031041 -24.2901662361 2.77119702151
-121.317 45.2422 -0.00352562556183 -0.00516171833616 0.00398659325992 0.00624325904766 3.43056 3.48051 17.5937259115 -50.8196838548 6.21954844534
-120.635 45.2357 -0.000683372563278 -0.00264441519657 -0.00582213650864 0.00182314998845 3.24911 3.28691 3.66340126896 -20.7025660922 2.42252385675
-119.669 45.2664 0.000219240693836 -0.00105865803125 0.00375733011411 0.00204972212916 3.90166 3.88924 8.10098147069 -4.14566085812 0.716370085509
-118.96 45.2904 -0.00490519751057 -0.00259213604868 0.000821057185313 0.00172366858485 3.704 3.72968 2.89857669008 -48.5473000171 5.18967471397
-117.78 45.2781 -0.000479121312964 0.00129956280482 -0.0127513464709 -0.0104178778934 3.39625 3.4504 -22.5770253118 8.86628479426 -0.0912660506645
-117.12 45.2925 0.00446492142792 0.00398129830502 0.0096820590971 0.001101852198 4.19894 4.24775 9.8022105895 52.6535828986 -5.77287552976
-116.268 45.3997 -0.00212177571368 -0.00217234947903 -0.00329751025067 -0.00484173436479 3.93407 3.88385 -3.68614956393 -26.9240278341 3.03551323224
-115.326 45.1285 -0.00436797987952 -0.00470791695071 -0.000311646084983 0.000659414330509 3.6994 3.74823 0.421915997614 -56.1597486026 6.41888519439
-114.233 45.0931 0.00689949511354 0.00405016622332 -0.0051609507453 -0.00266788119186 3.67649 3.73297 -10.5943767274 65.3510699124 -7.91422243246
-113.46 45.2432 -0.00257889842603 -0.00416969000324 -0.00353796361508 -0.00492168918111 3.91299 3.93005 -8.32862934117 -42.0461908699 4.70051100879
-112.489 45.166 0.00439144727113 0.00315619816703 0.0017631619706 0.00141758475911 3.65968 3.65909 -2.18112448845 46.573649395 -5.26980062166
-111.805 45.2285 -0.000602886992154 -8.82837130715e-05 -0.00488002713572 -0.00177168050633 3.59588 3.58947 -7.50079399738 -4.15663908077 0.495371953187
-109.563 45.3171 0.00103982971678 0.000175846049247 -0.0060212431059 -0.0054514699488 4.0844 4.07914 -11.249980785 7.05371150998 -0.889617956967
-124 44.6764 0.00135712978091 -0.000806435400376 -0.00152777729791 -0.00236851802702 3.61867 3.64407 -4.74744728473 1.58371070266 -0.599787559705
-123.292 44.6765 0.00671857752344 0.000833134824687 -0.00576694506306 -0.00357784791303 3.41432 3.42822 -8.07486948193 41.0560329294 -6.02724306485
-122.186 44.6837 6.57358331782e-05 -0.00121351696418 0.00230793836797 -0.00141022502468 3.91085 3.87439 0.530533607024 -7.61390872136 0.789463110997
-121.227 44.6473 -0.00389032389494 -0.00580757752602 0.00121336855552 -0.00108513679269 3.64276 3.63902 6.63340471573 -60.8101754293 6.95523029537
-120.335 44.7344 -0.00435875165628 -0.00490056344457 -0.00249827099256 -0.00132147331524 3.46702 3.50239 6.0517387626 -58.5413258141 6.55358885096
-119.565 44.5913 -0.000667559128852 -0.00249694337374 -0.00374557039536 -0.000134188153252 3.34899 3.37607 18.0852047437 -15.4647912252 2.52963302418
-118.67 44.5191 -0.00192257348014 -0.0014871987292 0.01185642601 0.00811693835564 3.71015 3.7436 16.7149647297 -21.3485101722 2.20667647258
-117.664 44.6653 0.00214427819381 -0.000244526884763 -0.0212212186102 -0.0164951702969 3.37718 3.40945 -20.9551900442 6.28787436652 -1.82700508279
-116.747 44.589 0.00887719727246 0.00803075162276 0.00900759758939 0.00767480963212 3.62168 3.69939 17.8408549688 100.865229629 -11.015915089
-116.013 44.7035 0.00061917014796 0.00171631429823 -0.00192316168696 -0.00147213137104 3.88594 3.80786 0.880719703225 14.0391956568 -1.69940360533
-114.855 44.5494 -0.000393980815585 -0.00145223441118 0.00257305112576 -0.00113033564259 3.93445 3.83668 1.04476702386 -10.7879534139 1.36453747986
-114.255 44.5642 -0.00710208725526 -0.00437949918698 -0.00376823110749 0.00126153296172 3.53519 3.6044 -3.21865595544 -70.8793537146 8.07955036652
-113.367 44.6165 0.00334532512094 0.00186879775143 -0.000998900350763 0.00113947787684 3.89673 3.81078 -2.95439282788 32.2057964609 -3.64590658529
-112.644 44.6173 -0.005880154414 -0.00416486726858 0.000345505940192 0.00175244186059 3.75493 3.76992 1.99741273627 -62.0310809797 6.87783320293
-111.248 44.7038 0.00381229669827 0.000669972520077 -0.00786259861616 -0.00349628834461 3.36981 3.3855 -9.84252680281 26.0696330642 -3.2818006482
-110.576 44.3951 0.000896678071057 0.001202512618 -0.00406404572292 -0.0017218810871 3.76536 3.67476 -5.8190972451 12.5520461963 -1.48958738563
-121.268 44.1626 -0.00107692897466 -0.00151873686618 0.00151043664122 0.00186776334018 3.69307 3.6626 2.44838246513 -16.5384608425 1.84146859894
-120.211 43.9437 -0.00300703336967 -0.00320648073098 -0.00325066249404 0.000698595437599 3.4742 3.46413 -0.576606476775 -39.4127739811 4.39029347756
-119.504 44.082 -0.00447714205664 -0.0053691288914 -0.00169634296655 0.00194512952117 3.54876 3.58614 4.42752608712 -61.5868612616 6.99041652792
-118.569 43.9104 -0.00321526448456 -0.00406263599315 0.000686632177846 -0.000465264004926 3.53093 3.55799 22.4170788101 -39.8589226137 4.96562798684
-117.741 43.9733 -0.00352039662047 -0.00328465495131 0.0160087792465 0.0124656463189 3.47903 3.52618 28.2723046927 -37.6240769193 4.09561705493
-116.803 44.086 0.00250924076304 0.00298421649633 -0.0200693263604 -0.017655361841 3.1872 3.24288 -28.3836571673 31.9392472396 -3.33843013671
-115.958 43.9121 0.00843873507662 0.00570923029594 0.0095887320933 0.00290503315454 3.9048 3.99652 19.4934296301 87.1526203718 -8.51706387824
-115.133 43.7945 0.000802042263543 0.0018322829858 -0.00205679250364 0.00637639217808 3.50808 3.46507 4.41948102351 15.128993004 -1.94551810009
-114.117 43.9146 -0.00189990471203 -0.00101661768803 0.00365493830633 -0.00148733857036 3.87471 3.87306 -0.92205404937 -18.0883860392 2.02115302029
-113.452 43.9286 0.00757341162031 0.00813847389796 -0.0110909005866 -0.00709715719916 3.36353 3.46084 -19.9571861456 93.1202095745 -10.6248575424
-112.485 43.9997 -0.000629118334141 -0.000835804832655 -0.00333433859726 0.000490185631761 3.55288 3.51632 -3.71807119481 -8.81091610122 1.04030152904
-111.487 43.8756 0.00103156519097 -0.00042045617891 0.00541066660825 0.00664032332892 3.32372 3.36685 9.12674136122 5.88371187257 -0.139383300509
-110.576 43.92 4.05323085932e-05 0.0085963447671 -0.00411856127361 -0.000546946096867 3.73655 3.83816 -6.55174651408 50.9601220596 -6.18296999971
-109.817 43.7013 0.00256601696828 0.00250119637947 -0.00422090107167 -0.00542293098742 4.01228 4.0513 -9.92793204339 30.0432699462 -3.58240310356
-120.153 43.2515 -0.000648316272686 -0.000296266294601 -0.00217446917816 -0.00194735283875 3.67938 3.66681 -1.49302028756 -5.86954966925 0.676225320719
-119.311 43.3736 -0.00200072944458 -0.00249669609046 -0.000522422495068 -0.00223703883906 3.7448 3.72191 -0.816074763581 -28.2437204803 3.17590213986
-118.474 43.358 -0.00337210806338 -0.00500694578129 0.00103479376658 0.00105608190527 3.63091 3.60528 10.3267367168 -49.3150895747 6.03659870844
-117.754 43.3471 -0.00596494487894 -0.00511198072566 0.00124659834218 0.000657817274087 3.27559 3.30556 22.5679777513 -65.0057457859 6.91413120449
-116.767 43.4275 -0.00247099931945 -0.000534969904258 0.00528554737479 0.0267473335323 3.06815 3.09493 30.0995684308 -22.0756513628 1.06669921235
-115.828 43.4151 0.00217000200231 -6.48007609993e-05 0.00835220179509 0.00046130116485 3.16193 3.17794 35.329885884 18.6374147532 -0.191162028111
-115.098 43.25 0.00342070509118 0.003903630009 -0.0141540845766 -0.0142138255926 3.46749 3.47752 -21.986492454 43.2993580072 -4.80249689406
-114.174 43.3979 0.000656203534855 -0.000537213550677 0.0072052377375 -0.00164316891221 3.99936 3.97771 5.34106083414 1.91856944348 0.057432596885
-113.518 43.3234 -0.00382004742142 -0.00123710428184 -0.0096728270544 0.000875412875272 3.27203 3.27293 -6.94788668306 -29.950156798 3.64312465261
-112.433 43.3998 0.00418414501877 0.00362125728455 -0.00963503741536 -0.00514767537276 3.55573 3.56605 -10.4373359409 46.4615779155 -5.53322375763
-111.612 43.2741 -0.00173154135407 -0.0027239547498 -0.00159382474708 -0.00275287351999 3.79956 3.7259 -4.67786636027 -26.4288646906 3.16926323985
-110.712 43.3629 -0.00176610681154 -0.00109328474938 0.0052868776475 0.00207058625587 3.38785 3.41833 7.03633108178 -17.4630748795 1.84490593388
-110.02 43.2112 0.0016918938383 -0.00150701958728 0.00059937450422 0.0029136479033 3.45852 3.51873 -0.357075554918 3.47731910918 0.156564064784
-119.247 42.6912 0.000880235230502 0.000886908947927 -0.00175551165014 -0.0013577930096 3.58832 3.56585 -0.731633068379 11.0124162734 -1.24943647993
-118.486 42.7308 -0.00113165872023 -0.00117182182418 -0.00272381867405 -0.000341065317091 3.54945 3.48423 1.27273780796 -14.2715716177 1.62881314395
-117.725 42.6996 -0.00717436287665 -0.00510581783685 0.00621639348966 -0.000146165147629 3.89326 3.9126 9.92754177387 -76.812261989 8.23225687021
-116.87 42.7779 0.00138968749969 0.000653661093507 -0.0225552071305 -0.0225950202298 3.32975 3.36087 -28.5808072056 9.19747853295 -1.52498824496
-116.032 42.7713 0.00141742805939 0.00158521502439 0.021454794214 0.00598948444596 3.90972 3.939 26.9468704775 15.4404859565 -1.90474035494
-114.903 42.636 0.00465194342741 -0.00149486296974 -0.00153856471948 0.00316992108695 3.09849 3.10782 30.4281483446 36.6545953297 0.576560135754
-114.084 42.6493 0.00118127575586 0.0035739424811 0.00302151050271 0.0100561184804 3.36123 3.34731 14.420969638 22.551692682 -3.72661617947
-113.176 42.5452 0.00114553832429 0.000545715480337 0.0044900088876 -0.00412579377773 4.12968 4.10546 0.414141327808 10.4123896641 -1.15132582069
-112.531 42.6852 -0.00182863026852 -0.00182406058855 -0.00709006530348 -0.00634812300828 3.53697 3.54919 -12.9658756837 -21.6154670007 2.5611625583
-111.588 42.8321 0.00385693242811 0.00379790055331 -0.00574295172253 -0.00270375875071 3.67685 3.67754 -10.051823047 45.3795006173 -5.40371227728
-110.92 42.7507 0.000137055227821 -0.00146293281339 0.000285404692121 -0.00189741522098 3.79347 3.7527 -3.5350722499 -7.29050892307 1.00050600319
-110.042 42.6372 -0.000837569159667 -0.00277150505283 0.000393105714288 0.000665549404171 3.6446 3.62858 -1.65488430792 -19.9387792678 2.67828621358
-108.847 42.8247 0.00253761209674 -0.000713692459567 -0.00205246344828 0.00103154082851 3.39466 3.3948 -6.82245653182 11.2323090589 -1.21985256298
-108.342 42.6579 0.00107089701275 -0.000197633644049 -0.000942608306237 -0.000187985414194 3.71996 3.7121 -1.51602613819 5.99373308791 -0.496278691464
-119.34 42.0187 0.00183926689897 0.00371217217339 0.00026436133116 0.00521501744526 3.30647 3.31039 7.8926153671 32.503601296 -4.0694674192
-118.344 42.1901 0.00188832591025 0.0015349170584 -0.00124773714386 0.00101564154372 3.65235 3.61509 2.92753731134 21.2073193356 -2.3996134517
-117.667 42.0192 -0.000742320321146 -0.00122969958977 0.00172469440018 -0.000306926915121 3.83869 3.78009 3.94445758119 -11.7678869821 1.41990339011
-116.471 42.0773 -0.00928864448563 -0.0074794618643 0.00270011172421 0.00434235309486 3.60054 3.78557 9.61964648669 -102.126621668 11.3434696586
-115.754 42.1669 0.00639972729503 0.00480514637214 0.0140950771075 0.0278413444823 3.27486 3.34852 30.5600148729 62.0562019299 -5.99930229715
-115.016 42.146 0.000562652596029 0.00117279121144 0.00961997250077 0.00847894746671 3.84759 3.78117 17.6900245463 8.44657095396 -1.30021205167
-113.944 42.0886 0.00360045405237 0.00244518234404 -0.0197048316611 -0.0135062890292 3.35472 3.38438 -22.1180978616 32.3181334217 -4.31906911174
-113.24 42.0343 0.00277401599488 0.00176803110178 0.0182371502237 0.00226981452412 3.83754 3.84402 22.8391764623 26.7520354879 -2.51592439125
-112.386 42.0041 -0.00117186676063 0.000316565952117 -0.00879474849525 0.00204062761874 3.55668 3.57606 -5.30100237266 -5.09235860307 0.60164521361
-111.432 42.0149 0.0102408439349 0.0081275492313 -0.00979557534439 -0.00202696397612 3.39314 3.45142 -12.3569487248 106.227435382 -13.0736671994
-110.873 42.0995 0.00313621761266 0.00341236528187 0.00136197472854 -0.00129613760023 3.95515 3.8796 -3.85624387798 38.3318743668 -4.63451191468
-110.036 41.9243 0.00144255029611 6.63416264727e-05 0.000933928882849 -0.000427771833213 3.85633 3.78391 -3.06637692713 9.38140703726 -0.990400723652
-109.357 42.1012 -0.00112272165483 -0.0020699733287 -0.00106719472593 -0.00185442582124 3.79264 3.79405 -8.34054341683 -18.6117346422 2.25351957061
-108.34 42.0073 -0.00048142069981 0.000508859302073 -0.00235907428909 0.000257895778099 3.50858 3.51495 -6.03542564503 -0.12141177843 -0.0536164956298
-107.369 41.9641 0.000205078962722 0.00240729457137 0.00329309392484 -0.00622277092186 4.09547 4.13339 -1.51196614772 13.0576120475 -2.04914960783
-119.171 41.3884 0.000196391516033 0.00111686556017 -0.00465100078959 -0.00883866493528 3.90255 3.9174 -7.9718266677 8.79345254958 -0.829237099925
-117.45 41.423 0.00145526079621 0.00189441318649 0.00150350659567 0.000952033224549 3.72816 3.67741 5.86002769939 19.8949151143 -2.38881769312
-116.54 41.522 -0.00389243195417 -0.00295305182872 0.00110203000306 2.16889976449e-05 3.72236 3.65141 5.12882290183 -41.841301077 4.71933659345
-115.791 41.4311 -0.0131499086231 -0.0102116402281 0.00445617876397 0.00554432429312 3.47133 3.64897 11.0710254836 -140.837388796 15.5563276596
-114.915 41.4157 0.00022359065638 -0.00295745854867 0.0140656564096 -0.0162035125215 7.42535 8.85073 4.26580488593 -13.7021164987 2.21350021506
-114.165 41.3602 0.00274587664747 -0.000520422850783 -0.00912032293093 0.00922685850766 3.3593 3.32707 4.33843256027 15.902493666 -1.22552126771
-113.347 41.503 -0.00458518383767 -0.000868446635456 0.0166386381466 0.00597338951006 3.37273 3.40294 32.1850358965 -39.0942397904 1.51431539579
-112.448 41.4632 0.0031318608136 0.0023789140752 -0.0145897076422 -0.00997579093021 3.43505 3.47645 -19.1854496689 30.4661825949 -3.91082255996
-111.63 41.3146 -0.000708109962372 -0.000707811877059 0.000332456455553 0.00172189612308 3.73027 3.77526 -0.922559148606 -8.25541690808 0.997302272938
-110.666 41.4729 0.0117150458059 0.00932761353856 -0.00404199062546 -0.00288063401612 3.89385 4.12953 -8.87572196249 122.033031776 -14.9308697684
-110.067 41.4272 0.00345659548622 0.00318007328689 0.00320315622992 -0.00209405763958 4.06763 3.96516 -2.39779167276 38.5061751764 -4.65911381465
-109.157 41.5047 8.85784056967e-05 -0.000559139051622 -0.00368955964586 -0.00192929964297 3.63671 3.60156 -9.37476783088 -2.80246471281 0.322140083284
-108.187 41.4906 -0.00104289226907 -0.000100215652854 -0.00514277890786 -0.00189747436207 3.60503 3.59924 -9.93534088416 -6.45983707816 0.820496139988
-107.364 41.6067 9.88201560018e-05 -0.00176416062044 0.00744434525262 0.00338384999455 3.8387 3.88188 5.86284761443 -6.33950791027 1.48608308155
-119.835 40.7484 0.00173848118853 1.95358162736e-05 -0.000200177242795 0.00739438759043 3.38939 3.38039 9.69684078573 12.3434682355 -1.03561603304
-118.971 40.7797 -0.000265360226251 -0.000224605382355 0.00860548471 0.00346094658 3.69759 3.6937 17.4930128484 -2.93149599005 0.321653584639
-118.134 40.7811 0.00126752180909 -0.000250381916575 -0.012734567572 -0.00804478263246 3.38195 3.38886 -13.5032166737 3.98436728816 -0.939226492927
-117.524 40.852 0.0039867621273 0.00331382133645 0.00443943903003 0.000603023575383 3.73392 3.76035 11.2407609288 44.0670656598 -4.93906231401
-116.508 40.7186 0.00135937432813 0.000385796499762 0.00104971597057 1.76763093355e-05 3.72568 3.66182 6.22583994367 11.2114290709 -1.12351827396
-115.736 40.8167 -0.00446061253649 -0.00359089057986 0.00174557176813 -0.0010547686563 3.82019 3.74571 4.09614336286 -48.4489721319 5.58321502435
-115.039 40.8522 -0.0186551457377 -0.0129660031317 -0.0071196976539 -0.00595884374603 3.67928 4.01715 -9.28211543774 -183.655442253 22.6616820917
-114.204 40.8556 0.0104113452244 0.0105610727341 -0.0181760855487 -0.0105035312946 3.65057 3.87928 -11.6208026322 123.209719954 -14.6775415673
-113.187 40.8513 7.74175393558e-05 -0.0011365726283 0.00492507702491 0.00306448289498 3.93616 3.92158 9.78508611506 -4.25881240369 0.938978141249
-112.52 40.8903 -0.00328531819784 -0.00362984254426 0.0123910484083 0.0117789743581 3.14654 3.16653 30.3719974938 -31.8044833258 4.12035827336
-111.437 40.8869 0.00240231374772 7.4903658629e-05 -0.00521558093108 -0.00643983971529 3.59601 3.52487 -14.8978744659 12.1631787494 -1.98382629525
-110.834 40.9425 -0.00354168255643 -0.00143070663175 -0.0139645753429 -0.01573523706 3.55197 3.60081 -22.0450825064 -24.5277823589 3.78688107465
-109.673 40.9763 0.00517907854195 0.00304684118101 0.000871063720514 0.000125207624375 3.89756 3.9341 -1.78354950867 48.3748972087 -5.63633831641
-109.177 40.8936 0.000810951222063 0.00219657278128 -0.000820198810688 0.00248962373293 3.55458 3.50478 -3.03852475136 16.5135912272 -2.20246787738
-108.263 40.8338 0.00122924673913 0.000839452438989 -0.00143591049118 -0.00233897444288 3.58695 3.58389 -12.7896385254 11.6041451628 -1.47875311055
-107.52 40.76 0.000790980738345 -0.000385204546233 -0.00260531282683 -0.00117268683579 3.74895 3.74936 -3.5825300144 2.95435970463 -0.202554614141
-121.086 40.32 -0.00230435362254 -0.0031051596712 -0.0068307116028 -0.00360695793634 3.61984 3.60349 -5.63231537023 -33.7876683441 3.72296388093
-120.918 39.962 -0.00332859041905 0.000214963428958 -0.00735419602074 5.71037299869e-05 3.47583 3.49594 -3.25281738118 -17.2660031804 2.4037280614
-119.827 40.165 0.00433334341178 0.00346838962175 0.00407927193376 -0.000988610855422 3.50023 3.5011 14.9091386116 47.5600845267 -5.19761874238
-118.877 40.1614 0.00157804880354 -0.000363654882651 0.00268797844743 0.00133840393277 3.5551 3.54913 12.9788125605 9.84426975891 -0.527686313057
-118.155 40.2903 0.00195090347177 0.000609630062127 -0.00240371595481 0.00396383638875 3.40205 3.41164 11.5064608288 16.8557175939 -1.5713226132
-117.19 40.1697 0.00393185272473 0.00155234127329 -0.00129562022254 0.000183338835827 3.53675 3.5506 9.91182462429 35.0879101988 -3.47548831273
-116.5 40.2917 0.00250326277944 0.0024762796107 0.00200917171998 0.000437529949341 3.63172 3.60628 11.1226766051 29.0672655573 -3.42636610011
-115.657 40.1313 -0.00104738374542 -0.00082888259722 0.00226990803164 0.00136821276604 3.73277 3.67094 7.53801031239 -11.2002457208 1.27932074486
-114.745 40.2679 -0.00939780445542 -0.0074104726459 -0.000589814289083 -0.000703401819564 3.77286 3.85833 3.22545771935 -100.04571711 11.6500323147
-113.981 40.1314 -0.00166352825477 -0.00403890788269 -0.0160445827021 -0.00867993971311 3.37273 3.45558 -22.7268332374 -36.1997384561 3.27219091958
-112.469 40.2807 -0.00148100617991 -0.00317243106185 0.00465280280527 -0.00152058219553 3.83258 3.82229 4.49305997427 -25.073040328 3.44380135861
-111.502 40.2067 0.00291170991278 0.0028907523726 0.00155723578141 0.00141009811895 3.81803 3.82359 -3.19881518928 33.5115047697 -4.09778647795
-110.738 40.1948 0.0001460966169 0.000395183009184 -0.00138347260371 -0.00137847743319 3.62107 3.6251 -9.51641889411 3.18397436216 -0.372954095858
-110.008 40.2655 -0.0013684127844 -0.00102654872476 -0.00896564584811 -0.00658000431493 3.56267 3.56307 -16.1026331531 -13.2451651497 1.7104676979
-119.898 39.6785 0.00352427744625 0.0020853914235 0.00426361203936 0.0018382012453 3.87403 3.91364 9.69705420308 35.124359014 -3.76231220374
-118.889 39.5399 0.00196549195463 0.000670852765503 0.00279676446148 0.00227003887669 3.59368 3.58972 10.58315437 17.0873864361 -1.66613089403
-118.08 39.6946 0.00161650604329 -0.000252101694702 -0.00147434975724 0.000175239344343 3.56418 3.57518 11.0258316548 10.2989112104 -0.679704951226
-117.14 39.5516 0.0033235596074 0.00116894377458 -0.000760106652215 0.00126490880561 3.62541 3.6465 10.5264448332 28.8735369042 -2.79834645512
-116.464 39.6202 0.0029235854505 0.00175522045874 0.000397302349168 0.00150659053965 3.73652 3.73595 11.6290482905 28.6620780765 -3.02606211922
-115.754 39.553 0.00105548130233 0.00132805902134 0.00184407054592 0.00126255820922 3.75736 3.72428 10.6093039199 13.3681591248 -1.68572986222
-114.908 39.4731 -0.00183358037029 -0.0025354170501 0.00244418475848 0.000966688993964 3.90466 3.83777 7.31211483522 -24.4994662131 3.12828641277
-114.016 39.455 -0.00961551258623 -0.00798299528536 -0.00362186403606 -0.00207767011855 3.79425 3.8753 0.0952136219483 -103.075188705 12.3402230835
-113.069 39.5906 0.00979302572224 0.00423253149167 -0.0107680622569 -0.0093526251261 3.5295 3.63212 -14.8035092989 74.3134891817 -10.4613380196
-112.279 39.5708 0.00259739388683 -0.000890057223745 0.00238067450955 0.00205914154155 3.69052 3.6315 3.94828283415 12.9054521199 -0.803372586424
-111.66 39.6092 -0.00778609740297 -0.00435897749685 0.00111365146019 0.0042774023981 3.61345 3.62414 6.7694340423 -72.4425393042 7.86682694923
-110.74 39.473 0.00166506282371 0.000196176831433 0.00312938005734 0.00395213813274 3.56633 3.57538 4.97613352978 12.0627235933 -1.08621119124
-110.246 39.6279 -0.0001067448135 0.00149820585411 -0.00454028080625 0.00267630423309 3.42095 3.39699 -6.56433491712 7.89038120085 -0.988590813743
-108.981 39.6333 0.000138908154902 -0.00013390626351 -0.00758150763786 -0.00755853683234 3.87066 3.87443 -12.8961789434 -0.107315987189 -0.0204744239395
-118.808 38.9383 0.00256721214313 0.00148177072997 0.00200310259094 -0.00013567041681 3.81484 3.82785 5.03502127627 24.7833920247 -2.78682832906
-117.932 38.8606 0.000848512962225 -0.000581779839821 -0.000156338336416 -2.4157139521e-05 3.65065 3.64231 7.48109381256 2.76386046922 -0.0457829298031
-117.182 38.834 0.000706801003004 -0.000556849448041 -0.00093059538718 -0.00142130200547 3.55486 3.56091 10.8338157494 2.41970164084 0.0810892719904
-116.4 38.8247 0.00358306393762 0.00238168186172 -0.000887934518623 -0.00103294719541 3.58838 3.63571 15.2460322756 35.7029694872 -3.78672242343
-115.654 38.8455 0.00371349154939 0.00249012489466 0.000973564310129 -0.000592267301864 3.77171 3.79041 13.4523397979 36.9695224188 -3.9872794308
-114.83 39.04 -0.00073079900088 0.000725441292458 0.00236578448819 0.000336549749757 3.81468 3.74433 9.04699421928 -1.80325383593 -0.210824300789
-114.02 38.9551 -0.00529075266392 -0.00288766599647 0.00372685148495 0.000438769060704 3.75029 3.6913 7.90790740773 -49.3026431412 5.3275108269
-113.277 38.9882 -0.0115886582203 -0.0081142720921 -0.0123844035427 -0.00661333512417 3.24615 3.37543 -16.8552543423 -106.660390517 14.1319039836
-112.379 38.9995 0.00408248217849 0.00487631381366 -0.00668655750792 -0.000688094154919 3.51753 3.52389 -4.03554909872 51.3613955399 -6.34282409405
-111.172 38.9176 -0.00253652677108 -0.0040889686273 0.00468612005202 0.00140238250727 3.65936 3.65148 5.20711840443 -35.2890763959 4.80864523117
-110.133 39.1025 0.000723494605348 0.000739405268298 -0.00139389929954 0.000467479138226 3.46681 3.47803 -2.47891322032 8.25143573276 -1.0323453432
-109.263 38.9553 0.000717445086425 -6.3181912264e-05 -0.00218121268251 0.00211634392145 3.75632 3.76824 -3.94604149631 3.94010144408 -0.4276993424
-119.451 38.5226 -0.00187086439983 -0.00216771193172 -0.0102978000011 -0.00323200707853 3.49846 3.51826 -7.58736503631 -24.2777001453 2.79583453693
-118.106 38.3489 0.00222745351099 -9.29358447932e-05 -0.00103014647162 0.000220918402808 3.68406 3.68797 0.958634122653 12.9842092172 -1.47275224766
-117.072 38.2397 8.20638104934e-05 -0.000271456933627 -0.000869383173925 0.00103798037869 3.63877 3.62979 3.67324013182 -0.939341243639 0.154170656319
-116.302 38.2886 0.000950876476838 -0.000841705519427 -0.00156469987128 0.00166446629108 3.67225 3.70049 13.9837659315 3.45315902266 0.267963293995
-115.585 38.3489 0.0037739385584 0.00139547960423 0.00055585896311 0.00140881644202 3.60079 3.62986 18.905970374 33.1341888036 -2.80183142749
-114.608 38.3281 0.00135399181953 0.000845305415244 0.00352993344888 0.00209245598316 3.72524 3.71147 12.1408833588 13.0657661215 -1.40698000715
-113.969 38.1802 -0.00205410498939 -0.000801301297169 0.00228110406937 0.0020533751798 3.70573 3.65245 8.29883170085 -17.5658910885 1.795435148
-113.021 38.2987 -0.00907322824646 -0.00694446704168 -0.00324846564302 -0.000756087048974 3.64055 3.69403 0.173162612756 -92.3781618908 11.1754031407
-112.277 38.2108 -0.00175443405912 -0.00162526617331 -0.0151731664754 -0.00717041083642 3.27076 3.31859 -19.6895308284 -18.4024187339 2.33353933451
-111.483 38.2843 0.00310308522198 0.00152078612836 0.00190197229032 0.0017248686127 3.69565 3.64154 3.45880853797 27.2633387282 -3.05505639336
-110.711 38.4187 -0.00429633051572 -0.00322080146396 0.00420785579021 0.00274048957295 3.76294 3.7512 7.2677150167 -42.6550307466 4.99302318528
-109.894 38.3862 0.000432274657553 0.000450248334162 0.00068269528188 -0.000502392222343 3.94632 4.00843 2.88011469831 4.8610054076 -0.617225244493
-109.261 38.2916 0.000770046401568 -0.000173027470018 -0.00207171905433 0.000719950241087 3.83729 3.83911 -2.37146758611 3.77372901835 -0.36274115659
-117.225 37.7243 0.000942214630273 0.00107589982778 0.000405996773713 0.000857723108447 3.7628 3.75442 3.18533611344 11.7584068058 -1.43013527661
-116.595 37.923 0.00103863599519 -0.000165514696211 -0.00159747915192 -0.000659563858695 3.90892 3.91464 4.16718300459 5.76799074923 -0.5320966655
-115.747 37.6444 0.00124993718572 -0.000118874573139 -0.000657436992538 0.0015376704818 3.67581 3.67629 10.5617062664 8.1291843553 -0.570343267389
-114.849 37.6083 0.00156648942542 0.00065872591943 0.00259203534513 -0.000129499666394 3.54693 3.54413 19.8000793315 13.8432985539 -1.20840584938
-113.86 37.5808 0.000646256471894 0.00062001181295 0.00239031711212 0.000340729602692 3.64108 3.60203 12.703252662 6.99544982714 -0.854837714688
-113.168 37.7601 -0.00403484912426 -0.00232626340194 0.000498456347403 0.000790216453188 3.58312 3.52189 4.83658455437 -37.3240508789 4.25748982975
-112.363 37.6761 -0.00952995106685 -0.00686615520248 -0.00608538650115 -0.00415435716647 3.5459 3.70534 -10.5302009133 -90.8079714518 11.7254655406
-111.596 37.7222 0.00789887361591 0.00667478361751 -0.00728232212975 -0.00399098329422 3.58801 3.72642 -11.5701502448 80.8617409421 -10.3380432052
-110.802 37.6354 0.00224305567689 0.00102621333303 0.00263491332276 -6.15287760266e-05 3.80647 3.76656 3.4527004966 19.164048402 -2.14043370053
-109.995 37.6903 -0.00674171664625 -0.00478953422791 0.00165522468619 0.00191485916999 3.76001 3.81257 4.62608299436 -65.1036951424 7.72861562551
-109.137 37.7459 7.04016492246e-05 0.00175619290332 -0.00357949569219 -0.0049446124368 4.02279 4.0488 -8.13672070913 10.2480945312 -1.27474951991
-115.22 37.2408 0.00123209641334 0.000164228317115 0.00362256206578 0.00118382017485 3.76026 3.76296 11.8711589291 9.29675372796 -0.772136038083
-114.715 36.7256 0.00172489900702 -0.000323124869463 0.000993991237222 0.00158878397211 3.63592 3.61872 11.1008045547 10.5349335308 -0.61985477826
-113.907 37.0195 0.000728294134743 -0.000128035561084 0.00180076108306 0.00123031898041 3.47831 3.47209 18.1413444482 4.95732825342 -0.173688587306
-113.084 37.0615 -0.00116077200379 8.15544833821e-05 0.00160560600957 0.00220809859985 3.66212 3.64207 11.0378995933 -7.71323977093 0.509686552377
-112.382 37.0183 -0.00660823449 -0.00375657762063 0.00175941554747 0.00200050546097 3.65252 3.6885 6.38210656751 -60.2650066704 6.8155006014
-111.506 36.9839 -0.00126336813121 -0.000167840510371 -0.00950492908309 -0.00954526214386 3.36892 3.42844 -23.6059444321 -5.65574012081 1.20471060629
-110.804 36.9969 0.00594540544985 0.00479071976145 -0.00246537615571 0.00143252065506 3.49993 3.51456 -0.116002250731 60.016768372 -7.47361323302
-109.874 37.1364 -0.00160900716438 -0.00218056900942 0.00389068814383 0.00104331370234 3.82309 3.78168 5.53650795168 -19.8256317772 2.70475208637
-109.025 36.8299 -0.0043533667315 -0.00688956262193 0.00609810832364 -0.000653246376214 3.90402 3.90906 9.90733168422 -54.7668889203 8.12550846941
-116.33 36.4193 0.00288112580959 0.00131745398455 0.00245898966395 -0.000617874001354 3.77656 3.76325 5.38825495072 25.0485870332 -2.82014133435
-115.383 36.423 0.00387372147785 0.00207667843599 -0.00219441550159 -0.00195920848569 3.66412 3.64599 2.62392176489 34.7248879699 -4.09087532796
-114.539 36.4321 0.00208610095142 0.00092507649081 -4.40963767928e-05 0.000269977426607 3.81932 3.784 7.43976375794 17.9928186496 -1.95184955573
-113.965 36.4151 -0.000430875638987 -0.000602571510656 0.000910274473252 0.00119208696248 3.6977 3.66923 12.9619652966 -5.34481163776 0.735781138312
-113.18 36.4182 -0.00119617791605 -0.000514006221665 0.00133020054309 -0.000500761623759 3.6736 3.65474 19.0660803798 -10.3471534059 0.927627632976
-112.291 36.428 -0.00292067055467 -0.0007341331177 0.00363519715712 0.000306827735662 3.75218 3.75392 7.72209819626 -22.5268669707 2.19984580135
-111.13 36.1428 0.00042770404521 0.000838714452848 -0.0166776847785 -0.00797596490068 3.33952 3.35425 -18.4457806705 7.32260630052 -0.806217543523
-110.662 36.5996 0.00737728342886 0.00547995650803 -0.00508243429166 -0.00339778323637 3.7326 3.80954 -8.27986191252 70.5652298702 -9.14066202138
-109.87 36.4199 0.000856908006162 0.000867330239046 0.00372214293373 0.000825978883414 3.78519 3.72121 3.829760905 9.29772632559 -1.20104194583
-115.43 35.8384 0.00168705573303 0.00219872826524 -9.3796120014e-05 0.00350409012786 3.57804 3.60604 7.97955537616 21.2626251902 -2.76908154925
-114.851 35.7266 0.00416931153177 0.00353113426048 -1.15210032048e-05 -0.000610647322004 3.67162 3.69272 11.7845338977 43.0917412073 -5.17208540123
-113.984 35.8522 0.00223494085225 0.00119677278155 0.000240337997868 -0.000331228666731 3.80688 3.7913 8.10063285216 20.0537804952 -2.24009899612
-113.105 35.6339 -0.000363582715853 -0.00173368491904 0.00196339111223 0.0013791792704 3.64022 3.61777 11.7047649862 -9.24953702242 1.68642174088
-112.173 35.8191 -0.00389245908157 -0.00188462291582 0.00762210859647 0.00140717384275 3.49506 3.50034 19.0223954764 -33.807942709 3.18312457365
-109.933 35.7113 0.00479068489402 0.00480809548575 0.00216980447133 0.00159500078532 3.77267 3.79774 1.55919934887 51.7737135703 -6.72670760426
-109.046 35.7147 0.000450978288756 -4.55247195298e-05 0.00265551263415 0.00103657519744 3.72362 3.69584 3.83168535765 2.65707419889 -0.215996961578
-114.87 35.301 0.00351845515955 0.00173731242062 -6.95525303484e-05 0.002597696245 3.79639 3.82467 6.7267120121 30.7737955531 -3.47686447006
-113.885 35.099 0.00408343480391 0.00247555393114 -0.000539575258006 0.000439895187084 3.67929 3.66945 9.04487114502 37.619217579 -4.30242120576
-113.083 35.2127 0.00123377439048 0.00172199359921 0.000310511396022 0.00093554391411 3.70212 3.63117 9.19507788503 15.3903398463 -2.11470634119
-112.267 35.1787 -0.00283547442425 -0.00197903156758 0.00257088680483 0.00179645780534 3.60717 3.58871 12.5532739867 -26.7577885779 3.08549789834
-111.532 35.0951 -0.00641681625939 -0.00371320082549 0.00124284706591 0.00397393499231 3.55795 3.57528 20.0016136298 -56.5437396146 5.70345452722
-110.713 35.0789 -0.0105905738154 -0.00454070682356 0.0063764559453 0.0144997087385 3.55407 3.63713 15.5614146873 -88.6140164349 8.45798216733
-109.736 35.1181 0.00565066404253 0.00223595903718 -0.00473703792981 -0.0103476164833 4.02204 4.0731 -12.4491132562 40.3468218022 -5.80540564307
-109.388 35.1118 0.00340430419979 0.00484730738509 -0.00224444379862 0.0063869974338 3.48775 3.48035 3.51332671582 42.4146708644 -5.92330537949
-113.83 34.5935 -0.0010633113091 -0.00158765029269 -0.000233732014443 0.000421074455079 3.77903 3.81759 0.0541683172146 -14.5267556194 1.89073151811
-112.891 34.4692 0.00296102394399 0.00135989799905 0.00197699019233 0.000370281146898 3.81336 3.79751 9.79829425703 25.1260103616 -2.71218500936
-112.237 34.4866 -0.000323096861597 -0.000233413171629 0.00113378192645 4.53333002531e-05 3.75405 3.71579 9.71993166312 -3.07154465262 0.367107714724
-111.441 34.4178 -0.00361092447239 -0.00309336795213 0.00151807207667 0.00177094350766 3.53523 3.51524 10.3901416789 -35.877113642 4.48273602511
-109.95 34.5293 -0.012695386681 -0.00899922886389 0.0222172862831 0.00818322780721 3.99951 4.38758 33.5564978409 -102.625900703 10.1816855096
-109.29 34.4275 0.00179753970948 -0.00458417048885 -0.0141718839951 -0.0222323487787 4.98827 5.09897 -31.1598796696 -27.777154332 -0.0983914820218
-114.524 33.7503 0.000358220193274 -0.000530618206639 0.000869838155602 -0.00552393279061 3.99087 3.99202 -4.14163433513 -1.12876731853 0.0991485308649
-113.829 33.8142 0.00325464678305 0.000732385187344 -0.00358515005237 -0.0037311693369 3.66984 3.67567 -7.15521746484 20.7519392721 -2.95121101999
-113.005 33.9383 0.0036910614479 0.00207318415311 0.000493035550399 -0.000401475204834 3.84411 3.84472 3.56384303937 32.3478498188 -3.90983351464
-112.333 33.9535 0.00147543492758 0.00134700578481 0.000324098876006 0.00132608641599 3.74555 3.70413 7.63313798867 15.1843215287 -1.93781570219
-111.478 33.8798 -0.00167346121685 -0.000965230457427 0.0014278589577 -1.51523124984e-05 3.77415 3.70354 8.1645703596 -14.7364105668 1.71056747591
-110.844 33.6953 -0.00588549250087 -0.00216896555025 0.00090229870727 0.00243291871763 3.71489 3.69307 10.1969228349 -46.8842668677 4.80948551035
-110.034 33.7776 -0.0144031948147 -0.00624112397134 0.00295851281569 0.00347791519836 3.34099 3.45208 22.7488356189 -117.517301769 10.0962892549
-109.254 33.9571 0.000633605174516 0.00127777677867 -0.0102495100843 0.00867526663403 3.49577 3.52375 -4.81044745731 10.055451106 -1.36319138652
-112.946 33.3627 0.00210023074472 0.00113405070251 -0.00285716388883 -0.00158121584506 3.80675 3.84981 -2.63854522765 17.6175292897 -2.28007934647
-112.158 33.2893 0.00240142805431 0.00208024762632 0.00098781053297 -0.000253346541983 3.87284 3.90654 5.52009730836 24.1287961237 -3.09026700982
-111.427 33.341 -0.000713125993894 0.000459203661416 0.000251113507212 0.000850695796491 3.77823 3.77092 6.42554455826 -2.51976064047 0.0205414081441
-110.036 33.0851 -0.00683192310564 -0.00581634730362 0.000904169387787 -0.00202632156311 3.8914 3.96231 5.73733117207 -66.6745206312 8.63376379816
-109.266 33.2921 4.94942738262e-06 0.000404900768139 0.00111991654416 -0.00890782774058 5.26781 5.34876 -17.4404400287 2.53078192584 -0.228842037159
