-114.58 32.5356 -0.000585498926563 -0.000381137921808 0.00276426405563 0.00328215093228 3.98428 3.93755 7.41976163201 -2.16822188486 0.688793117332
-113.767 32.7683 -0.00255750526163 -0.000616825133937 0.00520854456841 0.00422066433514 4.05855 3.99663 20.7455399256 -7.85378760484 1.89327076166
-112.883 32.7513 -0.00334016619667 -0.00124832053441 -0.00186817616026 0.0028116368954 3.49916 3.50063 15.4481551904 -10.5882485359 2.98901769837
-112.228 32.7006 -0.0024878550464 -0.000599375574475 0.0002434971357 0.00251072651578 3.32708 3.44546 10.4336804747 -6.92516120784 2.07255818749
-111.704 32.5618 -0.000533665074922 -0.000711994382801 0.000387339190293 0.00330028389354 3.26559 3.47936 10.2088348188 -2.59164423483 0.888326020051
-110.739 32.5716 0.00130678827885 0.000596287811105 -0.000725650587988 0.000614566182327 3.43883 3.58028 1.75625527057 3.87684425867 -1.36246120233
-109.97 32.6399 0.00339470759008 0.00103821312244 -0.0013385390378 -0.00114131469634 3.62421 3.75311 -2.44213862126 8.57103115833 -3.26303900236
-109.303 32.7663 0.00351805194259 0.00160194711004 0.00122985982241 0.000225696557278 3.95028 3.97618 0.475678365583 10.232679714 -3.63281758855
-108.633 32.5466 0.00274682995942 0.00206184185943 -7.84731274171e-05 -0.00030719249917 4.00098 4.05521 -2.3413940911 9.36674754704 -3.41802649176
-107.785 32.5324 0.000851146293336 0.000870677879179 -0.00157881435541 0.000781333064779 3.86323 3.82824 -0.676461831097 3.30795655405 -1.21759070234
-104.657 32.6588 -0.000521616234706 -0.000476469807001 -0.00143697616846 -0.00026807667889 3.89364 3.8885 -4.57527732677 -1.79280497663 0.702748384369
-104.02 32.6462 -0.000191287148755 0.000155662826811 -0.00150175755291 -0.000421059365838 3.7401 3.81601 -6.32242910845 -0.094083539822 0.0127004994351
-103.357 32.6764 0.000154476944137 -3.94267741711e-05 0.00119063277547 -0.000748509148458 4.03557 4.05842 -0.996513573809 0.255216077063 -0.0569568189207
-112.812 31.9559 -0.00151857960493 -0.000781136412834 0.00180054170377 0.00697420937452 3.66867 3.67281 10.1503218087 -4.9820329212 1.605535704
-111.457 32.0022 -0.00139640933411 -0.000761701356517 0.00249353770208 0.0030953983916 3.8506 3.89259 7.32070302175 -4.50710077486 1.5137288736
-110.816 31.7748 -0.000258315658953 -0.000401812170528 -0.00138776935875 0.00568920676357 3.58243 3.64759 5.57976361674 -1.33689990645 0.467564685992
-110.046 31.9737 0.00254177481323 0.000362380514932 -0.00145427702088 0.00223366267373 3.70402 3.86512 3.76524896213 5.82640564886 -2.04693275862
-109.259 31.9989 0.00280919288114 0.00107810072053 0.00239443574377 -0.00128782308788 4.24366 4.32447 1.8598746398 7.61255469466 -2.75404913512
-108.527 31.9041 0.00228224367852 0.00217834852432 -0.00110754500387 -0.0016560026306 3.99911 4.09292 -4.19731819035 8.5186380053 -3.14801939569
-107.778 32.0094 0.000913034607001 0.00147677263285 -0.00130615844696 -0.00165750162517 4.00296 3.98555 -2.87528433154 4.55961633957 -1.67281279688
-104.823 32.1101 -0.000528365349107 -0.000414415617817 -0.00136609215193 -0.000578484046432 3.98547 3.95758 -4.09420581695 -1.67360014795 0.662261337012
-104.101 32.0618 -0.000855225566857 -0.000230395147643 -0.00127388074358 2.24407330302e-05 3.83129 3.8331 -7.22868579188 -1.90178038957 0.759946576019
-103.292 32.012 6.12087432416e-05 5.49903999606e-05 -0.000876803565932 0.000878112853935 3.91301 3.92109 -3.08880491628 0.197388178522 -0.0810497521185
-109.991 31.439 0.00140470227326 -0.000580386010289 0.00304785821791 -0.00271830487703 4.40501 4.46424 2.03897376657 1.46947994353 -0.637273777799
-108.528 31.3369 0.00125211538672 0.000272967660214 -0.000599652589648 0.00261285552089 3.88463 3.89928 1.45874176636 2.87096384984 -1.08314716518
-103.979 31.3165 -0.00061936440095 -0.00027238510617 -0.00259720251377 0.000441751624456 3.78058 3.79096 -9.53627816466 -1.47788570549 0.639428171355
-103.492 31.3691 0.000120558891477 -0.000240455974512 -0.00130343958378 0.000682354559609 3.91855 3.94242 -5.47416547936 -0.167348203247 0.0983292029695
-104.986 30.7862 -6.30428577779e-05 0.000415154629469 -0.000248068464812 -0.00149227480623 4.04094 4.02041 -2.2199817409 0.566897629038 -0.26102042213
-104.029 30.6689 -0.000185028003747 0.000432646052849 -0.0022095516169 -0.0021536249765 3.95935 3.91772 -9.44759591885 0.464189343568 -0.15016946632
-103.402 30.8498 -3.167947005e-05 6.60845755324e-05 -0.000664945116648 -0.00130713511355 4.04424 3.98935 -8.10241525808 0.0565445336005 -0.0241368563878
-102.685 30.7263 -0.000171530010049 0.000139293539329 -8.14790836845e-05 -0.00108906367159 4.07587 4.02916 -3.30091102162 -0.104126614659 -0.000859763551189
-104.09 30.0609 3.4732686902e-06 0.00182628920927 -0.000224554832257 0.000987773158725 3.89171 3.89422 -2.00501882538 2.78783975795 -1.3606484804
-103.612 30.1456 0.000512407483943 0.00118978777383 -0.00236143792474 -0.000615628786392 3.84361 3.83521 -8.94066145459 2.76336306139 -1.18031611749
-102.788 30.1615 -7.52529197721e-06 0.00124061263677 -6.87940897743e-05 -0.000753952327947 4.17403 4.1284 -5.48556171561 1.82914147925 -0.914003067261
-104.133 29.554 -5.05700580258e-06 0.00026814567186 -9.50826050598e-07 0.00357183332385 3.7718 3.8403 2.28622257639 0.3660341962 -0.206281452271
-103.389 29.4528 -7.98277355669e-05 0.000747578242226 0.0013692594377 -0.0007104227194 4.10233 4.10504 -0.992470872125 0.924398860334 -0.517928597439
-102.888 29.4862 -0.000146605962408 0.000840487333981 -0.00250226299202 -0.00209530372172 4.03182 4.0622 -5.82807737081 1.0297243255 -0.503559718202
-122.085 48.9983 0.000118969578488 7.19715994769e-05 -0.000483876560207 0.000744900467528 3.94363 3.94741 0.187405950445 0.650333044561 -0.136040190767
-121.48 49.0983 -0.000104466604964 0.000122809618701 0.0002767328545 0.00101780956786 3.9106 3.89321 0.0892590915359 0.0785913943336 -0.00967856886488
-120.384 49.048 -0.000683615904814 0.00022199188318 0.000270985457844 -0.00143848533062 3.98162 3.98433 -3.60751629496 -1.36608288248 0.365382782155
-119.272 48.9534 -0.000790132735287 0.000540026875024 -0.000934040896322 -0.00105269675859 3.68785 3.71992 -6.8575695567 -0.407519162802 0.265553802941
-118.585 48.9752 -0.000147475626003 0.000202872737123 -0.000491806388547 -0.0001331203285 3.72435 3.76668 -6.30843313133 0.263800783375 -0.0217366416276
-117.559 48.9813 5.88260994357e-05 0.000195474338561 -0.000364613436695 -0.00186033910334 3.86392 3.86249 -6.22542765041 0.851250196916 -0.175263094061
-116.363 48.958 -0.000684514815648 3.32987461491e-05 0.000649798015635 -0.00060147734285 3.83195 3.7414 -4.69490493855 -2.12330558583 0.456031581427
-115.653 48.9339 -0.0020078977498 -0.000321149638076 -0.000951255665237 -0.00492989856314 3.99484 3.92614 -9.96812182703 -7.08546456918 1.72302891007
-114.413 48.933 -0.00144964189103 -0.000465182646366 -0.000911349093094 -0.0014079929315 3.66946 3.74068 -10.7509598739 -5.89305624092 1.38787408324
-113.422 48.9725 -0.0014403507347 -0.000767861745632 0.00247131317981 -0.00260444311582 3.84444 4.12611 -10.5616555571 -6.87571863355 1.5722014931
-112.733 48.9777 0.00202260957433 -0.000805691111902 -0.00250652243742 0.000396747122893 3.4434 3.57589 -14.2464530705 3.15818693177 -1.00014550003
-111.597 48.9482 0.00265218603675 -0.00056254076972 9.4131757323e-05 -0.000903780657509 3.97922 4.06812 -6.2220173282 7.36760444055 -1.25095552471
-110.699 48.9448 0.00167852184397 -0.000432402653817 0.000705197453938 -0.00102111803162 4.1571 4.17093 -2.82568424947 4.89442696932 -0.601999786097
-109.846 48.9198 0.000585231306519 -0.000693143282171 -0.000837388463341 -4.59157286347e-05 4.10522 4.11439 -1.78184107238 0.519492514376 0.270148965253
-121.484 48.5183 -0.000331235354385 0.000199825771252 0.00143041679669 0.000697240724124 4.06338 4.0438 0.187937763166 -0.397042869358 0.10288828935
-120.12 48.4607 -0.00106746939851 0.000368840268235 0.000244099169953 0.00117342763455 3.89291 3.89129 -2.04720556297 -2.15112075718 0.530945629653
-119.333 48.3584 -0.000605934133486 -9.16911565351e-05 -0.000536787096589 0.00126274371686 3.74208 3.77521 -5.31525791019 -2.1622409011 0.520034583223
-118.149 48.4226 -8.06411821574e-05 -5.72033804195e-06 0.000103285558311 -0.00087279728289 3.93953 3.95942 -8.13152401275 -0.255863251571 0.0660196401825
-117.225 48.2995 -0.000209925886241 0.000757564670205 -0.000873447039992 -0.000384746019012 3.7906 3.77856 -7.33624973655 1.96463860824 -0.34130498527
-116.367 48.4366 -0.000420382668453 0.000501718129949 0.00126527953246 -0.000328976197044 4.01798 3.96978 -5.03147294499 0.271947077473 -0.0549010089602
-115.589 48.4694 -0.00132503660903 -1.50214118451e-05 -0.00030549200949 0.000856816437913 3.89958 3.87631 -6.8407199348 -4.18298373993 0.963057794014
-114.468 48.3739 -0.000855405878474 -0.00129643762463 -0.00101583124097 -0.00131986902727 3.88088 3.90862 -12.4370453277 -6.83559210729 1.48782109939
-113.273 48.3609 -0.000420072544188 -0.0021286849132 0.000463564799493 -0.000567901685219 3.93721 4.02088 -12.6945603753 -8.21003652154 1.72034657756
-112.562 48.3129 0.00123350236605 -0.0025795930331 -0.0012452376479 -0.00146942657017 3.91253 4.06598 -16.8420354496 -5.50409025007 0.621695479115
-111.707 48.4128 0.00191914666167 -0.00115956442436 -0.000949508469483 -0.00115891542153 4.23104 4.34115 -13.0440077986 2.02095232493 -0.605146165998
-110.799 48.2921 0.00211216675104 -0.0016227131915 0.00146806563012 -0.00117256023706 4.7598 4.78204 -6.85844301056 2.57173934102 -0.0859159700276
-109.777 48.3943 0.000767298844726 -0.00101493942318 -0.000273614646539 -0.00274110991833 4.73617 4.70898 -5.86400628618 0.0250575485125 0.352572866144
-120.894 47.923 -0.00056060322185 -9.90658960113e-05 0.000768727488335 0.000685551367594 4.03392 4.00885 -1.61431259037 -2.1129426776 0.483240774489
-120.061 47.6902 -0.000844266414078 -0.000125617788034 0.000187115063935 -5.72596566892e-05 3.97575 3.96344 -3.26743201231 -3.02284695081 0.718436035605
-119.045 47.7849 -0.000378955240852 -0.000375702955675 0.000367662523253 -0.00128637403102 4.04962 4.05087 -5.75425548238 -2.44641678582 0.531815877637
-118.274 47.8006 -0.000839433629959 0.000155682216633 9.13166136041e-05 -0.000740884838525 4.00222 4.01865 -7.88424593584 -1.85380531609 0.555410416766
-117.308 47.8192 -0.000513093579946 0.000824674764855 -0.0015097128623 0.000979502408636 3.7168 3.75011 -8.15664042075 1.36964896452 -0.135718349296
-116.256 47.8397 -0.000134933099902 0.000246714810882 0.00116123238616 0.0012609517165 3.95254 3.96306 -4.30013331645 0.348927744156 -0.0799730940825
-115.475 47.7092 -0.000247830659282 -0.00051616924828 0.00149170368767 2.7987844923e-05 4.03837 4.04285 -5.94361689064 -2.39401818114 0.538591758625
-114.574 47.6795 -0.000144370261005 -0.00103386841811 -0.00159685140177 0.00131242462257 3.69178 3.70363 -9.20640728927 -3.76167059781 0.804501372152
-113.747 47.7687 -0.000110835324269 -0.00175823188747 0.00141995761869 0.00066648719086 3.95752 3.99567 -8.73192924975 -5.81375853992 1.30437069708
-112.607 47.775 0.000471255191097 -0.00224714438841 -0.00203896549737 -0.000312438779677 3.96528 4.01025 -14.9206056702 -6.14568485058 1.06875738978
-111.746 47.8012 0.00212936470613 -0.00212127833317 0.000339509261231 -8.1731141113e-06 4.47756 4.57909 -11.1567597293 -0.06406191665 -0.0264786437634
-110.763 47.6327 0.00122560363817 -0.00161783264541 0.000187400881431 0.000177337760562 4.54068 4.49411 -7.82780695195 -0.536680189132 0.425456774516
-121.989 47.1881 0.000511817637313 0.000463157890733 -0.00113885257256 -0.00192862028474 3.96013 3.94406 -6.05048853123 3.18207816864 -0.685707348843
-120.844 47.1935 -0.000192637943757 0.000297876220857 0.00103693013102 -0.000929517942372 4.15187 4.10069 -3.17360338727 0.489871913608 -0.042982641228
-119.973 47.1936 -0.000987921005221 0.000163915175466 -0.000655853564261 -0.00101739213436 3.9964 3.95258 -3.55249083906 -2.38626156226 0.643836579694
-118.921 47.0573 -0.000930668100712 -2.96800173403e-05 0.00150351258781 -0.000160259998015 4.0565 4.01444 -1.47396806461 -3.02561909024 0.691337088872
-118.309 47.0615 -0.00101516429192 -0.000141586787091 -0.00091645625024 -0.000446139774533 3.82322 3.87348 -6.84822989204 -3.3923959046 0.87516233951
-117.276 47.0547 0.0002714064891 -0.000103230817257 -0.00154147112585 -0.000808017810612 3.70982 3.75626 -10.4787599693 0.360967612317 -0.154477805643
-116.335 47.0477 0.000801519862178 -0.000240346775929 0.00148348102376 -0.00122157822429 4.11664 4.1244 -6.08968389745 1.61499743872 -0.426302551037
-115.353 47.0528 0.000147280194407 -0.000558726968471 -0.000252135188306 0.000411843642968 3.88028 3.89252 -7.19608878904 -1.34564815924 0.272598431434
-114.459 47.0943 0.000461235602859 -0.00163823390083 -0.000811291428836 -0.000330474707069 3.84959 3.89212 -9.10143572717 -3.89287551451 0.760891352618
-113.506 47.0816 0.000830217293397 -0.00222881069887 0.00124376632408 7.98594219138e-05 4.13345 4.17162 -7.91199850252 -4.25671921488 0.981322800561
-112.52 47.0418 0.000132682183582 -0.00196861598483 -0.00159498248802 0.000541416591711 3.95776 3.97925 -11.0667760503 -5.69584437461 1.24612202646
-111.549 47.0308 0.0012192524137 -0.00191255597491 0.000114110826809 9.94640640816e-05 4.34492 4.38881 -10.3744369841 -2.03061727386 0.494627975695
-110.687 47.1523 0.000972370613971 -0.00102850147509 3.13383631579e-05 0.000431079731111 4.4842 4.41934 -8.13929619349 0.215235216577 0.131025742762
-109.802 47.1961 -3.39131333439e-05 -0.000498383344411 -0.000310749556291 -0.000222091327792 4.49816 4.44608 -6.06288407901 -1.371553662 0.414245497017
-123.563 46.5459 -0.000196977432785 -0.000307614900693 -0.00168569472717 -0.00540579357766 4.29961 4.30443 -9.7982487523 -1.73720534619 0.322519308794
-120.979 46.5433 -2.60906711517e-05 0.00112867347799 -0.000385563863255 -0.000645411442579 3.9884 3.96467 -5.61608515128 4.10259097768 -0.65363555281
-119.855 46.5585 -0.000316510980936 0.000444947093919 -0.000918427313477 0.00140345969191 3.696 3.67683 -2.30112646611 0.564322670357 -0.0572936242692
-119.06 46.4911 -0.000516203893268 0.000178871871188 0.00134650574148 0.000610022347389 3.85691 3.84168 0.0828487422375 -1.0660655958 0.240270922804
-118.146 46.5139 -0.000753663684362 -0.00032511742323 7.35993442461e-05 0.000572617182078 3.75007 3.75938 -2.45395595141 -3.36083676128 0.770632219484
-117.11 46.485 0.000273917004058 -0.000403606970823 -0.0012168625768 -0.000606808170451 3.79936 3.85537 -7.74453075011 -0.602379312278 0.0455973464811
-116.209 46.3559 0.000880995225413 -0.000409392619016 0.00151465952038 -2.47693539029e-05 4.02326 4.06127 -4.55533177184 1.36604873434 -0.352087619052
-115.571 46.4151 0.000927765480877 -0.000467339083747 -0.00047059198905 -0.000756330270731 3.91713 3.94338 -7.91566034773 1.13333541331 -0.387083298364
-114.188 46.4423 0.00126690679359 -0.00138916710541 -0.00116169520917 -0.000632594601504 4.00364 3.98856 -8.02552247354 -0.61433043816 0.0281853278359
-113.493 46.4162 0.000247912114137 -0.00157734499185 0.0016940738488 -0.00031287188867 4.20104 4.12848 -6.48078065582 -3.88977427966 0.956467852616
-112.641 46.4246 -5.26996880024e-05 -0.00187988338745 -0.00195307832003 0.000441252649395 3.97443 3.96103 -9.83658945454 -5.83246142921 1.33469307281
-111.676 46.5336 0.000694040940825 -0.0017931757084 0.000505828061365 0.000123306031892 4.50761 4.51408 -11.7516615682 -3.4470791529 0.720936413123
-110.858 46.462 -9.8894734374e-05 -0.000760163396269 -0.000231511968442 -0.000798583508935 4.57297 4.52707 -11.3263138463 -2.4969961723 0.605487510105
-109.914 46.5663 -0.00024665561162 0.000159495574153 0.000456131844764 -0.000296998795857 4.63821 4.58503 -7.85482261395 -0.346026686542 0.0377742747472
-123.559 45.9306 -0.000313806363312 9.95682290344e-05 -0.00292698422564 -0.00321487943659 4.04791 4.03402 -7.76987958694 -0.356864063865 0.218223681241
-122.419 45.9325 -0.000625965767598 0.000861800063703 0.000186201897969 -0.000522255776992 3.94042 3.96007 -9.54318830616 1.97791451925 0.102290333242
-119.928 45.8951 0.000282127251279 0.000759925072464 -0.00199012272425 -0.000306394195512 3.73555 3.71609 -4.36679641635 3.46559969472 -0.695530542712
-118.777 45.7971 -0.000403693703693 -0.000200328724793 0.00111144032169 0.00119144748061 3.7093 3.70034 0.819237501336 -1.8966464784 0.426313263307
-117.909 45.7087 -0.000558590348168 -0.000963616774666 0.000131071776803 0.00129744264421 3.83478 3.91679 -1.2377265891 -4.7267197655 1.0728896543
-117.228 45.9734 0.000330658232409 -0.00102731059745 -0.00125031169921 0.00130175133034 3.68859 3.77212 -3.76146167747 -2.29892213848 0.457577313772
-116.155 45.8883 0.000765107664257 -0.000734925382114 0.00141901711311 0.000656220317566 3.95179 4.03198 -1.9003815959 0.184728082496 0.000294797558925
-115.255 45.7565 0.00125822701795 -0.00104531230735 0.000136622704973 0.000531551758631 3.87503 3.91662 -4.83360926909 0.561924318242 -0.168613388048
-114.332 45.7893 0.00169107400993 -0.000622161904589 -0.000929224713361 6.92287539856e-05 3.9596 3.93742 -7.76555958483 2.90140680723 -0.819401392783
-113.37 45.8122 0.00107199807604 -0.00103478099604 0.000611030059055 0.000216155310234 4.11306 4.01293 -5.38830481824 0.273136470887 0.0131489710597
-112.493 45.8409 9.56076841329e-05 -0.00149470117128 -0.00124763238808 -0.000793235412652 4.23103 4.13052 -8.73192875869 -4.11325894053 0.978806298143
-111.626 45.7843 -0.000459637316358 -0.0009096171623 0.00155332696934 -0.00197614003095 4.68878 4.5474 -10.0563148401 -3.95409908778 0.964661725394
-110.659 45.9054 -0.00111041843078 4.16997528571e-05 0.000116603376556 -0.00194731261061 4.50761 4.34476 -12.5806349636 -2.95728319115 0.778366961656
-109.716 45.9046 -0.000773938638971 0.000886652492787 -0.000673761366429 -0.00277876373651 4.41678 4.39577 -10.1255464414 0.132637160695 -0.126095215463
-122.478 45.2059 -0.000319833879393 0.000472565703923 -0.000590632312587 -0.00276375895192 4.13116 4.16006 -8.55229221926 1.11610624268 0.0330418232068
-120.635 45.2357 0.000627593657339 0.00110810357213 -0.0024026298627 -0.00120918069621 3.54353 3.57366 -8.57308955897 5.71492113181 -1.13043356755
-119.669 45.2664 0.00120037585485 0.00094995740787 -0.000758389184004 0.000544124681801 3.51058 3.52491 -5.55562600253 6.58905966024 -1.53054365272
-118.96 45.2904 0.000662664011643 6.83997230281e-05 0.000802223598447 -0.000675161813877 3.8445 3.81008 -2.02427090329 2.16940221892 -0.539619874441
-117.78 45.2781 -3.54282489646e-05 -0.00138896108498 0.00158743912458 -0.00139336218839 4.03157 4.05171 -3.84782355564 -4.61237964904 0.947085974682
-117.12 45.2925 0.000562181897816 -0.00180817881436 -0.00254907421318 -0.000413381874593 3.68251 3.72177 -6.55745004386 -4.44038151079 0.722327987341
-116.268 45.3997 0.000819553182215 -0.00156008743173 0.00145047047072 0.000571264830907 4.01242 4.05547 -2.44821607536 -2.22655236083 0.525186723161
-115.326 45.1285 0.00094181902872 -0.00146116116109 0.00129912273804 0.000266089090026 3.99176 4.01859 -2.92929413653 -1.46010090173 0.386178177326
-114.233 45.0931 0.00132401444198 -0.000699772145653 -0.00165980018687 -0.000149764480908 3.98523 4.00019 -6.73415092202 1.65294129133 -0.482580238237
-113.46 45.2432 0.00116944620469 -0.000314689745405 0.000186197632084 0.000602060842647 4.12057 4.0504 -3.97636070984 2.65648439802 -0.561171178922
-112.489 45.166 0.000165061704326 -0.000495385780611 0.000962832866737 -0.000377850946027 4.35916 4.20517 -4.24326406437 -0.83250172982 0.260983969092
-111.805 45.2285 -0.00109442676996 6.85838537341e-05 0.00126475878301 -0.00151216811954 4.47871 4.33839 -7.42595071352 -2.99572171014 0.706608791789
-110.74 45.3212 -0.00160576230502 0.00171693137148 -0.000183985040856 0.00124526235547 4.09894 4.09472 -9.62891674778 0.188820377629 -0.109850890868
-109.563 45.3171 -0.00091760272145 0.000953884007919 -0.0070921535583 0.00387443067299 3.67139 3.6939 -9.26821639726 -0.164198229136 -0.0929603633731
-122.186 44.6837 -2.17193454449e-05 -0.000245655108862 -0.00196023866285 -0.000227593569809 3.66842 3.68746 -4.08271129739 -0.97089142935 0.159132141769
-120.335 44.7344 0.000672676396925 0.000702552774466 -0.00519153014999 4.96412039091e-05 3.28971 3.33548 -9.48521072906 4.23065837452 -0.943090566379
-119.565 44.5913 0.00230139234175 0.000809846729667 0.00185680943056 -5.43011972855e-05 3.99421 4.08783 -1.21633993962 9.32030861506 -2.26499732307
-118.67 44.5191 0.00158252197038 -4.73028366603e-05 0.00116558288644 -0.00117009392688 3.97187 3.96749 -1.24057690308 4.45564829642 -1.13915719447
-117.664 44.6653 0.000678860531468 -0.000923890353665 -0.000783163958376 -0.000205247945234 3.76462 3.72567 -3.8642346438 -1.06935429511 0.0959928625096
-116.747 44.589 0.000690803235142 -0.00106592639607 -0.00107986600836 -0.00081509882414 3.83912 3.80786 -5.36164846712 -1.50380379321 0.173132121295
-116.013 44.7035 0.000587669319885 -0.00106051423735 0.00086484985611 -0.00121029099293 4.10324 4.08879 -4.03413018646 -1.55392876308 0.297884484673
-114.855 44.5494 0.000497675067261 -0.000974806075621 0.0011676961252 5.3848776197e-05 4.08089 4.0662 -3.13150363544 -1.34527204122 0.348203858365
-114.255 44.5642 0.000434959347928 -0.000590784743936 -0.00266592677042 0.000753543880065 3.88072 3.88209 -5.90480904577 -0.518397646066 0.093564199576
-113.367 44.6165 0.0011369861876 -0.000313568746746 0.00273729329199 -0.000676004618944 4.48523 4.39906 -1.27210989014 2.68625328707 -0.497289665942
-112.644 44.6173 -0.000313145937833 0.000249350921179 -0.000290034391993 -0.000665324870143 4.15673 4.03558 -4.11932230889 -0.260334581183 0.0252450333731
-111.248 44.7038 -0.00329868761407 0.00119100476437 -0.00227364281034 0.00145827075265 3.95189 4.02202 -6.68730948148 -6.42299193906 1.3538664054
-110.576 44.3951 0.000756453254923 0.00136768687522 0.00803351757565 -0.00875905315012 5.67642 7.57927 -3.20576237776 5.61541454937 -1.54211890466
-119.504 44.082 0.00145020389209 0.000100465570882 0.000960751882208 -0.00242597742095 4.11628 4.16318 -3.02676883743 4.30417999181 -1.19012522354
-117.741 43.9733 0.00104956840071 -0.000557961372733 -0.00122609359837 0.00073320422941 3.69784 3.67741 -0.586880237556 1.35851665938 -0.374063792311
-116.803 44.086 0.000709414386129 -0.000392887355252 -0.000238159658452 -0.000685983832137 3.98837 3.96185 -3.56788265457 0.76793379164 -0.263674119079
-115.958 43.9121 0.00087162157997 -0.000733284685091 0.000410247299041 0.000347982178172 3.93187 3.90929 -1.247541437 0.433972295032 -0.090479402658
-115.133 43.7945 0.000471925232206 -0.000796874126967 -0.000231502028708 -8.24229331146e-05 4.00196 3.95288 -3.12300450156 -0.964875095076 0.222594553529
-114.117 43.9146 0.00062099431426 -0.000382166646536 -0.000791026907446 -0.00139007353629 4.1821 4.14765 -5.73368919019 0.604526369604 -0.187555557662
-113.452 43.9286 7.80942739341e-05 -3.27216821053e-05 0.0010597348485 -0.000122890834056 4.23882 4.13966 -2.43284218374 0.143096771528 -0.0282698800272
-112.485 43.9997 -0.00093421270728 0.000436631728914 -0.0004119191074 0.00141058685847 3.86313 3.82148 -1.62161399167 -1.72276764064 0.265005637697
-111.487 43.8756 -0.00213725171228 0.000476690393654 0.00179714698094 0.00148123793106 3.83167 3.86255 -3.1311380995 -5.17240148971 1.0106723966
-110.576 43.92 -0.00213240707824 -0.00330086620088 -0.00155762960485 -0.00913407030127 4.4793 4.52157 -22.5272783925 -15.1382607397 3.55683952932
-109.817 43.7013 -0.0013110847441 -4.73710848355e-05 -0.00786728256214 -0.00102256041052 3.59725 3.62618 -13.7111113774 -3.45219698969 1.00911918081
-118.474 43.358 0.00128597089353 0.00015713659244 -0.00216035178226 0.00201338187873 3.76753 3.77161 0.660286568431 4.21666162759 -1.04278643104
-117.754 43.3471 0.0012453092812 -0.000118662345977 0.00116000852037 0.000804064927993 3.94238 3.93167 1.42555063854 3.33924446614 -0.795387233679
-116.767 43.4275 0.000881542510931 -0.000290423777238 -0.00081809818844 0.00110139405111 3.81 3.80951 -1.29969167939 1.65331855491 -0.435829582737
-115.828 43.4151 0.00101398483391 -0.0006573874102 9.85152651993e-05 0.00155782475034 3.8695 3.84751 0.320559815126 1.16825912635 -0.217736793907
-115.098 43.25 0.000166645788134 -0.000188645661122 0.00110136051605 0.000389719691613 4.0989 4.02772 -0.21893964988 -0.0273785036976 0.0242929490031
-114.174 43.3979 -3.70433763912e-05 0.000186377031729 0.000169193487943 0.000307551975097 4.09553 4.05106 -3.23502899881 0.416285201471 -0.106793877988
-113.518 43.3234 -0.000248380166034 0.000749426818563 -0.00115198048379 -0.000223772940983 4.00156 3.97584 -5.14126121202 1.42665717917 -0.347068059019
-112.433 43.3998 -0.000651652121134 0.000692939442918 -0.000505718925659 0.000483378785571 3.86611 3.7952 -1.94395468339 -0.163396238304 -0.100152984027
-111.612 43.2741 -0.00178711663976 0.000268638122806 0.00358406847642 -0.00128690374366 4.18523 4.0912 -2.81895862163 -4.55761075317 0.955373848528
-110.02 43.2112 -0.00141063770209 5.46371134056e-05 -0.00327436996223 0.00369461398174 3.4501 3.45068 -7.97999097715 -3.72728517086 0.926098018223
-116.87 42.7779 0.000963872718039 -0.000349432836557 -0.00177812779636 0.00139327760358 3.81426 3.79917 -1.35255851605 1.63982886772 -0.467376868461
-116.032 42.7713 0.00075732131277 -0.00070760688115 0.00157362559132 -0.000712899528294 4.39702 4.34207 -1.31346182606 0.0791584909543 -0.0507053063121
-114.903 42.636 -0.000284784410924 -2.84498669775e-05 -0.000119797647401 2.35070156984e-05 4.02751 3.99207 -1.21584359792 -0.886927978815 0.219261857063
-114.084 42.6493 -0.000735178061075 0.000453948389291 0.000592255355826 -0.00045396519488 4.11979 4.10249 -3.65584127021 -0.748009307136 0.206919276526
-113.176 42.5452 -0.000422006145679 0.0013168263259 -0.00179073471631 -4.49491730874e-05 3.74329 3.74481 -5.82081154475 2.56610269302 -0.600748131689
-112.531 42.6852 -0.000560551194798 0.00107425104822 0.000556584137721 -0.000622855080767 4.01463 3.9672 -2.07221309419 1.13232616819 -0.430402905546
-111.588 42.8321 -0.00165103097716 0.000914433983966 0.00268671451505 0.000655932940546 3.99482 3.94318 -0.249781888102 -2.77897095567 0.304145747966
-110.92 42.7507 -0.00212375895553 0.000319374337682 -0.00161173789968 0.00350322993195 3.50402 3.52135 -5.39925483339 -5.08810919373 1.19765160305
-110.042 42.6372 -0.000939833473502 5.78754846235e-05 -0.000504201544576 1.42171291117e-05 3.60827 3.66329 -8.76539293152 -2.3358596136 0.617897295958
-108.847 42.8247 0.000262000452052 -9.50397270257e-05 0.000744985789425 -0.000693762000235 3.70911 3.77506 -6.83302974625 0.504634205423 -0.0980054476059
-108.342 42.6579 0.00117688578596 -5.4647104957e-05 -0.00338332389681 -1.3645347657e-05 3.81086 3.8419 -5.3208376238 3.23227584835 -0.687072008152
-116.471 42.0773 0.000424030955178 8.83256890458e-05 -1.24573114451e-05 -0.00216027983451 4.35835 4.29908 -5.47375847594 1.33999405291 -0.386154236628
-115.754 42.1669 0.00015044871738 0.00028205149482 0.000650244044363 -7.69323965537e-05 4.25106 4.1616 -2.02026406113 1.22681734533 -0.302817449378
-115.016 42.146 -0.000270652860314 0.000426446565329 0.000678259405137 -0.000361912638238 4.0919 4.00683 -0.294709740734 0.399729689477 -0.118631240013
-113.944 42.0886 -0.00138363917364 0.000804333031904 7.78557702244e-05 -0.00061207765279 3.96385 3.96435 -3.28847492853 -1.53009232031 0.423533653547
-113.24 42.0343 -0.000917715935311 0.0015420055818 -0.00151806367361 -0.000560474983694 3.71768 3.75361 -6.64791466241 2.0208594874 -0.353218928644
-112.386 42.0041 -0.000340695865051 0.0012677195564 0.00061014735963 -0.000126588485464 3.80715 3.80213 -2.22251040128 2.26258195406 -0.71007752657
-111.432 42.0149 -0.00125999956539 0.000569413423335 0.000560123967205 0.000512401153419 3.68599 3.69148 -1.07909784345 -2.26516813545 0.364322526546
-110.873 42.0995 -0.00136908327659 0.000110157762708 -0.000476202858314 -0.000979503876536 3.70424 3.75865 -4.30239582254 -3.50454140798 0.831742969074
-110.036 41.9243 -0.000650906646036 -0.000298813871754 0.000763599809707 -0.00151610985958 3.87017 3.98567 -6.89744559375 -2.4752229244 0.663888481783
-109.357 42.1012 0.000436214830711 -0.000482193243689 -0.000402892236192 -0.00157579683564 3.76624 3.83755 -9.72001032976 -0.112846357519 0.0339395836176
-108.34 42.0073 0.000935581464601 -0.000949738942956 -0.00133348404774 -0.000534613242217 3.92818 4.00723 -9.65537340035 0.111712580076 0.0512671117575
-107.369 41.9641 0.00229109796357 -0.00150441840071 0.000632929653905 -0.000548404091221 3.97642 4.00027 -2.33685994631 3.68138594672 -0.0493892930523
-106.434 42.031 0.00080041398574 -0.00012725640511 -0.0010383241492 -0.00164591784095 4.19999 4.16385 -2.69001834322 2.10181309037 -0.329520926066
-116.54 41.522 0.000292619225912 0.000963281550757 -0.00124610083321 -0.000578164156282 4.17974 4.1491 -6.11154011421 3.74588335994 -0.817672928185
-115.791 41.4311 1.01470512584e-06 0.00118881924954 -0.00164477509686 0.000152255145014 4.02051 3.97425 -4.88909804991 3.59468611357 -0.758338500246
-114.915 41.4157 -0.000511672544727 0.000839984230785 0.0018402878151 0.00100866464977 3.95277 3.89566 2.26987220533 0.704985695767 -0.281407989928
-114.165 41.3602 -0.00152288388665 0.000669504418012 0.000668371413354 0.000664148243051 3.85401 3.85003 -0.309477274795 -2.45147768694 0.564731865355
-113.347 41.503 -0.000985343966403 0.000790504735141 -0.00138406037585 0.00104812368327 3.54578 3.62245 -4.08441068244 -0.438190242075 0.159740995833
-112.448 41.4632 -3.14929200937e-06 0.00117537085243 -0.000689310128654 0.000699026892838 3.57561 3.63477 -2.19439275889 2.97202705911 -0.860273425465
-111.63 41.3146 -0.000128784680334 -0.00040153525651 0.00133741667007 -0.000523801983899 3.89122 3.95069 -0.874432177227 -1.31664207259 0.389338856926
-110.666 41.4729 -0.000952101143249 -0.000513735787184 0.000715575948664 0.000152231545916 3.82957 3.87165 -1.14960631757 -3.86940834575 0.99829055787
-110.067 41.4272 -0.00041155540582 -0.00133322246865 -7.90998064874e-05 0.000675104035169 3.69343 3.77911 -4.88492053948 -4.30936821285 1.26815042177
-109.157 41.5047 0.000868325274501 -0.00120791345784 -0.000781381388309 -0.000499128572695 3.83601 3.93053 -8.09422085553 -0.715806073993 0.279386284542
-108.187 41.4906 0.0017343062619 -0.00138749582617 -5.35401141712e-05 -0.00156456964877 4.28303 4.36865 -8.37406148782 1.24827720577 -0.135173750525
-107.364 41.6067 0.00158421524695 -0.00207974374174 -0.000140701212752 -0.000266697263479 4.33176 4.33129 -5.87056748285 -0.136697226179 0.656651599845
-106.596 41.4033 0.000514959498985 0.00014623928041 -0.000339886529041 -0.00356768655427 4.53751 4.49595 -4.9802355865 1.72737018528 -0.421711634915
-116.508 40.7186 -0.000267911303261 0.00131644939102 -0.000390472264498 0.00171420515066 4.03677 4.01749 -4.02359216311 3.36045279591 -0.614481456372
-115.736 40.8167 -4.71077154126e-05 0.00189430353937 -0.00260826494744 -0.00038257198254 3.77515 3.77954 -7.94848795243 5.82537049286 -1.07469305414
-115.039 40.8522 0.000401033127078 0.00109228548178 0.000555322249642 0.000773160354619 3.87163 3.8304 -0.604933279693 4.06594127791 -1.05030585016
-114.204 40.8556 -0.000984661950178 0.000286098985698 0.00181209434223 0.000601687084065 3.88205 3.84324 0.86780433278 -1.98726382251 0.461790162516
-113.187 40.8513 -0.00126950550997 -0.000473249709068 -0.00238852813997 -0.000867308690546 3.54351 3.58058 -6.58553899807 -4.43346550439 1.26791009432
-112.52 40.8903 0.000408578606261 -0.000494581673262 0.000672632905643 0.000504292451735 3.72782 3.8442 -2.15424579732 -0.1600612914 0.078185132323
-111.437 40.8869 -0.000176515101396 -0.00136311606804 0.000788789129335 0.00133911379571 3.72531 3.7267 -0.0525598292439 -3.6506146528 1.16193615461
-110.834 40.9425 -0.000522104529954 -0.00154162183244 -0.000898945230396 0.0010722320144 3.63975 3.6783 -1.23904546339 -5.00125416849 1.51810492365
-109.673 40.9763 0.000158287637389 -0.00173152215771 0.000980855956774 0.00134540656128 3.83962 3.91286 -2.63224162211 -3.45722148198 1.23874461222
-109.177 40.8936 0.000643748848004 -0.00164125798316 -0.00104980711201 0.00162068973871 3.81318 3.89349 -4.73531193633 -2.0463278625 0.824171560732
-108.263 40.8338 0.00120974927988 -0.00138649099995 0.0011665325989 0.000731491938073 4.26028 4.24638 -4.24630045614 0.261392744989 0.323956395056
-107.52 40.76 0.000611920089766 -0.00058595415544 -0.000472258235614 -0.000993136821581 4.36714 4.30238 -7.02033944939 0.298389663356 0.0506276812064
-116.5 40.2917 -0.000454483458211 0.00144676888821 -0.00228495966197 -0.0012536735777 4.03784 4.09153 -9.2746627069 3.74221527514 -0.407654855667
-115.657 40.1313 0.000650325496155 0.00235561516066 -0.00188944146949 0.000515194083782 3.63493 3.69985 -7.74649129129 8.74742293859 -1.89921974559
-114.745 40.2679 0.000704442303951 0.00144641651158 0.00176124384146 -0.00144504991029 3.99404 4.00009 -2.31398924432 5.81182512544 -1.49604874233
-113.981 40.1314 9.3109541701e-05 0.000490379711021 0.0012418914789 -0.00116143665943 3.87926 3.85658 -1.54341910084 1.54550966025 -0.408594723035
-112.469 40.2807 0.000486526141429 -0.00122040451818 -0.00225901775916 -0.00160162446542 3.73828 3.74274 -7.71721756698 -2.22827648568 0.42156320999
-111.502 40.2067 0.000763381787356 -0.00130455347564 -0.000277641561579 0.000142986206793 3.77454 3.75056 -2.24693091071 -1.15283801862 0.442177717905
-110.738 40.1948 -4.10305362464e-05 -0.00162643292471 0.000864264844678 -0.000647598459945 4.08001 4.04481 -1.1468739676 -3.82988370783 1.26600674229
-110.008 40.2655 -0.000345891544336 -0.00165723263013 -0.000196776104032 0.00050045685462 3.99183 3.99991 -1.81009578393 -4.63971038917 1.49510326893
-109.124 40.2982 0.000592335060817 -0.00190159143114 -0.000237816070461 -0.00029799532653 4.19873 4.21638 -4.62811549034 -2.77739641957 1.04375750728
-108.242 40.1348 0.000224861625149 -0.000947371689686 0.000804408181258 0.000366246155522 4.27585 4.23446 -3.0609456591 -1.39032057634 0.605429669729
-107.47 40.2149 -2.95546244709e-05 -0.000162882224616 0.00011448491195 0.000836090517067 4.21189 4.19302 -3.45823399783 -0.410946978334 0.147614190062
-116.464 39.6202 -0.00165691779701 0.000397443503656 -0.000795506205235 -0.00198124371712 4.21253 4.2618 -9.34261859475 -2.10098807271 1.18829557927
-115.754 39.553 -0.00181175438587 0.00154448734929 -0.00166886897037 -0.000921532705327 3.60953 3.75277 -13.9629326561 1.84624851501 0.851663798312
-114.908 39.4731 0.00188771610194 0.00133489297374 -0.00112343608467 0.000851825163184 3.46253 3.53784 -2.35578222767 8.35639523334 -2.29911908749
-114.016 39.455 0.00155280868148 0.000941529728972 0.00264157596617 0.00153821609127 3.75664 3.765 2.11338812879 6.5072050477 -1.74697929999
-113.069 39.5906 0.000829506928057 -0.000538732020929 -0.00034626655907 -9.02961821873e-05 3.7306 3.73287 -3.30491762264 0.633919425664 -0.23557715466
-112.279 39.5708 0.00121797303908 -0.000264843368205 -0.00102099083267 -0.000547872544143 3.64618 3.61927 -6.15317615269 2.17432210575 -0.735667177492
-111.66 39.6092 0.00099288683263 -0.000437917173923 -0.000498300146558 -0.000401547046986 3.89898 3.83418 -3.7958812991 1.38175722302 -0.393762379562
-110.74 39.473 0.000280017802704 -0.00049046487237 0.00145645319099 -3.15857340465e-05 4.08453 4.02007 -0.195554170242 -0.354920593561 0.194277648877
-110.246 39.6279 8.11747702348e-05 -0.0010830047321 -0.000226011751684 -0.00138857706284 4.19182 4.12899 -3.19732875145 -2.30628250956 0.74785981948
-108.981 39.6333 0.000106020041961 -0.00102548384296 -6.54491633364e-05 -0.00099871165175 4.27061 4.19675 -4.21126843326 -2.01479012972 0.703002796014
-108.391 39.4998 -0.000565728933127 -0.000397529212886 -5.69576360384e-05 -0.00105530026927 4.30163 4.2757 -4.74331449577 -2.30360337597 0.670499198192
-107.449 39.524 -0.000402322217362 -0.000152970578958 -0.000982244350139 0.000199686989344 4.10963 4.12663 -4.14424748935 -1.35462751179 0.370222095834
-116.4 38.8247 -0.00139686170345 -0.000937762020776 -0.00212742185551 2.12071741157e-06 3.83462 3.88389 -6.51236423519 -5.87826100621 1.6823917148
-115.654 38.8455 -0.00122050446048 -0.000968450379596 -0.00334900857848 0.00131724020898 3.1141 3.18543 -13.1994447785 -5.33478079267 1.53568651554
-114.83 39.04 0.00158865220025 0.000156880325594 -0.000571532585107 0.000579919382534 3.61752 3.71539 -7.10293559767 3.91678483924 -1.37454776682
-114.02 38.9551 0.00186407970817 0.000375217500436 0.00307017041767 0.000607402861991 3.89701 3.92778 0.892449268865 5.75236721537 -1.57802801258
-113.277 38.9882 0.00102677727918 -1.33481617224e-05 5.65279252506e-05 0.00174592600109 3.70516 3.69529 -0.390280979994 2.5710181941 -0.714562450701
-112.379 38.9995 0.000844430936321 -0.000152963905243 -0.00134842107479 0.00174458642388 3.62005 3.61829 -2.25178267579 1.70961471954 -0.492832871892
-111.172 38.9176 0.0009156105861 -0.000346286558397 0.000356062597844 -0.000435591655284 4.02507 4.00029 -1.27572283621 1.51930384261 -0.363723961154
-110.133 39.1025 0.000380780552551 -0.000526314161219 0.000287296130218 0.00101024536312 4.08167 4.03992 0.306895564654 -0.122471819491 0.168742929298
-109.263 38.9553 -0.000116497507122 -0.00038436217317 0.000819246115858 -0.000508079959571 4.29302 4.2218 -1.47936300648 -1.1192660885 0.370537982875
-108.296 38.9541 -0.000576372783255 -3.40280148856e-05 3.40124489062e-05 -0.000953489774577 4.18994 4.15897 -3.85301423652 -1.52107960603 0.398576562083
-107.574 38.8347 -0.000754329885531 -0.000486127539175 -0.00159718224367 -0.00111897179203 4.03346 3.99813 -6.63299979052 -2.8769252829 0.865674874406
-106.91 38.8627 -0.00067792017267 7.60475182231e-05 -0.00022989665945 -0.00109968869157 4.08311 4.10211 -4.05180029225 -1.56436034572 0.358717930821
-116.302 38.2886 -0.00123903709965 -0.00124669141926 -0.002582019457 0.000835159169858 3.62425 3.59318 -4.11030316668 -6.46161577525 1.7364273139
-115.585 38.3489 -0.00137036872203 -0.00148576679591 -0.00279688200559 -0.00246382635745 3.39935 3.42027 -14.9597707048 -7.13233029144 1.88911310413
-114.608 38.3281 0.00111573511991 -0.000215101440969 0.00111450060856 -0.00103046763919 3.73663 3.83194 -12.7841383234 1.34407165051 -0.858173312254
-113.969 38.1802 0.00209733908325 -0.00015497671599 0.000763713416773 -0.000309950538129 3.79612 3.81495 -5.14819414593 4.20768196166 -1.54626837526
-113.021 38.2987 0.00125831700042 -3.29615101365e-05 -0.000390993776699 -0.00109003977403 3.86354 3.83911 -5.62525673354 2.72018593772 -0.949510138498
-112.277 38.2108 0.00117177950623 6.91852316484e-05 -0.000747447356904 -0.00023404273831 3.84532 3.82652 -4.07592639078 2.89308805746 -0.915430179254
-111.483 38.2843 0.000804509220813 1.80130719803e-05 -2.14845528615e-05 0.000441125379763 3.94921 3.90914 -1.11739469281 2.03190872859 -0.567594972929
-110.711 38.4187 0.000577822790678 -9.85444700448e-05 -0.000559354110452 0.000578336608022 4.0076 3.97074 -0.395641802166 1.24305618237 -0.308694527865
-109.894 38.3862 0.000241678803007 -9.54840561068e-05 0.000607923180486 -7.09946476819e-05 4.20088 4.13426 2.04631857139 0.442344401405 -0.0722642855909
-109.261 38.2916 -0.000353270649202 0.000325818015117 0.00155224936946 -0.00022616928526 4.2357 4.20165 1.68280339923 -0.279978972501 -0.0467114583244
-108.379 38.1888 -0.000413135202892 -9.07591924859e-05 -0.000512313854584 0.0010139829663 3.88307 3.86944 -1.02392367244 -1.22807547434 0.327787041924
-107.55 38.3685 -0.000851555575117 3.413714359e-05 -0.00109837257261 0.000528474979344 3.87339 3.85981 -3.44965546428 -2.04551592813 0.51153546635
-106.756 38.2289 -0.000577604024002 -8.06616677541e-05 -0.000842286090927 -0.000382110024296 4.01075 4.01927 -3.22679882354 -1.59581318388 0.416876767185
-116.595 37.923 -0.00065666720061 -0.000309737833808 -3.33797767023e-05 0.00105835570061 3.8129 3.80501 1.95553816433 -2.47569925414 0.697079604787
-115.747 37.6444 -0.0012984612531 -0.000953645849987 0.00123106215492 -0.000750300206176 3.79617 3.8073 -4.11047555165 -5.58620493014 1.61103750411
-114.849 37.6083 0.000319498984017 -0.00100935666898 -0.00339931877806 -0.000811746666245 3.37562 3.42417 -14.2401661021 -2.67597866952 0.180682723316
-113.86 37.5808 0.00125051587815 -0.000111065502429 0.00089119511949 0.000120328377212 3.79632 3.79323 -6.62814580149 2.28930641011 -0.940277853668
-113.168 37.7601 0.000800274079782 0.00022537763715 0.000761249515045 0.000306564350751 3.91567 3.89183 -4.36281377516 2.38571922715 -0.75824802193
-112.363 37.6761 0.00102114296379 0.000440511327261 -0.00111784795033 -8.88688350492e-05 3.81127 3.80817 -7.17680981197 3.34371656561 -1.07452281237
-111.596 37.7222 0.00123723477649 0.000444651872756 -7.34078243742e-05 -2.05406370328e-05 4.0045 3.98091 -3.22206784934 3.96205271184 -1.20361104233
-110.802 37.6354 0.000706477954119 0.000194280979335 6.00959438555e-05 -0.000448063427783 4.07783 4.03138 -1.1186735496 2.15080197875 -0.625399962039
-109.995 37.6903 -7.57193162961e-05 0.000342150492579 0.000750361471857 -0.000149354503624 4.12057 4.08719 1.39815690877 0.518343220155 -0.216772954219
-109.137 37.7459 -0.000224287824585 7.71851898593e-05 0.00060509853034 0.00139300700999 3.91591 3.91059 2.71563696388 -0.4348294318 0.0712565439308
-107.792 37.662 -0.000338754389891 6.84615674013e-06 -0.00122477549335 0.00173390989457 3.81819 3.81992 -0.607317417391 -0.833791386167 0.200966898313
-115.22 37.2408 -0.000313617180153 -0.000991802551056 -0.00344784670014 -0.000483651400224 3.53254 3.55519 -7.20634091622 -3.57110005106 0.808358545094
-114.715 36.7256 -0.000395034928671 -0.00031736331563 -0.00351344968309 -0.00198613566812 3.64984 3.671 -11.7074629268 -1.64157651376 0.499438843291
-113.907 37.0195 0.0013755449599 -0.000432586451792 -0.00100701593011 0.0007206238698 3.69941 3.70446 -9.59468416538 1.31481662268 -0.923635919168
-113.084 37.0615 0.000802044620048 -0.000206688645327 0.00166648305001 0.000950578688274 3.98732 3.96977 -4.33383024292 1.18727544435 -0.490136043833
-112.382 37.0183 0.000726548750752 0.000143628221034 -0.00037342399924 3.49122895519e-05 3.99116 3.99318 -7.44213685749 1.864124127 -0.665612777658
-111.506 36.9839 0.00106873965405 0.000873362882337 2.89617820148e-06 -0.00147719044721 4.02734 4.02664 -6.34766351238 4.48245920551 -1.38017576214
-110.804 36.9969 0.000749596451806 0.000803910037826 -0.000763603986768 9.01299359754e-05 3.94026 3.90317 -2.7343852383 3.59076887806 -1.09803223252
-109.874 37.1364 0.000235750592704 0.000108257972884 0.000492006014021 0.000720777610438 3.99514 3.99082 0.794877256995 0.805174928912 -0.235153420262
-109.025 36.8299 6.27282261412e-05 -0.000202991206669 0.000824930393422 0.000138952104256 3.93211 3.90652 1.40092286168 -0.245063222461 0.119322664697
-116.33 36.4193 0.000103196610408 -0.000118226943822 -0.00085525371487 0.00340258801184 3.80564 3.78793 3.6688151807 -0.0698629244265 0.00175322734418
-115.383 36.423 -0.000646654511743 -0.000659805900809 0.00474128209507 0.00194816425034 3.92948 3.89468 6.3187990319 -3.25341992494 0.92385021727
-114.539 36.4321 -0.000498821914016 -0.000524359350854 -0.00348052732346 -0.00113887203245 3.48515 3.51001 -8.9401726525 -2.45422415146 0.699961121999
-113.965 36.4151 0.0015590579763 0.000180817067345 -0.00139787025387 -0.000806093003233 3.74097 3.7439 -10.4447182919 3.28305863069 -1.42920380943
-113.18 36.4182 0.000501434621243 0.000373411070155 0.00199769950085 -0.00183843938774 4.19801 4.14233 -6.54208446537 2.01438699568 -0.625168154504
-112.291 36.428 -5.52920097634e-05 0.000711790535461 -1.85744012721e-05 -0.00106898658199 4.04654 4.04409 -8.84112019335 1.82278838559 -0.365159026397
-111.13 36.1428 0.00119588156778 0.00143541839792 -0.00118867722949 3.52978796406e-05 3.76949 3.80273 -7.32306819969 6.01250556775 -1.82762190277
-110.662 36.5996 0.00116068276124 0.00136191917094 -0.00100542180009 -0.000549994002198 3.9471 3.9413 -4.59877508587 5.7713214391 -1.7750073253
-109.87 36.4199 0.000895977948552 0.000513327121109 0.000465148006952 -0.00107099978058 4.01952 3.96859 -1.7265683025 3.17131853485 -0.990320923602
-109.208 36.2925 0.000256996439496 3.04058804286e-05 0.000306677910999 -0.000613716800656 3.96631 3.93045 -0.549122572176 0.661526403325 -0.193301448012
-108.52 36.3758 0.000119896762699 -0.000209059544434 4.19682707926e-05 -0.000339363606149 3.91946 3.91848 -0.265896407162 -0.130918195748 0.0831245887482
-115.43 35.8384 -0.000393840073272 7.59101527171e-05 0.0048647934585 0.000886004869846 4.1513 4.08591 6.06058296775 -0.776831984908 0.226704872252
-114.851 35.7266 -0.00131106286794 7.04862856174e-05 0.00081457089735 -0.000156692416775 3.94922 3.96477 3.16549550027 -2.8628606513 0.919627056739
-113.984 35.8522 0.000296686453062 0.000469407290593 -0.00239073118173 -0.00118694577771 3.77371 3.79231 -9.36413346338 1.87964385208 -0.497643084736
-113.105 35.6339 0.000297933277875 0.000865365132782 0.000441017004428 0.00121089216377 3.95441 3.93579 -5.3634102911 2.89024600482 -0.753379361436
-112.173 35.8191 -7.25871175089e-05 0.00089982980376 0.000460909363767 0.000353992210131 3.90286 3.90452 -6.43361616684 2.20043596949 -0.483884827543
-110.794 35.6218 0.00150351654046 0.00132680614374 -0.00134452850526 4.7314294616e-05 3.70884 3.75881 -6.50413641853 6.24083893733 -2.00332792779
-109.933 35.7113 0.00168494409947 0.000701027034203 0.000931142559744 0.00089505693045 3.77956 3.76895 -0.0711056664868 5.31672706841 -1.66286752164
-109.046 35.7147 0.000942630638635 -8.39592316309e-05 0.000506168989567 -0.000296829831418 3.88804 3.85292 -0.050533200119 1.98694382991 -0.562010409353
-108.466 35.7992 0.000485783552825 -0.000215183538746 -0.000194834933397 -0.000107773185817 3.85267 3.84507 -0.838815542551 0.678424049754 -0.157867934305
-107.638 35.8054 0.000289246254152 -0.000615930722981 -0.00112199029022 0.000776464915246 3.8121 3.80717 -0.252474996094 -0.488386705802 0.295757669441
-114.87 35.301 -0.000656944338057 0.000362454660002 0.0013973973717 0.00270222912919 3.56927 3.5844 9.56759912433 -0.849143161834 0.166631780535
-113.885 35.099 -0.000105562066018 0.000365150249717 -0.000700107246878 -0.000858275053348 4.01477 4.03032 -2.35205215132 0.748815815795 -0.138757241157
-113.083 35.2127 0.000198634093375 0.00107406552265 6.41871905251e-05 -0.00179395584824 3.96099 3.96411 -6.14354176618 3.25391370844 -0.780178572762
-112.267 35.1787 3.56520858302e-05 0.00108424617669 -1.02209368752e-06 0.000788333502394 3.78844 3.7772 -5.46962557271 2.85656670137 -0.681008916665
-111.532 35.0951 0.000410767042129 0.00119579339136 0.00023855127102 0.000740855510493 3.72564 3.7601 -6.85996207834 3.81067111052 -1.04361852976
-110.713 35.0789 0.00180780099395 0.00134602240048 -0.00114854487316 0.000202508560458 3.60122 3.64845 -7.8327131931 6.72529614305 -2.2538260738
-109.736 35.1181 0.00315871427125 0.000232902834864 -0.00286502231628 0.000850654813939 3.67704 3.53218 -2.62069379381 7.19584698797 -2.43626362169
-109.388 35.1118 0.00114601799727 0.000217932466606 0.00374160224413 0.000662811586479 4.22843 4.08411 4.4164139724 3.1281419053 -0.883085750668
-108.5 35.1259 0.00103376699907 -0.000400888503884 -0.00231231161022 0.000538947814511 3.70643 3.71197 -1.22668098059 1.46217053229 -0.402614739015
-107.648 35.117 0.000411381557381 -0.000349641309951 -0.000124344031846 0.00105245563709 3.90298 3.88114 0.095419772374 0.27446556054 0.00695661082802
-113.83 34.5935 -0.000394754328006 0.000420661724614 0.00170290553298 -0.00148811736081 3.94935 3.94124 5.74524326599 0.0590772220381 -0.0186538306101
-112.891 34.4692 -0.000494229688058 0.00188074750939 -0.00269832536198 -0.000847735216491 3.92307 3.91006 -5.24204255785 4.01045656091 -0.68334818465
-112.237 34.4866 -0.000291045909036 0.00246894069843 0.000805088450145 -0.000839575546167 3.8333 3.85434 -5.53529773489 5.7775375148 -1.21747516271
-111.441 34.4178 0.00044362887061 0.0022437477373 -0.000216743932746 -0.000920281576713 3.71816 3.77814 -8.76270427899 6.54930156828 -1.62234044857
-110.806 34.3371 0.00245569027184 0.00216758073579 -0.000654333376367 -0.000271191541988 3.4595 3.51466 -9.05929817187 9.72067076205 -3.25240997727
-109.95 34.5293 0.00269165610842 0.00133375386204 0.00118018935225 -0.00161566562254 4.04409 3.99591 -3.80844865323 8.39874587506 -2.89850095428
-109.29 34.4275 0.00194966946133 0.00118423857011 -0.000354956396327 -0.00178529079531 3.95044 3.87112 -4.23038092159 6.48599292075 -2.24002293711
-108.498 34.5421 0.000785398063484 -0.000327040210137 -0.00176494960808 0.000218287200847 3.80158 3.75731 -1.347845637 1.0130336735 -0.301752157782
-114.524 33.7503 -0.00109971351058 -0.000763249408917 0.00397987155009 0.0052867493813 3.59089 3.59088 17.1948577126 -4.38654225605 1.26156716355
-113.829 33.8142 -0.00218164721492 -0.000126001270222 0.00424335041337 0.00218767307776 4.02588 4.11836 20.2888736925 -6.22213216414 1.2474078707
-113.005 33.9383 -0.00195083479098 0.00169569751703 -0.00221977530224 2.50239853785e-05 3.85854 4.02206 4.3317374378 -0.424310884268 0.227326846122
-112.333 33.9535 -0.000629020381726 0.00246523752429 0.000158926563026 -0.00068139975202 3.65511 3.75805 -3.08527749748 4.91774071398 -1.00581588871
-111.478 33.8798 0.000837047160761 0.00278237151207 -0.000144143452197 -0.000297850991543 3.60918 3.78086 -5.59695868583 8.399693716 -2.32323400927
-110.844 33.6953 0.00268442059186 0.00188516623257 -0.000510856997461 -0.00067260058822 3.4336 3.51093 -6.83009681113 9.33874893037 -3.27991086909
-110.034 33.7776 0.0032289974455 0.00252555515241 3.58575158158e-05 0.000215546783572 3.72256 3.7827 -3.76773157645 11.9025190193 -4.09576571284
-109.254 33.9571 0.00284904158358 0.00171589589987 -0.000264654589849 0.0013347873494 3.66964 3.65139 -0.850279790031 9.44441489943 -3.22844680136
-108.377 33.9085 0.000986137363106 0.000558953464927 -0.000962336555508 -0.000687475800636 3.94618 3.89582 -1.79731211553 3.13965963276 -1.08977038099
-113.657 33.1999 -0.0024442264012 -0.00141544944331 0.00579211528178 -0.000836719654487 3.8063 3.80443 19.8193576077 -8.96257635302 2.50922793806
-112.946 33.3627 -0.00249486787231 -0.000592340972184 -0.00231825538096 -0.00144177618537 3.51515 3.64789 12.1462445168 -7.25017187836 2.02936080391
-112.158 33.2893 -0.00127987607047 0.000746302273253 -0.000508722844616 -0.00078599972608 3.60638 3.77702 4.86106293989 -1.14948013928 0.380591833352
-111.427 33.341 0.000400684196353 0.00135962726754 0.000983959822714 -0.00125120181397 3.40919 3.5534 0.202926261085 3.88573187988 -1.20040526361
-110.472 33.2969 0.00256007784727 0.00216632802137 -0.0012914584499 -0.000496344335933 3.43732 3.54467 -5.09911016234 9.69396705222 -3.35027037828
-110.036 33.0851 0.00413785817057 0.00247679449044 -0.000895421079754 0.000527178978636 3.51745 3.68353 -1.80347358426 13.3706585967 -4.74194732008
-109.266 33.2921 0.00347145311532 0.00149886089569 0.000407956301662 -9.20930109666e-05 3.82164 3.8201 -0.0953795409603 10.0851419648 -3.52077301987
-108.592 33.1132 0.00162726306093 0.00149890014413 0.000246743123335 0.000403330563996 3.97716 3.8267 -0.367382381373 6.22744536844 -2.20981836687
