-112.228 32.7006 0.000673050733638 -0.000514022948832 -0.00561207260681 0.00166644747243 5.27662 5.29156 -6.52850385619 6.5090354802 0.741203135324
-111.704 32.5618 0.000697307108967 -0.000752482908715 -0.00146309574116 0.000461306813467 5.84204 5.75482 -6.77401373368 9.11481223809 0.799987218281
-110.739 32.5716 -0.000109607783088 -0.000929327180595 -0.00184103587474 0.00145476279529 5.98751 5.90826 -7.06718661914 9.81816898351 0.0240321596123
-109.97 32.6399 -0.000298449923198 -0.00102634324833 -0.000549750667237 0.00248644098722 5.47783 5.61328 -11.0684434684 10.316418273 -0.0826420954199
-109.303 32.7663 0.000367517815476 -0.000457239492206 -0.00385048213179 0.00225674288613 4.84275 4.88076 -7.2187493545 5.51400565141 0.424428391629
-111.457 32.0022 0.000372394339187 -0.000289287068382 -0.00658886455462 -7.43339677353e-06 5.46116 5.43316 -4.03016753757 3.49933029595 0.398908713799
-110.816 31.7748 0.000215961773165 -0.000261716598459 -0.00127267785429 -0.000193968355456 6.01951 5.97911 -3.47630968012 3.02388932201 0.23690636805
-110.046 31.9737 -3.02582937319e-05 -0.00107154194994 -0.00366940677163 -0.00186923578511 6.34086 6.22955 -3.46324241736 11.646189073 0.0503611490645
-109.259 31.9989 -6.720841128e-05 -0.00116793644852 -0.00249875706762 0.00243846120666 4.60292 4.60423 -7.73188193076 12.6089312351 0.0992644308892
-109.991 31.439 0.000292302523479 -0.000254104100463 -0.00597757297367 0.0021503787868 6.24173 6.21404 -3.39070396301 3.00757323985 0.31047436783
-109.281 31.3757 0.00025738834336 -0.000352302766856 -0.00562439182445 -0.00189635563539 4.87178 4.84893 2.90756419739 3.75306261016 0.242596004125
-122.707 48.7197 0.000129779760476 -0.000498945232369 -0.00981689164634 0.00122710104287 6.43461 6.41077 -3.55452267624 5.13589364655 0.226425980659
-122.085 48.9983 6.53720252265e-05 0.000108401377327 -0.00554808243975 0.000259444973844 6.85294 6.82428 -7.92300875345 -0.874160588492 0.0342913737904
-121.48 49.0983 -0.00038549563331 -0.000155324015734 0.00029138216596 -0.00105049050425 6.03644 6.03801 -2.88239186475 0.875051343499 -0.353133301342
-120.384 49.048 0.000230736095985 -1.0958824412e-05 -0.0106307669227 -0.00432014274989 8.61205 8.85691 3.00023261733 0.240646557486 0.23098898913
-119.272 48.9534 0.00261376018728 -2.95510723122e-05 0.00572143833597 -0.00319338444816 4.27043 4.19284 1.88452962925 1.91339642226 2.61078934815
-118.585 48.9752 0.000344695541116 1.57104016499e-05 -0.00341602044137 0.00134044188617 4.93167 4.68269 -3.97623800608 0.382532221743 0.338234164204
-117.559 48.9813 -0.000822597832196 0.000729463087299 0.000196195060189 0.0018572255781 4.61593 4.52188 -3.52243926985 -8.61114998114 -0.911595240492
-116.363 48.958 -0.00139830236966 0.000523011351384 -0.00077442059484 -0.00152304037012 4.8133 4.6187 0.550674173042 -6.12050458768 -1.42065496246
-115.653 48.9339 -0.00270806997498 0.000272294502587 0.00275770136634 0.00177587335558 4.65094 4.57315 -3.16665146773 -5.71284561558 -2.72172385261
-114.413 48.933 0.00111202037925 0.000744703523468 -0.00552261894935 -0.00091301677692 7.54432 7.35403 1.08541928037 -7.75619727117 1.10396852986
-113.422 48.9725 0.000640414087846 -0.000188097242702 0.00210324593966 -0.000899197662786 6.07931 5.85302 1.03988949487 1.99426795582 0.640124800654
-112.733 48.9777 -0.000171786266786 -0.000164866355302 -0.00649740365041 -0.00276134124538 7.19054 7.06395 3.15971642023 1.85096779392 -0.179434828669
-111.597 48.9482 -0.000121446417065 0.000114283423552 -0.00447954794486 0.00120408692361 4.8257 4.81668 -1.13483342452 -1.24960111084 -0.122866686758
-123.504 48.0575 0.000436997052178 -0.000383319160143 -0.00970527936795 0.000689092369453 7.12721 7.03625 -4.63615881962 4.68285724332 0.512706107694
-122.096 48.2641 -0.000630174183227 -0.000268092058985 -0.00140638020438 0.00113390056232 7.01224 6.90949 -4.03223512148 1.37355712848 -0.564120138239
-121.484 48.5183 -0.000920989479491 0.000224853958593 -0.00492494545006 0.000458992056517 6.87601 7.06396 -2.99381646741 -3.83743013184 -0.946040715182
-120.12 48.4607 0.00311009963397 0.000882030259442 0.00473697625416 0.000525845735962 4.14372 4.28872 0.13335215825 -5.69303069716 3.00390531941
-119.333 48.3584 0.00130030472774 0.00112050152031 -0.00248581958674 0.00329296909199 4.90422 4.78173 -4.8642285763 -8.89836987646 1.0796957152
-118.149 48.4226 -0.000557231177549 0.000974023651276 -0.00144682070749 0.00192586395037 4.65042 4.50886 -6.25978762617 -10.9371477253 -0.729618822128
-117.225 48.2995 -0.00150946487377 0.00201979737242 0.00356925839543 0.000233737955887 4.29349 4.36035 -4.4977860461 -23.0054974679 -1.78649186521
-116.367 48.4366 -0.00104161478076 0.00180546903481 -0.00289455470722 -0.000943593604627 5.03168 4.95491 -2.88267015185 -19.8936290196 -1.22700520094
-115.589 48.4694 -0.0029459916647 0.00142575189106 0.00546202058224 -0.000767103877749 4.2261 4.2334 -5.61204738359 -19.2377111713 -3.11971073382
-114.468 48.3739 0.00200675743882 0.0014969407462 -0.00354383719327 0.00361623364281 7.05368 7.72925 -8.37963159917 -11.839668047 1.71092549004
-113.273 48.3609 0.00111344083086 0.000836657755854 6.24592708494e-05 0.000910208907337 6.3201 6.10328 -2.55009885974 -8.19381958491 1.06102618524
-112.562 48.3129 -0.000175070168223 0.000251011580022 -0.00773933851267 0.000802286271042 6.48752 6.08233 -2.30109905163 -2.77583806347 -0.186615847433
-124.566 47.9475 0.000719955543823 -0.000148259970526 -0.00373618768676 0.000471202845674 4.94086 4.94381 -2.64470810167 2.88909828068 0.735052408563
-122.972 47.7172 -0.000135567886651 -0.000422516108166 -0.00722628785344 0.000735157689651 7.293 7.12561 -7.1312640172 3.69868401031 -0.0197500542481
-121.689 47.6947 -0.00133492823546 -0.000412803154148 0.00232109763419 -0.000620494462287 6.55611 6.55832 -0.380990811568 2.34884815298 -1.26919812957
-120.061 47.6902 -0.00105687123392 -6.76184857707e-05 -0.00899185662013 -0.000946547497939 8.26324 8.62984 2.6211060806 0.0598762610088 -1.05113223073
-119.045 47.7849 0.00161815379841 0.00159653119664 0.00358744052391 -0.000663071782761 4.73351 4.78229 1.7616690297 -15.314582876 1.51913621585
-118.274 47.8006 -0.000672717722002 0.00142710271808 -0.00344023670301 -0.00124341194275 5.0907 5.01136 1.79996965581 -15.0146400048 -0.742698138622
-117.308 47.8192 -0.00167663993693 -0.00028504059011 0.00272237086925 0.0013663766714 4.36537 4.42083 -3.53161090016 0.672044158888 -1.62540893331
-116.256 47.8397 -0.00170003042834 0.000639693805892 -0.0010123260875 0.00263708476544 4.52074 4.57667 -11.9538030234 -11.0783153584 -1.80800584171
-115.475 47.7092 -0.00361930498262 0.000267626148509 0.00679686781209 0.00392186481043 3.93992 4.07005 -11.0374392973 -11.6874377762 -3.58045971623
-114.574 47.6795 0.000514595542011 -0.00027822360715 -0.0128324539284 0.00110664774895 9.6849 12.5567 0.309022244699 3.09333525036 0.522259898838
-113.747 47.7687 0.00189186997493 0.000940004764858 0.00660755598919 0.00023294011017 5.6211 5.69115 1.02251354487 -9.8912998521 1.88706333458
-112.607 47.775 1.78650782408e-06 0.00102491399159 -0.00750775157416 -0.000981964524177 6.93745 6.76354 4.18697813579 -10.9621753354 0.0681723409859
-111.746 47.8012 -0.000544618642717 0.000734228384164 -0.00420956048699 -0.000868091211328 4.94468 4.92377 1.53513449091 -7.73835562106 -0.522582284092
-123.771 47.1161 0.000500973130695 -0.000112110775317 -0.00987038059442 0.000972272110911 6.38287 6.2989 -1.75414716565 1.98474248521 0.512994791888
-122.803 47.1109 7.09045091664e-06 0.000226482900789 -0.00449156335602 -0.000662468736373 7.29126 7.0106 -2.35916526018 -2.20321991551 -0.0336609022377
-121.989 47.1881 -0.00100809422456 -0.000786040107544 0.0028890423557 -0.000720330422991 6.02488 5.99819 0.441008996131 6.58954536073 -0.905715410079
-120.844 47.1935 -0.000871053604494 -0.000527584422707 0.00120462459283 -0.00364573976682 6.50791 6.47183 6.06052111441 5.25064291252 -0.866552058467
-119.973 47.1936 -0.00172913970016 0.00014597907362 -0.00952696313364 -0.00249053850913 8.92265 9.44524 4.79757177395 -1.82383198384 -1.73164788332
-118.921 47.0573 0.00223133730102 0.00164072420878 0.00377010856747 -0.000312469155218 4.71372 4.69927 5.27969991234 -16.84977526 2.23513131302
-118.309 47.0615 0.000372733270922 0.00144661887608 -0.00226933292096 -0.00055666436758 5.40459 5.27898 4.37213586879 -14.8545691522 0.364398643584
-117.276 47.0547 -0.000176570490202 0.000448901264549 -0.00279684792562 -0.00253677212573 5.10744 4.94094 3.3818062142 -4.66950617776 -0.18102122638
-116.335 47.0477 -0.00188629165915 -2.11314883471e-05 0.0068091124574 0.000452928429543 4.34492 4.3988 0.172788668736 -0.84215729999 -1.88240105504
-115.353 47.0528 0.000916718726926 -0.000681831444601 -0.00998358818754 -0.000666060799474 9.82303 10.2635 5.4382833314 6.6705434335 0.881222980414
-114.459 47.0943 -3.72282005016e-05 0.000280111703058 -0.00258729592002 -0.00243625694808 7.07095 7.07161 5.54210585309 -2.93144685533 -0.0193493722095
-113.506 47.0816 0.000879082286091 -0.000232205943898 0.00370186931037 8.99836237915e-05 5.64347 5.75418 3.74886328031 2.05485838481 0.867914435322
-112.52 47.0418 0.00033012535052 0.000904809500511 -0.00675987169673 -0.000292175499825 6.01168 6.07429 4.7299540893 -9.93748252382 0.396102385806
-123.563 46.5459 0.000204097321546 0.000371146222707 -0.0084077825965 -0.00292925580317 6.19685 6.15232 5.0150065265 -3.53634372654 0.181011964572
-122.72 46.5934 0.000280975627009 0.00068937634619 -0.00276849733367 -0.00239728191533 8.08793 7.98739 2.61733310095 -6.56788481096 0.216162581121
-121.761 46.5605 0.000128371728201 -0.000444148536409 0.00152392088578 0.000807203537524 5.68345 5.54596 -1.70531332562 4.59426019569 0.195696334183
-120.979 46.5433 -0.00104855999833 -0.000683556690085 0.000606880407029 0.00191590832069 5.37968 5.22789 -2.84867254828 5.0490986317 -0.92136507561
-119.855 46.5585 -0.00310680230227 -0.0009959326018 0.00123169263784 0.000416381001622 5.80323 6.23228 -2.99015156517 5.15516956945 -2.91714916666
-119.06 46.4911 -0.00182326054541 0.000133503515269 -0.0119703383502 -0.00100760683787 11.6516 16.2035 -5.16811505374 -4.71746125016 -1.81728541492
-118.146 46.5139 0.000785270974533 0.0013774440849 0.00786502800725 0.0021477223705 4.43672 4.53939 -0.708755674742 -13.366282192 0.654281251781
-117.11 46.485 0.000183281959573 0.0017243995078 -0.00251043829118 -8.45766628989e-06 5.28504 5.37222 3.56587550163 -17.8729950304 0.174367255487
-116.209 46.3559 -8.56381427923e-06 0.000120804508704 -0.00159286518323 -0.00271482146383 5.05384 4.89538 12.3220061916 -1.23105530685 0.0106501921911
-115.571 46.4151 -0.00180037661288 8.63415979264e-05 0.00669877411559 -0.00398527961964 4.07859 4.07252 11.3305164613 1.9189155318 -1.76739880363
-114.188 46.4423 0.0017701744048 -0.00145683113408 -0.00420951355963 -0.000674803217193 6.48142 6.77068 3.23723250267 14.9462673506 1.73205560703
-113.493 46.4162 3.61505566655e-05 -0.00115142321247 0.00203687290171 -0.000536251079028 5.66566 5.47181 1.08248765154 12.2613911029 0.0397779701762
-112.641 46.4246 -0.000757879508915 -0.000592075669362 -0.00440690918799 6.53295501521e-05 6.30124 6.30022 2.00762446169 6.5340138507 -0.771714726181
-111.676 46.5336 0.000291337867601 2.50047074002e-05 -0.00649041037368 0.000672749650056 4.89074 4.937 1.39013142921 -0.349295924903 0.291877966606
-120.728 40.6183 -0.00138878416828 0.000108295426224 -0.0078468323969 0.00187872253292 5.90954 5.81091 -2.67047975405 -3.29241783756 -1.38826876095
-123.559 45.9306 -0.000165515482162 0.000478210389048 -0.0093225130864 0.000480712078185 5.96172 6.02355 -2.43493708955 -4.94386784934 -0.253269859235
-122.419 45.9325 0.000588276713081 0.000459782997794 -0.00250897387458 0.000945756692833 7.84166 7.85671 -5.19904651078 -3.15632672352 0.470913708281
-121.459 45.8839 -0.000151761645239 0.000342588939935 -0.000379478628917 0.000303383815313 5.75472 5.71185 -1.69190851302 -3.62680790877 -0.201791157695
-120.782 45.7664 -0.000786349351687 0.00029848754553 0.00167018462684 0.00103652821134 5.36384 5.23231 -2.07979556329 -4.16016057854 -0.82213244586
-119.928 45.8951 -0.00289926605928 -3.29168865455e-05 -0.00196480095726 0.000613082777323 5.89995 6.001 -2.55238865155 -3.99742806839 -2.86288881611
-118.777 45.7971 -0.00164827398785 -9.00040036066e-05 -0.0136093871154 -0.000488545599272 13.4471 18.0962 -6.55438678015 -2.5025295987 -1.59619973493
-117.909 45.7087 -0.000102829700722 -2.03491867876e-05 0.0172431827766 0.00373852341252 3.63367 3.71599 -1.54391300753 0.0974287874522 -0.100129627145
-117.228 45.9734 0.000890532884973 -0.000576896798449 -0.0163660685407 -0.00119916178716 18.2579 47.8695 5.3987321814 5.7443560443 0.875924237136
-116.155 45.8883 0.00098636658678 0.000723778751559 0.00961943442182 -0.000393690134064 3.91515 3.9889 6.98412657226 -8.21707221809 1.03181159833
-115.255 45.7565 0.00180010378356 -0.00141658826847 -0.00492942395703 0.00309204219006 6.89324 6.88211 -4.55849171204 17.1240492368 1.9622492198
-114.332 45.7893 0.000745704705238 -0.00125148777103 0.000397341935614 0.000110678067304 5.98697 5.81527 1.3625522874 13.3189152234 0.75791046069
-113.37 45.8122 -0.000436940474703 -0.000417091324906 -0.00136745947516 0.00110462313166 5.93775 5.71646 -2.27769752463 4.1508928136 -0.410556760911
-112.493 45.8409 -0.00113960325182 -0.00061360276755 -0.00594266526912 0.00106481068141 5.91615 5.83799 -1.14636462408 6.20343698141 -1.12029515231
-123.281 45.3153 3.04594848183e-05 -0.000401205048792 -0.0109479861809 0.00170089271094 7.05572 7.13215 -3.65884020569 3.94066750897 0.112891253258
-122.478 45.2059 0.000230210795482 -0.000530983752146 -0.000429998971202 0.00139903035281 7.43077 7.47859 -0.91060627593 5.56262474537 0.307310928037
-121.317 45.2422 -0.000578549872766 -0.000104638307644 0.000316318317071 0.00138037837051 5.86458 5.85282 -0.78357113159 0.264213949752 -0.559361893864
-120.635 45.2357 -0.000906159572118 -2.23621745045e-05 0.00270928151972 0.00075910514493 5.24366 5.22625 1.34596032271 -0.583495098554 -0.900632560596
-119.669 45.2664 -0.00212178350112 -0.0001891259306 -0.0017336642958 0.000806569016007 6.49055 6.48954 2.843985561 0.831555620722 -2.10953908396
-118.96 45.2904 -0.00170721977189 -0.000350220903734 -0.00658303054825 0.00366161039998 7.52707 7.95773 0.68350916909 2.18313309177 -1.67405260514
-117.78 45.2781 9.05758623622e-05 -0.00113053889898 0.0122247790988 0.0010829071122 4.22377 4.27697 4.07725147112 11.6602830999 0.0969821897138
-117.12 45.2925 0.000704211888333 -0.000386476595014 -0.00921014569965 -0.00132779712692 9.22582 9.329 0.0712827678932 4.4870013244 0.728659363479
-116.268 45.3997 0.00130742816857 -0.00104288232027 0.00201388072308 0.00140177252512 5.95163 6.02443 -3.26730368011 12.3695123999 1.41854139505
-115.326 45.1285 0.00124584692662 -0.000384456938342 -0.000345979955639 0.00048932597287 6.19265 5.95794 -1.49969271081 4.98036704921 1.27056468614
-114.233 45.0931 0.00026425527839 -0.00039721141541 -0.000582132063441 0.00138473309145 5.80729 5.59868 -0.708301398466 4.32884032796 0.282165132629
-113.46 45.2432 -0.000660107388679 0.000251846058257 2.8768426629e-06 0.000739131639035 5.88928 5.75137 1.53503176989 -2.65975371374 -0.659321657004
-112.489 45.166 -0.00102526852823 8.81602808331e-05 -0.000863953546008 -0.00101661055448 6.3757 6.24203 7.21289106759 0.311838646343 -1.00857728513
-111.805 45.2285 -0.00136192427847 0.000441845834901 -0.00675563007482 -0.00269525444317 5.60698 5.57249 4.66674952283 -3.60160801299 -1.32327155192
-124 44.6764 0.000676745719527 -0.000209294043271 -0.00852380220758 -0.000823867005802 6.11686 6.14728 7.24511210144 2.23209420358 0.682132320163
-123.292 44.6765 0.00106133996255 -0.000496536884248 -0.00676386833735 -0.000561986029658 8.93788 8.72792 3.80778969907 5.70430491285 1.09689095653
-122.186 44.6837 0.000170133383278 -0.000491966772316 -0.00126456056661 -0.000847312818246 6.77587 6.61143 6.75496942012 4.92046744096 0.176618541508
-121.227 44.6473 -0.000596930969993 -0.000162421749101 0.00159685272201 -0.00220600788402 5.42905 5.33652 6.23384164287 1.56597082898 -0.595179262368
-120.335 44.7344 -0.00154090395192 -0.000237684009095 0.000363143531794 -0.00132859323405 5.53034 5.39617 6.90353059641 2.58859696676 -1.54365272585
-119.565 44.5913 -0.0023915774167 -5.20367295628e-05 -0.00686065009597 -0.00208597156598 6.4715 6.60337 13.5494874004 3.85194916103 -2.37617467897
-118.67 44.5191 0.00164850330185 0.000759479257553 -0.000897208375274 -0.00352352098015 5.52539 5.77517 4.80200839367 -7.6962233353 1.64510696832
-117.664 44.6653 0.000835749342086 0.000576291189355 0.00356688621059 -2.44053392164e-05 4.89168 4.82313 1.49941736077 -5.50756375983 0.806055361427
-116.747 44.589 0.00091130400197 0.000562875739073 -0.00345794975771 -0.00136542711825 6.32186 6.21761 2.87224021713 -5.70607485718 0.902936475974
-116.013 44.7035 0.00133846862622 0.00038991120085 -0.00104920253608 -0.000171208879398 6.35002 6.26594 -0.0694119623357 -3.26973301036 1.31409372728
-114.855 44.5494 0.00115618336655 -0.000210085051944 -0.00187547044018 -0.00053763581844 6.07821 5.74578 2.99840523892 2.08578009939 1.15392231327
-114.255 44.5642 -0.000456021191708 2.300607271e-05 -0.000641743752431 -0.000137739094991 5.63307 5.46222 3.55572807626 -0.110589741359 -0.455215503604
-113.367 44.6165 -0.00112624887083 8.42458747489e-05 0.00241303679636 -0.00049379478445 5.40237 5.38133 8.45288004378 0.591966599921 -1.10720805312
-112.644 44.6173 -0.0015092741458 0.000337102126203 -0.00246709595481 -1.2958035169e-05 5.77245 5.8059 8.42143202824 -1.44918880145 -1.45169802854
-111.248 44.7038 -0.0016375503987 0.00172696153859 -0.0110413002126 -0.00395116291953 5.86742 6.01378 5.76963045827 -16.7657740824 -1.45110603446
-119.023 36.6801 -7.50966098774e-05 0.000354671721459 -0.00747449433502 0.00105421246999 5.88714 5.90043 -2.22289256751 -3.66053235221 -0.122011452108
-123.83 44.0035 0.00106273208143 -0.000103434675972 -0.00932860861415 -0.000560057308446 6.61546 6.6225 0.396899314205 2.5018973553 1.06657630297
-123.278 43.9726 0.000858876789769 0.00011029929452 -0.00382709605404 -0.00267432050863 8.40418 8.09575 2.60132147225 -0.24679216594 0.843805507881
-122.411 43.7941 -7.82916875075e-05 5.03945461988e-05 -0.00387127218679 -0.00391777757349 6.36858 6.23333 3.97242822937 -0.54916889841 -0.0813699698098
-120.211 43.9437 -0.0016304214283 0.000313187628497 0.00106381289908 -0.00169728716321 5.03818 4.94515 8.04968422743 -2.61342711535 -1.61907277895
-119.504 44.082 -0.00425439637692 0.00103868691089 -0.00663685663434 -0.00303809342293 6.12189 6.38844 13.8554880361 -4.27586317084 -4.06256844966
-118.569 43.9104 0.00239873751199 0.00145678727964 -0.00547022669625 0.000541876825118 5.22763 5.35933 -0.0371417644245 -12.6931671071 2.26133340155
-117.741 43.9733 -0.000568732473279 -0.000631611344692 0.0113070123287 0.000697367658504 3.63636 3.62678 2.07113340521 6.25947964431 -0.542197346392
-116.803 44.086 0.001712544732 0.00220496816771 -0.00498947683768 -0.0016633973486 6.65749 6.73041 1.70291949977 -22.2224631204 1.63142369311
-115.958 43.9121 0.00200726338205 0.00106717157387 -0.000780626735597 -0.000468944740894 6.22039 6.34566 0.0154050862563 -9.96005583392 1.94467353967
-115.133 43.7945 0.00190602935255 -0.000105072496604 -0.00173772910776 -0.000243192074466 5.61532 5.55273 2.40521822221 1.19020041737 1.90646254388
-114.117 43.9146 0.000239851800911 -0.000242826302825 0.000572951324595 -0.00188837342729 5.06662 4.9241 9.04978352348 2.23787618513 0.207962148961
-113.452 43.9286 -0.00145986851725 -0.00121307449441 0.00101187102453 -0.00225802161471 4.96897 4.7944 12.1261759404 15.5616332319 -1.65879875424
-112.485 43.9997 -0.00325910292652 0.000136945189922 0.000779520491015 -0.00166207962965 5.38268 5.47552 12.0191999974 5.35423826134 -3.17028429445
-111.487 43.8756 -0.000909920709895 0.00123856547303 -0.0287715292042 -0.0011991381541 25.8957 -nan 23.8107696675 -8.30632895052 -0.335923623606
-110.576 43.92 0.0017892091259 -0.000480536183191 0.0249736485955 -0.0059031968268 3.17279 3.21328 2.66587247174 4.14269679844 1.75990973252
-120.153 43.2515 -0.00293880620488 0.000868963633319 0.00372902287193 0.00246173924855 4.7342 4.72259 -0.891763330549 -12.3295432646 -3.02280753532
-119.311 43.3736 -0.00378202901613 0.000837680689338 -0.0153269372335 7.9997386055e-05 11.595 29.7242 -6.6455992617 -16.4415166912 -3.87363041079
-118.474 43.358 0.00408129553248 0.00251676741271 -0.000771645007737 0.00127895171584 4.93628 5.29367 -4.22186979835 -18.7653813375 3.62723930989
-117.754 43.3471 0.000878622100353 0.00097016860374 0.00862029051123 -0.00372090477934 3.77557 3.76769 4.37430678578 -9.97283568287 0.876966620286
-116.767 43.4275 0.00307359218172 0.00150415346985 -0.00506747511557 0.00383756657898 6.65225 7.39547 -11.5826939132 -6.59117850474 2.56468107366
-115.828 43.4151 0.00395506219012 7.03480197085e-05 -0.00122714991571 0.00206206719871 6.02518 6.16572 -4.36960282308 4.68425024521 3.91179184272
-115.098 43.25 0.00158246291818 -2.97984746824e-05 0.00108494851788 0.00176930311425 4.83198 4.67983 0.0460188030781 1.07426028985 1.58216790588
-114.174 43.3979 0.000968668395993 0.000378777575513 0.000783108156341 0.00039429308007 5.00989 4.82615 4.69768967983 -4.48258392099 0.985253948539
-113.518 43.3234 -0.00147144073446 0.000412834263058 -0.00103070524928 0.000899302079402 4.98745 4.70775 3.10016984015 -3.97727467847 -1.46003389553
-112.433 43.3998 -0.00389393378533 0.00120760154424 -0.00626033791648 0.00195270557235 6.40726 6.59321 3.88956547552 -10.7128291834 -3.82417533325
-111.612 43.2741 -0.00116430461123 -0.00178331080925 0.0110399761611 0.00568913045003 3.33336 3.33897 -6.73706838592 17.5644140383 -0.937291658233
-124.469 42.8088 2.10159556261e-05 5.5529145516e-05 -0.00899410536766 0.00123790978689 4.82704 4.8302 0.710024305293 -0.505750722871 0.0127444570359
-120.893 42.7258 -0.00149958900076 -0.000372970975916 -0.0055287046489 0.00106634279457 5.02506 4.84428 -1.13333135167 1.67906648452 -1.43559281113
-120.251 42.7991 -0.0041362724299 0.000437580330122 0.00158624718557 -0.000191011225183 5.38748 5.43221 -1.08580734987 -9.65700316007 -4.15839738681
-119.247 42.6912 -0.00345826277958 -2.1716407544e-05 -0.0160203058817 0.00194040262925 11.8496 18.7008 -18.8032563127 -14.2742756734 -3.14270226645
-117.725 42.6996 0.00288513300555 0.00146816004189 0.0129411416432 0.00684530561595 3.90603 4.04456 -10.0674326654 -7.16698068661 2.42382377428
-116.87 42.7779 0.00289247521222 -0.0010617494843 -0.00951443075173 -0.00442837761257 7.89292 8.0824 8.4652440865 8.58301088167 2.79883420005
-116.032 42.7713 0.000938971550431 -0.0010823852279 -0.000579018092339 -0.00209386718047 5.48013 5.37081 5.84905559199 10.8504334263 0.890628711823
-114.903 42.636 0.000772620297596 0.00135061726513 0.00159170704368 -0.00283962781683 4.66874 4.53442 8.42084985687 -14.9651890084 0.905900971429
-114.084 42.6493 -0.000970342267168 0.00192879800531 0.00127142289899 0.000308265331952 4.88633 4.6971 5.18854056994 -19.8297418847 -0.862766071367
-113.176 42.5452 -0.00264135431437 0.00219030440002 -0.000729672112167 0.00270377328134 5.25914 5.08557 3.26739909073 -22.4452036601 -2.5699665732
-112.531 42.6852 -0.00408511424628 0.00261862728815 -0.0101535774739 -0.000142543805197 7.15724 7.3701 3.79013797102 -25.8885950029 -3.95206538589
-111.588 42.8321 -0.000625636420215 0.000713483898864 0.0116389230229 -0.00442287731891 3.53463 3.52412 -0.273599580635 -7.77279621903 -0.633142647977
-123.602 42.156 0.000522709819962 -0.000143074992644 -0.00808897492436 8.55545006515e-05 4.73711 4.73967 -1.22836305065 2.24310613823 0.539307664864
-120.834 42.0472 -0.0013123436127 0.000512451544122 -0.00121587522311 -0.00142938693741 4.54723 4.46413 2.4868541653 -6.06645535849 -1.34556679822
-119.34 42.0187 -0.00291376700175 -0.000195348339492 -0.01055945465 -0.00166867310577 12.7352 14.9771 -3.86383587109 -2.89973296965 -2.84217673746
-118.344 42.1901 -0.00132099062246 -0.00105555617373 0.00212093255538 -0.000425131606617 11.8949 31.095 -5.7039372504 8.1284444812 -1.10383173719
-117.667 42.0192 0.00150408212869 -0.000354208819887 0.00477383185189 0.000101803038992 7.11707 8.27257 5.35067761017 3.40750048116 1.4984733928
-116.471 42.0773 0.00209197568368 -0.000179543123831 -0.0082314333907 0.00045819135708 7.12225 6.7916 3.8154688732 1.81188466529 2.09152599783
-115.754 42.1669 0.000916654552636 0.00014730242408 0.000520059125427 0.00217166247599 6.11139 5.77997 -0.152197401328 -0.978110088793 0.906504337851
-115.016 42.146 -0.0010610205674 0.00102271568235 -0.00285314692011 0.00155663265972 5.73339 5.72243 -0.215296424107 -11.3036427333 -1.11169605825
-113.944 42.0886 -0.00101442221372 0.00305923365915 0.00350387618576 -0.00208719852831 4.78169 4.64272 9.06646225207 -30.8554863835 -0.629981853327
-113.24 42.0343 -0.00306327831401 0.0037676738139 -0.0105956448747 -0.00647943123478 5.94881 6.39323 18.2118451655 -29.0927978479 -1.85281847914
-112.386 42.0041 -0.000196536176086 0.00124882130418 0.00915528043936 -0.000209614359832 3.31719 3.37095 -9.14786385784 -13.5598061799 -0.412760481544
-111.432 42.0149 -0.000296924371705 0.00126704307959 -0.00352928150289 0.00119194119955 4.18972 4.26576 -8.36467345787 -14.0210054978 -0.485007485473
-120.74 38.7552 -0.00130297982104 0.000327946807147 -0.000382768249532 0.000485234092667 6.98182 7.05627 -1.08114071223 -4.97283535682 -1.33490728326
-124.122 41.8473 0.000263421436608 -0.000244835260586 -0.0130342520769 -0.00230674772389 5.44484 5.45006 1.32432601284 2.70193311064 0.292931195931
-121.146 41.3593 -0.000995068645515 0.000397235250143 -0.002967928124 -0.00150893297875 4.68967 4.65305 2.53476161077 -4.69724449714 -1.02177786367
-120.477 41.2047 -0.00237519331426 0.000123088654238 -0.00652545767199 0.000889534050679 6.98693 6.94345 -6.56035316761 -6.53777504655 -2.34267315437
-119.171 41.3884 -0.00216598436883 9.58478340226e-05 -0.00125264088365 -0.0021169696822 9.50395 9.83107 -2.30448732926 -3.9484677279 -2.15898192152
-118.379 41.4483 -0.00182226498874 -0.000610678448486 -0.0178550100073 -0.00454202411592 21.0019 -nan 11.9316565046 8.45997533838 -1.88288126617
-117.45 41.423 0.000740674909093 -7.51114298587e-05 0.0274800719671 0.00161108118519 3.00563 3.02076 -4.10715908593 1.88869743748 0.743664491438
-116.54 41.522 0.00257654804024 0.00135158963009 -0.0120711843786 -0.00791357867466 9.5169 9.70223 14.9351970097 -18.9521372536 2.78976103658
-115.791 41.4311 0.000813522354165 0.000891482799787 -0.0130898573825 -0.00168288672091 8.21473 7.55911 1.70498095012 -9.0747792375 0.788935065072
-114.915 41.4157 -0.00148828617489 -0.0005769380188 0.0162965907286 -2.57917896851e-05 3.61769 3.58162 -1.60779650484 4.876580867 -1.44084120956
-114.165 41.3602 -0.00329605686802 0.000314987221249 -0.0211903790802 0.00142746807732 11.8689 16.0297 -18.1653221561 -15.2604169384 -3.19957223672
-113.347 41.503 -0.000293643407404 -0.00107524997509 0.00670510026369 0.00998504847349 3.44268 3.50231 -14.430864054 10.1339986793 0.0157616866339
-112.448 41.4632 -0.00172102992314 -0.0007526997784 0.00304214319806 -0.000757692608234 3.73406 3.79653 -10.2268592701 4.30075987154 -1.54031255764
-119.835 40.7484 -0.00242550063261 -0.000456762537666 -0.000594741674418 0.00167177959044 8.25951 8.60735 -12.436901128 -3.34120853026 -2.15797319379
-118.971 40.7797 -0.00203521079612 -0.000519645026845 0.00496707996057 0.0017063567418 7.60148 8.15162 -9.84085697839 -0.331366083841 -1.82755244397
-118.134 40.7811 -0.00143626146473 -0.00090884464281 -0.0169674809444 -0.00389087930818 18.0821 -nan 8.6616412147 10.2710222683 -1.49382693692
-117.524 40.852 0.000683798683619 0.000574901178325 0.0286167648117 0.00180261011847 2.99021 3.03917 -3.56097694064 -4.88192235499 0.597249452747
-115.736 40.8167 0.00160450198664 0.0015003027176 -0.0244815655262 -0.000684423931194 11.9838 12.4903 -9.19645771198 -11.6817633871 1.24277291326
-115.039 40.8522 0.00024847623956 -0.000253031581094 0.0125048138269 0.000374144235653 3.88224 3.83874 -2.08344204921 2.87075810128 0.269183092916
-114.204 40.8556 -0.00154239276001 -0.00216644182016 -0.00616777412973 0.00222057030608 4.72226 4.7584 -7.56438877592 19.7822719125 -1.14948866176
-113.187 40.8513 -0.000698178881781 -0.0005706088781 0.000125448631245 -0.000614465832093 3.93645 3.96669 -5.11574392313 5.16788806875 -0.626489528606
-112.52 40.8903 -0.00221380390888 -0.000626385939572 0.0128738982501 0.000180861317391 3.42877 3.53661 -4.33958450631 4.39987434291 -2.14331898384
-111.437 40.8869 0.00329915905362 -0.00136275999223 -0.016582470797 0.00171248461118 20.7061 -nan -8.16356950469 19.9132787702 3.46638977815
-110.834 40.9425 0.00272199716436 -0.000659866900887 0.00192413700677 0.00106056286273 7.11445 7.13532 2.53922890936 5.88545773503 2.69106796691
-109.673 40.9763 0.00327121320913 -3.24350413764e-06 -0.00407353398286 0.00163451918252 5.63124 5.51874 -0.770634151307 0.0853396269566 3.2712145576
-109.177 40.8936 0.000708665391269 0.000305548313107 -0.0033330757446 0.00186625925844 4.56966 4.17313 -2.71370363232 -3.12591034214 0.6992280134
-123.82 40.1398 -5.219679196e-06 -0.000103855708466 3.81079098466e-06 5.64933991857e-05 4.00126 3.99387 0.0829214651328 0.994685899199 0.0100459496335
-121.086 40.32 -0.000687664142214 0.000274317303859 -0.00666806694555 0.00170778327093 4.96569 4.89582 -1.71635322272 -3.72038768951 -0.720536882251
-120.918 39.962 -0.000606843869226 0.00067510497581 -0.00751804493232 -0.00113769818698 5.69012 5.60023 -4.10120876217 -7.7613338538 -0.721975278659
-119.827 40.165 -0.00197469457361 -0.000874342516959 -0.00294264025397 9.90428403122e-05 8.30875 8.26719 -8.2257248123 3.6804895586 -1.70078847997
-118.877 40.1614 -0.00204007401737 -0.00130074636445 0.000429076170063 0.00182916163615 8.10239 8.4756 -8.40601507744 7.9280650598 -1.67301988666
-118.155 40.2903 -0.00147772427537 -0.00163382429109 -0.0109670572506 0.00123366530299 10.7366 12.6041 -7.25994908687 13.1750843586 -1.10181657472
-117.19 40.1697 0.00163402359586 -0.000183003351439 0.0243414047905 0.00931317364053 2.93672 2.9663 -6.63432439214 5.03560881353 1.63919535313
-116.5 40.2917 0.000762260326864 -0.000701797760871 -0.0123692939085 0.00666103477854 10.2144 9.83192 -16.3031884791 9.55625660365 0.957015201994
-115.657 40.1313 -0.000505455234602 -0.000555539954037 -0.00783137054302 -0.000937373563677 7.7411 7.88361 -6.19008118955 4.85693736094 -0.407305491201
-114.745 40.2679 0.000959701780927 -0.000714875090707 0.00347284608562 0.00234864706626 4.59585 4.56086 -0.945335687878 8.1463841544 1.0029157877
-113.981 40.1314 -0.000808919541489 -0.00142870855724 -0.000275635815426 -0.00210926506652 4.74167 4.67844 1.61809543125 15.0414308094 -0.794468202104
-112.469 40.2807 -0.00127432616684 -0.00318238836776 0.00230761270584 0.00186199978814 5.5094 5.67506 -4.03348207982 32.7179284992 -0.978045667646
-111.502 40.2067 0.000158956917523 -0.00192768328549 -0.00380816019281 0.000434374509657 8.15297 8.82855 11.193924249 20.1490598118 -0.198151542033
-110.738 40.1948 0.00157653598687 0.00029771252408 -0.00930801421883 -0.00177884140701 12.1686 13.9512 3.3351749357 -4.1930669416 1.59078470171
-110.008 40.2655 0.00316950932237 0.00222556734222 0.00293905895795 -0.00424929588336 6.48448 6.65782 17.2367344712 -33.6565821362 3.69420764509
-109.124 40.2982 0.00105854856964 0.00229727492325 -0.0043870439718 -0.00175694993296 4.67422 4.66974 -0.563086671725 -25.3530683256 1.07383775943
-120.608 39.3028 -0.000595664868628 0.000553879202686 -0.0061985936406 0.000326020169462 6.6294 6.61231 -3.44468652698 -6.48901604177 -0.681873529538
-119.898 39.6785 -0.00134553627033 7.59576156928e-05 -0.00273028578422 -0.000588187194481 7.89025 7.49853 -1.47937392144 -2.52135550559 -1.34400159773
-118.889 39.5399 -0.00144648017947 -0.000468185428728 -0.00139752164068 -0.00154643041059 8.27022 8.14138 1.82506875549 3.84687733347 -1.41497767989
-118.08 39.6946 -0.000941332251383 -0.000869714055152 -0.00404463966518 -0.00130482269597 8.49248 8.49996 0.060989344348 8.0706250109 -0.865749803159
-117.14 39.5516 -0.000432155239794 -0.000551883899573 -0.000558435064247 -0.00329256525182 7.65325 7.67838 5.74476530889 5.80802216793 -0.44647986765
-116.464 39.6202 -0.000247034399293 -0.000223220048034 0.000273827248177 0.0018262318247 7.07123 6.71791 -4.81325281816 1.90517741149 -0.210763973438
-115.754 39.553 -0.000897823965215 0.00041416180842 -0.00587965905726 0.00519935593318 7.8644 7.7635 -9.857421102 -6.35018749299 -0.968761071004
-114.908 39.4731 0.00138791225437 -0.00028894883086 0.000742092485839 -0.00293210122315 5.31358 5.17694 5.60451759746 2.32880509581 1.37235443995
-114.016 39.455 -0.000261972641094 0.000122794272189 5.58713959799e-05 0.000767018667553 5.36222 5.18427 1.05166943005 -1.35866913069 -0.264542709306
-113.069 39.5906 2.0719528655e-05 -0.00114194902481 0.000101134793867 -0.00255681541087 5.65115 5.54928 4.09842061411 12.1587882711 -0.027724739088
-112.279 39.5708 -0.000804158361953 -0.00163780395552 -0.00139119071554 -0.00126279213536 6.41468 5.95522 6.97185742067 18.3610010153 -0.96560223213
-111.66 39.6092 -0.00222332733223 -0.00146371969673 0.00237503440337 -0.00190352347739 6.40893 6.2562 11.2637882712 19.8903329175 -2.45265490444
-110.74 39.473 0.000933907280583 0.000512041494179 -0.00585242814426 -0.00150269532943 15.5614 29.3806 8.77350801787 -7.01252764869 0.999747780833
-110.246 39.6279 0.00145418607587 0.00052884637276 -0.0090703418961 0.00141370920181 11.9253 14.3611 -7.79267676335 -3.60080967134 1.37063375379
-108.981 39.6333 0.00079710199704 0.000308474652851 -0.00519703409033 0.00428794092034 4.87789 4.99781 -5.7613740555 -2.64673251036 0.768295529821
-122.015 38.6333 0.000152072586141 -5.78593168481e-05 -0.00258556146072 -0.00372343757496 4.66007 4.65547 3.76803145713 0.663833934038 0.155358314993
-121.377 38.839 -0.000631540375008 0.000215247153655 -0.00875853161434 -0.00195026469129 7.97928 7.80265 -0.245461068573 -2.90666892291 -0.653449918176
-118.808 38.9383 -0.000715102416294 -0.000331422227079 -0.00332510648072 -0.000680636406229 8.05312 8.10157 0.399828758018 2.73465971586 -0.684103556568
-117.932 38.8606 -0.000472015599255 -0.000153667117724 -0.00058253151184 -0.0022104249872 7.56259 7.71467 1.89482921254 1.32950343539 -0.46371963979
-117.182 38.834 -0.000578003022684 8.64886506129e-05 0.00188993544614 -0.00106984721872 7.22031 7.20096 3.10203759392 -1.01593410501 -0.579687489912
-116.4 38.8247 -0.00118976479739 0.000351565659287 -0.0129337240324 -0.00336897183364 9.9574 11.7779 6.05571306094 -3.16221904365 -1.17512351065
-115.654 38.8455 0.00203288169687 -0.000550682465417 0.011458968271 -0.00470784640248 3.57134 3.6534 13.679603549 1.85092165983 1.90122227505
-114.83 39.04 0.0010354982695 0.000745909537938 -0.00194428821057 0.000291123867264 5.16028 5.07785 5.33424405557 -8.30959269386 1.06717396505
-114.02 38.9551 3.96634036426e-06 0.00081119148071 -0.00158819946425 0.000940386335963 5.53779 5.51371 4.18144317572 -8.57999459611 0.0302289639708
-113.277 38.9882 0.0004572994425 0.000574290590953 0.00212444001458 0.000116855055475 5.27678 5.19778 1.5439505656 -6.08660704573 0.454124655184
-112.379 38.9995 -0.000643323255455 -1.58226765786e-05 -0.00154067306156 -0.001667836409 5.6607 5.53171 4.76091289039 0.586045201767 -0.643104343402
-111.172 38.9176 -0.00227174203925 -0.00115776925768 -0.000822870543223 -0.00104610860661 6.34959 6.40263 7.40002395086 15.3790866657 -2.39356791948
-110.133 39.1025 0.00152612253097 -2.93285708392e-05 -0.0128395133331 -0.00426778267795 15.4418 23.8289 10.6682145643 -2.80505252388 1.4936433276
-109.263 38.9553 0.00102603671449 -3.49436173994e-05 -0.00841397285949 -9.16780353764e-05 5.59913 5.64893 4.51273581648 -0.631803821372 1.01873647962
-120.936 38.2571 -0.000306903696601 5.52048609471e-05 -0.0104470237686 -0.00293261176712 7.05534 7.03204 -7.26414510204 -1.27000737007 -0.311177478039
-120.076 38.7028 -0.000883321190549 4.52019163165e-05 0.00316070516955 -0.00136063930436 6.67936 6.74958 -3.0346474438 -1.85943824179 -0.879286589196
-119.451 38.5226 -0.000911277501067 -0.000453840138449 -0.00186728112664 -0.00102688928282 7.01385 7.03726 -2.21290018493 3.27196625914 -0.839930988326
-119.047 38.089 -0.00109739351026 -0.000296136243744 -0.00264788186996 0.00207650490734 7.2612 7.19286 -7.96826924343 0.33288580151 -0.998450646704
-118.106 38.3489 -0.000871644203622 -0.000594209567714 0.000234711499705 0.000116413556154 7.63947 7.61505 -0.1917562638 5.26032179532 -0.815549631189
-117.072 38.2397 -0.000989196502397 6.16632395814e-06 0.00141115588482 0.000904710125196 7.33133 7.24395 -0.460694804472 -0.903140695203 -0.986345728341
-116.302 38.2886 -0.00138266423896 0.000662907179758 -0.00857282323555 0.00195839804519 9.2935 10.7891 -7.30079966779 -9.51142920229 -1.48434060067
-115.585 38.3489 0.00192660745822 -0.00034230124202 0.00896063399241 -0.00152258109949 4.12423 4.24801 12.9655539948 0.161213213587 1.84228269372
-114.608 38.3281 0.000181195991018 -4.0386092695e-05 -0.00779243499576 -0.00240081353612 5.71318 5.6378 13.1839852429 0.0724309800304 0.170876888167
-113.969 38.1802 -0.00110890945284 0.000211680608945 0.00359618739671 -0.00274843020445 4.75675 4.83603 10.2991910296 -0.59857698866 -1.06906836754
-113.021 38.2987 0.00103218726926 -0.000185364687639 0.000320172426192 0.0014781957614 5.76274 5.93317 -4.20509216127 3.11239736934 1.04587673134
-112.277 38.2108 0.000470350672713 -0.00113729157035 -0.000922957462076 0.00211055316849 6.09189 5.91982 -6.21572777074 12.7601461082 0.615493607532
-111.483 38.2843 -0.00179971489037 -0.000998440695331 -0.00218953245001 0.00304473836588 6.10332 5.87496 -6.79781475467 8.10917691567 -1.65134477659
-110.711 38.4187 -0.00362581157246 -0.00143984099966 0.00594786737679 0.000703220507252 6.84016 7.32115 -2.55673149129 13.6410884442 -3.5486129494
-109.894 38.3862 0.00125079074089 -0.000463143446937 -0.020061035136 -0.000991058096006 10.4556 12.6095 0.254950866874 4.96514175105 1.24733782115
-120.33 37.346 -0.000258597367815 0.000174437901881 -0.00879183280268 0.000538514357263 5.73797 5.67792 -3.71779613424 -2.16980643094 -0.284921405304
-119.849 37.8817 -0.000372459194899 -0.000293684042399 -0.00351808127249 0.00127377274805 6.40894 6.32529 -7.27175887464 2.01854072282 -0.295278472325
-118.171 37.4993 -0.000461401411131 -0.000228970040924 -0.0050702556026 -0.000352151680591 6.78079 6.7331 0.324024929823 1.94913822261 -0.441390039575
-117.225 37.7243 -0.00159732109891 0.000106027729918 -0.00338037710571 0.00378731557811 7.96817 7.88034 -4.43871487067 -3.59863713664 -1.59469799539
-116.595 37.923 -0.00171842164279 0.000428964124507 -0.00769673922484 0.00723168839314 9.05662 9.39797 -15.4390006144 -10.1024721361 -1.76326675734
-115.747 37.6444 0.000915247522159 -0.000610148528905 0.00422220499516 0.00169037588595 4.80381 4.8721 0.822022818446 6.79625316023 0.942627044989
-114.849 37.6083 -0.000193660755007 5.88711394992e-05 -0.000204119996456 1.84743183016e-05 5.0308 5.0517 7.62150512327 -0.450461558882 -0.188218885472
-113.86 37.5808 0.00144121387206 -0.000683550775982 -0.00597872105736 0.00176856370413 7.063 7.4685 0.987428815896 7.59949239331 1.45708323694
-113.168 37.7601 0.00169874869629 -0.000799835440863 0.00209332323746 0.000711061643346 5.832 5.93936 -1.89560133849 9.70239874776 1.74814896365
-112.363 37.6761 0.000628080860442 -0.000899025490001 -0.00275131122745 0.00118054027899 6.12437 5.79528 -4.11533287424 10.2450213766 0.712090052531
-111.596 37.7222 -0.00176491626261 -0.000969535001268 -0.00273149808219 0.00171604160074 6.3811 6.06781 -5.7122707152 8.17540626873 -1.64021021362
-110.802 37.6354 -0.00233054059639 -0.00245549011713 0.00446703938544 0.00188396140892 5.87327 6.10978 -4.74099875312 24.2448114714 -2.09682484134
-109.995 37.6903 -0.000833928430333 -0.00244065966673 -0.00278611013478 0.00197426828995 7.21036 8.05295 -0.35954075755 26.6204722413 -0.818809994521
-109.137 37.7459 0.000437327209457 -1.54663459715e-05 -0.0145945434547 0.00162464234389 5.94172 6.07008 -6.52497839295 0.671408294566 0.43655451307
-119.709 37.0069 -0.000691086170454 0.000535682073397 -0.00659741308343 0.00236009894575 7.51244 7.31872 -9.00267830165 -7.00027120375 -0.805570860716
-115.22 37.2408 0.000205825428966 0.000185613315527 0.00527452896766 0.00320803070719 4.49054 4.46525 0.623939490407 -1.84413884626 0.197285122001
-114.715 36.7256 -0.000357753797886 -0.000370692025303 -0.000690674069775 0.000922506347789 5.66588 5.68976 0.224130907959 3.71353164428 -0.33982797283
-113.907 37.0195 0.00146714976493 -2.34237046868e-06 -0.00435213495595 -0.00117418377221 7.13325 6.99949 5.21774071802 -0.730363220548 1.46529956724
-113.084 37.0615 0.00153325619423 -9.79275235825e-05 0.00189030650248 -0.000854771861603 5.9629 5.87336 2.64989598611 0.839565334902 1.53191500673
-112.382 37.0183 0.000790923857548 6.60528795264e-05 -0.000985303502349 -0.00155723362262 6.26766 5.96703 3.9538726367 -1.06731821893 0.793015386914
-111.506 36.9839 -0.000533786600896 -0.000483197232998 -0.00225924790359 -0.00298067004959 6.64375 6.31731 4.57175442198 5.56538104498 -0.562844382463
-110.804 36.9969 -0.00173457516615 -0.00202057976201 0.00205051815653 -0.000616789323835 5.85491 5.67101 4.89870796495 23.296515711 -1.88180839466
-109.874 37.1364 -0.000978534295292 -0.00189881283019 -0.00386791856603 -0.00165852192095 6.65919 6.57912 8.71551691755 22.1573227421 -1.25486883427
-109.025 36.8299 -0.000360853586285 -0.000967626029925 -0.0125004068566 -0.00600849629932 5.76301 5.80479 12.0292249541 11.2679103915 -0.561569539601
-120.783 36.3627 -0.000450269541076 0.000551943361997 -0.00797341798048 -0.000610739775481 6.43792 6.56507 4.91833927529 -5.62399510806 -0.465643093753
-120.12 36.3356 -0.000983564595896 0.000947403755751 -0.00748920458618 -0.000366930698931 8.25414 8.2541 -10.1240490012 -11.8771223258 -1.20955973791
-115.383 36.423 -0.000307457620472 -0.0007869842948 -0.00524377550723 -0.00352231578138 5.1076 5.23388 5.08664425811 8.3155364946 -0.331152800988
-114.539 36.4321 -0.000580417623986 -0.000485663275534 -0.000836467913992 0.00155585263812 6.19638 6.19268 -3.70759913995 4.37930200091 -0.52111824664
-113.965 36.4151 -4.17719766112e-05 0.000166688507868 -0.000291022134359 0.00175014667028 6.47291 6.88852 -2.16540496005 -1.79282846812 -0.0552425933922
-113.18 36.4182 0.00156708058395 0.000563929401136 0.00195759161415 -0.000951641189734 6.10177 6.22492 2.77507929135 -6.21185062507 1.57403446815
-112.291 36.428 0.000899967130717 0.000534478549729 -0.00256630842691 -0.000578074617595 6.23169 6.22804 1.92373452912 -5.79792399142 0.903600328173
-111.13 36.1428 -0.00048372835966 6.70105292845e-06 0.000401882093098 -0.000572785342756 5.79263 5.74014 2.86887504338 0.108903670464 -0.483206029554
-110.662 36.5996 -0.00131676362189 -0.000308091442236 0.000434471448499 -0.00302977708659 5.68763 5.67406 9.09242456116 5.43854967448 -1.34792196561
-109.87 36.4199 -0.000981002185503 -0.000645533372378 -0.00549588420221 -0.00142173101235 6.53892 6.60214 4.81464220187 7.9207709198 -1.03069222485
-121.236 36.0214 -0.00027878965567 0.00040856441303 -0.00659408248898 -0.00172119981526 4.86823 5.02278 2.30265691022 -4.25698735759 -0.30994105116
-119.903 35.8667 -2.92590100169e-06 0.000440456512472 -0.0161899186924 -0.00481912203807 7.02879 6.7922 1.19383620063 -4.40777651439 -0.0399341216909
-115.43 35.8384 -0.000148281782589 -0.000514494474383 -0.00419403433135 0.00192626132033 4.60997 4.53319 -4.69270108896 5.09903813158 -0.0742105309289
-114.851 35.7266 -0.000725065192307 -0.00129319092678 -0.00416328344385 0.000655512929872 5.90038 5.80923 -0.164344983352 13.1135440245 -0.65048342055
-113.984 35.8522 -0.000896256730038 -0.000374392846122 0.00157242713993 -0.000664885429252 5.94086 6.07454 1.19902733167 3.72827591278 -0.886987291829
-113.105 35.6339 0.001232750885 4.33233194888e-05 -0.000376737859103 0.00076934320077 6.52616 6.82846 -0.44912510917 0.12067147844 1.22962128153
-112.173 35.8191 0.000946388598864 -9.1868518019e-06 -0.00371697112262 0.000562730992464 5.99152 5.93835 -1.89471821334 0.705426804291 0.945246458608
-109.933 35.7113 -0.000843303281307 -0.000138188752063 -0.00869210237407 0.0010294455145 7.38332 7.4008 -7.23509895683 0.297790345618 -0.818137224215
-109.046 35.7147 1.69136159257e-05 -0.000678338348862 -0.000798203530887 0.003776938482 4.65494 4.66192 -3.91573697472 7.46950895361 0.0600012172258
-114.87 35.301 -0.000481148262875 8.50702672912e-05 -0.00506086671208 -0.00220057317227 5.00202 4.89219 0.0681172822653 -1.16064969496 -0.48500847594
-113.885 35.099 -0.000180372158986 -0.000296351289815 -0.00393432022704 0.000104729532438 6.89626 7.08196 3.34254831649 3.15894131938 -0.18425915986
-113.083 35.2127 0.00126922603727 -0.000308112040108 0.00172310924988 0.00115296671866 6.36477 6.63599 -1.38673653909 4.10169767506 1.28569550446
-112.267 35.1787 0.00136975325442 6.11018280761e-05 -0.00124350490655 0.00088071804722 6.34128 6.19188 0.204816952957 -0.282765439977 1.36776483843
-111.532 35.0951 -0.000219903649611 -0.000107752522371 -0.00205413597304 0.00187596077625 6.06091 5.84164 -1.7717862609 1.03608833789 -0.213923881249
-110.713 35.0789 -0.0011205838923 -0.000117061013488 0.00225307258013 0.00416305845561 5.9836 5.9075 -3.69682490662 0.317213157642 -1.10802055172
-109.736 35.1181 -0.00080504926771 -0.000873097034898 0.000358089863702 0.00202457803608 7.68521 7.62799 -9.45553789621 7.9458547167 -0.646874948591
-109.388 35.1118 -0.00103248865573 -0.000829913310659 -0.00657076862846 0.00262927321859 5.30705 5.34253 -3.74951321992 8.35168158019 -0.975693997797
-113.83 34.5935 4.77934350316e-05 0.000515419691897 -0.0069930875709 -0.00164904408352 6.1879 6.17153 7.07649916057 -5.4750903393 0.0878673377241
-112.891 34.4692 0.00121295489632 0.000980477743448 0.000306556563393 -0.000698007471284 6.46066 6.53587 6.42574601727 -11.4045232732 1.28367040711
-112.237 34.4866 0.00148672281945 0.00108104207933 -0.000355196485641 -0.000576407703066 6.22589 6.12529 5.87542159889 -12.7187172951 1.56119998492
-111.441 34.4178 0.000360277335116 0.00105330020326 -0.00153598514187 -0.00117728259988 6.11785 5.76014 6.31587299799 -11.6700884987 0.451362508865
-110.806 34.3371 -0.000509509814115 0.000500276948771 0.00113530649578 -0.00326622223804 6.07617 5.96845 11.5363553988 -4.32026655276 -0.408764518131
-109.95 34.5293 -0.000599675595304 -5.95681723713e-05 -0.00493157750636 6.81935946007e-06 6.692 6.55553 7.47345504067 1.45076799497 -0.602453723399
-109.29 34.4275 -0.000703337670077 -0.000331019744635 -0.00317941044079 -0.00212809235779 4.83258 4.84565 8.15299736211 4.69062169319 -0.742894147515
-114.524 33.7503 -0.000609328001075 0.000195403729851 -0.000265144211894 0.000342934093979 4.29311 4.27932 0.380280611247 -2.3504147289 -0.617785739671
-113.829 33.8142 -0.000680287995188 0.000396388886358 -0.00421608229634 -0.00225416390979 6.87947 7.15031 2.20412693839 -4.24988246203 -0.683481695568
-113.005 33.9383 0.000986832760188 0.000990371071152 0.000408180495139 -0.00447705433954 6.2495 6.65637 10.5092728687 -11.9566693577 1.11955436039
-112.333 33.9535 0.00145886923443 0.000897918813233 -0.00087353901329 -0.00205384518272 6.42497 6.50458 7.98492687526 -11.2401629248 1.54673213813
-111.478 33.8798 0.000535412386533 0.00134468653648 -0.000763757191243 -0.000697654410022 5.81558 6.08817 8.98060242268 -15.1499694277 0.708874091994
-110.844 33.6953 0.000622351865481 0.000307782129823 0.00250282535475 -0.000436735791806 5.69112 5.96331 7.10639411766 -4.03457045177 0.651393431843
-110.034 33.7776 -6.95691982741e-05 0.000137031342685 -0.00415602656078 -0.00285029667118 5.94304 5.94725 13.5029201145 -1.28930520694 -0.0371666475163
-109.254 33.9571 -0.00015849017547 -0.000567850898413 -0.00186247432748 -0.00197386080528 4.56777 4.57495 11.7008881623 6.46798612066 -0.269232938817
-112.946 33.3627 -4.63654258229e-05 -0.000282821520351 0.00358934447483 0.00563901476684 4.47729 4.52394 -8.27911164242 2.87271063626 0.00598666103913
-112.158 33.2893 0.00101234689719 -0.000229407251458 -0.0057393906337 -0.000721978042804 6.52963 6.83995 2.11288669887 2.40316531571 1.01111183072
-111.427 33.341 0.000624879940093 -0.000335695864459 0.000993014636714 -0.000497366117472 5.78748 5.7575 2.90331873996 3.44632115521 0.615882500637
-110.472 33.2969 0.000207957860079 -0.00032921639732 -7.26695428219e-05 0.000613832909652 5.52982 5.63336 0.62260245734 3.59391359477 0.20949203202
-110.036 33.0851 -0.00021813059983 -3.08979247114e-05 -0.000838696153262 0.000495320413632 5.79324 6.04867 -0.48855967448 0.288806223676 -0.217453874257
-109.266 33.2921 0.000140489657635 -0.000448827101679 -0.00411131515888 -0.00048036479906 4.90911 4.92903 2.24298104528 4.87848300214 0.124661240172
