-112.228 32.7006 -1.95463252676e-05 -2.66436237266e-05 -0.000769434329717 -0.000125195199332 4.12247 4.1285 -1.23793957559 0.204884566438 -0.0118521281482
-111.704 32.5618 8.64842627327e-06 -0.000102071555167 2.88529758222e-05 -0.000527052127344 4.1994 4.25059 -0.551415809652 1.01116394983 0.0335538870719
-110.739 32.5716 0.00016364665319 -5.30837056624e-05 0.000454472072818 0.00023157033826 4.19214 4.19652 -1.80916504779 0.945661334767 0.171812576797
-109.97 32.6399 6.84830248745e-06 1.03241630242e-05 -0.000235385486064 0.00108733770432 4.26995 4.16624 -3.29841413416 -0.0815439483001 0.00371719796325
-109.303 32.7663 -8.88673215543e-05 -9.31403429095e-05 -0.00261174386653 0.000614597564567 4.28004 4.23549 -2.75574227598 0.681283359242 -0.0613464516475
-111.457 32.0022 1.42134288481e-05 -8.69664995735e-05 -0.00122814605915 -0.000229351646612 4.28939 4.2924 -0.937323433924 0.878769955894 0.0355808562195
-110.816 31.7748 4.10264821239e-05 4.67797359284e-06 -0.00166485354541 0.00102117346635 4.43608 4.43587 -2.95500689706 0.070108202495 0.0380884611959
-110.046 31.9737 2.95003992642e-05 4.62859024194e-05 -0.000206195275549 0.00184677447693 4.23737 4.23494 -3.90043359268 -0.363312624916 0.0149052255189
-109.259 31.9989 8.8634891242e-07 -2.43475916694e-05 7.81934665755e-05 0.000375369242106 4.03896 4.02603 -1.12411591209 0.243938356576 0.00657276767016
-109.281 31.3757 -1.65236774105e-06 1.53701439128e-05 0.000357026033253 -0.000590252378684 4.06288 4.05989 0.7976787915 -0.156943023641 -0.00472805346434
-122.707 48.7197 -0.00013182157563 -6.46902657799e-05 0.000258414456527 0.00248608307187 4.02829 4.02668 -1.9879642691 0.0661903204234 -0.0951673768448
-122.085 48.9983 -0.000296116039892 -5.09413707988e-05 -0.00207160526934 0.000154879283465 4.39477 4.36119 -2.59813987114 -0.698008166935 -0.250923243973
-121.48 49.0983 -0.000386841554788 7.31971912092e-05 -0.00273271466487 0.00226616072063 4.54017 4.58165 -5.51308797852 -2.2984735268 -0.379654813841
-120.384 49.048 -6.46944091518e-05 -0.000184670143515 0.00246660613939 -0.000895215172958 4.02996 4.05368 2.11295277892 1.53688229353 -0.00581018649467
-119.272 48.9534 -4.07861494667e-05 -7.42191312258e-05 0.000160965685565 -0.00120668996933 4.27156 4.3399 1.06048049062 0.575817709671 -0.0161256349432
-118.585 48.9752 2.64398181128e-05 -0.000116503256293 -0.000818068843183 0.000427733063074 4.32873 4.39163 -0.976558858333 1.18035193538 0.0635156698768
-117.559 48.9813 -1.39582715501e-05 -0.000165671819405 -0.000649170838127 -0.000348564947572 4.15643 4.17867 0.195819030575 1.54190401309 0.0361839491859
-123.504 48.0575 -0.000207431533359 -4.28462347078e-05 -0.00241259303166 -0.000798128862432 4.40633 4.38759 -0.672093209139 -0.388199984015 -0.174801539504
-122.096 48.2641 -0.000333394786418 -0.000138388901028 0.00150109552602 0.00121893649657 4.04992 4.06326 -1.16549207953 0.0238546273206 -0.2566064899
-121.484 48.5183 -0.000202378340295 -0.000206508980603 -0.00110435135924 -0.00153699344078 4.34155 4.4443 2.78716094687 1.31305581687 -0.129796810353
-120.12 48.4607 -7.39083766944e-05 -0.000192199694165 0.000996079585384 -0.000668144696932 4.19814 4.232 2.8993441941 1.60129074124 -0.0159093326008
-119.333 48.3584 -0.000121231133576 -0.000352393246558 -0.000592806122907 0.000654475631954 4.33604 4.3861 0.00173271778966 2.90303522755 -0.000501422063996
-118.149 48.4226 -1.15013777304e-05 -0.00039601478012 -2.97552791927e-05 -0.000631904489737 4.32251 4.33845 1.55375070167 3.74870151132 0.101240969558
-117.225 48.2995 -0.000172478991701 -0.000414664036508 -0.000741365052472 0.000129947427805 4.25342 4.25491 -0.284364197414 3.43620730667 -0.038887852025
-122.173 37.1311 -8.90778468183e-06 5.40243013854e-05 -0.000230854940494 0.000998419920393 4.01329 3.86325 -0.787282366678 -0.49544177787 -0.0276018748103
-124.566 47.9475 -6.08862420323e-05 3.09325616696e-06 -0.00074308980365 -9.5779769867e-05 4.14939 4.15123 -0.397299628975 -0.254975021124 -0.0571671143772
-122.972 47.7172 -0.000212203006611 -4.69792186174e-05 -0.00178937427418 -0.00129741926032 4.34491 4.33031 1.48541368175 -0.277456256602 -0.183069207664
-121.689 47.6947 -0.000246293958808 -0.000270237848838 0.0029317962252 -0.000406953514385 3.87865 3.87882 4.23509472891 1.83557603593 -0.159876873653
-120.894 47.923 -0.000141930785849 -0.000287208740773 0.000942004766529 -0.00184684744264 4.0878 4.15396 3.6460519763 2.29381415453 -0.0549553710625
-120.061 47.6902 9.8451406717e-05 -0.00016042873693 -0.00254432652962 0.000318089062748 4.59693 4.67954 -1.30626264235 1.81115371452 0.148886280193
-119.045 47.7849 0.000196162729079 -0.000290389990756 0.000538880393426 -3.92229617886e-05 4.28553 4.27925 1.30005561785 3.31397580584 0.273955988967
-118.274 47.8006 2.43045163114e-05 -0.000279185556336 0.000656193728912 -0.000216882146166 4.31521 4.22652 1.95646049604 2.72901133466 0.101013264195
-117.308 47.8192 -0.000321059610122 -0.000413118536838 -0.000663089993138 -4.08912867214e-05 4.48897 4.42221 0.48407666235 3.01748730426 -0.187015103781
-116.256 47.8397 -0.000322970837377 -0.000246397107478 -0.00183783803207 -8.29515423047e-05 4.45995 4.45439 -0.806582944806 1.39379770932 -0.234372462693
-114.574 47.6795 8.91036284634e-06 -2.70984962356e-05 0.000933359616573 -0.000125216132646 4.01224 4.03031 0.288356588348 0.290205659255 0.0156601790166
-123.771 47.1161 -0.000119528934373 -1.43395684588e-05 -0.000572537344093 0.000752228886788 4.11221 4.10807 0.165353539255 -0.299656973935 -0.105440780911
-122.803 47.1109 -6.79029039938e-05 9.54447940835e-07 0.000417906126816 -0.000131778029429 4.14202 4.14032 1.91390077661 -0.226156022358 -0.0643118271091
-121.989 47.1881 -4.61018218845e-05 -9.19123087046e-05 0.000220698143803 -0.0014136282403 4.20226 4.15053 2.24820347304 0.697973928122 -0.0143761484737
-120.844 47.1935 -0.000145198776567 -0.000294513684555 -0.000524597414322 0.00203576700769 4.15108 4.16839 -3.26930049416 2.07257753969 -0.0170451545071
-119.973 47.1936 -3.31533001464e-05 -0.000304306925615 -4.73605162884e-05 0.000387116538627 4.20447 4.28372 0.285816078102 2.70788210321 0.0680755769338
-118.921 47.0573 6.13555532069e-05 -1.88380040812e-05 7.71055804014e-05 -0.000163579592129 4.25353 4.24469 1.92682395752 0.351058255696 0.064180620293
-118.309 47.0615 0.000138604609021 -9.68760097707e-05 0.000513186333375 0.000671556693513 4.26307 4.16203 0.586975699587 1.32775764083 0.161353479951
-117.276 47.0547 -4.89572686127e-05 -6.95424209868e-05 0.000138919635006 -0.000746080168463 4.46246 4.3136 1.76609333496 0.536677519244 -0.0284498060348
-116.335 47.0477 -0.000298927658033 -0.000352844310664 -0.00121167479238 -0.000567289837559 4.64457 4.58342 1.21793143642 2.61445716606 -0.194032868559
-115.353 47.0528 -0.000239993062874 -6.32517396125e-05 -0.0010730730965 -0.000393658568946 4.31941 4.32666 1.11525758856 -0.00375954068598 -0.215764981145
-112.52 47.0418 2.46159002372e-05 -7.57841362678e-06 0.00182211030112 0.00114701366627 3.86605 3.87081 -1.64552131255 0.143504436236 0.0257466371175
-123.563 46.5459 -0.000105194988386 -1.96126455391e-05 0.000223614977496 -0.000101869517753 4.129 4.12248 2.40633668873 -0.159298947005 -0.0925443959581
-122.72 46.5934 -0.000132515679656 -2.88249406108e-05 -2.97773497967e-05 1.50861265295e-05 4.2166 4.2373 0.925353176319 -0.184113091936 -0.11411525905
-121.761 46.5605 6.93766573826e-05 3.98034073479e-05 -0.000626657668736 0.00146305405367 4.18543 4.18479 -1.85540552799 -0.0984551565308 0.0488620158528
-120.979 46.5433 3.38973056419e-05 -3.65442094366e-05 0.000465616425901 -1.32771769581e-05 4.06052 3.9765 0.363063239081 0.443992994237 0.0442345752558
-119.855 46.5585 -0.000126279086684 -0.00018657086132 0.000383123815449 -0.000777304037878 4.15359 4.11544 2.28810951132 1.38358675756 -0.0663790108521
-119.06 46.4911 2.73714753187e-05 3.6544442875e-05 -0.000194184490097 -0.000476911781848 4.28388 4.29801 0.876826055277 -0.259736897656 0.0149023964179
-118.146 46.5139 9.23373633181e-05 0.000102453134727 0.000167615452311 -0.00080776872614 4.33171 4.29619 1.92196830882 -0.720931791443 0.0603624361023
-117.11 46.485 1.11171229408e-05 0.000178622368593 0.000241973857926 0.000738402845015 4.34677 4.25625 -0.30541291686 -1.66396815343 -0.0432569469922
-116.209 46.3559 -0.000396452426858 7.63264521048e-05 -0.000557555809755 -0.000838164759346 4.60554 4.42182 2.03506929444 -1.7401761024 -0.402909693224
-115.571 46.4151 -0.000542324100377 -7.14505168615e-05 -0.00101361446778 -0.000615958007321 4.44418 4.381 3.97139369188 -0.447393173049 -0.515103621891
-112.641 46.4246 3.81994642667e-05 -3.61989061919e-05 0.00124557322924 0.00119552762904 3.90223 3.93982 -2.01553263004 0.466866107225 0.0467167230262
-120.728 40.6183 -5.95102536705e-05 -0.000317022135497 0.000190263076146 0.00021748767273 4.19394 4.19482 0.798578388969 2.66653174642 0.0453753706606
-123.559 45.9306 -6.51170353045e-05 1.66660413483e-05 -0.000315711522032 -0.00097028389947 4.24104 4.24285 3.63717567251 -0.343659889342 -0.0670572815152
-122.419 45.9325 -0.000120323339866 -0.000107616410015 -0.000779830812931 8.80168647983e-05 4.34375 4.36106 -0.57236723308 0.531442149142 -0.0720953544754
-121.459 45.8839 -7.68526279758e-07 -1.37249633854e-06 -0.000303098268146 -0.000307553908036 4.29398 4.34172 0.375650217305 0.00988365660162 -0.000252476621507
-120.782 45.7664 9.92458841911e-05 5.9791454559e-05 0.000764784329478 3.39342703236e-05 4.02438 4.0101 0.391522340956 -0.224814434535 0.0736031156622
-119.928 45.8951 -9.06775719719e-05 2.43509031605e-05 8.76040581934e-05 0.000282063872694 4.08306 4.04239 -0.272458254716 -0.518938817336 -0.0935992362465
-118.777 45.7971 -0.000168737205274 0.000110121605262 0.000159176061521 0.000274582749275 4.13097 4.16205 0.202874415867 -1.54562149897 -0.194720430879
-117.909 45.7087 3.07725313022e-05 0.000317184449143 0.000156714156275 0.000320259162582 4.24036 4.25531 -0.868981463586 -2.87183853154 -0.0724261420198
-117.228 45.9734 2.21706249971e-05 0.000206898687774 -0.000237500206533 -0.000458961727415 4.44959 4.37297 1.22274057005 -1.91496666584 -0.0360794681834
-115.255 45.7565 -0.000270173014122 0.000212473381531 0.00071080000189 -0.00119590730084 4.33454 4.28351 2.89396004818 -2.70040987196 -0.31109064145
-114.332 45.7893 -0.000298631200164 7.45922987641e-05 -0.00150193540589 -0.000753569042188 4.55545 4.61984 0.333137800239 -1.51227375154 -0.307768357338
-113.37 45.8122 7.28078909012e-05 1.80896581859e-05 -0.000147508147484 -0.00119651537426 4.18168 4.22619 2.02730261693 -0.0188516249766 0.0671406430998
-112.493 45.8409 0.000140101200628 -0.000170856293239 0.00167171941886 -0.00140947409651 3.90706 3.91121 3.67418496207 1.98727493012 0.16833256028
-123.281 45.3153 4.63981842882e-05 -8.86691121356e-06 -0.00226578740782 0.000588446144243 4.41445 4.37155 0.261567127309 0.238654043912 0.0464321396886
-122.478 45.2059 -6.36886056202e-05 -4.96328931695e-05 0.000101323331427 0.000487240230685 4.34406 4.31161 -1.06003758207 0.20922823687 -0.0402812229364
-121.317 45.2422 -0.000143143899075 -7.18281800879e-06 0.000393956302547 -0.0010337098255 4.29353 4.33864 1.43782323734 -0.378244270464 -0.133185659354
-120.635 45.2357 -5.15448968157e-05 8.82613420224e-06 -0.000458742590403 -0.000327091179551 4.20531 4.23689 -0.138663502554 -0.249662692413 -0.0514726347748
-119.669 45.2664 -0.000146842683258 9.43157466086e-05 0.00075567211851 0.000536379736278 3.99506 3.96506 -1.5255967793 -1.36222518844 -0.170627850759
-118.96 45.2904 -0.000215447325519 3.62768109142e-05 -0.000804574640387 0.00050024062037 4.18555 4.21664 -1.55538082645 -1.05849365132 -0.214787769777
-117.78 45.2781 3.20468812101e-05 0.000217541513812 0.000865574781388 0.000476256944829 4.00626 4.06668 -1.39293841225 -1.92672919719 -0.0409043501285
-117.12 45.2925 1.6303934236e-05 0.000288287470108 -0.000402871783679 -0.000153288774128 4.28741 4.27996 1.16027198336 -2.70495183621 -0.0641773431215
-116.268 45.3997 -0.000142988459899 0.000345801826389 -7.04831979043e-05 0.000537400408499 4.37251 4.32777 0.0123793262284 -3.72031258393 -0.235930247111
-115.326 45.1285 -4.79118606008e-05 0.000404316112033 -0.000177431795999 0.00129771723605 4.28598 4.28451 -1.65842782324 -4.02105188022 -0.168093219214
-114.233 45.0931 6.01715957222e-05 5.38382921275e-05 4.53195915408e-05 -0.000659464752218 4.24144 4.28291 3.03130657457 -0.404994781524 0.0474721416912
-113.46 45.2432 0.000122439986049 -2.35975929967e-05 0.000582357471475 -0.000999736261879 4.12024 4.1492 4.60480754531 0.454971927937 0.12467914586
-112.489 45.166 0.000184572862669 -0.000103180885824 -0.000471912434258 0.00016298545939 4.14498 4.12693 2.20169282 1.42458858027 0.201741842756
-124 44.6764 4.95510188752e-05 7.28392209226e-05 -0.00107294445461 -0.000135766330132 4.23654 4.23292 1.22825374807 -0.472874247406 0.0202767209064
-123.292 44.6765 3.73655175414e-05 0.000108655990803 -0.00185143616004 -3.25575474463e-05 4.60605 4.56179 -1.53065177824 -0.804667174686 -0.00838948414395
-122.186 44.6837 -0.000102066151441 7.66095987509e-05 0.000960851065438 -0.000126616579534 4.27986 4.24406 0.550720274488 -1.02169559845 -0.12229594876
-121.227 44.6473 -5.58048015646e-05 -9.10764379615e-05 0.000509150953096 0.000337129953072 4.16636 4.18068 -1.86836036133 0.609581733408 -0.0175989107476
-120.335 44.7344 -3.23091974713e-05 5.8691442593e-05 -0.000750245105202 -0.000446581825907 4.29078 4.25678 -0.439376065003 -0.639864240004 -0.0503961547713
-119.565 44.5913 -0.000236560072456 3.13615994336e-05 -0.000457931412923 -4.4039231302e-05 4.13266 4.09483 -1.5648870829 -1.09142728337 -0.232542796878
-118.67 44.5191 -0.000293561499911 3.83806761901e-05 0.000456257252911 -0.000145862135373 4.03295 4.03479 -0.494956866938 -1.28176086541 -0.290253330452
-117.664 44.6653 -0.000196004107632 0.000140918135367 0.000384826581412 -0.000346554498349 4.0895 4.13296 0.100748863126 -1.90754496952 -0.229323469481
-116.747 44.589 -0.000163589383541 0.000223439938038 -0.0156934803377 -0.00185570619613 4.26503 4.34393 -0.685342703024 -2.60737447073 -0.223639820525
-116.013 44.7035 -1.21292752037e-05 0.000282669867736 -0.018131868374 -0.00470190631761 4.32377 4.39775 -0.155023201399 -2.74110243561 -0.0924120308356
-114.855 44.5494 1.31978104381e-05 4.61984582621e-05 -0.00815051391151 -0.00499966223702 4.15252 4.15063 0.622595038313 -0.415086356125 0.000773956338319
-114.255 44.5642 -7.36573295275e-05 8.22091445166e-05 -0.00647854045576 -0.00725174842942 4.1339 4.15668 1.25449231702 -0.987443797891 -0.0913246030762
-113.367 44.6165 0.000228085897571 -6.73265092236e-06 0.000191327125337 0.000464196189314 4.18823 4.20897 2.13619451391 0.568900765324 0.224159084364
-112.644 44.6173 0.000314668794515 7.3498701789e-05 -0.000260910929497 -0.00013811432397 4.20946 4.17034 2.61689648407 -0.0959783656734 0.293731116661
-111.248 44.7038 7.17915772325e-05 -7.77174222882e-05 -0.00103797008897 0.000749918811541 4.14158 4.11079 0.0790494018392 0.952024851531 0.0874892003335
-121.461 40.8161 -0.000108696424709 -0.000209275480961 -0.000398193047979 0.000493529289146 4.39769 4.39501 -0.494539651163 1.48944365877 -0.0284391808949
-119.023 36.6801 6.64612585443e-06 4.48271190696e-05 -0.00127254972143 -0.000220020693176 4.25701 4.266 -0.174308405414 -0.383925762354 -0.00775236900277
-123.83 44.0035 -4.29980755692e-05 9.75495282284e-05 -0.00173258572981 0.000248066524954 4.19677 4.24115 -1.54335456195 -0.999657105324 -0.0783376215827
-123.278 43.9726 -9.79153531274e-07 0.000111606627756 6.29023036426e-06 -0.000529775250786 4.38757 4.46022 -0.987428834694 -0.974189460819 -0.0437068261339
-122.411 43.7941 6.70132247547e-05 -4.94454830114e-05 -0.00147864645508 -0.000170185427785 4.474 4.48397 -1.96195390943 0.678586594334 0.0809692910226
-121.268 44.1626 -9.8613200187e-05 -0.000133749445061 0.000535093635347 0.00166070949853 4.15652 4.1585 -3.06793782876 0.804882167927 -0.0379184804123
-120.211 43.9437 -0.000132708624795 -4.85029486428e-05 0.000876946646038 0.000761129636203 4.11841 4.13649 -1.88565143442 -0.0283331340395 -0.106077419415
-119.504 44.082 -0.000110937170385 2.69927305682e-05 -0.00104752409616 -0.000128123643047 4.26249 4.25537 -0.927013474569 -0.611476876908 -0.113518489344
-118.569 43.9104 -0.000286138143524 -5.89594566431e-05 0.000449855785294 5.54429582156e-05 4.04642 4.09884 -1.03193190793 -0.378306292805 -0.250678111578
-117.741 43.9733 -0.000229319081793 -0.000203774868215 -4.86497930354e-05 -3.73618958219e-05 4.11429 4.21238 -0.673226357177 1.19359751608 -0.153629978101
-115.958 43.9121 -2.05427242172e-05 -1.61159779764e-05 -0.0120964596807 -0.00751043727245 4.23182 4.42198 0.918290068707 0.100143336064 -0.0154918280144
-114.117 43.9146 0.000126163728942 -7.84923791538e-06 -0.00600254079565 -3.69023952014e-05 4.09499 4.14957 -0.35945141384 0.417443990163 0.123673535682
-113.452 43.9286 0.000142164089094 5.28445749389e-05 -0.00105227468901 -0.00439801403127 4.03389 4.06256 0.921706493229 -0.178050278253 0.125515742204
-112.485 43.9997 0.000283853952094 0.000176128738995 -0.000348589896778 -0.000219857649342 4.22962 4.20783 1.19016429295 -1.1136523112 0.237677210387
-111.487 43.8756 0.000125910120882 0.000125157785703 -0.00196542017596 -0.00113443411345 4.27535 4.1374 2.89211393586 -1.03438867132 0.10113394997
-123.575 43.3654 4.34203322623e-05 -0.000110411278324 4.66834215618e-05 0.00022310073667 4.09686 4.14963 -2.72066019565 1.11019462876 0.0852136210604
-122.965 43.3717 0.000202174001496 -0.000105219424071 -0.000449533681342 0.000231267694782 4.38313 4.40508 -3.12325837861 1.68900649015 0.227585583012
-122.109 43.2406 4.03232718883e-05 -0.000174049500668 -0.000458916226316 -0.00140107719134 4.47496 4.46671 -0.0862160062864 1.67766188882 0.0993957702154
-121.236 43.2843 -9.96619128962e-05 -0.000106395061945 -0.000247520472612 -0.00116038338482 4.34569 4.31679 1.23355560893 0.654140089019 -0.059991443687
-120.153 43.2515 -0.000143303299288 -7.10973022207e-05 0.00052969301691 -0.0002983585624 4.15563 4.13707 0.664952832183 0.207663090717 -0.113068045527
-119.311 43.3736 -0.000239182151462 -6.51595932305e-05 -0.000173655460978 -0.000108574451568 4.16836 4.19642 -0.35702079792 -0.16095180201 -0.204744717153
-118.474 43.358 -5.21826413429e-05 -0.000296554646814 -0.00021204329116 0.000672728871849 4.10181 4.11346 -1.58202618937 2.5523946202 0.050952835835
-117.754 43.3471 -0.000169159670058 -0.000361726630428 0.000651416295446 0.000335972315586 3.97699 3.98159 -1.19966544469 2.82359986148 -0.0432741246274
-116.767 43.4275 -0.000309328192077 -0.00028386207349 -0.007081017425 0.000147667312492 4.11049 4.23285 -0.519822959753 1.75918982958 -0.209761606966
-115.828 43.4151 1.91516087953e-05 -0.000504101860938 -0.0130360345422 -0.00103546120705 4.21562 4.35559 -0.644612994768 4.86080424841 0.165380628887
-114.174 43.3979 0.000145780004412 -0.000121731111091 -0.00880309776304 -0.00394487382802 4.15843 4.25818 0.35769907977 1.56440539658 0.172077529674
-113.518 43.3234 5.98234104145e-05 -7.32085924513e-05 -0.00258075702183 -0.0040244233214 4.05677 4.10462 0.752047256144 0.867225674772 0.0757442789293
-112.433 43.3998 0.000214802037096 0.00016551683348 0.000343666406126 0.000215802188487 4.08157 4.11643 -0.200629803718 -1.10244863653 0.167630270999
-111.612 43.2741 0.000151526262603 0.000436361612925 -0.000529388498339 -0.000176883926901 4.15936 4.20787 1.63201461004 -4.07652778268 0.0589540752886
-124.469 42.8088 1.76234709906e-06 -0.000108391376858 -0.00113238759186 0.000905187704925 4.09303 4.11619 -1.76803359806 0.925033339544 0.0458151382254
-123.49 42.7667 0.000139264954854 -0.000193854274484 0.00070625819773 0.000326898033495 4.14958 4.16428 -2.41969432684 2.18613836889 0.206122297739
-121.731 42.6133 -4.18841962848e-05 -5.6499721304e-05 -0.00079010425853 -0.00263432630531 4.38084 4.33996 0.581537007619 0.369708492156 -0.0202971011488
-120.893 42.7258 -0.000288182639449 -0.00010839958793 -8.45273954667e-05 -0.0002997377479 4.30752 4.32652 -0.331691997846 0.0255065145089 -0.233319571988
-120.251 42.7991 -0.000160633971631 -8.77019707834e-06 0.000528713569041 -0.00105030208122 4.22917 4.26865 1.98581158494 -0.379784329907 -0.150701888586
-119.247 42.6912 1.6910411884e-05 -9.3544143891e-05 -0.000412146158645 -0.000630192743042 4.26552 4.29837 0.206365641534 0.910391788464 0.0456292453094
-118.486 42.7308 -4.18357402626e-07 -0.000302603279291 -0.0003809261128 -0.000994861826175 4.23971 4.1905 0.648893401291 2.80902257472 0.0904701156379
-117.725 42.6996 -0.000160984111332 -0.000241205221795 0.000372508064257 1.82869824866e-05 4.05031 4.02039 -0.975037239614 1.73712048782 -0.075758082602
-116.87 42.7779 -6.57343228976e-05 -0.000523006438665 -0.00766174753891 0.00113380282265 4.11474 4.14797 -0.784338014674 4.71359889135 0.0973322555724
-116.032 42.7713 5.49642335952e-05 -0.000611134624336 -0.0109472855003 -0.00377753866217 4.19407 4.20043 0.125648991311 5.97704428885 0.224522824782
-114.903 42.636 -0.00021090332038 -0.000635588446956 -0.012825688824 -0.00324513440339 4.22342 4.24449 -0.082971536825 5.5516477091 -0.0302624337902
-114.084 42.6493 -0.000326902231662 -0.000540050596256 -0.00519409721008 -0.0029602340036 4.0947 4.17143 0.352316742361 4.42277091275 -0.178317834375
-113.176 42.5452 -0.000230670204317 -4.24000423812e-05 -0.0063830986584 0.00222100295665 4.09154 4.21742 -0.879330634267 -0.206950056761 -0.211122555804
-112.531 42.6852 -0.00010090725596 -5.25472542288e-05 -0.000866223092006 0.000135442994725 4.25054 4.3593 -1.69456282349 0.235919648055 -0.0828109436342
-111.588 42.8321 0.000109989993487 0.000164338418969 0.000257624533428 0.000641314380133 4.04482 4.1816 -1.73188549177 -1.33461016907 0.063107114565
-123.602 42.156 2.94229301026e-05 -0.000233092006508 -0.000307995150261 -0.000109624335681 4.23903 4.26603 -0.616601487381 2.11430313984 0.115451374772
-121.891 42.175 -3.22705311635e-05 -0.0001779020885 -0.000137099471242 0.00535262951156 3.88376 3.92523 -10.9291386639 1.27701073159 0.0650356417502
-120.834 42.0472 -0.000162441944108 -0.000198950339278 0.000768477772761 0.000175917590318 4.09926 4.14317 -0.412613412266 1.24803870817 -0.0841406028851
-119.34 42.0187 -2.92976299597e-06 -0.000237515014235 -5.623946647e-05 0.000512854009031 4.17707 4.22753 -1.31650291288 2.14309305469 0.078440767084
-118.344 42.1901 4.60726722902e-05 -0.000223093333848 -0.000632405880986 0.000365294566367 4.26388 4.246 -0.876295884514 2.19870739052 0.115785037137
-117.667 42.0192 1.30616463823e-05 -0.000308920252007 -0.000154158873543 0.000340472142913 4.17842 4.17648 -0.426773573135 2.91228678938 0.1077108577
-116.471 42.0773 3.16651575381e-05 -0.000415191141475 -0.00138679115818 -0.000734557005483 4.02478 4.00743 0.0701323547912 4.01667653592 0.149400846623
-115.754 42.1669 7.29197772025e-05 -0.000374167778928 -0.00946515018103 -0.00395264560279 4.16998 4.10779 0.273662659112 3.77228698453 0.173113061434
-115.016 42.146 -5.665968862e-05 -0.000376181240076 -0.0166124071499 -0.00395769993895 4.29298 4.08758 -0.172953551805 3.45855363536 0.0487833573781
-113.944 42.0886 -0.000581300009171 -0.000625874956154 -0.0105449407882 -0.0024774662431 4.18106 4.18093 -0.0825268220301 4.55874133547 -0.397836085981
-113.24 42.0343 -0.000478181691502 -0.000604691101539 -3.10808096164e-05 0.00113448076726 4.11022 4.3082 -3.57099327259 4.31178563858 -0.266049965342
-112.386 42.0041 -5.14784668222e-05 -0.000377492355698 0.000239955290816 0.000121938569898 4.08217 4.20465 -1.74241738959 3.56223310446 0.0529500632565
-111.432 42.0149 3.60201227894e-05 -0.000268144690927 -0.00041713039524 0.000387809533082 4.09579 4.14194 -2.42481785916 2.75163547864 0.107694915453
-120.74 38.7552 -0.000174489102798 -1.65133665016e-05 -0.000570397489576 -0.000627397910029 4.52468 4.46852 3.17543232145 -0.30883951021 -0.162960945662
-124.122 41.8473 -3.39919257595e-05 -0.000259324584582 -0.001136290752 -0.000263093964241 4.20433 4.20648 -0.311633233992 2.10439731799 0.0667965758305
-122.854 41.392 6.52927764132e-05 -0.000261481514932 -0.00114454569904 -5.31443636995e-05 4.40495 4.39817 -0.00781045925176 2.49996738828 0.154796720932
-122.122 41.2742 1.56144107922e-05 -0.00018186991078 0.000833369288675 -0.00119310327726 4.31348 4.2161 3.24151888844 1.67580701152 0.0689133419736
-121.839 41.7826 -4.48677320193e-05 -0.000388219386768 0.000515514388922 -0.00342692649088 4.22141 4.23622 0.754176412734 3.3101528343 0.0880393966059
-121.146 41.3593 -0.000180650931775 -0.000229385612222 8.22319063047e-05 0.000110122499425 4.21835 4.17026 -1.50793493784 1.40103259105 -0.0846696460114
-120.477 41.2047 -0.000148905258945 -0.000267784953027 -0.0011205882248 0.00053626298649 4.31011 4.36118 -1.86810230835 1.86291026274 -0.041671898513
-119.171 41.3884 2.44608414079e-05 -0.00033238797466 0.000593810268739 0.000704802230188 4.07382 4.12051 -0.948075158346 3.09820545258 0.133862446182
-118.379 41.4483 6.51115609593e-05 -0.000301932306254 4.55857653632e-05 0.000702834395788 4.19972 4.22673 1.21786856113 2.9866268974 0.149492736032
-117.45 41.423 3.43450026223e-05 -0.000294867249876 -0.000619744814159 0.000242160362522 4.2273 4.20609 1.91653199135 2.86726641244 0.111681990858
-116.54 41.522 -2.23690729082e-05 -0.000276122217465 0.000782276518893 0.000198074720029 4.03758 4.00005 0.460682218432 2.54849609304 0.0560630095257
-115.791 41.4311 4.13787097683e-05 -0.000353017639602 0.000726219615628 -0.000583335087807 4.1548 4.16031 3.02541277486 3.49825759739 0.121151560217
-114.915 41.4157 0.000110302159871 -0.000404861397644 -0.00087270926769 0.000812479911475 4.28703 4.22744 -1.081429464 4.18504023222 0.222428617532
-114.165 41.3602 -7.15573637014e-05 -0.00053226253472 2.15947116764e-05 0.000143302479321 4.24784 4.14857 0.123390704612 4.97125067183 0.0693062327556
-113.347 41.503 -0.000407625371774 -0.000807996078078 0.000133804874261 4.89960286179e-06 4.17498 4.1749 -0.0107991172948 6.85649194103 -0.189760240107
-112.448 41.4632 -0.000343864648998 -0.000622880705951 -0.000109313527949 0.000420396460511 4.15775 4.26192 -1.25898028098 5.18916432294 -0.167014246996
-111.63 41.3146 -0.000121883759325 -0.000571651790481 9.91214814155e-05 5.16407520102e-05 4.15907 4.21064 -0.450294799813 5.37863378281 0.0199022579692
-123.306 40.822 4.9737829639e-06 -0.000269422759937 -0.00107935846523 -0.000734708323101 4.32412 4.30394 2.37223835795 2.38230526918 0.0920018179059
-119.835 40.7484 -5.94168442719e-05 -0.000422604517965 -0.000668177856193 -0.000494003007583 4.20723 4.23828 1.96720689182 3.69874129598 0.0664558993518
-118.971 40.7797 9.31054419791e-05 -0.000304635908698 0.00123484447939 -0.000384323491212 3.94749 3.9349 2.32007627448 3.0673253126 0.173630549292
-118.134 40.7811 3.85196885292e-05 -0.000349248057454 0.000622909421063 -0.0023872270218 4.16854 4.08968 6.83079283324 3.39613086862 0.104271329326
-117.524 40.852 -6.55370888198e-05 -0.000253242088724 -0.00180622431352 -0.00132405888124 4.46884 4.42992 3.03646531898 2.23322333581 -0.000665856843348
-116.508 40.7186 8.96901126956e-05 -6.13174224886e-05 0.00110176317024 0.000704826592862 3.95051 3.97111 1.2323428119 0.816108227362 0.102810603983
-115.736 40.8167 0.000200368631991 -0.0002928085679 0.00123335523048 -0.000244190458764 4.10515 4.09169 1.72448776776 3.30059300447 0.267289698018
-115.039 40.8522 0.00016362931836 -0.000327095334986 -0.00288481429368 -0.000372830254456 4.7057 4.57443 0.375821161048 3.57004218355 0.244569830913
-114.204 40.8556 -8.4498758844e-05 -0.000344834706006 0.00153151127517 -0.000164929290075 4.16121 4.03386 2.56456925991 3.18514387662 -0.00688459210709
-113.187 40.8513 -0.000352844020898 -0.000348568659676 -0.000500401565213 -0.000280732765557 4.3169 4.21118 1.62828368276 2.63398958053 -0.265888938111
-112.52 40.8903 -0.000347363957819 -0.000610401751311 0.000241889948854 1.61038389487e-05 4.14559 4.17074 1.27518163915 5.25950334641 -0.202890135016
-111.437 40.8869 -0.000150555973327 -0.000525463712898 0.00108883328254 0.000347638084667 4.12108 4.1488 0.362809584042 4.89542954983 -0.0278820496205
-110.834 40.9425 -0.000147769986639 -0.000374725685196 -0.00104483329967 1.35140789907e-05 4.37227 4.4025 -0.979219484241 3.37490363616 -0.0526271289865
-109.673 40.9763 -0.000106807563453 -0.00017238145453 -0.000910317949322 0.000354646923365 4.3257 4.39015 -1.79619330303 1.4675428545 -0.0616583717352
-109.177 40.8936 5.75890232518e-05 -0.000187646211464 0.00105184015369 -0.00112478006406 3.99577 4.11084 1.13926772307 2.03537658693 0.0918294781744
-123.82 40.1398 -2.71949542898e-05 -7.4264812366e-05 0.000252867744524 -0.000518629505835 4.09528 4.07879 1.82009314531 0.559839617941 -0.000524891164712
-122.788 40.1767 3.55887695165e-07 -9.53967814406e-05 -0.000498326863147 -0.000591005170586 4.38268 4.35748 2.27641472255 0.842263574897 0.0307391190819
-122.032 39.9971 5.97523355698e-06 -7.17679635861e-05 -0.00103590558221 -0.000194577695296 4.56077 4.53766 1.55730335023 0.653755523103 0.0287579517123
-121.086 40.32 -2.67352708992e-05 -0.000283371499927 -0.000743049509147 0.000392039099501 4.36181 4.27951 1.44618023274 2.46192795595 0.0635247011002
-120.918 39.962 2.72945473499e-05 -9.22515907656e-05 0.000504980458927 -0.000349903237296 4.35546 4.27806 5.28119974103 0.907971243919 0.0492475917593
-119.827 40.165 -6.63678940419e-05 -0.000307550508177 -0.000604224918653 -0.000770045573264 4.2779 4.20256 3.9517898677 2.67179212039 0.0151216503684
-118.877 40.1614 -3.79982219728e-05 -0.000222043507144 0.00102289343651 0.000278069663031 3.97279 3.94259 2.81394306318 1.96090915202 0.0224995484651
-118.155 40.2903 1.18441127034e-05 -9.33653664416e-05 0.000456223210118 0.00137862465279 4.02791 3.97833 -0.151650994202 0.895098546764 0.0400291840004
-117.19 40.1697 -0.000125475833681 -0.000210874511924 -0.00190210242884 -0.000357824064651 4.4628 4.42929 1.77151782916 1.6585478869 -0.0650481307313
-116.5 40.2917 2.17656203454e-05 -0.000108831670135 0.000794446975062 -0.00123281912575 4.17456 4.27237 4.76193481478 1.08916079148 0.0438213974104
-115.657 40.1313 0.000219810487104 -8.63811307131e-05 0.000710488884967 0.00150622722822 4.02514 4.0391 -1.18835652171 1.46178139677 0.235567482881
-114.745 40.2679 0.000120798399136 -0.000147358252599 -0.000666009083287 -0.00111616053535 4.3236 4.24325 3.65686888147 1.68388507914 0.14861554073
-113.981 40.1314 -7.23266918027e-05 -0.000164749766524 -0.000479611882588 -0.000309228952273 4.32681 4.24585 2.24786102053 1.4479953039 -0.0339363211187
-112.469 40.2807 -9.72383850474e-05 -0.000453142412562 0.000172332692941 -0.000577715543517 4.3069 4.23772 2.89584658474 4.3173089974 -0.00728046535585
-111.502 40.2067 -0.000197046024584 -0.000510603462608 -0.000193153131728 -0.000456100089053 4.38971 4.3476 2.18346181635 4.72327752326 -0.0931044839049
-110.738 40.1948 -0.000201165628569 -0.000364283885754 6.59707692547e-05 0.00039669349203 4.36265 4.35712 0.179641301938 3.19403511775 -0.115283025698
-110.008 40.2655 -0.000132272960965 -0.000334194235118 -0.000978594407362 0.000287655805998 4.39429 4.42964 0.406153931204 3.09325641486 -0.0590839237232
-109.124 40.2982 -6.69197389849e-05 -0.000341929246746 0.000322435930702 0.000635304995071 4.06051 4.07758 0.343674075515 3.34979615456 0.00339198683105
-123.338 39.469 -1.74459201598e-05 -1.68338347686e-05 -3.7912582321e-05 -0.000164218065038 4.10958 4.10702 0.484788554612 0.0885624901335 -0.0103826483587
-120.608 39.3028 1.29949393063e-05 -1.86179280105e-05 4.06675473438e-05 0.000210918002954 4.36462 4.35822 2.90538193095 0.203386508997 0.017728935736
-119.898 39.6785 -4.82049018831e-05 1.19239647372e-05 -5.73187021024e-05 0.00066625219991 4.21541 4.12516 1.49755017376 -0.245454694128 -0.0495649483911
-118.889 39.5399 -8.28906665436e-05 -7.17828522622e-05 -0.000277567258811 -0.000292573897523 4.25351 4.23913 2.32152839693 0.44438503064 -0.06004504236
-118.08 39.6946 6.81905819979e-06 -5.1394274759e-05 0.000616690684282 0.00123606779059 4.02135 4.0272 -1.1435170497 0.491399588474 0.0230620594985
-117.14 39.5516 -1.967868173e-05 -2.26479863541e-07 0.000223951718923 6.2078847769e-05 4.17477 4.1293 2.3669708567 -0.0465885213105 -0.0189744397241
-116.464 39.6202 -4.47159486531e-05 -0.000124092131336 -0.000982757290441 0.000469179033501 4.31375 4.34997 1.86055164039 1.06330635097 -0.0115257082385
-115.754 39.553 0.000197979520962 -0.000108360294258 0.00086926290043 -0.000875225180997 4.10837 4.14405 3.29797496149 1.47632797865 0.217182804007
-114.908 39.4731 0.000178069170665 -0.00018764668012 0.000215408350371 8.08184299518e-05 4.20563 4.13933 2.84558314765 2.20693844853 0.21526550597
-114.016 39.455 -4.30858714587e-05 -9.61677371746e-05 -0.00060943148636 0.000385850563649 4.33648 4.28289 1.51864866981 0.833059957062 -0.0193002295184
-113.069 39.5906 -6.0035539992e-05 -0.000236594087867 5.26033587904e-06 -0.000237763574298 4.26081 4.23276 2.53060692405 2.20661376021 -0.00966749061414
-112.279 39.5708 7.96694037008e-05 -0.000117572021158 0.000623704426756 0.00019703504924 4.19995 4.0527 1.92949087119 1.33490046818 0.102494096393
-111.66 39.6092 -0.000231448304635 -0.000157602297607 -0.00030567971325 4.63065866688e-05 4.3859 4.14834 2.14996774874 1.1058195686 -0.195524437453
-110.74 39.473 -0.00023069123441 -0.000239487855435 -6.77732102573e-05 -0.000590851438946 4.49643 4.40578 3.1843484827 2.01737687297 -0.186313637765
-110.246 39.6279 -0.000253760372449 -0.000343593630175 -0.000759110019942 -0.00028282577157 4.46108 4.44274 3.28607470568 3.06653503342 -0.194016513474
-108.981 39.6333 -7.75501517869e-05 -0.000225564262419 -0.000568492945406 0.000232873021228 4.17274 4.15102 1.75921085916 2.17056672704 -0.0365130494889
-122.015 38.6333 0.000131232211128 4.20598676573e-05 0.000160202616421 -0.000276181565488 4.12376 4.11579 1.8988103734 0.0115390840806 0.111408277724
-121.377 38.839 4.4606935581e-05 2.64839529306e-07 -0.000299514038138 -0.00141539210171 4.40263 4.28347 2.94193604237 0.118710816182 0.0426154989721
-118.808 38.9383 6.66809876811e-05 -3.35984287539e-06 0.000467783723828 7.88113219034e-05 4.15954 4.10951 2.01380435362 0.20831123037 0.0649915188262
-117.932 38.8606 -0.000100079005205 8.5395762305e-07 0.000166463860412 -0.000830738689617 4.15171 4.05153 3.07052470147 -0.249790173394 -0.0971048656416
-117.182 38.834 -0.000161372145981 9.37804984588e-05 -7.99331508024e-06 0.000130602772033 4.14844 4.16799 1.32409281372 -1.3022987483 -0.180783798295
-116.4 38.8247 0.000188882598229 3.74148032317e-05 -0.000139873762131 -0.000330996698629 4.20145 4.21776 2.54087905605 0.0936181397309 0.174141551331
-115.654 38.8455 0.000254096680003 -0.000105603783789 0.000100574323982 -7.49736645977e-06 4.19424 4.14265 2.70632153325 1.59079756125 0.271666854767
-114.83 39.04 0.000119362225062 -4.62911718432e-05 -0.00995789212191 -0.00766855638041 4.19476 4.11998 1.13121110826 0.740152694969 0.127144842765
-114.02 38.9551 2.66647032311e-05 -6.43130988137e-05 -0.000517006197712 -0.000577156810491 4.33431 4.24725 2.07860719578 0.685197454838 0.0404687542705
-113.277 38.9882 -0.000146399737897 -1.99226591002e-05 0.000132124713734 -0.000168298417118 4.24531 4.20109 1.50397531771 -0.139124986492 -0.13804675408
-112.379 38.9995 -0.000124268086358 0.000110520678452 -0.000130246764916 3.99175567722e-05 4.31831 4.28614 1.37306668237 -1.36722996388 -0.145525268929
-111.172 38.9176 -8.88387387782e-05 -2.44113557391e-05 0.000582273229326 -2.78732471387e-05 4.29534 4.23645 2.37431910866 0.0724626938013 -0.0825845149662
-110.133 39.1025 -0.00012994653142 -0.000143195736103 -0.000582997931471 -0.000710730890038 4.47112 4.40869 4.08995257314 1.2597926478 -0.107120275382
-109.263 38.9553 -9.58093617609e-05 -0.00014332739013 -0.00199466286384 -0.000342558204504 4.31854 4.28543 3.77664217307 1.32716067928 -0.0739380293936
-120.936 38.2571 1.18316785288e-05 0.000172640796953 -0.00152619627289 0.000337059592201 4.34868 4.30777 -0.203209988292 -1.48774567356 -0.0469212109243
-120.076 38.7028 4.28274448429e-05 7.03186842148e-05 -0.000196502702277 -0.000530544652156 4.43182 4.46335 1.86122739214 -0.517348990995 0.0202941719397
-119.451 38.5226 6.00393602221e-05 7.22619108812e-05 -8.29107027623e-05 -7.23907157404e-05 4.24468 4.21033 1.59923745118 -0.491410967245 0.0364083972809
-119.047 38.089 -4.71625039541e-05 0.000144379436082 0.000264610614142 -0.000437317407631 4.22357 4.19348 2.07519976836 -1.44681522626 -0.085473601891
-118.106 38.3489 -7.32699183404e-05 0.00022598164576 0.000181976015094 -0.000271740799839 4.14839 4.13024 2.02523703293 -2.28304324795 -0.131437690147
-117.072 38.2397 -3.65404139753e-05 1.26417680743e-05 -0.000214076314997 0.000107490076115 4.11266 4.14373 1.09419177076 -0.215065494398 -0.0386057847824
-116.302 38.2886 0.000248383919979 6.75199379445e-05 0.000511852684448 -0.000160543713089 4.10842 4.15161 2.32157352487 -0.0444994702869 0.224245995636
-115.585 38.3489 0.000257394876421 8.57383259482e-05 -0.000573756738347 -0.000142963511985 4.27846 4.22808 2.12089905606 -0.208056940644 0.229138836182
-114.608 38.3281 0.000149684251985 3.54682010538e-05 0.000340812083053 0.000680714832751 4.18032 4.11692 0.926540013396 0.031978925269 0.135995218803
-113.969 38.1802 -0.00012730124311 0.00013928700768 -4.97906703925e-05 0.000718182256827 4.2118 4.14997 -0.079479298068 -1.67042592442 -0.159264065078
-113.021 38.2987 -8.98303394991e-05 9.16287435376e-05 -0.000399993971539 0.000330431513131 4.29129 4.28248 0.495778251406 -1.11107666507 -0.10930814489
-112.277 38.2108 -3.26477944857e-05 0.000143439901346 0.000155229755504 0.000241364139561 4.22448 4.22578 1.80276443279 -1.48644781548 -0.0622653038963
-111.483 38.2843 -3.37355966965e-05 0.000100069516928 0.000233353907564 4.36452752412e-05 4.25499 4.23602 1.86873477684 -1.0665270741 -0.0532706333302
-110.711 38.4187 -7.63516013597e-05 2.7755533502e-05 0.00068294731654 0.000100136110841 4.28385 4.24574 2.78923770135 -0.419161794407 -0.0800760134088
-109.894 38.3862 -0.000190104437474 1.72585035053e-05 -0.00095044367128 -0.000145349867201 4.50402 4.48928 2.96827184712 -0.502081941836 -0.190323030909
-109.261 38.2916 -9.72725556624e-05 2.85782017641e-05 -0.00137824764975 -0.00050675712425 4.33169 4.34365 5.25847245418 -0.415477337592 -0.100006728832
-121.328 37.5049 5.27553601451e-05 0.000160753187315 -0.000353271367303 0.000880104875459 4.12285 4.1119 -0.909549092728 -1.23053397855 -0.00698735858098
-120.33 37.346 3.59644741923e-05 0.000125811859313 -0.000220215988626 0.000235010641324 4.23558 4.07737 0.192085699884 -1.01047993451 -0.0064715361903
-119.849 37.8817 -4.54133417654e-05 0.000139099784459 -0.000406566536241 -7.17101444799e-05 4.36064 4.36072 1.51899688632 -1.38362406425 -0.0845236542272
-118.171 37.4993 1.78628281473e-06 0.000103407636898 -0.00064756681496 0.000452571878632 4.23004 4.23794 -0.22539497183 -0.938052316686 -0.0300251629588
-117.225 37.7243 1.02862086822e-05 7.1835674282e-05 0.00012979551128 -9.28686497173e-05 4.08849 4.09669 1.02708996561 -0.640241521646 -0.00996041988161
-116.595 37.923 9.59396044345e-05 5.35355580423e-05 0.000563682982455 -0.000360824606127 4.04972 4.10207 1.47143285895 -0.257745607943 0.0785313469794
-115.747 37.6444 0.000246496407108 0.000181025765299 -9.52479880053e-05 -0.000244606205631 4.16606 4.23165 1.43823820723 -1.10189518221 0.192454955333
-114.849 37.6083 0.000130533001271 0.000148763118604 -0.000343082645489 -0.000907212574858 4.33704 4.37079 2.75136695891 -1.14508124019 0.0941984020651
-113.86 37.5808 -8.86383056055e-05 1.24345692043e-05 -0.000442987921868 -0.0001040290003 4.34104 4.34693 1.42234574674 -0.327261253535 -0.0890817963847
-113.168 37.7601 -8.22812572432e-05 3.61400486867e-05 0.000412095018389 -0.00035488650925 4.18029 4.22109 1.70438153978 -0.536426295685 -0.0882624191951
-112.363 37.6761 -9.81690834759e-05 0.000132142838321 -4.27054905011e-05 -0.000874952443542 4.22149 4.25589 2.23310174865 -1.50728672113 -0.123206606709
-111.596 37.7222 2.75823689851e-05 0.000120177009263 0.000330627392975 -3.43617668105e-05 4.20614 4.21825 1.53405315443 -1.13422119677 0.00181924445448
-110.802 37.6354 -8.94368358297e-05 7.99004196055e-05 6.38309441342e-05 -1.96657498116e-05 4.26004 4.24412 1.43170432811 -0.984683406243 -0.103786934496
-109.995 37.6903 -9.01612752049e-05 8.86434960314e-05 -0.000260075885519 0.000470752366857 4.31445 4.33592 1.68602803082 -1.07164228852 -0.105374816345
-109.137 37.7459 -2.82292977065e-05 -1.29213123885e-07 -0.000821931552293 -0.000386829879042 4.21387 4.22049 3.62314811643 -0.0419527114636 -0.0278995347404
-121.786 39.2291 1.28603781788e-05 -3.72512670373e-05 -0.00128229117992 -0.00068251102138 4.42446 4.4154 3.57818782198 0.367994147455 0.0229206830492
-120.674 36.8953 3.61594503224e-05 0.000101123318725 7.13839041717e-05 -0.000157716625447 4.13841 4.24664 -0.121376905028 -0.781107255598 0.000752637545201
-119.709 37.0069 7.48718913522e-07 9.59065226104e-05 -0.000331926435879 -0.000195034436718 4.25224 4.22529 0.675028059312 -0.859227561121 -0.0287426257583
-115.22 37.2408 0.000201469952545 0.000222223449445 -1.27779869871e-05 -0.000457260145277 4.18311 4.03681 1.72249594615 -1.63606921402 0.141311571753
-114.715 36.7256 0.00024535878658 0.000195073496674 0.000101183775631 0.000468029271003 4.1672 4.18892 0.288094489588 -1.22093890825 0.185607490384
-113.907 37.0195 -7.33306178764e-05 2.30196901238e-05 -0.000706528364499 -0.000760250230988 4.37818 4.24221 2.78906593743 -0.377684284859 -0.0765420615501
-113.084 37.0615 -0.000250805049561 0.000129311398454 -8.86719332165e-05 0.000365649026863 4.2857 4.21704 0.282098277031 -1.87105003268 -0.274902776032
-112.382 37.0183 -0.000105736556603 0.000151191517016 0.000595100378482 0.00170233833337 4.14063 4.16808 -0.817334807559 -1.74424075717 -0.141089398996
-111.506 36.9839 3.33017044236e-05 8.00442365549e-05 -2.85739741541e-05 -0.00018855577735 4.24941 4.25346 1.48788807976 -0.722873734454 0.0158022654202
-110.804 36.9969 -5.20281066172e-05 0.000112268227891 -7.05451116915e-05 0.000611223046976 4.23983 4.18431 0.233244173363 -1.23483496409 -0.0758211320723
-109.874 37.1364 -9.40770381946e-05 3.1782930181e-05 -0.000285428392083 -7.56340602233e-05 4.23641 4.2434 1.9309855341 -0.500331175008 -0.0983348730709
-109.025 36.8299 -2.5119605571e-05 5.34130908488e-05 -0.000217016757317 -0.000279052533955 4.13964 3.9106 2.14206198119 -0.589543264201 -0.0339885953674
-120.783 36.3627 1.98473228733e-05 1.41702664365e-05 0.000590730466993 -0.000268828001419 4.0445 4.02789 -0.020585341961 -0.0639620074257 0.0140875282532
-120.12 36.3356 5.71047392302e-05 5.31717486656e-05 -0.000385288868782 -0.000395557677582 4.16895 4.20296 -0.119432961961 -0.298629184906 0.0368334000424
-116.33 36.4193 4.76241566493e-05 7.10227350672e-05 0.000692206646881 0.000923527379832 3.96652 4.00013 -0.039509351268 -0.529779100619 0.0255021056856
-115.383 36.423 0.000253389615132 0.000195846570885 -0.000135569664781 0.00057671403858 4.04086 4.12131 -0.841654213284 -1.12202990255 0.186302541484
-114.539 36.4321 0.000217265669338 0.000228519466333 0.000403447972789 -0.000938250479633 4.16461 4.10713 0.824847776075 -1.64268346482 0.152858328579
-113.965 36.4151 -4.62180476194e-05 0.000195082669469 -0.000627930643609 0.00028766052685 4.33387 4.22142 0.515915435979 -1.98643899137 -0.0936621188732
-113.18 36.4182 -0.000275451059929 0.000112306502189 -0.000624236696385 -0.000171748134015 4.3464 4.31233 0.298850448326 -1.76376722861 -0.294637571748
-112.291 36.428 -6.30710708155e-05 3.73855871028e-05 0.00114720198731 -0.00141528220701 4.17316 4.21562 4.47023235882 -0.47624764625 -0.0684123461216
-111.13 36.1428 2.64660270092e-05 -1.96658719911e-05 -0.000815405622941 -0.000560053816575 4.31053 4.3228 0.400574898779 0.254810556092 0.0302045104218
-110.662 36.5996 -4.64858719258e-05 1.13105144966e-05 -0.000275602142235 -0.000708039215795 4.24294 4.2048 1.41614159995 -0.208934553461 -0.0478127515979
-109.87 36.4199 -7.30909738463e-05 -3.28856069501e-05 5.68251872654e-05 -8.48151773017e-05 4.15483 4.15318 0.980090807037 0.179209995844 -0.0649479304682
-121.236 36.0214 -3.07802690105e-05 -1.57365569893e-05 0.000229698538502 -0.0001106915473 4.02254 4.02407 -0.113897952721 0.0421398994669 -0.0237508747973
-119.903 35.8667 -7.81668953464e-06 4.35195385178e-05 -0.00100254137601 0.000572408396069 4.10801 4.11856 -1.27943620261 -0.408898668411 -0.0221346724712
-115.43 35.8384 0.000130748110246 7.96858052395e-05 0.000710048497971 0.000638050631024 3.93938 3.99435 -0.800603299358 -0.378660301021 0.102349629578
-114.851 35.7266 0.000242522864593 0.000160156868748 0.00117989696678 0.000905409201819 3.92141 3.91024 -2.2984792683 -0.766719605206 0.181773998611
-113.984 35.8522 3.03891276083e-05 0.000170062798328 -0.00129352806609 -0.000637577187996 4.30923 4.29228 0.0823627237283 -1.54778341305 -0.0145345738269
-113.105 35.6339 -0.000127573529016 0.000150426604664 4.12753351247e-05 -0.000366077276605 4.18136 4.17789 0.694100020442 -1.75915914297 -0.159833137933
-112.173 35.8191 1.70379529586e-05 -6.65788168667e-05 0.000836471489 -0.000388629036088 4.16346 4.21061 1.15483596639 0.690454597095 0.031393973267
-109.933 35.7113 -0.000125432734538 -7.79548439962e-05 -0.000155865876996 0.000458291234712 4.11081 4.13936 -1.00950018868 0.471602741179 -0.103404142271
-109.046 35.7147 -8.40938424857e-05 -2.57858555927e-05 -8.26909492878e-05 -0.000200432629059 4.07918 4.09497 -0.0166742619188 0.0767793191076 -0.0767479619085
-114.87 35.301 8.26869438125e-05 1.52596464725e-05 0.00110564089462 -5.38585554509e-06 3.95061 3.93398 -1.16382777059 0.0897389228614 0.0748084810983
-113.885 35.099 1.00582756796e-06 0.000119722522315 -0.000266053771746 0.000576932935808 4.10042 4.11944 -1.98757223473 -1.12852810684 -0.0339525842771
-113.083 35.2127 -3.75210846033e-05 2.16514269937e-05 -0.000981540636487 0.000426035748067 4.31943 4.38601 -0.432389416636 -0.30451488806 -0.0418347085696
-112.267 35.1787 -1.15947091264e-05 -0.000105226872657 0.000822171318447 0.00224098849331 4.04933 4.08644 -3.62474748883 0.96990246546 0.0208791414234
-111.532 35.0951 0.000148785903078 -0.000147651525146 0.000512841159903 0.00163309904253 4.15515 4.18761 -1.46127256984 1.82868287456 0.182076857292
-110.713 35.0789 6.11785750492e-06 -0.000114551864726 -0.000681392982704 0.000869724582944 4.30415 4.31192 -1.58384533347 1.14138430119 0.035056300357
-109.736 35.1181 -0.000372595459794 -0.000175696299567 -0.00179877896402 -0.000339248607623 4.32731 4.58847 -1.19272313598 0.838417456502 -0.319972789841
-109.388 35.1118 -5.37635538801e-05 -0.000195456172401 0.00418616892639 5.71373151529e-05 3.7539 3.84715 0.0995953536209 1.84518859521 -0.010886375936
-113.83 34.5935 7.02617697968e-06 -3.82529229939e-05 -0.000874476757419 0.000304261839331 4.13174 4.14571 -1.70562984743 0.381624958022 0.0176808855379
-112.891 34.4692 7.79850458105e-05 -0.000148029583796 -6.48995601508e-05 -0.000755369334928 4.17991 4.23978 0.602591717368 1.61544665665 0.111016452239
-112.237 34.4866 0.000208751244982 -0.000197826072943 0.000481270184866 -0.00155528479399 4.18038 4.20031 2.16867064711 2.36699078095 0.244932206513
-111.441 34.4178 6.98956094606e-05 -0.000238459293983 -0.000478502202315 -0.00107337271949 4.36391 4.26974 1.37921514807 2.49786035665 0.118689570611
-110.806 34.3371 -7.95204281077e-06 -0.000159834049026 -0.00023221706355 -0.00096654250905 4.31609 4.15552 1.2072784781 1.56739182031 0.0254881750895
-109.95 34.5293 -7.43030934087e-05 -0.000170295030493 0.000177288034226 0.000480487762575 4.18103 4.12266 -0.923205650647 1.51102875321 -0.0319806780673
-109.29 34.4275 -0.000131352431778 -0.000173789078065 -0.000766978255158 0.000176372291669 4.13946 4.15332 -0.990094207035 1.42487386364 -0.0876262260642
-114.524 33.7503 2.40357369192e-05 -1.6922304313e-05 0.000542708264402 -0.000306516906224 3.99143 4.44347 0.250363116941 0.22094069463 0.0276042567925
-113.829 33.8142 8.83013955483e-05 -3.19709910707e-05 -0.000595123795991 -0.000640946210907 4.14067 4.39645 -0.084062990051 0.529093314555 0.0935660465641
-113.005 33.9383 0.000135488853026 -9.41591037218e-05 0.000228131126913 2.9587046355e-05 4.07582 4.10214 -0.638820071037 1.25240901789 0.155326853588
-112.333 33.9535 8.28954169858e-05 -0.000149381584098 0.000240734946054 -0.000192792567742 4.14796 4.15086 0.500876357813 1.64437858273 0.115638037172
-111.478 33.8798 0.000103782655309 -9.44678711435e-05 0.000663981795614 -0.000411911135736 4.1854 4.19263 0.330841055983 1.16473958672 0.122694744017
-110.844 33.6953 -5.65344609727e-05 -0.000122797865002 -0.00125102142039 0.000164915303739 4.51354 4.75015 -1.62156759505 1.05354165463 -0.0231196424204
-110.034 33.7776 -0.000100450739942 -0.000190715317218 -0.000777035081799 0.000906425393598 4.32528 4.81788 -1.65080899559 1.62612217763 -0.0496579769539
-109.254 33.9571 -2.57310531712e-05 -0.0002011831064 0.00104672812973 0.000103381918831 4.00146 4.03355 0.11821356002 1.96174847133 0.0175547310282
-112.946 33.3627 0.000115362227535 -2.43964799349e-05 -9.76739174086e-05 0.000454527582971 4.05944 4.03835 -1.12887720104 0.539423591221 0.117681624593
-112.158 33.2893 8.55339612856e-05 -9.53862976749e-05 0.000654145256147 0.000765486170001 4.06077 4.04734 -1.29431108081 1.14364222063 0.107633870633
-111.427 33.341 0.000114134648569 2.04340252032e-05 -0.000166988336804 0.000743617956829 4.27186 4.14253 -2.82451199095 0.126866937181 0.103722032337
-110.472 33.2969 9.23114362998e-05 -0.00013763562935 -0.00116004269551 -0.000809415951407 4.38277 4.33203 -0.293507431406 1.57360277996 0.121595921738
-110.036 33.0851 7.37103232795e-06 -0.000223332996457 0.000487908786893 -0.00198530364062 4.19855 4.00632 3.21955656323 2.252343758 0.0445297546235
-109.266 33.2921 -5.93940970575e-05 -0.000202080332219 0.000358212120749 -0.000555257697187 4.07601 4.0625 -0.025316979064 1.891171024 -0.0145109334701
