-114.58 32.5356 0.00153675870945 0.000503499519889 -0.000625624106498 -0.00997169243361 4.18954 4.18718 -11.2642675833 18.8625808552 -1.43984214475
-113.767 32.7683 0.00172991280672 0.00219940331773 -0.00215358425151 -0.00394050979184 3.92826 3.92668 -15.8010287055 36.4202244443 -2.74630610579
-112.883 32.7513 -0.000618588885588 -0.00131442320003 -0.00296355717989 -0.00624104775868 3.8784 3.85643 -17.5166456123 -18.2976663601 1.3102394305
-112.228 32.7006 -0.00344883384586 -0.0021633090472 -0.00560473345436 -0.00814875181938 3.73345 3.75648 -20.3673625415 -49.0589475382 4.05918349024
-111.704 32.5618 -0.00117576796132 -0.000940120279725 -0.0180994080229 -0.0420899225086 4.23291 4.29995 -38.8855058048 -16.2464387869 1.40977432948
-110.739 32.5716 0.0020557614902 0.000552576245619 -0.00843118554967 -0.0220574622912 3.85223 3.88076 -27.3754335694 19.3001693152 -2.05847265966
-109.97 32.6399 -0.00144904061459 -0.00344529015426 -0.00410032401998 -0.0154001010975 4.17332 4.19055 -27.4204192411 -47.560257717 2.97346836282
-109.303 32.7663 -0.00225473324764 -0.00465030533214 -0.00905139076833 -0.0152980318514 3.65176 3.71199 -34.3905319747 -66.0746550106 3.89431921198
-108.633 32.5466 -3.30791425665e-05 -0.000182658872263 0.00609943454013 0.00491455398537 3.77558 3.81272 4.64003340591 -1.45705760413 0.177057871958
-112.812 31.9559 -0.000669302970251 0.000897720116381 -0.0062677927669 -0.00183350139095 3.7193 3.72146 -9.18497938569 1.39077249941 -0.214875617488
-111.457 32.0022 0.00233265195851 -0.00251566094928 -0.00846547690962 -0.0106356721473 3.93807 3.92875 -9.38840008811 0.492676135573 0.296877937702
-110.816 31.7748 -0.00395882553979 -0.00428445583113 -0.0134364858825 -0.00261637670776 3.22047 3.24631 -9.53091145604 -74.2843709737 5.83313048158
-110.046 31.9737 0.001867593847 0.0018857926211 -0.0133475310303 -0.00255020042539 3.57505 3.6178 -24.0444629655 33.2209708231 -2.59748295574
-109.259 31.9989 -0.00208843326558 -0.00149057677653 -0.00692111715292 -0.00180535917473 4.00235 4.00753 -16.8494249117 -31.7236097157 2.55503233431
-109.991 31.439 -0.00208407723077 -0.00604455354594 -0.00835785913589 -0.016978728771 3.82664 3.8777 -20.8007210067 -77.3890227689 5.29019782973
-109.281 31.3757 -0.000544796055909 -0.00674262131171 -0.0140193796477 -0.026102948564 3.92981 3.97929 -24.535904813 -75.2398621671 4.15049714879
-122.707 48.7197 0.00139566076436 0.0003438955816 -0.00133197754892 -0.000452480650782 3.71113 3.71877 -3.76395122424 18.0689028071 -1.24597020483
-122.085 48.9983 0.00212072348228 0.00210850750929 -0.00754327549469 -0.00454930060834 3.36774 3.37422 -14.1059683146 43.5686266992 -2.93121595237
-121.48 49.0983 -0.000456589691166 0.00162525614905 -0.00023513897159 -0.00681391384477 3.52164 3.51427 -17.5313344174 17.4950291081 -0.419740725498
-120.384 49.048 0.000613090169961 0.00257639289073 -0.00249870547254 -0.00562772793426 3.49313 3.49402 -16.4376680144 37.2492499118 -1.87009636252
-119.272 48.9534 0.00167657079973 0.00222853713947 0.000205345782541 -0.00950713469208 3.40772 3.39831 -20.6463452249 40.5722735833 -2.52068976785
-118.585 48.9752 0.000451415707167 0.00223035791509 -0.00952422527772 -0.0121221070809 3.16195 3.1568 -20.9441599496 32.1448817516 -1.43378907879
-117.559 48.9813 0.00055191716221 0.00256773155922 -0.00380526362944 -0.005736519944 3.73607 3.74381 -6.58214940171 33.2898142179 -2.13595322283
-123.504 48.0575 9.19375696956e-05 2.05944404524e-05 -0.00667088843034 -0.0105665279274 3.93024 3.94852 -10.5453921053 1.07051558654 -0.0856956615582
-122.096 48.2641 0.00208827153051 0.000844847975852 0.00606776990122 -0.000536232741444 4.00628 3.99733 -1.34360870192 31.098757794 -2.04814049446
-121.484 48.5183 0.00234198942993 0.00460839546422 -0.00467184601406 -0.0138858363027 3.97341 3.98104 -27.5603133332 76.0749754622 -3.80315464886
-120.12 48.4607 0.00118849063815 0.00370768726135 -0.00405054778227 -0.0176270337954 3.89303 3.92633 -34.6104919872 57.2531056608 -2.03879455644
-119.333 48.3584 0.00108708557199 0.0042080775272 -0.00585985925831 -0.00831483048059 3.65011 3.66355 -38.6509276422 63.6682453468 -1.80502734097
-118.149 48.4226 -0.000207103874669 0.000503891012489 -0.00884307814723 -0.0227676963741 4.00592 3.99106 -36.221171453 6.52255297785 0.0903600276257
-117.225 48.2995 -1.68789301046e-05 0.00123198267218 -0.0113377030223 -0.0201037093773 3.96356 3.96935 -39.1571089184 17.6411459176 -0.20172056609
-124.566 47.9475 -0.00393098798764 -0.00191556276141 0.00865207806696 -0.000828253369906 4.18284 4.20129 6.38818271773 -64.2255919123 3.86365816455
-122.972 47.7172 0.00100456162908 0.00689963772172 -0.020552266848 -0.0347465471522 3.65485 3.69338 -38.388418771 103.299372827 -2.1522041016
-121.689 47.6947 0.00346230980702 0.00184114272976 0.00127547781753 0.00891182875877 3.67232 3.69402 3.71107263117 57.004311046 -3.57820550863
-120.894 47.923 0.00053218978537 0.00262195383979 0.00804116662272 0.00766427953497 3.92361 3.93271 8.53143220403 27.5899887131 -2.4897041605
-120.061 47.6902 -0.000615370654532 -0.00255914668921 -0.004073377896 0.000274606198173 3.66316 3.67572 -11.2277970412 -35.2417701282 2.05088156833
-119.045 47.7849 0.00249820131995 0.00226213887072 -0.00223967959636 -0.0136327433015 3.80335 3.83389 -25.6735257975 44.9094775971 -3.19211200944
-118.274 47.8006 0.00133335641651 0.00211255347039 -0.00166057488276 -0.00134720122025 3.75255 3.75032 -29.7347834746 35.5733176666 -1.96487126519
-117.308 47.8192 5.5344166674e-05 0.00106993790285 -0.00574156940033 -0.00154693406512 3.94305 3.94113 -24.6613571634 14.4534924564 -0.50150224736
-115.475 47.7092 0.0029339222698 0.0031033020718 -0.00337077082294 -0.00994491444972 3.23233 3.2427 -17.7197920142 60.6035294735 -4.14185171128
-114.574 47.6795 0.00478438241727 0.00267442760449 -0.0025086687314 -0.00335761404107 3.38551 3.38732 -17.9632019938 69.555061235 -5.4718113734
-113.747 47.7687 0.00159664059611 0.00193868319296 -0.00247070391865 -0.00504727890698 3.42654 3.40554 -14.8267657361 36.0294257268 -2.43006069583
-112.607 47.775 0.00120412716373 0.00158970373378 -0.00270808162223 -0.00966437170345 3.23248 3.2224 -22.5855905912 28.2333771475 -1.81659655778
-111.746 47.8012 0.00133142551377 0.00158622569246 -0.00984913005232 -0.00855556487538 3.34358 3.34131 -18.8411228457 29.3234951043 -1.97514653856
-110.763 47.6327 0.00135107393463 0.000863809719764 -0.00332183808493 -0.00465439622692 4.0938 4.08756 -6.61584904834 22.2835169212 -1.56543328144
-123.771 47.1161 -0.000778607515566 -0.00332321622833 0.010306057205 0.0143334480319 3.3944 3.42172 19.8882441521 -29.0265997857 3.37419192655
-122.803 47.1109 -0.00160664102458 -0.00305277003856 0.0110756086038 0.014477371048 3.66417 3.73232 18.5537408364 -39.405503288 3.4375642209
-120.844 47.1935 0.00392188088215 0.000777276391337 0.00252700845309 -0.00321543978261 4.09865 4.08644 -8.47137805983 46.0360521897 -3.48703516098
-119.973 47.1936 0.000830710224081 0.000628319987229 -0.00407093441335 -0.00615132521423 3.88915 3.82917 -15.5465866173 14.3842505403 -1.03969077052
-118.921 47.0573 0.000595528907607 -0.000962068358802 0.00544300490677 0.0148479656457 3.61829 3.67389 0.462425883522 -2.3513043353 0.354909131569
-118.309 47.0615 0.00332406892696 0.00415453970649 -0.0046162979727 -0.0138648611386 3.86028 3.89471 -30.3167841483 73.0116661075 -4.5166992341
-117.276 47.0547 0.00193819349984 0.00141014034541 -0.00423456302726 -0.00378085418093 3.71082 3.71024 -31.1750646411 28.4021062936 -2.29005753581
-116.335 47.0477 -0.000887051951849 0.00056913819824 -0.0105232070513 -0.0157057647445 4.01336 4.04813 -25.8324940665 2.16979145789 0.571389205203
-114.459 47.0943 0.00619552099146 0.0119839842404 -0.0106633221742 -0.0198918700688 3.67696 3.73768 -33.1654771993 190.844991653 -9.54301969695
-113.506 47.0816 0.00370748671124 0.00719155474086 -0.00296663861592 -0.0111557688239 3.73514 3.7418 -23.7270013468 115.724075011 -6.60250345102
-112.52 47.0418 0.00170770600566 0.00380756950154 -0.00447489515707 -0.0109307773083 3.81782 3.80006 -25.4744750829 59.4454517457 -3.20360908896
-111.549 47.0308 0.00213607591448 0.00229495240163 -0.00410002422899 -0.014932789638 3.65761 3.64241 -34.4613923796 40.1547453515 -2.72224503404
-110.687 47.1523 0.000933717055631 0.00248763427419 -0.00766371500638 -0.0105168999205 4.36524 4.33415 -27.5824944817 37.58297301 -1.87818702183
-123.563 46.5459 -0.0064298487213 -0.00416768847954 0.00329830181543 0.00142737164774 3.48014 3.50019 7.52234840761 -113.026718481 7.0412707891
-122.72 46.5934 -0.00135255105397 0.00201538034626 -0.0164500821727 -0.0222945955331 3.75528 3.75155 -22.9936721531 18.011968708 0.338669607026
-120.979 46.5433 0.0044086361551 0.00339669659781 0.000971546922359 -0.00530447749364 4.10593 4.14638 -0.737269281796 81.1978782579 -5.46381344064
-119.855 46.5585 0.00017595212405 0.00219969503841 0.00804721491999 0.00706454936632 3.81097 3.84408 5.3720542335 20.4899982582 -1.90231992902
-119.06 46.4911 0.000503729293608 -0.00659755676588 -0.0250607975504 -0.0338547136033 3.16209 3.19264 -40.2279120483 -93.2387792424 0.606591309002
-118.146 46.5139 0.000270537758989 0.000203619641616 0.0133317142901 0.0137740212387 3.89082 3.93822 5.66968652173 4.89707111392 -0.320549551883
-117.11 46.485 0.00248067488428 0.00134928075355 -0.0141390519933 -0.0219298620586 3.9012 3.92984 -36.1919568297 27.6496233782 -2.73590441595
-116.209 46.3559 6.89592241337e-05 -0.00146830387485 -0.0116227693161 -0.0124990653531 3.92957 3.92105 -26.8418608496 -18.8937423913 0.531230072325
-114.188 46.4423 0.000604196428569 -0.00540095428705 -0.000596425264951 -0.00701186584358 3.65096 3.69203 -18.9872327958 -60.6065857154 2.37281418511
-113.493 46.4162 -0.0010996924166 -0.0012823789152 -0.00571866300719 -0.0165280121896 3.51662 3.57048 -43.5709049996 -20.2480193019 1.26563076933
-112.641 46.4246 0.0052730027553 0.00926881349136 0.00352957649905 -0.00449036862474 3.83145 3.95111 -42.3468143201 142.108846087 -6.71345990392
-111.676 46.5336 0.00388980708179 0.00516213549347 -0.00365347733121 -0.0077623768426 3.73978 3.74576 -27.0094339564 89.5653180771 -5.70493830004
-110.858 46.462 0.0016723531408 0.00393254703409 -0.00965157230465 -0.00660016932619 3.65814 3.66228 -29.0887036273 60.3547830108 -3.08472960015
-109.914 46.5663 -3.57689996864e-05 0.00237141062532 -0.00837064220935 -0.00830316229528 3.79794 3.79658 -18.1340197636 27.2912596792 -1.30928834057
-123.559 45.9306 -0.00120685731917 -0.00137306105954 0.00115382203787 -0.00288738083784 4.0116 4.01995 0.648695612565 -26.5880095163 1.82778617101
-122.419 45.9325 -0.0079392623344 -0.00433298818425 0.00732939631337 0.0102397560137 3.49931 3.58413 15.7151408967 -132.174971819 7.28059940565
-120.782 45.7664 0.00270629005668 -0.00653935755188 -0.0238390223289 -0.0127942368684 3.43701 3.46184 -27.6207740172 -73.2186719815 -0.0367867519966
-119.928 45.8951 0.0010055441547 -0.00479575925788 -0.00914221994127 -0.0309539412585 3.61929 3.64781 -37.1458581574 -64.6419428967 0.0825482232028
-118.777 45.7971 0.00209507817465 -0.0045402566268 -0.00711734689615 -0.0158507421211 3.73333 3.74137 -27.5927300126 -48.825172003 -0.179432385093
-117.909 45.7087 -0.00138923758161 -0.00648835189776 -0.0127034653907 -0.0169547064199 3.86334 3.87938 -28.9036834549 -94.2034176366 3.68793815771
-117.228 45.9734 0.000208333847972 -0.000739161021637 0.0110011632673 0.0144570804893 3.78928 3.80756 0.428419217673 -4.35270132781 0.44397734057
-116.155 45.8883 0.00123604224338 -0.000303563460137 -0.012229701736 -0.00392902178982 3.63994 3.66839 -32.676702415 1.42948570321 -1.07828066683
-115.255 45.7565 0.00172910034675 0.00479602608279 -0.000494319159012 -0.0164200762305 3.10775 3.11987 -13.8559590759 69.3538380983 -4.28825188962
-114.332 45.7893 -0.000211017024394 -0.00212627485458 -0.00338367430651 -0.00610095345558 3.78557 3.77762 -18.424238355 -26.9842216818 1.33830681444
-113.37 45.8122 -0.00224974991094 -0.00321102054165 -0.00600796884017 0.000971302938111 3.58186 3.62204 -21.0243391904 -55.4673123016 3.57605471615
-112.493 45.8409 0.0039783953286 0.00449411901242 0.00119298622791 0.0154293173629 3.10885 3.18053 0.189671010167 83.4257856774 -5.98917326009
-111.626 45.7843 0.00297089781934 0.00358706396114 0.00247342733394 0.00765360493461 3.52178 3.57755 -12.3782218108 65.6720819101 -4.58091173861
-110.659 45.9054 0.00332316461686 0.00495947333211 -0.00886068059565 -0.0071181956506 3.81772 3.80423 -29.3974723829 82.5209416699 -5.00673737671
-109.716 45.9046 0.000913965720858 0.00444146803598 -0.00245662435326 -0.0132109233054 4.17182 4.1616 -28.5877769654 62.0347033575 -2.65913111697
-122.478 45.2059 -8.72602538455e-05 -0.0051295192783 -0.00679020433571 0.00384916416369 3.44273 3.46545 -3.84077996239 -53.0098964724 3.74217741972
-121.317 45.2422 0.00186231341209 -0.00123270172684 -0.0126394390898 -0.0168541742664 3.02563 3.01713 -27.0787398884 -5.97833906986 -1.23637314959
-120.635 45.2357 0.000307859319543 -0.00234122182881 -0.0024040554546 -0.0124937509451 3.98042 3.93902 -31.4576845204 -30.7179506712 0.458061072163
-119.669 45.2664 0.00160755929447 -0.00604765185335 -0.000649149412136 -0.0104350177022 3.71066 3.72416 -39.9899045938 -81.76965022 -0.492797406513
-118.96 45.2904 0.00292621443464 -0.0032222597535 -0.00294074791133 -0.0321941779531 3.5157 3.50571 -42.4951828377 -40.0978547683 -2.44722352904
-117.78 45.2781 0.0018093760511 -0.00140112214034 -0.00690923346964 -0.015142855795 3.93789 3.87202 -32.4971911846 -10.9166979521 -1.27647404072
-117.12 45.2925 -0.00141216767195 -0.00323728361205 -0.00253400483274 -0.0250812862544 3.67583 3.65323 -28.4122519434 -50.5820651999 2.54766174102
-116.268 45.3997 -0.00141842806982 -0.0029964086486 -0.0131538002222 -0.0208265896863 3.67142 3.68814 -42.1847240556 -45.465811578 1.86976741545
-114.233 45.0931 0.00231289466345 -0.00222466677082 -0.0204001067388 -0.0216473693971 3.91446 3.92221 -38.5684218674 -23.1099139127 -1.7376836548
-113.46 45.2432 -0.000771508476748 -0.00259364510846 -0.00355725907646 -0.0162527872322 3.90236 3.88815 -28.3106407212 -37.9647113303 1.7502252649
-112.489 45.166 -0.00408421296027 -0.00625400726543 -0.00724773851471 -0.0155243458882 3.75227 3.82948 -33.6062879339 -101.920682569 5.87812811105
-111.805 45.2285 -0.00321483146785 -0.00366814395626 -0.0102655033635 -0.020401960839 3.39809 3.46003 -34.9223740603 -62.8314375321 4.17395173334
-110.74 45.3212 0.00241049995357 0.009381822841 -0.00637115239712 0.00259189484271 3.18141 3.24009 -8.62514770952 117.857019089 -8.26719398757
-109.563 45.3171 -0.000440677141475 0.00358990642092 -0.010164629943 0.00779441114187 3.04426 3.05294 -6.84975818882 30.1683043439 -2.29167276787
-120.335 44.7344 0.00240353900636 -0.002553491122 -0.00992072306478 -0.0238251884806 3.85311 3.85629 -35.6928374482 -26.7877831442 -1.67237130777
-119.565 44.5913 0.00111573813898 -0.00200020502047 -0.0102191884699 -0.0145171019519 3.76184 3.72824 -31.1533789507 -21.7270099031 -0.380605481264
-118.67 44.5191 -0.000337043452648 -0.00220057987344 -0.00762538535568 -0.020664027767 3.61328 3.60226 -29.5257537555 -31.1218547993 1.1192414758
-117.664 44.6653 0.000628052579387 -0.00134099381069 -0.00495291835388 -0.0131396273565 3.66725 3.68269 -40.0087335013 -17.0679846977 -0.356295007691
-116.747 44.589 0.00169677126165 -0.00092221831968 -0.00668680456917 -0.0151374477936 3.53938 3.53755 -32.9449564496 -4.78227772013 -1.31614246045
-116.013 44.7035 0.000116268450522 -2.66611158405e-05 -0.00643561725445 -0.0204653072411 3.55247 3.54638 -19.9456602632 0.544748949132 -0.0849854114177
-114.855 44.5494 0.00102012383455 -0.00316975413784 -0.00435987999273 -0.0158879517724 3.55587 3.54446 -22.0259889884 -31.647883533 0.698867734372
-114.255 44.5642 -0.00126457218183 -0.00220080364343 -0.00235876821549 -0.00989466547405 3.52053 3.51262 -31.5239958581 -35.3711848028 1.95844394601
-113.367 44.6165 0.000774142472025 -0.00153626112701 -0.00410011115878 -0.0125784355345 3.36836 3.34234 -34.0318174786 -17.10701034 -0.251779152369
-112.644 44.6173 -0.00168298798008 -0.000373041011552 -0.0114943369155 -0.00682854673502 3.53783 3.47138 -19.9224132731 -17.1630089535 1.61839039652
-111.248 44.7038 -0.00251194566352 -0.00592915954201 -0.0158811323971 -0.0115119454371 3.54679 3.58955 -19.6367202783 -88.6056319456 5.35413972034
-110.576 44.3951 -0.000730903869005 -0.00592721862855 -0.00872686363627 -0.0108446875238 4.13629 4.11001 -13.9454793267 -70.3207584089 4.32047488732
-120.211 43.9437 0.000816340295193 0.000261620345504 -0.00577814184303 -0.0165183721987 4.02101 4.00223 -23.2708492916 8.76870835205 -0.844528064149
-119.504 44.082 4.0418853048e-05 0.000585522225469 -0.00660825897414 -0.0135443259417 3.52236 3.5045 -37.0030834133 8.28568676484 -0.18100449988
-118.569 43.9104 0.00075491873156 -0.000915415406642 -0.004562675244 -0.00553146444302 3.62844 3.60569 -34.1343808938 -9.29826406077 -0.45054575541
-117.741 43.9733 0.000132833771632 -0.00197945505911 -0.00509002622846 -0.00945601407456 3.77521 3.75948 -30.508581763 -25.6384993192 0.585210655834
-116.803 44.086 -0.000247368803962 -0.00236785169838 -0.01533421881 0.000708420101349 3.62991 3.63902 -40.4884464679 -33.6731329684 0.702478713687
-115.133 43.7945 0.000620624523046 -0.00087856891375 -0.0140229642125 -0.0108845137062 3.74621 3.74664 -35.4564164435 -9.326686709 -0.340209021625
-114.117 43.9146 -0.00088741811082 -0.0010495016336 -0.00445387717047 -0.00215236420066 3.59191 3.57266 -31.8000811109 -18.2050271702 1.2007631595
-113.452 43.9286 -0.00174612298594 0.00121974202677 -0.00669723702871 -0.0184704021215 3.51437 3.51982 -29.0251972332 5.86147888373 1.11113149529
-112.485 43.9997 -2.9057688503e-05 -0.00173473174823 -0.00639859596204 0.00591353371493 3.33208 3.33763 -41.376809048 -23.8520863688 0.374418581263
-111.487 43.8756 0.00162221175705 0.00213864560025 -0.0146291888429 -0.0262510376094 3.42545 3.4336 -25.2209426717 36.8981556885 -2.43620504101
-110.576 43.92 -0.000231867667414 5.71843674677e-05 -0.00520803563673 -0.00706729220662 3.72561 3.71505 -27.1131376878 -0.716949270187 0.182419596059
-109.817 43.7013 -0.00208742702328 0.00323381541442 -0.0112986818815 0.00804270151919 2.97288 2.97427 -5.43623727526 8.17257423666 -1.02753822399
-120.153 43.2515 0.00124494834675 0.00169782842478 -0.00495059544625 -0.0140602341317 4.05564 4.05412 -19.9760991782 29.9921951436 -1.94589421081
-119.311 43.3736 0.00251375759788 0.00239807215883 -0.00806465644728 -0.0144399162005 3.39671 3.3743 -25.9802284698 46.3003518756 -3.30008095456
-118.474 43.358 0.00137611329281 0.00305926313442 -0.00276812235452 -0.0114827263536 3.56297 3.51145 -28.4507601859 47.7043260275 -2.46890631173
-117.754 43.3471 0.000592265760651 0.00225165472645 -0.00265283210159 -0.0106810991346 3.6708 3.63116 -29.7660711536 32.7613932084 -1.39376115301
-116.767 43.4275 0.000437706783478 0.00019308227631 -0.00737938781295 -0.0127776936574 3.65928 3.63359 -26.0058387332 5.16854148911 -0.478049578158
-115.828 43.4151 -7.04247478349e-05 -0.00152339028658 -0.00879084580232 -0.0250805946885 3.40887 3.39991 -26.4106377926 -19.7597173579 0.727329174606
-115.098 43.25 -0.000603046478583 9.3434350797e-05 -0.0136447103781 -0.0177196282258 3.6718 3.64769 -33.7830401485 -1.47668642383 0.541117952706
-114.174 43.3979 -0.00212479681648 0.000890679583582 -0.0202560772351 -0.0182384177221 3.79351 3.77808 -32.8454855409 1.63457476662 1.69637157089
-112.433 43.3998 -0.000243960871386 -0.000725528985866 -0.0207605674273 -0.0183965571813 4.29923 4.31488 -22.8855207189 -10.4404242805 0.576389573738
-110.712 43.3629 0.00379945798932 -0.0024511405394 -0.036955515413 -0.00106737064923 4.11359 4.13827 -39.6746132667 -20.2287439384 -3.09537470544
-119.247 42.6912 0.00101875606921 0.00737235582373 -0.00285787402518 -0.00238724208845 4.18786 4.27719 -17.8509299287 94.9787110864 -4.95864472005
-118.486 42.7308 0.0031386714502 0.00693866195164 -0.00432103041563 -0.0151398084605 3.92269 3.97374 -34.2751202054 107.170016449 -5.09413168978
-117.725 42.6996 0.00368504229337 0.0066259719445 -0.0016655281105 -0.00831332088747 3.48985 3.51224 -34.4943469914 104.979200954 -5.51764469519
-116.87 42.7779 0.00228241378519 0.0029749903147 -0.00269402360943 -0.0131871036859 3.69842 3.67734 -28.3521807728 51.3662722158 -3.29290067718
-116.032 42.7713 0.000547725609969 0.00191585859472 -0.00792106916459 -0.011560628436 3.77018 3.73619 -30.6123876001 27.8460557751 -1.22214921562
-114.903 42.636 0.000799236063949 0.0034153811003 -0.00392764591876 -0.00746419536538 3.61746 3.59953 -32.731877634 48.6844410139 -1.92424189739
-114.084 42.6493 6.82193582854e-05 0.000943180188985 -0.00821282740048 -0.0136358885473 3.57457 3.5667 -29.909292657 12.4671373695 -0.433142086695
-113.176 42.5452 0.00157871201123 -0.000477406557988 -0.00297303051396 -0.0200766384483 3.30282 3.29903 -30.7774778709 2.27864836588 -1.27521413629
-112.531 42.6852 0.000661242905168 -0.00011821178667 -0.00890182871126 -0.0167796527604 3.49259 3.48447 -29.5902155886 2.20613608599 -0.557085562786
-111.588 42.8321 7.54819460915e-05 -0.00132958491314 -0.0135914478086 -0.0218375544683 3.32524 3.31716 -25.6324694718 -15.7556731139 0.557229156893
-110.92 42.7507 -0.00182045288428 -0.00131906236444 -0.0103866881027 -0.0173232701487 4.16992 4.17098 -29.0451057378 -27.0521633643 2.20575029524
-119.34 42.0187 -0.00127418743408 -0.00695871835493 -0.00913973086614 -0.00431367081435 3.4795 3.54493 -5.25586775329 -80.5444980247 5.94520523836
-118.344 42.1901 0.00578707302237 0.00306454899309 -0.00228440299413 0.00705137774686 3.30923 3.36929 -6.451282941 88.6933863295 -6.23324659928
-117.667 42.0192 0.00231408581279 0.00120066208439 0.00136754291064 0.00840548380338 3.42891 3.45169 -7.52359548315 34.9397969335 -2.48650282933
-116.471 42.0773 0.00411184812375 0.00754434140781 -0.00451687355766 0.00566509870449 3.44643 3.46418 -23.5829931307 120.373169364 -7.26254051002
-115.754 42.1669 0.00241829498111 0.00413189907762 -0.00132544246576 -0.00339961722714 3.74757 3.74994 -17.8727591636 66.7248505567 -4.34920969696
-115.016 42.146 0.000502892158437 0.00258743494585 -0.00317591260586 -0.00126850848542 3.5409 3.54974 -25.6518780699 35.2652625281 -1.63581031947
-113.944 42.0886 0.00110155810132 0.00327582299414 -0.00279082423155 -0.00525440535856 3.66397 3.65349 -30.4469230909 47.8559906171 -2.2875454579
-113.24 42.0343 0.00118847098797 0.00292316446695 -0.00254564099117 -0.00602756893851 3.74112 3.72552 -36.0280754304 43.5474787608 -2.01154084401
-112.386 42.0041 0.0019461754078 0.00214746071031 -0.00439089577776 -0.0160369246609 3.64847 3.63588 -39.6040491844 35.2997423668 -2.41167556663
-111.432 42.0149 0.00213093243162 0.000767367560856 -0.001509890113 -0.0255451251526 3.73326 3.69929 -27.8234444652 22.3981079997 -2.25096300579
-110.873 42.0995 -0.000830121366369 4.67895601179e-05 -0.00236447969943 -0.014263389706 3.93155 3.9102 -31.8443345481 -3.72399564431 0.75055253595
-110.036 41.9243 -0.00106359612562 -0.00217365823258 -0.00712238565285 -0.012542399185 3.30943 3.29286 -34.0814778589 -32.9368894858 1.75201943696
-109.357 42.1012 -0.000104082148337 0.000528818129641 -0.0163236008087 -0.0107626953223 3.15772 3.16212 -24.3115768834 5.5290976827 -0.176072032253
-108.34 42.0073 0.00187539392457 0.00124257355594 -0.00607486458414 -6.41090422951e-05 3.76222 3.75605 -4.35241840503 30.4417667021 -2.1519199831
-119.171 41.3884 -0.00140465488917 -0.00020887727837 0.00257255436992 -0.00171376300245 3.63891 3.60228 7.92810579663 -18.6465254169 0.877110893183
-118.379 41.4483 -0.00762437348351 -0.000295328503155 -0.00134534010351 0.00189638245387 3.50529 3.61021 -0.774539089337 -86.7095346901 4.95137404761
-117.45 41.423 0.0052382872441 0.00322933147261 -0.00563652297045 -0.0176144278726 3.82396 3.86017 -32.7989747242 67.5304047123 -6.02583340187
-116.54 41.522 0.00192696615784 0.00143380206944 -0.00139212980127 0.00314515388391 3.58315 3.61551 -17.9304266562 31.833336701 -2.40085583878
-115.791 41.4311 -8.88121846565e-05 -0.00107290729469 -0.00627861523557 0.00349917850121 3.51444 3.51101 -24.0482131163 -13.6518978562 0.59911009307
-114.915 41.4157 0.00274338485743 0.00431353026648 9.78202508369e-05 0.00171167003758 3.71016 3.7461 -15.0226984257 70.5516867607 -4.82703466758
-114.165 41.3602 0.00122092034471 0.00267586651531 0.000857242888149 0.00145856518101 3.67572 3.69671 -19.6101261533 40.1340160145 -2.50687465054
-113.347 41.503 0.00171608750892 0.00343134056852 -0.00225725203056 -0.00368740211713 3.57697 3.58516 -25.6400204179 52.9407276012 -3.12822608201
-112.448 41.4632 0.000302467475555 0.0030276747001 -0.0143208694621 -0.00449605443531 3.65129 3.64977 -25.0717237512 38.4821914293 -1.72650326987
-110.666 41.4729 0.0026987593424 0.00317995720903 -0.00939954044995 -0.00398190484902 3.6505 3.63138 -26.2373863059 55.7329358208 -3.88001298079
-110.067 41.4272 -0.000763515300004 0.000782374464734 -0.00271648907889 -0.00858760974023 3.81144 3.76388 -24.9980470579 4.1401976212 0.277905852423
-109.157 41.5047 -0.00245201494285 -0.00116373163202 -0.0150424669779 -0.0212393703627 3.54071 3.54291 -45.6016203345 -20.9471633592 2.60636492251
-108.187 41.4906 0.00142988800034 0.00338422915511 -0.016470322559 -0.022823391618 4.25967 4.31013 -36.6498421699 49.634263051 -2.4255525102
-119.835 40.7484 -0.0013616449296 0.00247003854202 0.00480349780943 0.0242634556564 2.98216 2.99375 13.4892454946 -3.38245090453 -1.70365219968
-118.971 40.7797 -0.00781724172082 -0.000817918036427 0.00632141711041 0.0189294333499 3.00514 3.06073 21.9579336842 -108.744198789 2.85693726576
-118.134 40.7811 0.00596379961924 -0.00781304615857 -0.0251675679237 -0.0363776921393 3.2526 3.35113 -40.6048240748 -89.0032620358 -4.1665006061
-117.524 40.852 0.00266409907209 0.00375489058389 -0.00933014618408 -0.0467674032637 3.36545 3.38401 -42.5969605138 58.2423489439 -3.29726652882
-116.508 40.7186 0.00419299227282 -0.00258270484311 -0.0150186798508 -0.00248678852532 3.74073 3.74022 -46.8114168704 -29.1049399161 -3.87618377431
-115.736 40.8167 0.00242759265225 0.00414954365645 -0.00470614926736 -0.0184328474538 3.55785 3.55368 -25.3724882241 66.5851731229 -4.09269736218
-115.039 40.8522 -0.000347771444856 0.00153572990567 -0.00476163919078 -0.0179467463621 3.68208 3.65053 -28.4280167542 17.1886749912 -0.337007553759
-114.204 40.8556 -0.00151743236046 0.00104245411444 -0.00252348867338 -0.013285364823 3.88487 3.85738 -26.5177054764 3.20928695333 0.872409951939
-113.187 40.8513 -0.00152687024993 0.00281681857764 -0.000674233984369 -0.00466648741847 3.61988 3.63601 -20.252506123 20.5288093028 -0.294753641058
-112.52 40.8903 0.00330408434552 0.0035844092117 -0.000514795671684 0.00979480023115 3.57213 3.65218 -26.9632404611 64.3967394868 -4.57648114328
-111.437 40.8869 0.000844789490718 -0.00341692880189 0.00492559040152 -0.0144582951401 3.70998 3.74734 -17.4126141225 -30.3174607747 1.38181500427
-110.834 40.9425 0.00206630661027 0.00533661037086 -0.00255382510228 -0.000868466711392 3.26505 3.2963 -35.3947994244 77.950336823 -3.70299390909
-109.673 40.9763 0.00129057978186 0.000631270895794 -0.00369826035523 -0.0101274407379 3.91785 3.88886 -18.2330899478 17.3285592673 -1.41243854647
-109.177 40.8936 -0.00131480096321 0.000994641377121 -0.00751953960693 -0.00423212509813 3.61043 3.53146 -23.6805369084 2.25038993679 0.606080283874
-108.263 40.8338 -0.00125249848516 -0.000961174184301 -0.00736261477767 -0.0137427740271 3.62328 3.61259 -30.8028847821 -18.8073373743 1.53811963163
-107.52 40.76 -0.00321897034533 -0.00130466114286 -0.0226136700881 -0.0185348375688 3.37647 3.37064 -33.9998878122 -32.2010635191 3.47314594027
-106.454 40.8023 0.00136577680992 0.00159073649478 -0.00783136437072 0.00230224312931 3.41739 3.42247 -3.27033428104 27.5072047528 -2.09342687979
-119.827 40.165 0.0010037156992 -0.00383272157522 -0.0129006331262 -0.0399889821709 4.23165 4.24454 -47.370139081 -52.1332303635 -0.636805258397
-118.877 40.1614 0.000551562611849 -0.0049531384702 -0.013394479516 -0.0290263293341 3.75437 3.77141 -34.2032763163 -62.9949300575 1.0729625711
-118.155 40.2903 -0.000541892480303 -0.0063059562079 -0.0164995680223 -0.0443064000399 3.49246 3.49104 -56.1772717128 -87.3526206374 0.200934165726
-117.19 40.1697 0.00224792570753 -0.00030066225564 -0.022913775211 -0.0493393960589 3.81163 3.81784 -36.6433246549 4.96716902555 -2.06673693923
-116.5 40.2917 -0.000585194658938 -0.000302425642521 -0.0218078964299 -0.0626070370569 3.47992 3.44301 -55.7906032455 -3.85383123376 0.572309875236
-115.657 40.1313 -0.00250657670303 0.00194169424112 -0.0361409384887 -0.0620612618248 3.79975 3.82668 -36.1635064087 15.126945418 1.80525350315
-114.745 40.2679 0.00288291895607 0.00520835912119 -0.0189586779723 -0.0200334816812 3.41518 3.44473 -20.3385258065 81.6718325765 -5.27916626048
-113.981 40.1314 -0.000516954542828 0.00495823352668 -0.0109943421056 -0.00769362556642 3.67479 3.68375 -12.8472559534 46.4584535165 -2.87922699654
-112.469 40.2807 0.00215217487522 -0.00132991137857 -0.0132441374014 -0.0109657770074 3.63257 3.62283 -21.1457059879 0.918941362991 -1.07112094281
-111.502 40.2067 -0.000368921126201 -0.00318879289007 -0.0075661392311 -0.00538677216245 3.6724 3.64015 -21.9780606086 -39.2024313309 2.03194876768
-110.738 40.1948 -0.00568296454232 -0.00561017720537 -0.00455616910477 -0.0028350825465 3.55122 3.59183 -24.4541923091 -104.585505852 7.74029292188
-110.008 40.2655 0.00374948713361 0.00404177017911 0.00132115922017 0.00942512746086 3.55167 3.61859 -26.9889798808 72.0963618414 -5.20869683557
-109.124 40.2982 0.00335899840153 0.00484665257263 0.00348599385 0.00348302656019 3.73021 3.77317 -15.8331058223 79.2728809557 -5.67172901111
-108.242 40.1348 0.00137705356229 0.00220247130701 -0.00657686978714 0.00525520367998 3.42078 3.41124 -20.5295147102 34.8389751142 -2.39104485187
-107.47 40.2149 -0.00277037522733 0.000824985158659 -0.0128532801289 -0.000869849180582 3.90016 3.87795 -18.0352239943 -13.9309049283 1.68909161122
-119.898 39.6785 -6.56879436176e-05 0.00194042355657 -0.0127992029177 -0.00802365228429 3.97171 3.89142 -14.996548366 20.8007004614 -1.14281141455
-118.889 39.5399 0.0010930950918 0.00498649707601 -0.0187683304213 -0.0244780289222 3.48854 3.4565 -33.604549996 70.4272899587 -2.70599683441
-118.08 39.6946 0.000332948064126 0.000297144443175 -0.0118562726095 -0.0103690654367 3.4792 3.44079 -20.9938090564 5.9574918243 -0.440281022301
-117.14 39.5516 0.000249658265362 -0.00197215261012 -0.00766530301666 -0.0279167865112 3.64348 3.6385 -32.5261986368 -24.1898182469 0.476335050882
-116.464 39.6202 -0.000475887741895 -0.000879571231032 -0.0106039828962 -0.0267446738895 3.36399 3.38131 -29.6777915872 -13.7520540074 0.792958703504
-115.754 39.553 -0.00191188802003 -0.00372911192771 -0.00509191555874 -0.0257748825697 3.93009 3.94275 -24.0490557699 -57.5546010242 3.51445262977
-114.908 39.4731 -0.00715385556795 -0.0102375562561 -0.0203391625484 -0.0132075604084 3.34566 3.43719 -25.3569578457 -170.102300961 11.1973857096
-114.016 39.455 0.00142961156764 0.000535356711438 0.0230906192626 0.0192171082968 3.47302 3.56802 21.9243816483 20.6963247177 -0.859760563394
-113.069 39.5906 0.00880786648682 0.00289037206556 -0.0151829973001 -0.0367642482193 3.53208 3.61903 -24.9302820975 93.4197066861 -9.08713680907
-112.279 39.5708 0.00507927154657 0.0035791161148 -0.00641446076117 -0.025218889119 3.48171 3.44149 -34.3306257279 69.5502249379 -6.00722025895
-111.66 39.6092 0.00102562466019 0.00261059085707 -0.00351235866664 -0.017667056929 3.68103 3.60902 -27.372478651 37.7954761822 -2.11371410159
-110.74 39.473 0.000768591932921 0.00146893249273 -0.00875991635013 -0.0166501148454 3.59665 3.5333 -25.4678767439 22.3537095662 -1.39435706632
-110.246 39.6279 -0.00260836916481 -0.00401617155453 -0.008370708218 -0.0133397531218 3.70923 3.6958 -29.1266251203 -64.0859378538 4.1068262864
-108.981 39.6333 0.00037070520635 -0.0016320871361 -0.0104584078775 -0.00949432346617 3.51389 3.56105 -29.7402214775 -17.56691337 0.375152684362
-108.391 39.4998 0.000883866862641 -0.000189230154888 -0.00894954958126 0.000256027194024 3.53516 3.5477 -24.4273668812 3.97230572394 -0.657356428596
-107.449 39.524 0.000346164350998 0.000213074439797 -0.0090771485457 0.00684836448111 3.78502 3.80384 -14.2622324397 5.19173867171 -0.400246807297
-118.808 38.9383 -0.00361599483664 -0.00290443951405 0.015511528706 0.014025104631 3.51103 3.55857 19.5550856561 -59.6264057866 3.83150424083
-117.932 38.8606 0.00667714496566 0.00232607642268 -0.0229441186331 -0.046832869616 3.21474 3.26551 -38.7142014321 54.8566617652 -7.05171209965
-117.182 38.834 0.0030124306286 0.00180466986328 -0.00449368074297 -0.0298380521542 3.88143 3.81704 -34.8452758662 36.9877109502 -3.43631652481
-116.4 38.8247 0.000615505325877 -0.0010740808248 -0.00904991502928 -0.0327770122504 3.65613 3.59143 -35.1033369402 -11.1941448394 -0.23348069811
-115.654 38.8455 4.94253331603e-05 0.000431946293089 -0.00769740155631 -0.0272521061835 3.79496 3.72169 -43.4024356426 5.93140916066 -0.129441920117
-114.83 39.04 -0.00329144481603 -0.00052820080088 -0.00785284843933 -0.0227433054244 4.12352 4.05257 -37.5341199978 -19.8736996967 3.30388819604
-114.02 38.9551 -0.00197253185878 -0.00698098856838 -0.0161018865058 -0.0422818855111 3.63516 3.65584 -39.9173494496 -98.695660683 3.66794614695
-113.277 38.9882 -0.00224159658407 -0.00162248311758 -0.02226406796 -0.0468824284626 3.26268 3.29805 -35.533526753 -30.7802172498 2.64959436032
-112.379 38.9995 -0.000903143646212 0.00566495818438 -0.0354429863259 -0.058321698436 3.70964 3.78491 -40.8407190431 71.3968365776 -0.497281160805
-111.172 38.9176 0.00180443823524 0.00617190663526 -0.0247083598094 -0.033527896182 3.96373 4.06375 -29.4018185179 85.3832864046 -4.30954116119
-110.133 39.1025 0.00093022284686 0.00177208052054 -0.0125289963243 -0.00973697134623 3.64469 3.58822 -22.4382223836 26.7625253634 -1.7442470646
-109.263 38.9553 -0.000630013843697 -0.00189405312128 -0.00885656946812 -0.0135244183275 3.77889 3.77194 -26.3738987634 -26.2126842043 1.47560736921
-108.296 38.9541 -0.00135810559853 -0.00181553012987 -0.0091344027357 -0.025997181392 3.69724 3.70124 -36.6179371972 -28.8083735861 1.88120125622
-107.574 38.8347 -0.000207092121427 -0.00443264420596 -0.0159939035109 -0.0153498097716 3.33078 3.3275 -37.7696756258 -56.734384158 1.59156799703
-106.91 38.8627 4.04129187401e-05 -0.00144158167289 -0.00315878310202 -0.0102439364648 4.1431 4.14865 -17.1727994173 -14.483514729 0.877912239433
-119.451 38.5226 -0.000661305183602 -0.00174967037226 -0.00281528053092 0.00312268539096 3.67522 3.68125 3.02231520943 -20.9847873377 1.8246389221
-118.106 38.3489 -0.00464025948173 -0.00278368265218 0.0164048662011 0.0176458838634 3.4996 3.52032 21.3852171231 -71.4969952136 3.87177066146
-117.072 38.2397 0.00577016740342 0.0069999185101 -0.0199050545072 -0.0342109628171 3.6091 3.70247 -40.7262526228 111.603263508 -7.23603596248
-116.302 38.2886 0.0027380425964 0.00431604583349 -0.00706391349429 -0.0256726844702 3.66636 3.66962 -37.9730823032 67.1013056942 -3.8392355262
-115.585 38.3489 0.000722357371682 0.00302540450645 -0.00942882630194 -0.0197317056663 3.64354 3.63481 -30.195170911 41.655803399 -1.89913832403
-114.608 38.3281 0.00146368358979 0.0011041416924 -0.00940905540596 -0.0193655314001 3.61003 3.59197 -24.7396487072 22.9037897656 -1.81915362422
-113.969 38.1802 -5.28769883985e-05 -0.000124328112898 -0.0100066519681 -0.0203514115947 3.64869 3.61706 -26.0373558637 -1.81956540567 0.106183368219
-113.021 38.2987 -0.000684324134494 -0.00496954330022 -0.0110996354096 -0.0225517060325 3.55969 3.51686 -30.4509148404 -64.8640149687 2.68510402329
-112.277 38.2108 -0.00242250767725 -0.00530768510711 -0.0174846801679 -0.016635967934 3.35392 3.34099 -25.5298495336 -78.178352127 4.73044035976
-111.483 38.2843 -0.00491353590702 -0.00804438453737 -0.0312704764242 -0.0416415572513 3.42013 3.46297 -28.6644901095 -126.066890728 8.00102165144
-110.711 38.4187 0.00391736090288 0.00250817728453 -0.0301308243868 -0.0296396146692 3.08828 3.12281 -20.6799195804 57.5255828988 -4.64823125952
-109.894 38.3862 0.00609215676555 0.00837499503941 -0.00404489863678 -0.0353734542865 3.53286 3.63465 -37.9524819235 131.263972848 -8.35223181339
-109.261 38.2916 0.00403769113279 0.00476557806596 -0.00747831203127 -0.0184237535372 3.90843 3.85312 -31.3424351927 80.0175501066 -5.65116497722
-108.379 38.1888 -0.000607580735978 -0.000538961028519 -0.019031147969 -0.0070622427085 3.33528 3.31994 -18.5097018345 -10.5765767967 0.810224682676
-107.55 38.3685 -0.000102831722066 -0.00132904503959 -0.0213572671228 -0.00864973674251 3.07471 3.06924 -25.644873977 -15.830092587 0.765414906518
-106.756 38.2289 5.94726459814e-05 -0.00147810539054 -0.00785833117555 -0.0102305847858 3.88645 3.8828 -17.2009544197 -14.5803070197 0.890388491723
-117.225 37.7243 -0.00488979580897 -0.003115655255 0.00606648287595 0.0147858513514 3.34492 3.42096 10.6314929922 -78.5353575642 4.89398056174
-116.595 37.923 0.000679935886782 0.00115748065425 -0.0343855507659 -0.037910008245 3.98379 4.03125 -34.9231609202 17.9810295509 -1.02619142147
-115.747 37.6444 0.00389463668236 0.00373781707064 0.000451749890579 0.00190631926101 3.86433 3.9062 -11.9297241809 73.1544734832 -5.39704782037
-114.849 37.6083 0.00381775719057 0.00415796936215 -0.00156620527836 0.00108865239941 3.63375 3.64295 -13.8254586524 76.3346628145 -5.60909983516
-113.86 37.5808 0.00101936677313 0.00121398452019 -0.00699767788116 -0.00421411419485 3.69835 3.67554 -22.2628034198 21.1905064196 -1.51426002235
-113.168 37.7601 0.00157753756423 0.00311929075401 -0.0106531132495 -0.015933675923 3.5686 3.53 -30.0315121875 47.0165109082 -2.75152511991
-112.363 37.6761 0.000140651264056 0.00370089475503 -0.0104637157462 -0.0282198908864 3.69118 3.61238 -39.8353973185 48.3236947637 -1.12434771115
-111.596 37.7222 -0.000786195753038 0.000165307504659 -0.0106599214432 -0.0236693130937 3.69107 3.58952 -32.1746179642 -2.13136468131 0.656567733516
-110.802 37.6354 -0.00218593388483 -0.00616901600514 -0.0109533652341 -0.0120748313481 3.47859 3.50115 -20.1720039982 -83.8362866702 5.36386709732
-109.995 37.6903 -0.00428306159487 -0.00523542321249 -0.0332258996727 -0.0472796091534 3.33396 3.40491 -36.0686487583 -84.7613262775 5.80355054996
-109.137 37.7459 0.0023287018429 0.0135440835982 -0.0392978173902 -0.0428706212911 3.51071 3.61963 -42.118549147 181.670840938 -5.52350300829
-115.22 37.2408 -0.00184964769952 -0.000710164674258 -0.0193003256059 -0.0208441733125 3.69793 3.74796 -17.6387088915 -22.764669904 1.90233357937
-114.715 36.7256 0.00312873323184 0.000437456671542 0.00143309616204 0.00337399156866 3.76393 3.7863 -3.13541011048 36.7647062929 -2.27028675044
-113.907 37.0195 0.00390060864223 0.00701239722758 -0.00126374106653 -0.00131296571239 3.76068 3.79244 -13.2483492837 105.025027086 -7.58959329366
-113.084 37.0615 0.000292448522433 0.00232890264883 -0.0128474040464 -0.00578231825329 3.39488 3.38013 -25.3146642143 28.9475558106 -1.41981879551
-112.382 37.0183 -0.00122991623546 -0.000916865591734 0.0170170799696 0.0150802351011 3.48231 3.52164 14.3155630202 -19.6289362301 1.2842736604
-111.506 36.9839 0.0036308436374 0.00202904659457 -0.0185410856439 -0.0233433227402 3.17399 3.18298 -33.1657705056 43.4698497254 -4.13165335578
-110.804 36.9969 6.33614983767e-05 0.00128555169741 -0.00549325731926 -0.0177164099061 4.14564 4.08671 -40.2644428893 16.652340768 -0.407580746674
-109.874 37.1364 -0.00202569697024 -0.00109788371467 -0.0173289437745 -0.031586906657 4.02327 3.99566 -38.1609144058 -22.0722014804 2.26518007561
-109.025 36.8299 0.00129988380436 -0.00165415514584 -0.00729500392996 -0.00704808240518 3.79128 3.81248 -6.44756387975 -0.927561384503 0.428711503107
-116.33 36.4193 -0.00209449904733 -0.00168083129466 -0.00129379440755 0.00464254593828 3.53363 3.55678 0.287606997278 -36.1561534888 2.57515232547
-115.383 36.423 -0.00178850482663 0.00193306519163 -0.0373841256389 0.00989224948439 2.59057 2.61568 -14.2358924807 3.90851878413 0.0867372302484
-114.539 36.4321 0.00350191795749 0.00222709250873 0.00111919910986 -0.00311787277223 3.89384 3.96581 -5.7983739599 55.0836331382 -3.96802840636
-113.965 36.4151 -0.00244247515965 -0.00136150984319 0.00365503012859 0.00461063644033 3.74254 3.77236 -1.32784375365 -37.1374404301 2.53544699783
-113.18 36.4182 0.0049239587668 0.00808242924887 -0.00997896858571 0.00332408927643 3.62724 3.73056 -15.6285846992 124.78719362 -8.96415741891
-111.13 36.1428 0.0034346877036 0.0041011379145 -0.0137952428437 -0.00516481543722 3.50772 3.51921 -27.4281890611 69.2806523817 -4.98105677411
-110.662 36.5996 -0.00015270690183 9.04712504803e-05 -0.0050157391061 0.00375633836554 3.70941 3.67645 -14.8430966141 -0.430638378727 0.0552596744659
-109.87 36.4199 -0.00312013811901 -0.000136894633235 -0.0164548507789 -0.00817779032899 3.70318 3.71601 -19.6825893351 -25.9508412702 2.58620330103
-115.43 35.8384 -0.000425888098353 -0.00535230328846 -0.00594754593675 -0.00769453769343 3.74722 3.72216 -12.6269220679 -56.576113844 3.94175826294
-114.851 35.7266 -0.00485564221057 -0.0025473887955 -0.0152668132897 -0.023683734865 4.0072 3.99667 -26.8715234511 -60.9106675506 5.48260301717
-113.984 35.8522 0.00402763854905 0.00162949458423 -0.0037634897684 -0.00618335703453 3.98449 4.02139 -9.92190990503 53.557649783 -3.98015270584
-113.105 35.6339 -0.000669519792003 -0.00337689477963 -0.00301006813669 0.00350385458633 3.62438 3.62498 -3.49512349628 -34.3833327321 3.08240263508
-112.173 35.8191 0.00226316655084 0.000472356984887 0.0093639287076 -0.00104767159811 3.72777 3.73296 7.51681003635 29.579930282 -1.43293449964
-109.933 35.7113 0.00158131680583 0.00170866378548 -0.0076702200657 -0.00227682091469 3.79737 3.7758 -18.5767252659 30.4026561166 -2.29747292227
-109.046 35.7147 -0.000873238128086 -0.00184885437199 -0.00498565023466 -0.0068179423674 3.79484 3.78334 -18.2582825872 -26.008703429 1.83321692922
-114.87 35.301 -0.00289004486125 0.00188370020458 -0.0044070297966 -0.00859897233336 4.94543 4.92393 -17.9960348728 -3.60735145827 1.1404808479
-113.885 35.099 -0.00259374010707 -0.00258670215467 -0.0197673801638 -0.013616663595 3.36379 3.38568 -21.603877401 -47.6703084538 3.59969809722
-113.083 35.2127 0.000892311651574 0.00348876669175 -0.0117885108736 -0.00397353539115 3.61559 3.56779 -13.3487244628 41.9232696726 -3.01905371737
-112.267 35.1787 0.00563237419272 0.00255000107355 0.0131445759731 0.00975825786862 3.2653 3.28647 21.5130395069 79.6696168461 -3.69479243013
-111.532 35.0951 0.00276089192295 0.000807254874586 0.00242121447812 0.00924910658038 3.46474 3.4555 10.1937628396 37.4709498085 -1.84051906267
-110.713 35.0789 0.000175614844325 0.000188096762251 0.00219152312308 0.0036068432178 3.57319 3.57602 1.80875489079 3.24873180964 -0.252306822775
-109.736 35.1181 0.00649462652831 0.00328872661907 -0.00696927848399 -0.0160488475287 4.01845 3.91482 -31.7415051176 74.6266557597 -7.27584217632
-109.388 35.1118 -0.00016846339085 0.00203242396071 0.00399440892971 -0.0155489616261 3.80006 3.72779 -28.4014385781 22.2457492203 -0.817782464492
-108.5 35.1259 0.000502505974162 0.000168740460145 -0.00526461625651 -0.012211159445 3.71972 3.71604 -27.8388329343 5.08919594474 -0.521077220883
-107.648 35.117 -0.000970712627723 3.24863810328e-05 -0.00832807758197 -0.00438724149644 3.36869 3.36058 -18.7320139069 -7.47882199247 0.740101593039
-106.867 35.0719 -0.000289288573967 -0.00098421435056 -0.00628595339516 -0.00544623632956 3.91429 3.91819 -12.2290865106 -11.5965836526 0.901691271992
-113.83 34.5935 -0.00051830834837 -0.00192545480964 -0.00902480390152 -0.00576948833102 4.04346 4.0525 -20.9812106744 -24.7392452974 1.52972341704
-112.891 34.4692 0.00162862609161 -0.00123703032239 -0.0197610961991 -0.0150413935103 3.18284 3.18864 -25.8078430955 -3.17863503341 -0.777869743937
-112.237 34.4866 0.000136765423418 -0.000573417308059 -0.00496122138079 -0.00775685710644 3.88333 3.89469 -14.3186345248 -4.38220430599 0.282410140133
-111.441 34.4178 0.00357184904669 0.000765449898348 0.0100073685614 0.000107585466002 3.74637 3.70098 18.134353086 47.6407627815 -1.68234326721
-110.806 34.3371 0.000365657531844 0.000570665808751 0.00307983475149 0.000177196260185 3.68918 3.67925 7.92984061256 7.48747657562 -0.67231177715
-109.95 34.5293 0.00355862979095 0.00102588501807 -0.00857033877247 -0.00089257680821 3.45908 3.46007 -14.7983085857 40.8684881739 -3.33041528181
-109.29 34.4275 0.000208640191092 0.0008214777626 0.00744112369956 0.000731813959153 4.08991 4.10172 -10.0460571637 9.24067213587 -0.742683871036
-108.498 34.5421 0.00236734823192 0.00225734617874 -0.0114987276987 -0.00948909588593 3.43259 3.43353 -24.6367122462 41.0505687828 -3.20944255187
-107.786 34.4457 0.00159087537575 0.00117039084145 -0.0085412062775 -0.0086458118485 3.55498 3.54604 -30.9219468644 22.6158738408 -1.94534518494
-107.01 34.5058 0.000354433557362 -0.00120844940101 -0.0057650141144 -0.00752509095359 4.16209 4.14498 -20.021504207 -9.55562571324 0.453635937794
-114.524 33.7503 0.000548013432714 -0.00115289066695 -0.00512776095755 -0.00448929967016 3.7218 3.71523 -10.5452287505 -5.46319605418 0.440195541839
-113.829 33.8142 -0.00276251234467 -0.00334854398324 -0.00566348934767 -0.00544998310591 3.74888 3.76323 -19.6465048611 -56.9167453628 4.21432374165
-113.005 33.9383 -0.00120886145364 -0.00126248157308 0.00145818373987 -0.000955238917235 3.91282 3.96418 -28.9776251595 -21.9661321304 1.65414468565
-112.333 33.9535 0.00165209400438 0.000741932504873 -0.0140211730367 -0.00231837336505 3.53927 3.56432 -25.4159176851 19.4435753343 -1.79795366464
-111.478 33.8798 0.00523730991758 0.00338548026216 0.00906707188893 0.00403769144342 3.82635 3.8668 14.8366177735 78.612303121 -4.87102080546
-110.844 33.6953 0.00121079562972 0.00300551975997 0.00376788592306 0.00378996512557 3.71589 3.70005 8.57903402406 30.4739571791 -3.23686482558
-109.254 33.9571 -0.0015054127972 0.00057564992743 0.00207190289128 -0.00157337436736 3.82895 3.79679 -0.871517349769 -12.030982823 0.357659021633
-107.674 34.0087 0.00259634435092 0.00154515017718 -0.0149945840673 -0.00393399035872 3.26336 3.27149 -19.7821003759 36.065005541 -2.99934955448
-106.921 34.0739 0.000655182123052 0.000937980101646 -0.00712844736279 -0.000474572868706 3.6551 3.6348 -13.6804083742 14.4696643747 -1.12260745981
-113.657 33.1999 -0.000614392165975 6.85850807506e-05 -0.00422811815266 -0.00551795379908 4.13491 4.07658 -16.9671676903 -4.41275634457 0.430517872774
-112.946 33.3627 -0.00316433753068 -0.0032943294997 -0.00357665893873 -0.00596675230705 3.88134 3.86855 -22.2159803458 -58.7519127458 4.47095262852
-112.158 33.2893 -0.000820362560375 -0.00181274074595 -0.00334923447436 -0.00769121074223 3.59617 3.59234 -38.3799225849 -25.7129843392 1.34893021677
-111.427 33.341 -3.43167315253e-05 0.000746454111621 -0.0118588566549 -0.0121156086518 3.80648 3.81885 -23.8554402947 7.87358902745 -0.377616367346
-110.472 33.2969 0.00298578475437 0.00170623862767 0.00914419486641 0.0110735626902 3.30603 3.29357 13.365297312 43.6987356907 -2.60855830327
-110.036 33.0851 0.00130047219362 -0.00140476026957 0.00518265513567 0.0129967730586 3.10856 3.09964 11.6503989571 9.08052593623 0.840591595533
-109.266 33.2921 -0.000405956857408 0.00464176142962 -0.00248887235645 0.00864583967648 3.2777 3.31202 2.04241724447 25.9274339568 -3.78574548057
