-113.767 32.7683 -0.000243816062245 0.000470191244373 -0.00123523302006 0.00218939488502 3.73001 3.714 -2.84573103471 -0.699272053577 -0.414882392236
-112.883 32.7513 -0.00054074165184 1.23115750988e-05 -0.00176887965341 -0.00204835071728 3.91527 3.87022 -7.24738568812 -2.43376119981 0.120108655505
-112.228 32.7006 -0.00135105471045 0.000259652627092 0.00273891915748 -0.00230430279449 4.21221 4.0193 -2.96097677431 -6.02762327432 -0.0477447106545
-111.704 32.5618 -0.00222500769396 -8.5759727013e-05 0.000801553251362 -0.00230347235999 4.00572 3.84094 -9.09948160952 -10.0938799212 0.631539999866
-110.739 32.5716 -0.0036756747141 -0.00192363588086 -0.00924057855101 -0.000638093811644 3.53037 3.69213 -27.5305782033 -19.1675374512 3.55207604879
-109.97 32.6399 0 0 0 0 3.44605 3.42223 0 0 0
-109.303 32.7663 -0.00370051240855 -0.0017222531586 -0.00545728579855 -0.00612885675142 5.11609 5.39524 -57.7827240128 -15.6392493828 4.06173544103
-108.633 32.5466 -0.00298303852257 0.00142711311182 0.00511433416246 0.0118463784676 3.10517 3.37625 -42.6068397874 -5.52921417341 1.00236090939
-107.785 32.5324 0.00202089274456 -0.00141281616882 -0.00964583700105 0.00843317401355 4.01701 4.37393 -22.4576671405 6.24187558479 0.561299173162
-107.001 32.6995 0.00348853606273 -0.000610363188163 0.00745541666858 -0.00465636135136 5.43466 5.77451 28.5097994672 15.3944343576 2.28850090391
-106.262 32.6349 0.0036201984328 -0.002419555894 0.000135603758095 -0.0066167720739 5.84605 6.04934 19.1456200905 19.7576410188 3.60232719162
-105.454 32.7001 0.0030997246259 -0.00140612912219 0.00165409693099 -0.00705444549134 4.99272 4.7007 13.8785106592 15.7131854021 2.29480340955
-104.657 32.6588 0.00208037113099 -0.000510005441034 0.00132107025793 -0.00127450511712 4.17817 3.92278 0.241734124533 9.85117872386 0.708383660401
-104.02 32.6462 0.00387677203317 -0.00144613037721 -0.00347554553988 -0.000857165394617 4.05098 4.12063 -12.594768112 17.1777544494 1.00800662603
-103.357 32.6764 0.00173559426216 -0.00149902471791 -7.93499013025e-05 -0.00128876257739 4.29581 4.13353 -0.622054764486 8.84021593103 1.68824806012
-112.812 31.9559 -0.000450209653702 0.00023528733158 -0.00092496729881 0.00040468966836 3.94856 3.91495 -3.76259228397 -1.82715005304 -0.14802653398
-111.457 32.0022 -0.00107226337959 -5.47951156947e-05 -0.00173447790778 0.002827479386 3.71655 3.66423 -8.38896251172 -4.82903752739 0.299026950893
-110.816 31.7748 -0.00194491363198 -0.000328038063818 0.0047050308274 -0.00504333019693 4.39549 4.41252 -6.01015864087 -8.95822322044 0.6582921744
-110.046 31.9737 0 0 0 0 5.77771 5.52358 0 0 0
-109.259 31.9989 -0.00501468621592 -0.000751837854557 0.000565246458686 0.00496315839407 3.65135 3.8758 -39.2833877808 -19.5407950046 3.84805018229
-108.527 31.9041 -0.000911649197889 -0.00354503857944 -0.0102738551979 -0.0038991667442 3.35459 3.54782 -61.9362812468 -16.2081756337 2.45086522211
-107.778 32.0094 -1.01191718912e-06 -0.000682431168826 -0.00709989281241 -0.00849605381922 5.73222 6.31876 -26.3519153992 -1.35241530705 0.61548583536
-107.101 32.1046 0.00207563367737 -0.000412515398159 0.00993307928542 0.00245746717031 4.26237 4.49466 32.7262159002 8.89391326366 1.51348106813
-106.428 32.0062 0.00313668097995 -0.000209882650825 0.00230697139259 0.00368783868409 4.06187 4.0417 11.091123688 14.1286600154 0.951981772781
-105.523 32.076 0.00213940664361 2.81951870871e-05 -0.000394277409857 0.00248728537019 4.01241 4.02565 0.165624903661 9.75373295636 0.129596533068
-104.823 32.1101 0.00390913764273 -0.000702073056257 -0.0028044296965 0.00231123136187 3.70944 3.75559 -9.07483345019 17.6577674375 0.429822991208
-104.101 32.0618 0.000355409121581 -0.000868296248847 2.77704239328e-05 -1.18495164609e-05 4.00017 3.74759 0.0160574447978 2.05094422767 0.901624416101
-103.292 32.012 0.00146067733975 -0.00119146743483 -0.000275287092802 -0.000673823287497 4.54445 4.54296 1.31338801264 7.45573344883 1.39904085764
-109.991 31.439 -0.00350832692493 0.000556205493702 -0.0150120650175 0.00735056764339 3.66687 3.90598 -24.8581721206 -12.8414228727 1.12914281322
-109.281 31.3757 0.00122709659301 -0.00256165858539 0.0218993418456 -0.0141547639166 4.82598 4.89784 20.1130793314 8.87685000609 2.81868210765
-108.528 31.3369 -0.000768107262933 -0.00125173796822 -0.0381214010221 -0.0108365982268 3.58055 3.49325 -53.747420091 -6.56870022526 1.35512443962
-105.483 31.4425 0.00299670997177 -0.00116968373337 -0.006890806472 0.00115491018544 3.63909 3.7833 -7.32003098032 13.1942300441 1.00351177287
-104.971 31.3711 0.00403310555509 -0.00156091931563 0.000586502852865 0.00159344042675 3.95041 3.97574 0.694986283759 18.7616964231 1.95060206705
-103.979 31.3165 0.00307561718976 -0.00024876484553 -6.66217460515e-05 -0.00222531079545 4.47489 4.38089 2.14854110285 13.8688947862 0.706748469586
-103.492 31.3691 0.00199220147793 -0.000480264743465 0.0023843522299 -0.00215480836337 4.48126 4.20226 7.86230722811 9.25308956112 0.981351088914
-102.81 31.3818 0.000341172946723 -0.000426905463874 7.94195618155e-05 -0.00317992352467 4.42037 4.33538 1.5690862529 1.85063196657 0.478705887947
-104.986 30.7862 0.00170691728167 -0.00102418446808 -0.00113344147438 -0.00349758733155 4.35094 4.31083 -2.89432649111 7.73586036021 1.08606400908
-104.029 30.6689 -0.00120094831696 0.000535132691976 -0.00162438657357 -0.00163653688153 4.11974 4.12613 -1.32682900174 -5.51609227168 -0.640777138685
-103.402 30.8498 0.00225860870878 -4.70715296276e-05 0.00202164096145 0.000392634966801 3.97837 4.04323 1.86281243186 9.97746371418 0.410437290685
-102.685 30.7263 0.000836949372549 -7.02894044115e-05 -0.000105408581602 0.00166602606939 3.84264 3.78843 -1.16992699381 3.73954187109 0.176826946521
-104.09 30.0609 0.0017596419634 -0.00190076281348 -0.000454151939423 0.00315560241744 3.61606 3.83357 0.754229983112 8.66491652533 2.10687479626
-103.612 30.1456 0.00267636115254 -0.00123421266675 0.000660733472106 0.00170061499646 3.67174 3.93859 2.71988805233 12.4806108871 1.67660866332
-102.788 30.1615 0.00106860442436 -0.000945246668321 0.000247505901417 0.00115967003463 3.73354 3.74231 -0.142644901199 5.24648385859 1.08996487827
-104.133 29.554 0.00141252941868 -0.001218125317 0.00078399169538 -0.00299427357011 4.14854 4.09796 2.21064605689 6.81016228021 1.41733913552
-103.389 29.4528 0.00165355707371 -0.00056399326549 0.000388565157281 -0.000220594878322 3.94289 3.79748 1.09718875073 7.40935550404 0.808979038388
-102.888 29.4862 0.000280235239684 -0.000549164211689 -0.00038855340546 0.000342104175508 3.92539 3.90174 -0.0480848169966 1.54277747975 0.584148361594
-115.653 48.9339 0.000811000313404 0.000759209670138 -0.0222405831742 -0.000761559747033 3.49358 3.72723 -21.1785976828 7.00551705233 -1.06191663098
-114.413 48.933 -0.00146642720702 0.00490059292653 0.0149788901511 0.000919423915684 3.84397 4.17394 12.7861950912 -12.5255807605 -5.02011744789
-113.422 48.9725 -0.00311957243466 -0.00162409503091 -0.00261394438577 -0.000427998672706 4.44409 3.70293 4.40176655282 -20.4554521634 1.71288369592
-112.733 48.9777 -0.00803423357802 -0.00118889654334 0.00805955989574 0.000368123137815 4.73345 5.52313 14.168514905 -50.0731701992 -0.0717304438097
-111.597 48.9482 -1.30089723164e-06 0.00118450660417 -0.0140960337109 0.00334264971127 3.61837 3.78175 -18.8435208359 2.94869493332 -1.09169353507
-110.699 48.9448 0.00119645073497 0.000174025657945 0.00504137514184 -0.00546080645131 4.35008 4.33493 13.703389093 7.36303530134 0.053721312762
-109.846 48.9198 0.00072141616322 0.000199123719924 0.0019939655457 -7.2162882278e-05 3.6854 3.57324 23.5484974247 3.84407665774 0.0812290251234
-108.743 48.9286 -0.000594975654431 -0.000289883259242 -0.00115569828027 0.000597538792452 4.07597 3.96433 18.9928051988 -3.04627305518 0.0873650615567
-107.926 48.8799 -0.000518393047124 -0.00230211309842 0.00545848231374 0.00526247692852 3.77663 3.63676 24.7726678855 3.26838629497 1.86422228776
-106.925 48.9912 -0.00137552828256 -0.000683522005021 0.003526304831 0.00643208652904 3.95197 3.9435 11.6077763802 -7.63533527019 0.353348446726
-105.915 48.9926 0.00505945481898 0.0014923570302 -0.00745278622096 0.0149275266756 3.38041 3.30022 -15.3121823884 33.9451975117 -2.56172654944
-104.879 48.9592 -0.00283381867346 0.000717463346521 -0.00803932595762 -0.00738534012317 4.52088 4.84331 -2.19075443762 -18.4083142348 -0.801669953054
-104.002 48.9239 0.000746252797045 0.000121563580963 -0.0242083489035 0.00282604191365 3.67714 3.82136 -25.2428020078 4.78687906033 -0.373165087191
-115.589 48.4694 0.00142165480857 -0.00388075386102 -0.0137612314732 -0.000315957780006 3.43163 3.55123 -16.6121126531 -2.35825528274 2.90547857814
-114.468 48.3739 0 0 0 0 5.9422 5.65712 0 0 0
-113.273 48.3609 0 0 0 0 5.82357 4.61406 0 0 0
-112.562 48.3129 -0.0111130271884 0.000746829157343 0.00204395431791 -0.00276559112439 5.18511 5.46026 8.32369452659 -71.1033090087 -1.37386138124
-111.707 48.4128 0.00109555499916 0.00296493983716 -0.00764170499086 -0.00949750855591 5.55939 8.92093 -14.4355601937 12.654517305 -3.15937042746
-110.799 48.2921 0 0 0 0 5.22709 5.37129 0 0 0
-109.777 48.3943 0.00150902664767 0.00172938836821 0.00275857179207 -0.00363044032 4.73626 4.63629 25.9287593255 4.28095352678 -0.962071965321
-108.944 48.4551 0.00198689610076 0.000935315510081 -0.000866536732366 -0.00404679618083 4.75705 4.22532 34.5017792146 7.25035329639 0.322791782999
-108.021 48.4389 -0.000348023959555 -0.000331253383599 0.00660420827933 -0.00852310767075 5.30427 4.89086 28.6515976844 -0.923451104871 0.121866783228
-107.017 48.4278 0.000402074911931 0.0039444676505 -0.00271205814516 -0.00763486463702 4.5394 4.8666 -5.89976603385 4.52611969877 -3.96382371591
-105.996 48.3008 -0.00554143302009 0.00115631437464 0.0141937977204 -0.0160522115083 5.78038 6.79713 32.1281175889 -33.2146881197 -4.1084171762
-104.991 48.4643 0 0 0 0 4 4.02479 0 0 0
-116.256 47.8397 0.000932205594638 -0.00142117482023 -0.00145873685929 0.00463667777556 3.74513 3.72671 -1.07721465531 4.18385520035 1.22714287756
-115.475 47.7092 0.000493645608907 -0.00179593999979 -0.00204795643688 0.00120580641222 3.90997 3.83333 -1.19703708574 1.15951599372 1.686579749
-114.574 47.6795 -0.00124997879139 0.000167274131981 0.00220196178667 -0.00378602717708 4.93218 4.62837 7.0798374942 -7.90541024399 -0.158409062336
-113.747 47.7687 -0.0037449299471 0.000816429057785 0.00663833291978 -0.00638041767577 5.24768 4.77933 13.4876327794 -24.1687235539 -1.26544965566
-112.607 47.775 -0.00992366046326 0.00100846758515 -0.00422964773522 -0.003232388389 4.49198 6.22284 -3.47775741845 -61.0938915972 0.494765594328
-111.746 47.8012 0 0 0 0 3.01368 3.25445 0 0 0
-110.763 47.6327 0.00228307201664 -3.13090496306e-05 0.0101459077037 -0.00123376211665 5.42475 4.53525 29.0583562438 13.0061949162 1.03108432019
-109.049 47.7343 0.00142659910069 0.00435940347902 0.00788370186377 -0.0104245825763 5.35754 5.96861 51.411002573 -15.4645814471 -1.67659440441
-108.004 47.7133 0 0 0 0 5.90265 5.90653 0 0 0
-107.096 47.8264 0 0 0 0 5.70675 5.81396 0 0 0
-105.884 47.7456 0.000971532243421 0.000953425935994 -0.0215119241025 0.00805592855738 3.05583 3.0625 -36.2771396543 8.43422395469 -1.33132317184
-105.184 47.8026 -9.09756212227e-08 0.00233030353638 0.00770510482537 -0.00534734022928 4.36018 4.67729 4.66869557306 -2.11616496393 -2.30615042008
-104.425 47.5302 0.00307071251059 -0.00411010184422 0.00721784189002 -0.00310688205681 4.62872 5.34405 8.25258323532 24.5606522578 4.68651233769
-115.353 47.0528 -0.00122555432196 -0.000699737522484 0.000993223069276 -0.00265555863561 4.51741 4.31812 3.71845595598 -8.02029741365 0.798648523909
-114.459 47.0943 -0.00323474289098 0.000444184640014 0.00538171570128 0.00232595392538 3.92464 3.87628 16.1888680433 -20.4528118702 -0.933163211959
-113.506 47.0816 -0.00427185770144 0.00109915511189 -0.00469591714462 0.00581966939892 3.67491 3.66315 2.3211889852 -26.1825613263 -0.801984814643
-112.52 47.0418 -0.00684359827876 0.00142785877923 0.0148093290404 0.0210778035761 3.0149 4.04477 10.8237436 -43.4007180972 -2.10233542304
-111.549 47.0308 0.0423806555676 0.00165038001128 0.0104057759132 -0.0029609682828 3.96062 -nan -18.6280663328 247.975586612 -17.7989583674
-110.687 47.1523 -0.00208443515295 -0.00121673474474 -0.00325480214755 -0.00717344386172 4.51917 3.39768 -3.4436333454 -13.7812592464 1.44047553463
-109.802 47.1961 0 0 0 0 3.37055 3.46482 0 0 0
-108.88 47.1646 0 0 0 0 4 4.51 0 0 0
-108.136 47.0911 0 0 0 0 5.47965 5.5866 0 0 0
-106.994 47.0658 0 0 0 0 5.70934 5.84242 0 0 0
-106.18 47.1498 0.00157215726649 -0.00179123926007 -0.000761648086591 -1.49476772147e-05 3.99673 3.86959 -0.580722845012 10.1730686266 1.8411725125
-105.207 47.173 -0.0147047674815 -0.00260419866121 0.00233850679109 -0.0149937252764 5.35643 -nan 3.90877750996 -88.9990770122 0.66288039004
-104.327 47.1152 0.00294108949509 0.000351135020739 0.000835618436138 0.00405457352412 3.8368 3.85902 0.356557104732 18.1172172671 -0.0937989135282
-115.571 46.4151 -0.00104003741731 -0.000786594108036 0.00407663195716 0.00249806873909 4.20283 4.21447 4.83036699787 -6.77138003278 0.856397538237
-114.188 46.4423 -0.00378194550427 -0.00152281488485 -0.0027475245136 0.000312216992527 4.35027 4.34209 -0.035013085896 -24.4054769286 1.98294636178
-113.493 46.4162 -0.00540249694833 -0.0004752675028 0.00192856865205 0.000416860496581 3.8843 4.01059 3.33327810323 -33.5019671881 0.754991669134
-112.641 46.4246 -0.00399665565683 -0.000266775733563 -0.00167716496241 -0.00351363819813 4.10218 4.53073 -7.95861474222 -24.4024454778 1.17561642656
-111.676 46.5336 -0.00708724269095 -0.00135298183129 -0.000110095637046 9.75623327802e-05 3.92179 3.9894 -26.5955757582 -41.93348684 4.78421175272
-110.858 46.462 0 0 0 0 4 4.17462 0 0 0
-109.914 46.5663 0.00139650866552 0.000238437151866 -0.0112210968369 -0.0043176794119 4.49259 4.24784 -21.860841537 8.4853219066 -0.783381181291
-108.786 46.4611 -0.00232858880764 -0.00229574103761 -0.000240804397357 -0.00249382118741 4.58216 4.66112 -9.68076753851 -16.6632400863 2.67680013309
-108.13 46.5038 0 0 0 0 5.62306 6.71471 0 0 0
-107.076 46.5408 0.00102101837304 0.00131209987741 -0.00424850247425 0.00320631156088 4.94163 4.99534 -6.31246529142 6.9769802685 -1.39504526637
-115.255 45.7565 -0.00106820612597 -0.00182248697597 0.00954608931428 0.00166030847791 4.23346 4.10556 11.0420329905 -6.03716199585 1.77279505138
-114.332 45.7893 -0.00383816825086 -0.00105528880278 -0.00234637798505 -0.00385245238456 4.67776 4.53093 -0.186295224339 -24.1339476542 1.55046102438
-113.37 45.8122 -0.00477463324325 -0.000144527953103 -0.00279288017925 -0.0044894964371 4.3945 4.58555 -7.06930934591 -28.6126903303 1.23714705076
-112.493 45.8409 -0.00506481199172 0.000459122182398 0.00809366707156 -0.000625393411395 4.40606 4.80125 -0.485065832675 -30.5209046823 0.0403316635272
-111.626 45.7843 -0.00262141548554 -0.000333785632257 -0.0108675765832 -0.00314263790062 3.34703 3.48449 -38.5984583494 -13.1277253727 2.02323382094
-110.659 45.9054 0 0 0 0 3.24196 3.3026 0 0 0
-109.716 45.9046 0 0 0 0 3.03049 3.08889 0 0 0
-108.944 45.8538 -0.000705853472744 0.000357537669287 0.0121070160862 0.00301024945906 4.62763 4.62671 14.2736749971 -4.69169727884 -0.511464956672
-108.149 45.8006 -0.00237099595736 3.39919690941e-05 -0.00481735694849 -0.000928290224724 5.1062 5.28203 -11.203915066 -14.1302183177 0.423516487058
-107.123 45.8231 0 0 0 0 5.83829 5.67161 0 0 0
-115.326 45.1285 -0.000868293158157 -0.000483560313077 0.00292184258586 -0.00413999225123 4.77884 4.31797 2.00806221399 -5.5625931271 0.580393315117
-114.233 45.0931 -0.00436644784964 -0.000505277966452 -0.00123588763367 0.00305406069994 3.83507 3.72217 1.45757279222 -26.5563779031 0.947726374722
-113.46 45.2432 -0.00592081339706 -0.0003501927158 -0.00234598196471 0.00166276950628 3.59418 3.91473 1.61554119828 -35.8820173873 0.838714076855
-112.489 45.166 -0.000184374177271 0.00145295591504 0.00975660904347 -0.00471878767974 4.35365 4.59398 9.41391525163 -1.75604214454 -1.46259343076
-111.805 45.2285 -0.000746672219571 -0.000434741933975 0.00395493407803 0.00544355098797 3.17767 3.26425 -24.8622582461 -5.21584494316 0.743884153561
-110.74 45.3212 -0.000205447714686 0.00286466111997 -0.0224279110265 -0.0377273134537 5.40558 5.6693 -48.7879659173 12.8441170105 -1.60829407854
-109.563 45.3171 -0.00316874090053 -0.00197595817383 0.00499499400743 0.0036707982857 4.58421 4.49048 -10.3887824418 -21.198292019 2.59224370749
-108.214 45.2202 0.00169449944628 -0.000881786399199 -0.00976321103987 -0.00366044823461 5.00793 5.35787 -16.2617307985 8.31689818986 0.37252839529
-107.207 45.225 -0.000461638971345 0.000851822555542 0.00586934681468 0.00900601321381 3.94214 3.95362 4.88056642944 -3.31424966291 -0.89620019534
-114.855 44.5494 -0.0016777055235 0.000245641492648 0.00329930103062 0.00107462192191 4.20764 3.64883 2.63097641053 -9.86092086238 -0.0841523233344
-114.255 44.5642 -0.00564409572137 0.000149560454923 -0.00514811210811 0.00065295679744 3.91568 3.82524 -8.25109392 -32.2837828214 1.37701667292
-113.367 44.6165 -0.00604395453168 -0.00143051000157 -0.00142377247483 0.00677586819663 3.29244 3.66316 -3.44656003115 -37.0780372724 2.43274619456
-112.644 44.6173 -0.00484152394896 -0.000688284949258 0.00766102416007 0.00743530521747 3.38683 3.83211 12.140960827 -28.2501186939 0.116334470803
-111.248 44.7038 0.00220692815483 -0.00263402019432 0.00173092688948 -0.00748067569681 4.87314 5.1636 1.39293504023 12.544860202 2.54300493011
-110.576 44.3951 -0.000265844418971 0.00153018986476 -0.00299980878695 -0.00281607140486 4.21276 4.24554 -3.30931972159 -0.588258165923 -1.49253380312
-109.664 44.6769 -0.00427765679837 -0.000899264447655 -0.00739996574467 -0.0183788389423 5.7017 5.4309 -13.9600647606 -26.0257575809 2.02474231549
-108.986 44.6704 -0.00327406479446 0.00203320104407 0.019476008743 -0.0134552950705 5.69925 6.24365 38.3208682118 -22.8831949484 -3.60355087098
-107.999 44.4868 0 0 0 0 5.54171 6.17584 0 0 0
-107.042 44.6277 0.00239396288721 -0.000914266986352 0.0046163500231 -0.00437339086212 5.45445 6.04266 8.23952832267 14.9853737809 1.30430431573
-106.352 44.5943 0 0 0 0 5.68716 5.36459 0 0 0
-105.401 44.562 -0.00132082107835 -0.000209077196518 0.00965658987296 -0.0107619583631 4.68875 4.87932 10.8651069558 -7.31818797792 -0.124435024213
-104.552 44.7473 0.000546936321898 0.000560249404662 -0.00465924720369 -0.00398645487793 4.47168 4.61951 -3.41362910404 3.20934452874 -0.549798457766
-115.133 43.7945 -0.000817957185323 0.000465925061827 -0.000218196936203 0.00132663235084 3.94116 3.87246 -1.19792909723 -4.29830087769 -0.320922858564
-114.117 43.9146 -0.00276698604048 -7.50807594356e-05 -0.00265020022507 -0.00131083511369 4.29307 4.01315 -8.65377452683 -15.8495175453 0.831621690012
-113.452 43.9286 -0.00446933308618 -6.09910365077e-05 -0.00365036688957 -0.00548429245116 4.74306 5.79081 -6.99102349372 -25.7568283665 1.09872101899
-112.485 43.9997 0.00524076263523 -0.00242642287691 0.00933524851473 -0.00479098274006 4.59584 5.22719 26.5308353305 34.0428443643 4.16228319441
-111.487 43.8756 0 0 0 0 5.6888 4.90846 0 0 0
-110.576 43.92 0 0 0 0 4 3.80301 0 0 0
-109.817 43.7013 0 0 0 0 5.93788 5.31613 0 0 0
-108.994 44.0363 0 0 0 0 3.47314 3.60011 0 0 0
-108.128 43.9496 0.00110552282187 -0.00192662537022 0.00167677853895 0.00353686183193 4.2349 4.22059 -5.93152955046 5.32480601807 1.80482703217
-107.292 43.8122 -0.00159891881103 -0.000362232773476 0.00429121922651 -0.00381576028772 5.29886 5.04934 1.2057839817 -9.29051127719 0.295950420956
-106.484 43.8924 -0.00210035154047 0.00246927851577 -0.00301436404732 -0.00225474794271 4.7984 5.55471 -11.9170498259 -9.71244869717 -2.07756931094
-105.463 43.9605 0 0 0 0 4 4.10682 0 0 0
-104.626 43.8594 0 0 0 0 5.49789 7.25936 0 0 0
-114.174 43.3979 -0.00057201551504 0.00186013199766 0.000510279268284 -0.00483566920144 4.48958 4.49964 4.37527853859 -2.77023909876 -1.82739217378
-113.518 43.3234 0 0 0 0 5.6791 5.85946 0 0 0
-112.433 43.3998 0.0034040710638 -0.00144502911197 0.0109586238207 0.00126011266738 4.33656 4.37315 23.5433123783 21.5219858603 2.44100918208
-111.612 43.2741 0.00131890471729 0.000144169140869 0.00401496986923 0.00107181712303 5.06722 4.6882 10.169038599 7.54781250711 -0.00681213143445
-110.712 43.3629 -0.00330723100078 0.00286802066943 -0.00618328064649 -0.000357851888325 5.14579 4.90075 -18.1951215873 -11.8827233084 -1.47117698349
-110.02 43.2112 -0.00415082222754 0.00389587379032 0.00154578600164 -0.00164188895806 3.92925 4.10464 -38.7549318206 -3.35072057349 -0.217472779786
-109.053 43.2649 0.000389154003288 0.00162904521621 -0.0095939628431 -0.00176820271434 3.4841 3.47963 -42.2667236352 8.13562506465 -1.45248226568
-108.084 43.3531 0.000227941190663 0.000781009456525 0.00343176983759 0.000571752910607 4.858 4.52678 -13.6672705551 2.34975622676 -0.812634539766
-107.446 43.3459 -0.00210332004977 0.000764280107797 -0.00105742016083 0.00496192072624 5.15355 5.22978 -9.42860387056 -11.4511464906 -0.446770471278
-106.479 43.4126 0 0 0 0 3.27356 3.35049 0 0 0
-105.552 43.4036 0 0 0 0 3.02277 3.05587 0 0 0
-104.661 43.3305 0.00153623026282 -0.00391807535014 0.000835976687972 0.00657397073575 3.91439 4.03872 1.81051266597 11.3873803991 4.06217649334
-113.176 42.5452 0 0 0 0 5.28129 5.27288 0 0 0
-112.531 42.6852 -0.000733921239108 -0.000812556584562 0.0164690223595 -0.00493022713909 3.92333 3.87555 46.0343984349 -0.161463006833 0.138909309425
-111.588 42.8321 -0.000203730360632 0.000226854398026 -0.0054302674735 -0.000611025158727 4.30776 4.07325 0.00267565046098 -1.0762155789 -0.21125402452
-110.92 42.7507 -0.00320265944611 0.0023980434231 0.000949481053245 0.00127138824006 4.60775 4.91849 -0.636306833532 -17.4272766315 -2.1674278475
-110.042 42.6372 0 0 0 0 5.48363 9.58503 0 0 0
-108.847 42.8247 0.000792967275162 0.00193614973323 -0.0156695865521 -0.0114799617927 4.07603 4.31576 -51.4144648351 11.6115479718 -1.81336594466
-108.342 42.6579 0.00160579173957 0.00167741099258 -0.00701667519088 0.000708706563134 4.9403 4.84664 -25.809888205 12.5045600384 -2.21102169228
-107.251 42.6332 -0.000774856516405 -0.00102007127153 0.00787092897992 -0.0112143283151 4.8557 4.79211 8.6738750879 -3.37401915072 0.871597850198
-106.524 42.6507 0 0 0 0 4 4.09435 0 0 0
-104.815 42.7225 0 0 0 0 5.97236 5.59297 0 0 0
-113.24 42.0343 0 0 0 0 4 3.96985 0 0 0
-112.386 42.0041 3.703456748e-05 3.70126276504e-05 0.000273484835166 0.00343546372038 4.19003 3.93385 0.953399059742 0.225801018493 -0.0397010998389
-111.432 42.0149 -0.0029789436558 0.00195103984323 -0.00168830027916 0.000683355402173 4.28923 4.23316 2.08535747772 -16.5244583646 -1.84665071728
-110.036 41.9243 -0.00477913621473 0.00341885150571 0.0113956744258 -0.00169057012747 4.44277 6.13813 34.9885968945 -33.2334179011 -5.45833563382
-109.357 42.1012 0.00103939485849 0.000623467242892 -0.0016177687204 0.000933265034455 3.92153 4.27235 -1.30911097524 6.06728175139 -0.672513831705
-108.34 42.0073 0.00308040530588 0.00239005698326 -0.028338016686 0.00144677781521 4.54582 4.23677 -43.1134951808 22.0032659731 -3.85156868989
-107.369 41.9641 0.00184701967459 0.00198381262583 0.0173611989228 0.00968068083817 4.17141 3.55939 25.765670803 4.25775102852 -0.93542752894
-106.434 42.031 -0.000562511480567 1.78687209022e-06 -3.03451005017e-06 0.000223398941323 3.9875 3.96007 -0.0221567114421 -3.18999800389 -0.0239269075812
-105.701 42.1143 0 0 0 0 5.76287 5.6293 0 0 0
-104.933 42.0432 -0.00129775450515 -0.00133476735903 0.00220775448849 0.00499223910072 4.15476 4.39883 5.24741636672 -6.03279204905 1.10411790814
-112.448 41.4632 -0.000838333829324 0.00105972424544 0.00500102100068 0.00148250104871 4.60069 4.45853 7.54511965114 -4.93570865156 -1.09036100405
-111.63 41.3146 -0.0030050835616 0.000645347985904 0.00113577277718 0.00339307067324 4.19443 4.07513 5.73372267571 -16.9191403166 -0.716944617858
-110.666 41.4729 -0.00675329431476 0.00244868743275 -0.00316031520651 0.00476654193358 4.07598 4.37836 4.37472226464 -38.2128692383 -2.59551148801
-110.067 41.4272 -0.00776896461688 -0.000971407436458 0.0111216754653 0.00964325248842 3.05311 3.47452 26.094771446 -37.6891092995 -2.23792126353
-109.157 41.5047 0.00234477045949 -0.00255999136357 0.00371177070187 0.00732484706478 3.71699 4.40452 1.9195157966 13.3453998568 2.58959737934
-108.187 41.4906 0.00224941136075 0.00593584148455 -0.0581176912458 -0.0920456339218 5.94429 8.20272 -20.1800647886 23.3148033621 -6.34738139134
-107.364 41.6067 0.00165043381775 0.00809737836343 0.0271135367129 -0.0168129087095 5.20443 5.06108 53.1399094425 -31.5394307425 -3.39224250368
-106.596 41.4033 0 0 0 0 5.71341 5.83505 0 0 0
-105.722 41.468 0.000630166465021 0.00173828774303 -0.00613757301188 -0.00387534497924 5.59514 5.68897 -27.9351815327 7.29694842604 -1.84249854474
-104.825 41.4676 -9.6395364351e-07 -0.00210104827549 -0.00177228967756 -0.00405874453404 4.95907 4.94808 -6.73765455817 -0.496506724309 2.09927040507
-102.772 33.9696 0.00353849083137 2.95753868968e-05 -0.0175985370445 0.00387329448378 3.77156 3.6404 -20.0573502273 16.6724965291 -0.775614793296
-112.52 40.8903 0 0 0 0 5.88096 5.52328 0 0 0
-111.437 40.8869 -0.00497119636668 0.000184680816799 -0.000588706049493 -0.00242968061615 5.4972 6.24176 -5.28792181796 -27.0709169415 0.632473650655
-110.834 40.9425 -0.00258214733934 -0.000931425442067 -0.00141640597747 -0.00902556608385 5.87279 6.40239 -2.2211608747 -14.78530057 1.17826821268
-109.673 40.9763 0 0 0 0 5.82476 7.256 0 0 0
-109.177 40.8936 0 0 0 0 5.91736 5.85896 0 0 0
-108.263 40.8338 0 0 0 0 5.48833 6.32617 0 0 0
-107.52 40.76 0 0 0 0 5.90513 6.07403 0 0 0
-106.454 40.8023 0 0 0 0 5.44555 5.75465 0 0 0
-105.944 40.8947 0 0 0 0 5.7754 6.5873 0 0 0
-104.882 40.8271 0.00236446827347 -0.00125767077724 -0.0151791482829 0.00228064010355 4.04428 3.89239 -26.5705685657 9.50049582499 0.268742667018
-104.087 40.8132 0.000250829724988 -0.00101742244959 0.00846691665906 0.00124618521103 4.12081 3.91302 4.18615480559 2.30914294172 1.04491239099
-112.469 40.2807 0 0 0 0 5.8232 5.97345 0 0 0
-111.502 40.2067 0 0 0 0 5.64322 5.31233 0 0 0
-110.738 40.1948 -0.00365868505783 0.00027048808033 -0.0108193639134 -0.0110357545695 5.08664 5.1129 -31.360864234 -15.6363971789 1.85694895645
-110.008 40.2655 0 0 0 0 5.24716 5.62068 0 0 0
-109.124 40.2982 -0.00195718518801 -0.00264286822861 -0.0064038261186 -0.0134759018583 5.67247 5.88682 -47.8100048497 -17.9665885589 3.21124413687
-108.242 40.1348 -0.00184124837016 -0.000750416576922 -0.00609167737344 0.00180898995899 4.82625 5.16114 -30.0026189512 -10.7566843662 1.57096398335
-107.47 40.2149 0 0 0 0 4 4.06089 0 0 0
-106.547 40.1618 0 0 0 0 5.89673 6.94135 0 0 0
-105.918 40.2109 0.00585518680493 -0.00150638272385 0.00308511163036 0.00524986252655 3.71588 3.92685 -2.21945832919 32.1668084243 1.58722767674
-105.073 40.1227 0.00229943565166 0.000187373820831 -0.0021340202046 -0.00315686639109 4.62829 4.3394 -8.98629344772 12.6182960082 -0.381840721805
-104.12 40.1129 0.000140217291287 0.000646128901478 -0.00652950794837 -0.00105399812902 5.00724 4.63706 -11.4582378036 1.13923314262 -0.657369602376
-113.069 39.5906 -0.00132899234547 -0.00191768110856 -0.0109014666922 0.00639466248142 3.71227 3.73263 -9.08206116247 -9.71821281596 2.20238296684
-112.279 39.5708 -0.00326551794789 -0.000766586937372 0.00525221135265 0.00843522965333 3.79748 4.25025 3.63127123701 -17.7972716634 0.863109839956
-111.66 39.6092 0.00163591451034 -0.000905853015726 -5.88267220324e-06 -8.4989107085e-05 4.01122 4.65056 0.348635854796 8.47768640116 0.784575879041
-110.74 39.473 -0.00433485728468 0.00169040144697 0.00226261853993 0.00263622733995 4.2531 4.42915 16.7540906857 -24.8607691305 -2.65158493863
-108.981 39.6333 -0.00189533045979 -0.000233816364357 0.00576270393198 0.0019287706269 5.21576 4.97977 -9.24780295763 -10.3076886084 0.56705393088
-108.391 39.4998 -0.000184534492345 -0.00432358514428 -0.0157554233668 0.00157006261951 3.46294 3.57587 -51.4714221597 -18.9045717488 2.82514819301
-107.449 39.524 -0.00373684284021 -0.00311367672438 -0.000220374172633 0.00267463355109 3.95237 5.12383 -1.47014805402 -20.2858536917 3.14255031246
-106.759 39.5952 0.00457140640164 -5.10774663757e-06 -0.00128276336763 -0.00485382032827 5.21351 6.30764 -38.4119153094 19.8452856071 -2.71365298835
-105.839 39.3741 0.00366538072623 0.00248213539117 -0.0023859672665 0.00164992380176 3.96449 4.07877 -18.509350287 22.5617256778 -3.36408820311
-104.908 39.5144 0.00225974908409 0.00141166899003 -0.0031808034394 -0.00286567312107 3.92851 3.81342 -9.48671545582 12.8410454531 -1.60746780198
-104.168 39.5125 0.000584909834281 -0.000855488872234 0.00404759241321 -0.0209304095775 5.88759 5.88984 7.45783638674 4.11009668113 0.963840814512
-113.277 38.9882 -0.00141649669865 -0.000993701761749 -0.00622642394661 -0.000727318859236 3.9148 3.79246 -8.32280698625 -8.71256497857 1.32688128878
-112.379 38.9995 -0.0048563566041 -0.00203976578426 -0.00532726394239 -0.00050183206021 4.38302 4.69187 -19.7663397047 -28.166276707 3.9181882796
-111.172 38.9176 -0.0050450358751 0.000473871586047 0.00749291813062 0.00876529144557 3.29212 3.48433 14.3236409381 -26.9278719765 -1.37737735711
-110.133 39.1025 -0.0031869863964 0.000840014527016 0.00657641449658 -0.0223422703679 5.57795 7.13721 26.2756882923 -17.4170934656 -2.052274104
-109.263 38.9553 0.00832885711101 0.0012169575683 0.0642256548268 -0.0230445994863 3.0399 3.31582 72.5102268794 8.22085296522 7.48771276687
-108.296 38.9541 0.00236423909748 -0.00344072756636 -0.0123841538798 -0.00896278271544 5.41864 4.70107 -11.3552577811 8.71150065958 2.90311571522
-107.574 38.8347 0 0 0 0 5.73677 5.19085 0 0 0
-106.91 38.8627 0 0 0 0 5.96994 6.37457 0 0 0
-105.834 38.9045 0 0 0 0 4 4.15556 0 0 0
-105.149 38.9641 0 0 0 0 3.07189 3.08831 0 0 0
-104.247 38.9145 0.000757451005974 -0.000949484675627 0.00192026354058 0.00800893300213 3.66993 3.64692 -0.35349779112 4.46743473685 1.01114264688
-112.277 38.2108 -0.00254401050601 -0.00164517775968 -0.000120733006724 -0.00604579738334 5.20861 4.83189 -3.62886248721 -14.590891824 2.02576025502
-111.483 38.2843 -0.00745586847522 -0.00149433486528 0.00320764253244 -0.0120074088147 5.93681 6.55084 -0.653774277574 -39.8056363672 2.1420073375
-110.711 38.4187 -0.00803045252335 -0.00266090323676 -0.00167338475064 0.00608823732327 3.38292 3.89399 -16.8016311531 -44.6198575266 5.26235510643
-109.894 38.3862 0 0 0 0 3.11881 4.31788 0 0 0
-109.261 38.2916 0.00999382914649 -0.000548902111595 0.00658952295607 0.00175529728451 5.22909 29.9688 42.3188080155 41.5886240104 6.96187386061
-108.379 38.1888 0 0 0 0 5.46667 4.67045 0 0 0
-107.55 38.3685 0 0 0 0 5.81224 5.39755 0 0 0
-106.756 38.2289 0 0 0 0 5.79034 5.82272 0 0 0
-105.107 38.2315 0.00267488509092 -0.000481229142407 -0.007303699826 -0.0111595416843 5.08037 5.36476 -10.6467277892 13.69597027 0.177615106121
-112.363 37.6761 -0.00289029126979 -0.0002153085547 3.10118643787e-05 0.00122111190727 4.43032 4.08972 -3.16426071357 -15.042011153 0.653531401154
-111.596 37.7222 -0.00558919691056 -0.0017181255908 -0.00242053410629 0.00630636961856 3.66914 3.60821 -5.19840076292 -30.1880079085 2.64123914823
-110.802 37.6354 -0.00530629273813 -0.00156496806795 0.00131123906643 -0.00694614299433 4.84119 5.62187 -0.897846772424 -28.0844353271 1.96698428614
-109.995 37.6903 -0.00309474531512 -0.00261904816596 -0.00140828053411 -0.00865952430018 5.94257 15.0062 1.72389244015 -16.2305073891 2.65538390553
-109.137 37.7459 0.00720490042461 -0.00164459480127 0.00387917332912 0.00566935949007 4.17778 5.66533 16.4573927086 38.3728230631 3.47877040368
-108.36 37.83 0.00417153591274 0.000249904683122 -0.00121181056554 0.00270021970701 3.91321 3.78215 -2.21931291972 21.7495241254 -0.424393973269
-107.792 37.662 0.00137263274918 0.000647359294893 -0.00140587371534 0.00368247024752 4.40479 4.23784 -6.40434024743 7.42309645325 -0.783061159919
-106.829 37.7461 0 0 0 0 5.79752 5.81626 0 0 0
-106.002 37.7059 0 0 0 0 4 4.19735 0 0 0
-105.213 37.6407 0.00462424301954 0.000295332935934 -0.00418541345044 0.00469885917873 3.54585 3.66955 -10.2691139012 24.0429259857 -0.791117488076
-104.435 37.6606 0.00127371573518 -0.000780681994233 -0.00258457700909 -0.003525660016 4.14208 4.04517 -3.64306785479 6.72933544024 0.813776847376
-112.382 37.0183 -0.00362179897525 -0.000555220503962 -0.00388863146237 0.00142092786067 4.05763 4.01943 -9.50899812575 -18.6895514276 1.48562717054
-111.506 36.9839 -0.00645342349138 -0.000482574779377 0.00111254913622 -0.00220008392516 4.35528 4.56716 -5.13950016904 -33.0071010159 1.55637705372
-110.804 36.9969 -0.00579956586682 -0.000911002102713 0.000821371293044 0.00372363958695 3.42458 3.69071 7.9324916275 -29.2485141059 0.463942736628
-109.874 37.1364 -0.00189597501721 0.000617656261596 0.0082207614363 -0.00415573373748 4.92116 4.84 26.4142558104 -10.1736288166 -1.33947890024
-109.025 36.8299 -0.00211702938169 -3.33126428885e-05 -0.0152871892814 -0.00513973967898 4.41134 4.94437 -22.094977195 -9.98125185005 0.864402257304
-107.534 36.9914 0.00178663937582 -0.00137018737043 -0.00256877168496 0.000352040355335 4.70707 4.88229 -3.46889097043 8.81814110319 1.29040725972
-106.903 37.0138 0.000287265883754 -0.001255711526 0.00495349460335 -0.000269988663162 4.84961 4.85416 13.9505392031 3.16048503432 1.28652081872
-106.037 37.0361 -0.00120072375783 0.000340750859136 -0.00252080617476 0.00694199888684 3.59302 3.67624 -2.01904582996 -6.17956666052 -0.361361619401
-105.052 37.0738 0.0055417755911 0.000364204536113 -0.00116392259531 0.00178211850854 3.68288 4.00736 -0.752080174738 28.2674195698 -0.0156195950542
-104.411 37.1388 0.00161364133696 0.000389259644149 0.00267598844898 0.000756018101711 4.03586 3.79796 3.01698908101 7.92806011168 -0.154032193131
-113.965 36.4151 -9.91880212593e-05 3.92080657119e-05 -0.000886768584508 -0.00124925810032 4.10666 3.96599 -1.80171686512 -0.463312859301 -0.021877616035
-113.18 36.4182 -0.00301799104196 -8.48207835604e-05 -0.000356398142747 -0.00117328847512 4.12783 4.01957 -5.07762363165 -15.075052594 0.706838003012
-112.291 36.428 -0.00499074076583 -0.000585051061728 -0.00124726649912 -0.00320367974955 4.33127 4.32609 -8.80937868595 -25.2316538929 1.81079382834
-111.13 36.1428 -0.00684716000593 -0.00135808925332 0.00153802711066 0.00133069929692 3.68481 3.97254 -4.65720132127 -35.0590918402 2.37807847856
-110.662 36.5996 -0.00646706015823 -0.00124750104223 0.002512256436 0.00228492425697 3.45785 3.79897 0.092797305216 -33.129122392 1.61471625497
-109.87 36.4199 0 0 0 0 5.45609 8.0133 0 0 0
-109.208 36.2925 0.00558584404366 -0.00168252048832 -0.00185652638509 0.00323259171293 4.75211 5.61379 -9.57434114949 26.0100691372 0.592125759838
-108.52 36.3758 0.00303715007309 -0.00257036465543 -0.00200032559366 -0.00567690222267 5.88327 4.98756 -7.80060891648 13.3112811475 2.1103935779
-107.658 36.4277 0.00108760432428 -0.00215342817616 -0.000871338582744 0.00101873960292 4.84477 4.51541 1.1624357505 5.85952991267 2.18921482499
-106.855 36.3773 -0.00171048566336 -0.00168192627532 0.00335947187663 0.00280321436076 4.40498 3.99882 10.3706112405 -6.62944271243 1.2797969819
-106.192 36.3289 -0.00269638627938 0.000189335202716 0.000206816357667 -0.00179700673641 5.00859 5.32436 11.5489477516 -13.409731915 -0.852829455596
-105.278 36.4093 0.00418516366115 0.000191036738876 0.00309637933928 -0.003646559286 4.40466 4.74037 8.31494802509 20.4632217976 0.712262569239
-104.408 36.3998 0.00278304058981 0.00104099597339 0.000721817976648 -0.00279219546496 4.22856 4.02621 0.588801137088 13.4748275785 -0.750419428951
-103.744 36.3945 0.000793190427889 0.000565491036672 -0.00347228198934 -0.00544805505639 4.31692 4.23396 -3.9851623765 3.90558228699 -0.534314974707
-113.105 35.6339 -0.0020935067723 0.000460215454891 -0.00103101562383 0.000304585099907 4.04301 3.96326 -4.69940454691 -9.77202123303 -0.0320869742739
-112.173 35.8191 -0.00419281151455 -0.000808256664354 -0.00182338015632 0.00330180351642 3.60475 3.65624 -8.28477126883 -21.3198690305 1.78550999107
-110.794 35.6218 -0.00523641623033 -0.00100852330841 0.00110671256146 4.72713613106e-05 3.99476 4.43797 -6.75591196008 -26.4890476651 1.93409842258
-109.933 35.7113 0 0 0 0 3.05959 3.25364 0 0 0
-109.046 35.7147 0.00651881214248 0.000986945543252 0.0181408007949 -0.00443896962609 5.02779 5.80476 41.4506331974 21.5419997171 3.46365095778
-108.466 35.7992 0.00355352299327 -0.000606420099764 -0.00614791974472 -0.00164551811513 5.28718 4.66174 -9.31032169144 16.9401848812 0.00239680540422
-107.638 35.8054 0.000156073931273 -0.000255982929026 -0.00271701541283 -0.0025185640713 5.46568 4.62787 -6.82591801978 0.639865792825 0.238266719941
-106.909 35.9138 -0.00206526516911 0.000362747212956 0.0042505544481 -0.00355029491871 5.42564 4.55887 13.1144126687 -10.4331543389 -0.883536808273
-106.183 35.7452 -0.00343497140718 0.00122404208753 0.00319785967184 -0.00245110341527 5.17704 5.18416 14.4303627401 -18.1396886011 -2.19000738877
-105.272 35.7259 0.00361080824627 0.000726332935909 -0.00222952622212 0.00068007433668 4.31121 4.62137 -4.58270959563 18.0142128344 -0.753896147052
-104.616 35.8383 0.00252777102019 0.00113636143999 0.00254396123962 0.00166902397327 3.76663 3.63827 -3.23512771523 12.4489718886 -1.05564694792
-103.786 35.7964 0.00160966064924 0.000263201546019 -0.00588798576786 0.00574958295446 3.342 3.34231 -8.20879352118 8.09150129828 -0.319100126473
-113.885 35.099 -0.000654432538006 0.000752759342774 -0.000657868811808 -0.000104993030789 4.02294 3.81572 -1.95992475359 -2.54004851429 -0.628210757012
-112.267 35.1787 -0.00299206419487 -0.000735930421815 -0.00377423179085 -0.000233584869143 3.87533 3.64561 -11.8131816901 -15.1569421093 1.60294083172
-111.532 35.0951 -0.00512620555339 -0.000581883553042 0.00216966288433 -0.00119603317287 4.06002 3.89446 -4.83713935016 -25.3167431532 1.42206084384
-110.713 35.0789 -0.00673960513729 -3.55174393358e-05 0.00052207624958 -0.00280745328727 4.44351 5.23113 -3.93507310299 -32.8135921324 0.910604888889
-109.736 35.1181 0 0 0 0 5.86243 6.11086 0 0 0
-109.388 35.1118 0 0 0 0 3.07038 3.12062 0 0 0
-108.5 35.1259 0.00278443168398 0.000217138245355 -0.00396560800512 0.00357591669811 5.47014 5.50785 -10.8308309869 13.6046767471 -0.754718970767
-107.648 35.117 -0.000124738030781 0.00121848866631 1.61787612694e-05 -0.00215506290292 5.89019 5.01753 3.43795967395 -1.05402304277 -1.2243881033
-106.867 35.0719 -0.00300306192094 0.00272222426075 0.00236909412268 -0.00469894280674 5.74195 5.06644 7.83241007636 -16.7683716227 -3.1920563889
-106.15 35.1605 -0.00438476560797 0.00371390942481 0.000335456878438 -0.0014250112607 4.96256 5.66271 -0.265622195779 -22.3756105141 -3.91475012979
-105.408 35.2106 0.00541099955533 0.000840456894651 -0.00298936026218 0.00153948680134 4.0626 4.76371 -10.3027296068 26.9347657072 -1.43023578739
-104.461 35.2177 0.00393509314338 -0.000788216589124 -0.00114000009403 0.00262965013571 3.84334 4.21402 -8.84371340261 19.130354664 0.545354916085
-103.766 35.0891 0.00320430845034 -0.00198003993352 -0.00312941254818 0.000343744872017 4.17621 4.14094 -5.75078229463 15.8727413179 2.0117756142
-103.063 35.0637 0.000355133224515 -0.00205295509168 0.00567810049835 0.00180567306517 4.31999 4.15442 5.91025665049 4.01807098592 2.0797607931
-112.891 34.4692 -0.00104181694411 0.00067771697351 -0.000853848036909 -0.00183590596317 4.13125 3.8656 -5.63978371577 -4.24162472702 -0.439840641823
-112.237 34.4866 -0.00330212169307 0.000701049145837 -0.00138814935548 -0.00269389719392 4.11259 3.96174 -9.95377926535 -14.5061645821 0.218589604746
-111.441 34.4178 -0.00498704820155 0.000401990033696 -0.00175371662254 -0.00191733753108 3.94433 3.98793 -12.1821684897 -22.5385003166 1.05634092591
-110.806 34.3371 -0.00592981489751 -0.00069759184772 0.00728019778684 0.000568352443347 3.96484 4.64046 -0.788737663311 -28.789543934 1.16056028259
-109.95 34.5293 0.00688963967219 0.00143332822841 -0.0184189020991 -0.0103479070472 4.84425 5.08471 -59.049130323 22.0098487834 -6.7393704032
-109.29 34.4275 0 0 0 0 3.06526 3.07606 0 0 0
-108.498 34.5421 0.00485113876674 0.000818048978273 0.0228327956405 -0.0146784714712 4.98948 5.08426 25.0600760029 19.68576513 1.2815293577
-107.786 34.4457 -0.00145926387937 0.0016026453555 -0.00943871258693 0.000210028900118 5.00865 4.52345 -12.2117996034 -5.3512401011 -1.27716461821
-107.01 34.5058 -0.00504544975133 0.00328871731301 -0.00172551880003 0.0038471251159 3.79662 4.04944 -2.44312535419 -24.215095504 -3.22708674444
-106.188 34.581 -0.00362781120276 0.00321250575722 0.00699536038592 0.00696794702264 3.42105 3.85677 24.2028267068 -22.7611052823 -4.51317872126
-105.435 34.5646 0.00666225832425 0.00182128931244 -0.00285562618836 -0.00126220289872 4.01446 4.67341 -7.59079580065 32.8146475924 -2.23508633945
-104.662 34.5271 0.00498907472435 -0.000295262343513 -0.00109877863574 -0.00434608534258 4.47753 4.43582 -6.84431276176 24.1592123275 0.143784743106
-103.81 34.5508 0.00216149025089 0.000275639732722 0.00176190353268 -0.00809023193517 5.20686 4.47429 -1.76292526352 10.3733363064 -0.103109324249
-103.097 34.6469 1.28586481523e-05 0.00100045576826 0.00034717380746 -0.00721862057438 5.16974 4.23577 0.439772561601 -0.597113343417 -0.989563462627
-114.524 33.7503 -0.000317157559284 0.000413840407907 0.00169878527679 6.84212525377e-05 3.97679 3.97065 1.30872485935 -1.23820563088 -0.366927702965
-113.005 33.9383 -0.00168742720154 0.00129085362821 0.000194585229219 0.00083395420277 3.72291 3.7352 -3.28435180117 -6.87545206626 -0.971854083828
-112.333 33.9535 -0.00291872715443 0.000544315113848 -0.00274259790417 0.00241707705829 3.458 3.4765 -10.2173169129 -12.715693622 0.289446912074
-111.478 33.8798 -0.00384364891043 -0.00117636456479 0.00125416261316 0.00212509199794 3.46868 3.51509 -5.95924258667 -19.0936913768 1.86794828204
-110.844 33.6953 -0.00502901764161 -0.00103463787779 -0.000188724930035 1.98976690826e-05 3.90899 4.23009 -4.22034313769 -24.3636896817 1.72711810969
-110.034 33.7776 -0.00812485352815 0.00012137354928 0.00172296293041 0.0145730354348 3.01538 3.27381 3.09646175886 -38.6735084588 -0.187799180556
-109.254 33.9571 0 0 0 0 4 4.09843 0 0 0
-108.377 33.9085 0 0 0 0 5.9908 5.68023 0 0 0
-107.674 34.0087 -0.0018998060386 0.0023107278523 -0.00418074246041 -0.000352523124082 4.54027 4.24056 -16.6219290438 -5.72772712727 -1.70524658103
-106.965 33.937 -0.00391434204727 -0.00075160101573 -0.00977948065335 0.00841157940919 3.2387 3.42795 -17.8302270574 -18.9568676014 1.80143824895
-106.055 33.9315 0 0 0 0 3.25474 3.50224 0 0 0
-105.436 33.9257 0 0 0 0 3.18948 3.71414 0 0 0
-104.693 33.9229 0.00518911129954 0.000314953986368 -0.00214249322204 0.00127571722186 3.88485 4.22386 -2.61470646929 24.7474175831 -0.0879188519489
-103.825 33.9232 0.000431483996988 0.000868431880654 0.00621864544615 0.00472912057212 3.72046 4.1379 1.38093875999 1.48828468878 -0.802304592425
-103.163 33.8839 0.00447050780994 -0.000194258450685 0.000258670899296 0.00364582452975 3.71391 4.52507 -19.5060951462 20.7674489794 -0.75332554567
-113.657 33.1999 -0.000652924396984 0.00038100259924 -0.00247008614896 0.000700181415316 3.86691 3.85802 -5.08851030906 -2.60022080165 -0.223838428727
-112.946 33.3627 -0.00101434197008 -3.12901747268e-05 -0.00117732013673 0.00225776352721 3.4682 3.43951 -7.03504534078 -4.69835312018 0.274610783516
-112.158 33.2893 -0.0014461711822 -0.00072057619681 -0.000612553833355 -0.000232383893714 3.84002 3.7479 -8.52845792176 -7.45402243276 1.05520605644
-111.427 33.341 -0.00380802771569 -0.00159491659913 0.000918479277627 -0.000884276596993 3.92506 3.93575 -6.34873156358 -19.0802206785 2.29442028518
-110.472 33.2969 0 0 0 0 3.04521 3.0934 0 0 0
-110.036 33.0851 0 0 0 0 4 3.97129 0 0 0
-109.266 33.2921 0 0 0 0 5.97704 6.52384 0 0 0
-108.592 33.1132 -0.00117985422342 0.00205969213724 -0.00340731068021 -0.0063125386818 5.02007 5.14508 -44.701139326 2.95766445563 -0.612573090579
-107.671 33.3086 0.000262740303304 0.00190121585043 -0.00881510719665 0.004190005792 3.46559 3.56493 -31.6595907212 5.6463268372 -1.76703301391
-106.964 33.2555 0.000388585555002 -0.0007420705929 -0.00560236511367 -0.00758569730691 5.71796 5.87529 -5.85659997095 1.57845265689 0.713151986931
-106.232 33.2621 0.000465535602222 -0.00206643480878 0.00814362788196 -0.0154823638489 4.95002 5.39839 54.4160128278 9.36415596303 1.5069296306
-105.365 33.3298 0.00405794891637 -0.00313713832602 0.00643704572431 0.00259061419351 3.45412 3.7567 25.4419223746 23.9483398535 4.73339092093
-104.717 33.2797 0.00359440087157 -0.00163981686148 -0.000345567434983 0.000573485886458 3.95518 3.77638 -0.387095064378 17.5310330598 1.93236640463
-103.98 33.2716 0.00263237558504 -0.00095127040079 -0.00457214053147 0.00165122675203 3.66707 3.75841 -11.9874780814 11.913583704 0.682065560498
-103.215 33.315 0.00123396310207 -0.00330872461659 0.00213323371928 0.00367828241605 3.65977 3.76389 -1.53780094702 7.39287426752 3.4163643803
