-112.228 32.7006 -0.000511115569993 -0.000712441439439 -0.00165117277417 -0.00119002080519 3.93469 3.67805 -5.97187163839 -6.60807266757 0.855506226495
-111.704 32.5618 -0.000469728954562 -0.000798490892563 -0.000392140766579 -0.000487178502118 3.95032 3.67613 -6.59035972518 -6.85182281521 0.880614717516
-110.739 32.5716 -0.000350751590846 -0.000754090164435 0.00101456494441 -0.000517036696629 4.10391 3.90403 -6.60623760104 -5.93660610631 0.766374940739
-109.97 32.6399 -0.000467926444336 -0.000727823870693 -0.000543731250217 0.00132896254298 3.92678 3.83353 -6.66464776337 -6.33292737604 0.837774830039
-109.303 32.7663 -0.000114127628784 -0.000744517234933 -0.00242024010995 0.000897459772752 4.01082 3.85946 -5.49766365044 -4.52196808754 0.603455733805
-112.812 31.9559 -0.000155079817023 -0.000237316769398 -0.000740584554583 -0.00158338899171 4.01947 3.94057 -2.39611451005 -2.09925238091 0.277053443001
-111.457 32.0022 -0.000382913172699 -0.000525938909731 -0.00108516056724 -0.00241182600755 3.97447 3.95011 -6.09458512359 -4.83522569944 0.636433353827
-110.816 31.7748 -0.000402275838807 -0.000349180979271 0.000596713448882 -0.00182049049099 4.0331 4.0445 -4.54082313474 -3.93341096501 0.531944748727
-110.046 31.9737 -0.000413947092064 -0.000691343180835 -0.00058530254859 -0.00179242680925 4.01502 3.99091 -8.71175693608 -5.86530997011 0.763688648516
-109.259 31.9989 -0.000204424001748 -0.000740644965409 -0.00179763825749 -0.00150951132606 4.12778 4.22231 -7.45051405405 -5.02345726503 0.650330150074
-109.991 31.439 -0.00022609300759 -0.000260374059888 -0.00129346869144 -0.00038883866426 3.90351 3.90863 -4.37075664511 -2.52342633253 0.343859894156
-109.281 31.3757 -4.55592938566e-05 -0.000268643609553 -0.0019470851661 -0.00119101406653 3.98725 3.96605 -4.85767739365 -1.62259887966 0.221587939578
-122.707 48.7197 1.09106077345e-05 -0.000118299042529 -0.00400467675994 0.00467699550517 3.43085 3.48798 -1.93277112399 -0.788116444147 0.0680239366654
-122.085 48.9983 0.000269952048297 5.5644781527e-06 -0.00241144094489 0.000752192543634 3.44594 3.52383 -5.31015793863 1.5883324617 -0.218020437252
-121.48 49.0983 0.00104848243958 -1.17009988311e-06 -0.00325237100461 -0.00126883662683 3.43634 3.51195 -8.29016947033 5.63434202596 -0.859886348881
-120.384 49.048 0.00166679014681 0.000201461682593 0.000227913274179 -0.000534446382442 3.92264 3.93415 -3.34161519544 11.5954614666 -1.39568554106
-119.272 48.9534 0.001490694558 0.000357630392421 0.000969928893239 -0.00063921072815 4.14206 4.02943 -2.74503717135 11.7607971834 -1.34531196972
-118.585 48.9752 0.000306768410469 0.000459087191684 0.00036135406372 -0.00134693534963 4.14937 3.92233 -3.43121506834 5.060214531 -0.535185848926
-117.559 48.9813 0.000129548918348 0.000538820596184 -0.000890723548481 -0.00237127955142 3.98518 3.92776 -5.26714685192 4.52717874158 -0.451302784424
-116.363 48.958 0.000213595080152 0.000233793477633 -0.000213848191298 -0.00024344115795 3.86526 3.76518 -3.67175125784 2.89595838753 -0.315898175194
-115.653 48.9339 -0.000341101678426 1.57981647195e-05 0.000533846943613 -0.00247616853795 4.11489 4.00403 -4.66440571445 -2.02060990099 0.238002017046
-114.413 48.933 -0.000373545653603 -0.000102302075838 -0.000789350523743 -0.00290710932446 4.01216 4.16464 -8.59259370823 -2.89082414279 0.351186588198
-113.422 48.9725 0.000455443921207 4.288047935e-05 -0.000812400232054 -0.00110470130364 3.95387 4.072 -6.68368756022 3.07906045777 -0.362377351977
-112.733 48.9777 0.00086384576986 9.60047820102e-05 -3.03574867657e-05 -0.000811006728422 4.23409 4.24638 -0.989907707064 6.43518676918 -0.63650936893
-111.597 48.9482 0.000249515966314 -3.97779050247e-05 0.00166935795273 -0.0014362268729 4.25324 4.18932 0.182309195113 1.51712240379 -0.124652374997
-123.504 48.0575 -0.000467544236151 -0.000281936622948 -0.00439461551972 0.00152339967534 3.34436 3.37849 -6.35130194064 -4.72316964436 0.544627081562
-122.096 48.2641 0.000464810824383 -0.000884173814766 0.000983079822365 0.00130569227415 3.66465 3.8078 -4.06867876526 -3.77907028162 0.186908800816
-121.484 48.5183 0.00129686530678 -0.000483159838282 -0.000479060534696 0.0011100349788 3.76972 3.91275 -4.05142057029 4.13973646281 -0.703092796304
-120.12 48.4607 0.00128767897733 -0.000311754243235 -0.000712353720386 -0.0012252070423 4.17797 4.26235 -9.23302762257 4.48068158749 -0.877152161768
-119.333 48.3584 0.000712547723946 0.000581208378133 0.00183064254861 -0.00152459674148 4.66342 4.51498 -7.65403095655 8.2657966464 -0.918925416455
-118.149 48.4226 3.13489915452e-05 0.00110568379426 0.000464904814563 -0.00191651178832 4.36759 4.2446 -7.61569297784 8.17470162001 -0.70735126054
-117.225 48.2995 0.000630730139218 0.000894059133574 -0.00201267125459 -0.000303672872451 3.79454 3.85581 -6.8261595987 9.96696010314 -1.05615971914
-116.367 48.4366 0.000532305248722 0.000505508011681 0.000245822196097 -0.000832369758765 4.11484 4.08488 -4.47090463882 6.66915342434 -0.734018043942
-115.589 48.4694 3.02833090654e-05 0.000184223429607 0.00110835579572 1.16553417814e-05 4.26284 4.21044 -4.4104177833 1.40211588279 -0.14862524626
-114.468 48.3739 -0.000143737276584 -0.000623662106502 -0.000647465854816 -0.000532627674842 4.2947 4.25334 -10.1051661706 -5.19485189898 0.5017070165
-113.273 48.3609 0.000113950381347 -7.7829143448e-05 -0.00104316059948 -0.00251253686956 4.38211 4.43219 -13.7219560419 0.036162320111 -0.0464136562949
-112.562 48.3129 0.000574966621658 0.000382623529657 -0.000239218701499 -0.00170478171981 4.43663 4.45505 -8.2766479262 5.96131699226 -0.683232435039
-111.707 48.4128 0.000333291320994 0.000212979985323 0.00114489265012 -0.00192118217455 4.55864 4.48276 -3.79979177711 3.45572588749 -0.382639274966
-124.566 47.9475 -0.000293192763257 -0.000131738065823 -0.00154531966781 0.00279619185859 3.70189 3.7082 -0.574196637249 -2.7523085285 0.309189807105
-122.972 47.7172 0.000158371220522 -0.00103597690985 -0.00120488297489 -0.000806434851905 3.63784 3.73052 -6.37903551772 -7.06600208076 0.472302613648
-121.689 47.6947 0.000610069382195 -0.0012789245769 0.000454224555929 -0.000255870987944 4.12604 4.22071 -8.42828578394 -6.62107583046 0.219972985327
-120.894 47.923 0.000808957964462 -0.000807060844178 -0.00055941881928 0.00010647930725 4.21015 4.21149 -7.93040933813 -1.72780450665 -0.188416178642
-120.061 47.6902 0.000257581423077 -0.000232278024444 0.00184318342832 -7.88030762478e-05 4.57704 4.51047 -7.1562914381 -0.282115076214 -0.0659745437513
-119.045 47.7849 -9.73715403853e-05 0.00086394071088 0.00182215887706 -0.00189549709046 4.55716 4.58547 -8.69404462223 5.87210215378 -0.432633896692
-118.274 47.8006 -0.000288274885782 0.00114958887052 -0.00169817550103 -0.000285641802808 3.852 3.98249 -9.20087359308 6.90426354848 -0.449891593283
-117.308 47.8192 0.000880169220613 0.00047617354512 -0.00178775347817 0.00168524997496 3.70541 3.80065 -4.44054674955 8.57810118466 -0.973012371377
-116.256 47.8397 0.000895416494687 7.33312157081e-05 0.000769603064991 0.00128067016287 4.11594 4.12105 -1.82697275445 6.23575911425 -0.680963567968
-115.475 47.7092 0.000704728734847 -0.000199498880997 0.000659102700531 0.000953524114977 4.36377 4.2519 -1.20599549987 3.37871650574 -0.338794846315
-114.574 47.6795 -0.000163430198247 -0.000138541111628 0.00178126127613 -0.000526731429078 4.57233 4.41489 -4.2875295943 -1.90947519182 0.213726219704
-113.747 47.7687 -0.000624345059213 0.000209809200493 -0.000160361863838 -0.00188640484006 4.32869 4.33496 -11.4198245986 -1.93973081792 0.364207519472
-112.607 47.775 0.000320684119443 0.000517120630334 -0.00233468078534 -0.00105543812584 4.06771 4.15883 -10.8833431491 5.34722609658 -0.575821968687
-111.746 47.8012 0.000618542424782 0.000308902119026 0.000436376419518 0.00115287959128 4.2241 4.23135 -0.894161999318 5.9354198654 -0.633984476271
-110.763 47.6327 8.59202839488e-05 -0.000379632156224 0.00561937603855 -0.000809576416791 4.59095 4.53555 2.79301521389 -1.31682967251 0.259383150403
-122.803 47.1109 0.000396740189599 -0.00144452689766 0.000307138969692 -0.000234203623803 4.16174 4.17747 -5.73363940025 -8.70210176809 0.533220899872
-121.989 47.1881 0.000413174636784 -0.0013034943857 0.000583622736673 -0.000750042443749 4.38157 4.35409 -8.47431191836 -7.886563509 0.388900806483
-120.844 47.1935 4.6294651926e-05 -0.00075273413597 -0.00125719466641 -0.00104827373314 4.36092 4.25284 -10.832670112 -5.62673647373 0.367140431713
-119.973 47.1936 -0.000531626038771 4.41670398527e-05 0.00237298089574 -0.000967713052622 4.55711 4.50223 -8.34988698317 -2.53165661119 0.405206864437
-118.921 47.0573 -0.000373521631349 0.000176776672249 0.000385394490719 0.00273136179062 3.70113 3.94896 -3.14888914531 -1.07256187222 0.160304252333
-118.309 47.0615 0.000659237590189 0.000244808358543 -0.00106657528769 0.00219926389244 3.54965 3.71037 -6.65806019431 5.49357690117 -0.667058254149
-117.276 47.0547 0.00142809206513 0.000138466884461 -0.00146316432795 -9.58914063754e-05 3.85145 3.89563 -6.0926406756 9.29183829381 -1.17982702922
-116.335 47.0477 0.00111376556175 -6.61817104559e-05 0.000505993893793 -0.000684920981382 4.39037 4.27475 -1.43157507069 6.74302163263 -0.73133749531
-115.353 47.0528 0.000206656919656 2.48838611703e-05 0.00195652970372 -0.00116100483927 4.74527 4.49596 0.215702805139 1.52344408624 -0.156558218791
-114.459 47.0943 -0.000820215442957 0.000435197623219 0.00198191055093 -0.000690110306083 4.54538 4.44115 -3.61578872051 -2.42176801996 0.272322904216
-113.506 47.0816 -0.00067735390843 0.000567001409979 -0.000498843885662 0.000669078936607 3.94353 4.01866 -8.65522457497 -0.109912521821 0.143209882715
-112.52 47.0418 0.000696690129131 0.000144606758615 -0.00478767497297 0.00204190681309 3.44332 3.55181 -8.59627276361 5.0211983805 -0.61693777463
-111.549 47.0308 0.00105325772453 -0.000441974076618 0.00180497578787 0.00140201639414 4.20825 4.25256 3.97150477043 5.32879273112 -0.242362244207
-110.687 47.1523 -0.000355825819106 -0.00023704669121 0.00404712998574 0.00177932700708 4.39563 4.26129 6.8250351711 -3.72512253791 0.387792271171
-109.802 47.1961 -0.000361008282524 -0.000147747664985 -0.00395647624222 -0.000250845893372 4.03114 4.03889 -3.73431104266 -3.202601008 0.34905206159
-123.563 46.5459 0.000316797418471 -0.00110606310757 -0.00142171669192 0.00141154955731 4.09057 4.15312 -4.13101964408 -6.44789720032 0.415973926796
-122.72 46.5934 0.000647178443025 -0.000955957710885 0.00257847384716 0.000341781155336 4.77541 4.68765 -5.17440849854 -3.51596107034 0.0542357889722
-121.761 46.5605 0.000153322118957 -0.000613103211433 0.000197584631873 -0.00244690619408 4.63374 4.436 -11.5929083575 -4.12026680842 0.18557323577
-120.979 46.5433 -0.000646612728842 -0.000291446724014 -0.000302819901014 -0.00184255059776 4.36434 4.21584 -11.789537149 -5.39643816865 0.703562436873
-119.855 46.5585 -0.00112764852608 -4.9201534814e-05 -0.000765495999438 0.000379501745069 3.90684 4.07024 -8.83759316414 -6.33185664701 0.948017113383
-119.06 46.4911 -0.000276792000387 -0.00070010154629 0.000867253749946 0.000234880481366 3.81657 4.00417 -5.03609288107 -6.50023918568 0.660751866254
-118.146 46.5139 0.000599719636809 -0.00050724449444 -0.00046568606927 -0.00129684292923 3.9029 4.09224 -7.70257639432 -0.293488018946 -0.162220991822
-117.11 46.485 0.00128587256006 -6.2492293927e-05 -0.00146188747905 -0.00111896504093 4.09912 4.2323 -6.80929245175 6.92803158154 -0.951300455689
-116.209 46.3559 0.00102826569552 0.000286819217524 0.00105852566685 -0.00063059339432 4.40252 4.26007 -0.0347245597819 8.46433156228 -0.910426773166
-115.571 46.4151 -2.48151231403e-06 0.000272560543756 0.00146917006828 -0.000402184766516 4.54449 4.31452 0.254533319514 1.61035928322 -0.200497277004
-114.188 46.4423 -0.000849151649067 9.64159250677e-05 0.00171114045744 0.00127672703708 4.12906 4.14273 -0.842195410594 -4.99361907628 0.497612445205
-113.493 46.4162 -0.000463665484841 -0.000105638095351 -0.00140199907467 0.00150157504503 3.42676 3.63373 -9.05041530776 -3.34400964478 0.422053518285
-112.641 46.4246 0.0011406484933 -0.000465359319944 -0.00447458374797 0.00243435122462 3.39919 3.5865 -7.36215459293 3.7701585716 -0.523375659669
-111.676 46.5336 0.00120759087566 -0.000692001536707 0.00164042018252 0.00196081767254 4.43284 4.42769 1.50936006555 4.64809594321 -0.189686604957
-110.858 46.462 -0.000160298875903 -0.000523310540034 0.0044972239513 -0.000300780290402 4.86451 4.68719 5.90236143792 -3.61301119448 0.527283301838
-109.914 46.5663 -0.000363182309137 -0.000432014243788 -0.00127994725303 0.000223697325949 4.34482 4.33952 -1.42600113953 -4.78458689035 0.564313234049
-123.559 45.9306 7.49828527915e-05 -0.00100464967724 0.000160757418509 -0.00242834232407 4.67702 4.62909 -9.67084178852 -7.594786503 0.462419239111
-122.419 45.9325 -5.01155602578e-05 -0.000373660109801 0.0037583549971 -0.000124388995305 4.88261 4.80451 -3.04901705443 -2.97035500035 0.274514236951
-121.459 45.8839 -0.000496879561352 0.000224376435448 -0.000256986772173 -0.000231145923589 4.07631 4.02376 -7.77172433727 -0.938193272169 0.277420076477
-120.782 45.7664 -0.000634084746708 9.93769162554e-05 -0.00383226447506 0.00130206128793 3.48058 3.51446 -9.6238106926 -2.46410628689 0.471827689355
-119.928 45.8951 0.00011478796186 -0.000789664326022 0.000786568050497 0.00164728584605 3.85989 3.89118 -3.31520325745 -4.75613440668 0.428687324372
-118.777 45.7971 -0.000257535787824 -0.00105489994587 0.00103011205637 -0.000676322773727 4.0942 4.19548 -6.9098296787 -8.92368066585 0.853213744143
-117.909 45.7087 7.79948178239e-05 -0.000599033603996 -0.00142341634139 -8.52066655994e-05 3.8726 4.05476 -8.41584777816 -3.85243638536 0.30043562737
-117.228 45.9734 0.000840956915655 -0.000362101948244 -0.00231569895551 0.0014296130222 3.88966 3.99722 -6.49676493975 2.31923923403 -0.41521680764
-116.155 45.8883 0.000748614908883 0.000411105262588 0.00128035648596 0.0015446366891 4.27313 4.31407 1.77569058393 7.41324212361 -0.802111101289
-115.255 45.7565 0.000248030545911 1.20907119613e-05 0.0023203345897 0.00157200568168 4.30765 4.22335 3.39054569381 1.77305296394 -0.16487676195
-114.332 45.7893 -0.000512273887849 -0.000312921732723 0.000343122226918 0.000959480609041 3.92739 3.97305 -2.70916404673 -5.14240937897 0.581359536032
-113.37 45.8122 5.54897349819e-05 -0.000705172391492 -0.00122121981255 0.000438579511051 3.62282 3.73361 -8.81878331776 -4.3672941715 0.41603990959
-112.493 45.8409 0.00170915817125 -0.000803435116245 -0.00398487379482 -0.00225038235221 3.9629 3.95837 -12.9306195472 3.40393411591 -0.877321786057
-111.626 45.7843 0.00082400665453 -0.000148253573881 0.00264278842132 -0.0038842675493 5.21101 4.81138 -2.73633664381 4.44157632021 -0.440589685972
-110.659 45.9054 -0.000681904004127 7.40786192263e-05 0.00339445291324 0.00250549557857 4.86831 4.57214 3.03372255646 -4.41893432802 0.334173603326
-109.716 45.9046 -0.000715669907281 0.000187759759714 -0.00205819359711 0.00149576008391 4.30353 4.25643 -2.75782678886 -3.62946125942 0.320327919038
-123.281 45.3153 -0.000149590569257 -0.000528876825428 -0.00052538448961 -0.000913694393591 4.54462 4.42307 -9.63031858718 -4.88203485187 0.405776820687
-122.478 45.2059 -0.000902853094406 -0.00035259086218 0.00264180702468 -0.00180583993985 4.56078 4.53815 -6.01068802834 -7.49590886297 0.937601293852
-121.317 45.2422 -0.00047562211424 0.000269739552942 -0.00209709749731 0.00179335541347 3.56603 3.6758 -4.83923456685 -0.739699933189 0.207943880068
-120.635 45.2357 7.85122554194e-05 -0.000532004485502 -0.00185908900087 0.000501479959035 3.65913 3.77744 -6.80894400269 -3.45053783579 0.25456069572
-119.669 45.2664 0.000424418850103 -0.000913276678085 0.00262012309292 -0.000443932758586 4.23442 4.2513 -3.49747423444 -3.74983319623 0.274093106989
-118.96 45.2904 -0.000260683563875 -0.00100737757226 0.00016051313967 0.000557152508084 4.089 4.0447 -6.7537631381 -8.57849504986 0.825881799843
-117.78 45.2781 -5.90529666011e-05 -0.00111243058209 -0.000864664677487 0.00125026386779 3.92747 4.03532 -10.7344678362 -8.43702783445 0.686062585252
-117.12 45.2925 0.000494421955448 -0.000489980331388 -0.00124649316524 0.000260443415394 4.10906 4.19827 -9.78423040565 -0.892066581521 -0.106560088234
-116.268 45.3997 0.000647267014191 -0.000127481503452 0.000134711581721 0.000687965942927 4.36743 4.36899 -3.69796470558 3.10281159258 -0.38423305842
-115.326 45.1285 0.00042082541919 -1.50749008067e-05 0.00199912303422 -2.7177249022e-06 4.3533 4.23359 0.478718406972 2.66342246832 -0.269607606963
-114.233 45.0931 -0.000105993106298 -0.000406721672194 0.000855481499706 -0.0013286179367 4.27043 4.20431 -4.47286208008 -3.19095273835 0.359041606678
-113.46 45.2432 0.000165033761561 -0.000490088914598 -0.00165172525756 -0.0016806704687 3.99422 4.006 -10.1379585379 -2.40412015928 0.180641657869
-112.489 45.166 0.000825982449538 1.98495043078e-05 -0.00158932842783 -0.00130566302172 4.21601 4.1323 -9.83672224012 4.73015231454 -0.644179516396
-111.805 45.2285 0.000436123860919 0.000622658202788 0.00139237819258 -0.000475625040164 4.59847 4.38307 -4.76371257828 6.42750779692 -0.750428495799
-110.74 45.3212 -0.000540032686844 0.000216765476266 -9.238445599e-05 -0.0064857119523 5.20441 4.94364 -12.0602366684 -1.50066249865 0.279724739641
-109.563 45.3171 -0.0005817479705 0.000282510078223 0.00212918320323 -0.00870839956669 4.82718 4.75213 -6.00911526631 -1.92949137181 0.196191497678
-124 44.6764 0.000104899219649 -0.000209055583973 -0.000179880632437 -0.0014408405594 4.20648 4.14292 -1.73048400925 -0.887966129709 0.0503779120221
-123.292 44.6765 -0.000626630608805 -0.000122500703329 0.000802140882761 -0.00108753438421 4.19965 4.12962 -2.07160598307 -4.5194719034 0.562599637053
-122.186 44.6837 -0.00123470080367 2.82161193861e-05 0.00129563800828 7.76710103109e-05 4.0373 4.05401 -2.04257407139 -7.07207475229 0.925469468814
-121.227 44.6473 0.000290371990543 -0.00047426036912 -0.0038181596355 -0.000208033143605 3.5538 3.70407 -7.3410840493 -1.96512777982 0.0399075905259
-120.335 44.7344 0.00124642050671 -0.000648153827646 0.00132610278767 -0.000315179996176 4.15277 4.14133 -3.82636529276 2.70864348311 -0.542496878977
-119.565 44.5913 0.000304804666089 -0.000878393494122 0.000714737668028 0.000723112612909 4.30678 4.16196 -3.82106391247 -4.22862241377 0.337167785426
-118.67 44.5191 -0.00029971892618 -0.000919071437091 0.00147130829288 0.000130652069955 4.56595 4.41908 -7.53455413181 -8.13224675753 0.796116643349
-117.664 44.6653 -0.000241869562973 -0.000720453576412 -0.000764149505332 -0.00168006684632 4.38725 4.27762 -15.8759786236 -6.6100282601 0.568373370282
-116.747 44.589 2.99393205276e-05 0.000360227806545 -0.00192671546076 -0.00209072225373 4.08681 4.00324 -15.4608133867 2.85744299095 -0.211118190661
-116.013 44.7035 0.000450379952107 0.000335905977496 -0.000106509471712 -0.00155812861094 4.31637 4.28446 -7.13728616763 4.80045932505 -0.560976179292
-114.855 44.5494 0.000341752080233 6.07814547332e-05 0.00264287246411 -0.000409533921779 4.43918 4.11987 0.678466704258 2.58326373077 -0.271444813525
-114.255 44.5642 -0.00069395882123 5.84989295168e-05 0.00114283580366 -0.000242350161958 4.27632 4.12693 -2.09573384194 -4.0069027738 0.436628014912
-113.367 44.6165 -0.000390495869659 -4.43456515908e-05 -0.00172290342328 1.86550848904e-05 3.94036 4.00483 -8.286645831 -2.49690615842 0.324210578149
-112.644 44.6173 0.000298449548818 0.000384579171736 -0.00300040875323 0.000956850747164 3.9985 4.07061 -7.01361826693 4.16960358259 -0.48022947879
-111.248 44.7038 0.000781459401807 0.000797272989517 0.00737558095233 0.00115354526655 5.19242 5.09018 11.0523447512 9.08285595333 -1.07083786242
-110.576 44.3951 0.000345807059557 0.00149692629015 0.00338765009713 -0.00113483043054 4.13218 3.81664 2.43189089975 9.84304750336 -1.41314322067
-121.268 44.1626 8.56099558542e-05 -0.00107759938735 -0.00355663155232 -0.000528044615099 3.74255 3.81338 -6.0379318192 -7.33235949082 0.577133466709
-120.211 43.9437 0.000373243197969 -0.00102736375531 -0.00177403764509 0.000108688547634 4.09112 4.08682 -6.29473260888 -5.28806083428 0.326489721914
-119.504 44.082 0.000465499743975 -0.000541154466832 0.00154295297192 -0.000135500813042 4.73035 4.55943 -3.20167248582 -0.919233359933 0.00376607126637
-118.569 43.9104 -0.000437333618828 -0.000321559889211 0.00252597366666 -0.00145651622113 5.05684 4.66137 -6.52191230223 -4.6397809053 0.542474073157
-117.741 43.9733 -0.00119943381042 0.000256650841674 0.000674342627878 -0.0019273331543 4.51703 4.39575 -13.5679747712 -3.68724076718 0.881053812936
-116.803 44.086 -0.000575585046817 0.00152825495571 -0.0021248505998 -0.00232107762893 3.92133 3.98862 -18.1169801847 9.4292138527 -0.215393832218
-115.958 43.9121 0.000851802015758 0.00121350873129 -0.00194879794735 -0.000226651931131 3.73884 3.94399 -9.06872095938 12.9048532605 -1.41770720837
-115.133 43.7945 0.000960180806482 0.000328737016494 0.00191366253061 0.000644204433676 4.20735 4.20171 -1.11709667799 7.99229504872 -0.899296343135
-114.117 43.9146 4.48697714208e-06 3.1637584402e-05 0.00151489750029 0.00198642335887 4.13212 4.0112 -0.713252114609 0.211866586986 -0.026437408655
-113.452 43.9286 -0.000298119611073 -1.61966766103e-05 -0.00237347759732 0.00196949538764 3.87923 3.88752 -5.55006721921 -1.86065419738 0.227525868345
-112.485 43.9997 -2.1920073531e-05 1.82017349205e-05 -0.0012588507019 0.00132479096519 4.02845 4.04177 -4.71600695308 -0.0228640637672 0.00258024145212
-111.487 43.8756 -0.000423915446514 0.00037519869093 0.000948864249051 -0.000143667965695 4.36141 4.36481 -3.65050822749 -0.456351067734 0.0150080190558
-110.576 43.92 -0.000422232872078 0.00319074687077 -0.000742694405293 0.0124837422272 2.7229 2.80368 12.1133379516 8.82035148913 -2.66702592291
-109.817 43.7013 -0.0001208106486 0.000943324282425 0.00929226515813 0.00882867159577 3.68255 3.72961 10.127675138 2.80134207921 -0.777258360323
-120.153 43.2515 -7.52113186035e-05 -0.000522737604492 -0.00121050169442 -0.00194854174909 4.29722 4.24596 -4.14236472349 -4.01816614499 0.390261510003
-119.311 43.3736 -0.000113051942066 4.01597770577e-05 0.00248755315706 -0.00115878040013 4.9594 4.73699 0.633944261371 -0.455084342478 0.0517297654202
-118.474 43.358 -0.00122202943801 0.00048994425152 0.00188681031619 -0.000651860388653 4.84059 4.59386 -3.01566994513 -3.97833217796 0.582342488375
-117.754 43.3471 -0.00158982739639 0.000691629747834 -0.000789369938308 -0.000236050081181 4.03696 4.13351 -9.69357986908 -3.23281716775 0.885230697777
-116.767 43.4275 -0.000887137498696 0.000760105230555 -0.0019638990062 0.00197513636587 3.41274 3.67931 -11.9037340763 1.10431868439 0.303199362334
-115.828 43.4151 0.00136547691852 -4.11793365812e-05 -0.00291822629512 0.00193382911893 3.49642 3.67771 -9.15699149657 6.98178843804 -1.05278813447
-115.098 43.25 0.00134736218168 0.000288849175835 0.00389699453901 0.00116393807598 4.60155 4.54499 -0.487951308648 10.1943339386 -1.12890922544
-114.174 43.3979 0.000184580528077 0.000417427805467 0.000624876134289 -0.000889554840915 4.46707 4.28722 -4.23177133951 3.67193774926 -0.42308502506
-113.518 43.3234 -0.000298025042185 7.73650271196e-05 -0.0012990763597 -0.00166701761945 4.24608 4.10463 -8.0793885919 -1.1615618348 0.175110765898
-112.433 43.3998 -0.000290721804929 0.000238293307433 -0.00019410589621 -0.00247423068918 4.3653 4.15166 -8.42151036476 -0.11147747257 0.0608533414216
-111.612 43.2741 -0.00116335734232 0.00108539046396 0.00174054903704 -0.00298009404609 4.53319 4.27455 -8.27862113374 0.204095102903 0.134335793488
-110.712 43.3629 -0.000698864011017 0.00118805365225 -0.00302196632476 -0.0100891961413 4.06778 4.26383 -13.3659294449 4.28013896731 -0.176315141746
-110.02 43.2112 -0.000118255684804 0.000830106143736 -0.00369725774346 -0.00643092636506 3.87249 4.04317 -8.1369515084 4.33524255274 -0.486784812233
-120.893 42.7258 -3.41468762375e-05 -0.000215931518525 -8.25649835076e-05 -0.00103937797457 4.15974 4.13368 -0.857742728624 -1.63057753477 0.170112598201
-119.247 42.6912 -0.000776916924186 -8.56582106376e-05 0.00122883125975 -8.94402737864e-05 4.30904 4.27004 0.237685992135 -5.32976102884 0.614498128583
-118.486 42.7308 -0.00158054048424 0.000227010666397 0.000489656697187 -0.000170444633719 4.06519 4.10006 -2.94039882429 -7.76557506578 1.02522394361
-117.725 42.6996 -0.00184441206011 0.000167427151677 -0.000482303944299 0.00114461496632 3.57744 3.73396 -5.19599255279 -9.26630654887 1.30034210003
-116.87 42.7779 -0.000255858548149 -0.000780901944145 -0.0026898717254 0.00203210623673 3.19511 3.35473 -9.86121967199 -6.77574613855 0.667955126471
-116.032 42.7713 0.00149242515231 -0.00104498676369 -0.000984684876457 0.000677059381034 4.01133 4.17835 -9.59989159031 0.592268268475 -0.558201100221
-114.903 42.636 0.000426772589564 0.000204956368696 0.00315725710595 -0.00256065045256 4.82646 4.5922 -7.25729745072 3.70006349423 -0.457876340079
-114.084 42.6493 -0.000348857771804 0.000793516352438 -0.000592776295982 -0.00234961174641 4.37276 4.21737 -7.96075205337 3.22483668694 -0.247759053837
-113.176 42.5452 -0.000448139332298 0.000945280642603 -0.000606525976514 -0.00139790102508 4.08517 4.02123 -7.04894530748 3.40653459302 -0.298977370312
-112.531 42.6852 -0.000869205737184 0.000966639146534 0.000994091266196 -0.0017532489686 4.22511 4.15824 -6.65934911971 0.979139090145 -0.0215225710496
-111.588 42.8321 -0.00121990749925 0.00144770071066 0.00199049796816 0.000367447580054 3.98258 4.0837 -3.03836365191 0.707059629974 -0.237615837195
-110.92 42.7507 -0.00041142438174 0.000703463318237 -0.00160466729457 0.00321307996834 3.48097 3.60834 -5.6378502005 1.69317173206 -0.210203708875
-110.042 42.6372 -6.66989454861e-05 0.00020813003573 0.00037112959305 0.00181094549564 3.79392 3.89644 -4.69847691 0.775019060728 -0.106460105744
-108.847 42.8247 0.000191938886712 -0.000158014025245 -0.00261007803879 -0.00184383819351 3.82349 3.88008 -7.90586289386 0.188939917932 -0.0250760320511
-108.342 42.6579 0.000371932305901 -0.000213453422421 -0.00029559991342 -0.00127545394597 4.20217 4.22264 -4.08460107664 1.15299366274 -0.0831609324506
-119.34 42.0187 -0.000801137746626 -0.000655841424171 0.00118010473113 0.00187365926802 3.94192 3.99387 1.62504349623 -9.03342108793 1.02894187289
-118.344 42.1901 -0.0013546273313 -0.00066591093662 -0.000259645280398 0.00187940162702 3.62807 3.82967 -0.202323002693 -12.4224496822 1.43167887372
-117.667 42.0192 -0.000591113277082 -0.00123730045336 -0.00129160332796 0.00175954822595 3.4982 3.67595 -3.38066874428 -11.3894891714 1.26697266627
-116.471 42.0773 0.000237660739826 -0.00115108291896 -0.000500756965034 -0.00170246784629 4.02786 4.15779 -8.44752167252 -6.55829546216 0.51875790699
-115.754 42.1669 0.00045636767599 -0.000378788604989 0.00174505359291 -0.00308484779785 4.54146 4.39434 -7.82134871053 -0.0556816459909 -0.115628592485
-115.016 42.146 -0.000292211553257 0.000804358528339 0.000845294462183 -0.00221816686417 4.36163 4.14792 -6.62480191331 3.55536481904 -0.30502654728
-113.944 42.0886 -0.000720730318104 0.00107088645834 -0.00141729231754 0.00111139901589 3.80941 3.83819 -3.83894569889 2.18988078157 -0.23615769587
-113.24 42.0343 -0.000440395628635 0.000944244607621 0.000197099320891 0.00113330350189 3.74312 3.84513 -2.4506489047 2.78998872279 -0.380637627942
-112.386 42.0041 -0.000577646713325 0.000541978042684 0.00040553944265 0.00195485592611 3.63418 3.78194 -1.84061885847 -0.526294562555 -0.012547951485
-111.432 42.0149 -0.000450468581009 -0.000280804435477 -0.00157418800941 0.00293398502188 3.40589 3.62351 -4.3113551613 -4.31589786043 0.514810405543
-110.873 42.0995 0.000419094354032 -0.000708565012112 -0.00152494709156 0.00220223898687 3.56695 3.71374 -3.12324104515 -1.38242041093 0.24216872064
-110.036 41.9243 0.00035779191755 -0.000959252985304 0.00215871336473 -0.000142723660488 4.27231 4.29045 -3.25772426044 -3.06208958868 0.477256966497
-109.357 42.1012 0.000140746327111 -0.000525205768864 0.000975816582308 -0.000889529301516 4.33368 4.36632 -6.68655931983 -2.20485039092 0.275220180416
-108.34 42.0073 0.000197550585682 -0.000107578602536 -0.00103863280632 -0.00219885809207 4.22903 4.2201 -10.9657189606 0.425021330532 -0.0749308805165
-107.369 41.9641 0.000362431063162 -0.000451348850591 -0.00237537020739 -0.000831984839722 3.90198 3.85198 -3.9206688328 -0.114845670643 0.111125124663
-119.171 41.3884 -0.000534780901755 -0.00128339339231 0.00235556635733 -0.000786432989351 4.17156 4.17866 -0.628690573479 -11.3040002509 1.27101490883
-118.379 41.4483 -0.00102012907807 -0.00156156034262 -0.00174882239014 0.000530914170901 3.74622 3.80683 -3.57773586926 -15.9910614031 1.79559183884
-117.45 41.423 -0.000757943241599 -0.00170995679111 7.0157634647e-05 -0.000496440360554 3.92469 4.00732 -4.29985255855 -15.364096627 1.69569848074
-116.54 41.522 -0.000507502330576 -0.00112535357171 0.000879575106824 -4.80033074609e-06 4.13259 4.12255 -5.48397085844 -10.1311754661 1.11839587269
-115.791 41.4311 -0.00111865338577 -0.000218673980007 0.00112970156281 0.000962514733254 4.16101 4.29075 -5.01737960607 -7.7194069337 0.980488776973
-114.915 41.4157 -0.00102848771215 0.000359862951863 -0.000726185920677 0.00355995579165 3.64359 3.9338 -3.47788163904 -3.84437572389 0.490646570965
-114.165 41.3602 -4.42958652487e-05 1.28356897948e-05 -0.000592077387673 0.0030979319023 3.48284 3.71016 -2.79850569805 -0.188328337101 0.0220886597767
-113.347 41.503 1.38325722372e-05 -0.000397705187844 -0.000341033245704 0.0028517765364 3.56614 3.66928 -1.43585679832 -2.17449356382 0.282747886902
-112.448 41.4632 -3.88335677452e-05 -0.000783078331786 -0.000101344694816 0.00154816375139 3.60055 3.72523 -2.17476927636 -4.6596512346 0.601429443119
-111.63 41.3146 0.000234067853592 -0.00142126081834 -0.000688043457689 0.000657976379042 3.82832 3.93175 -3.81813163015 -6.72385857682 0.864864285196
-110.666 41.4729 0.000191979147081 -0.0011735911355 -0.000341104954382 -0.00183715176069 4.25452 4.30008 -5.42333191328 -5.6442433714 0.701996386621
-110.067 41.4272 -0.000352707807337 -0.000749057081876 0.00221133699853 -0.00168993347068 4.64698 4.4698 -2.47593842192 -6.20965194657 0.796347348292
-109.157 41.5047 -0.000389270094094 -6.31421903858e-05 0.00090126930713 -0.00163201649271 4.39509 4.34257 -7.71400951977 -2.58882801366 0.322130524936
-108.187 41.4906 0.000132212346785 0.000151376205846 -0.0019753267486 -0.000262623458136 3.85218 3.90068 -9.3669795077 1.6263581582 -0.200138066845
-107.364 41.6067 0.000464314949869 0.000251239262839 -0.00168967982135 -0.000266322410548 4.1487 4.05173 -6.02918387787 4.13465262894 -0.498427177464
-119.835 40.7484 -0.000134439681749 -0.000954197782692 -0.000880386383399 -0.000621309104971 3.96188 3.97138 -2.9478766142 -7.06134440037 0.722410807012
-118.971 40.7797 -0.000375902242921 -0.00126359545051 0.000386926754924 0.000767736614843 3.9623 3.94457 -2.96400815325 -10.3551822348 1.11505316842
-118.134 40.7811 -0.000795342711361 -0.00138893596268 -0.000112575046307 -0.00268989484836 4.16691 4.12346 -7.77298335899 -13.639683239 1.47136864541
-117.524 40.852 -0.00103902107537 -0.00169482133502 -0.000553800216365 -0.000565595530672 4.04856 4.04277 -6.23210285056 -16.8687445547 1.87464509534
-116.508 40.7186 -0.00116684730155 -0.0011161287203 0.000119095776533 0.0001318100864 4.05871 4.07153 -3.9808608477 -13.6702443032 1.61403323744
-115.736 40.8167 -0.00150378335237 -0.00102771087996 0.00191206588098 0.000595272661278 4.14822 4.26003 -4.2662474648 -14.9850101649 1.80341238649
-115.039 40.8522 -0.000820113387521 -0.000924277189386 -0.00377002950209 0.00178564037787 3.48092 3.60722 -8.90852775237 -10.3806738722 1.21655716645
-114.204 40.8556 3.51413003968e-05 -0.00103327681793 0.000763720314083 0.00212203379646 3.76855 3.89817 -4.65196049735 -6.09576442984 0.682388332378
-113.187 40.8513 0.000308721267535 -0.000953596874327 0.00124342963825 -0.00108524631398 3.99666 4.03357 -5.50332375246 -4.01818535395 0.427997678662
-112.52 40.8903 4.44584147472e-05 -0.0013858362939 -0.000159055450559 -0.000668373403113 4.04942 3.98634 -5.33048709531 -8.00384120726 0.929562673012
-111.437 40.8869 3.49271784163e-05 -0.00127896557611 -0.000199839429053 -0.0019694486144 4.28801 4.15269 -7.82071174163 -7.57570368888 0.83543898348
-110.834 40.9425 -0.000305817222574 -0.000789620627654 0.000864169663541 -0.0016982780645 4.48426 4.3813 -4.74456860877 -6.29768696149 0.779946769028
-109.673 40.9763 -0.000826588993656 -0.00038102210878 0.00146783885401 0.000381817265211 4.33021 4.25149 -1.87356657385 -7.13120888872 0.824864361242
-109.177 40.8936 -0.000805434827047 -0.000179631629212 0.000731908780316 0.00112137264423 3.94593 4.15649 -4.60997369988 -5.78630548861 0.677282175557
-108.263 40.8338 0.000803373344394 -0.000333579101733 -0.00291292508852 0.00242770445197 3.61761 3.701 -7.8802759404 2.66159109197 -0.333559144469
-107.52 40.76 0.000554120394437 -6.51037368613e-05 5.52436521447e-05 0.000514539046823 4.04046 4.01827 -2.50218287454 3.11185396105 -0.298981196647
-119.827 40.165 -0.000149150437811 -0.0012158095907 -0.00218114480221 0.000539846958654 3.99189 3.98954 -4.92200689769 -9.03094049708 0.873345695865
-118.877 40.1614 -0.000447960053498 -0.00128597574509 0.00121016828543 0.000630944453329 4.15898 4.14818 -2.9346219503 -10.8431044301 1.18403275772
-118.155 40.2903 -0.000620673365493 -0.00136112931493 5.40564195805e-05 0.00180087416161 4.04862 4.03772 -2.78418243459 -12.2093929423 1.3711773439
-117.19 40.1697 -0.000975724301075 -0.00151902970616 -0.000859136734062 0.000249488603455 4.09416 4.04667 -7.3782235417 -15.2536844007 1.70461708969
-116.5 40.2917 -0.00124495744462 -0.00114584125925 0.000767076741563 0.00050729292873 4.21656 4.19116 -6.41954413177 -14.1721570056 1.68959189827
-115.657 40.1313 -0.00137870799269 -0.00105423885401 0.000664338568507 0.000271310601057 4.0168 4.02056 -7.76778717375 -14.1477066975 1.73503030171
-114.745 40.2679 -0.000774351486967 -0.000788195391936 -0.00175544627343 -0.00413072904457 3.92544 4.01274 -14.4277398607 -9.03910494315 1.07844510108
-113.981 40.1314 6.93952749359e-05 -0.000429677953582 -0.000571959039851 -0.00589555783969 4.27355 4.293 -14.9686108216 -2.67644985131 0.175683323668
-112.469 40.2807 0.000125422633546 -0.000803422024968 0.00110646116161 -0.00140311239773 4.24876 4.16502 -6.40851885138 -4.14743153305 0.453692566693
-111.502 40.2067 -0.000396725278946 -0.000576967064704 -0.000276623009966 -0.000485794962628 4.1655 4.07861 -5.57367819764 -5.630514559 0.687121080277
-110.738 40.1948 -0.000560218939804 -0.000500548973902 -0.000246436869762 0.000765530810828 4.03885 4.00173 -3.77646694392 -6.09822552177 0.748360602524
-110.008 40.2655 -0.000770467295292 -0.000562062051898 0.000900533121501 0.000880526015095 4.07733 4.10315 -2.88923949517 -7.6758083318 0.932118678785
-109.124 40.2982 -0.000481025308411 -0.000907254412104 -0.0021958735452 0.00162831527642 3.86154 3.92364 -4.10054286407 -7.76469520746 0.995452929983
-119.898 39.6785 -0.000151007584562 -0.00083207256857 -0.00186051361442 -0.00180840903363 4.08637 4.00274 -6.01488389986 -6.49157354742 0.62395165588
-118.889 39.5399 -0.000278764011222 -0.00117864617492 -0.000832046493574 -0.000456849846168 4.15369 4.0812 -6.36545470158 -9.42361596865 0.940680496664
-118.08 39.6946 -0.000528577371157 -0.00127225118598 0.000495617923431 0.000567344030718 4.15355 4.08821 -2.98958512738 -11.0678835565 1.24068706034
-117.14 39.5516 -0.00101638986543 -0.000928561596087 0.000823978757092 -0.00120294102723 4.35192 4.19852 -6.15118654188 -11.4868995343 1.37453572089
-116.464 39.6202 -0.00162007854524 -0.000875947859366 0.00035105015317 -0.00193945466276 4.27512 4.16038 -7.79644796196 -14.1850317405 1.81538480945
-115.754 39.553 -0.00175112777836 -0.000557493510548 -0.00149283591377 -0.00219646015999 4.06331 4.08684 -10.0299585745 -12.4266238277 1.74020587254
-114.908 39.4731 -0.00139749809281 -0.00032233249696 0.0025769058632 -0.000892404941701 4.22848 4.58122 -4.36095890179 -9.82931814891 1.2452741865
-114.016 39.455 0.000207231101675 -0.00077821029896 -0.00140489614561 0.00167009137486 3.65075 3.84326 -7.57184018322 -3.79397993053 0.344313829891
-113.069 39.5906 0.00036702098334 -0.000660930277734 -0.00183383592528 -0.000512093423986 3.8502 3.85958 -7.62416976385 -2.11988247313 0.156031905193
-112.279 39.5708 -0.000260384655808 -0.000382086914718 0.00153249095772 0.000987253397116 4.03723 3.98351 -3.98880168873 -3.7005340962 0.454629264338
-111.66 39.6092 -0.000361130886901 -0.000457830328489 -0.00159839815496 0.00183093583277 3.85228 3.84254 -5.27570276135 -4.70758964372 0.578407790544
-110.74 39.473 -0.000334190535619 -0.00061533946158 -0.000142849770521 0.000929177480777 4.02504 4.03249 -4.03820016475 -5.36921047431 0.676113385595
-110.246 39.6279 -0.000330982709007 -0.000880514258344 0.000234522768878 0.00100099734589 4.1259 4.14479 -2.22117553594 -6.67725944967 0.879755257349
-108.981 39.6333 -0.000297705903443 -0.000872690097527 -0.000853375157723 -0.0017163976605 4.31234 4.31936 -5.75588240348 -6.53329897723 0.835827002925
-118.808 38.9383 -0.000268526451176 -0.000573507903294 -0.00120726295203 -0.00187355844975 4.14748 4.04174 -6.1636370588 -5.2435004788 0.563736745822
-117.932 38.8606 -0.000765319349232 -0.000509897765586 0.000490435013483 -0.00145540388908 4.29578 4.08517 -4.80723409137 -7.43122768198 0.914338840246
-117.182 38.834 -0.00140109225934 -0.000351965230871 0.00117127938172 -0.000599757204675 4.25016 4.13627 -3.54883769366 -10.0065130527 1.28084025211
-116.4 38.8247 -0.00174853270885 -0.000312658533912 7.77261176727e-05 0.000205621581801 3.95671 4.00529 -4.70413615108 -11.5388348351 1.52323018543
-115.654 38.8455 -0.00167936593196 -0.000660274664617 -0.00156053622641 0.00115836373543 3.57865 3.73753 -5.90143091152 -13.1988963116 1.70598268558
-114.83 39.04 -0.00088898913671 -0.00132931491346 -0.000364421211077 0.00324858531491 3.49603 3.70118 -5.17273354321 -13.0685898936 1.54941886461
-114.02 38.9551 0.000265936567301 -0.00151603417346 0.00010217893726 0.00361239566867 3.5793 3.68539 -2.32996583643 -7.18297611294 0.89194040525
-113.277 38.9882 0.000203950387124 -0.000704715134004 0.000234326764628 0.00246733467228 3.88919 3.89162 -4.46083644363 -2.9956627636 0.340925208618
-112.379 38.9995 -0.000177348643551 -0.000555079330637 -0.000852549591547 0.00135041231808 3.88197 3.87405 -5.05026807121 -4.23829954311 0.513008868054
-111.172 38.9176 -0.000174100605605 -0.00061706902821 8.80751880106e-05 -8.10922262301e-05 4.13756 4.11595 -4.73825201819 -4.48407442873 0.560774299278
-110.133 39.1025 -0.000240868107298 -0.000550994636809 0.00112831284244 -0.00144495296922 4.43077 4.36183 -3.75708849118 -4.4077039629 0.567653221875
-109.263 38.9553 -0.00046055084606 -6.4645555934e-05 0.000172044428031 -0.00241706841586 4.46249 4.36726 -5.12914115936 -3.00082435579 0.364238452846
-119.451 38.5226 -0.000140160794422 -0.000270008669562 -0.000868780912832 -0.00154356447689 4.08446 4.03143 -2.5130244901 -2.51389843493 0.282732551292
-118.106 38.3489 -0.000718356354692 3.60195089892e-05 -5.14740379049e-05 -0.00141836913636 4.10628 4.05799 -2.9686942736 -3.76572347804 0.514752519634
-117.072 38.2397 -0.00120951768837 -0.000348585682601 0.000257802989241 0.000896665176761 3.888 3.87107 -1.36673057287 -9.06560921416 1.11421954794
-116.302 38.2886 -0.00136219946046 -0.000538018940582 -0.000763021378142 0.00232661551566 3.56731 3.67235 -3.05415238735 -10.9284245411 1.36578912255
-115.585 38.3489 -0.000830424253545 -0.00147143489469 -0.00142601980547 0.00196741839066 3.5511 3.64705 -4.79096642372 -13.6192388226 1.59744409872
-114.608 38.3281 -0.000407411014961 -0.00179788677496 0.00041420516225 -0.000430075745188 3.95848 4.02147 -7.79557472193 -13.4968408506 1.45418474422
-113.969 38.1802 -0.000318456318132 -0.00129656113473 4.23420499457e-05 -0.00176376420802 4.15153 4.18313 -8.65429162678 -9.8320369781 1.06237774499
-113.021 38.2987 -0.000276694212129 -0.00082869285022 3.48654979576e-05 -0.000913629061527 4.09637 4.08377 -8.80247251267 -6.59284959391 0.741066319278
-112.277 38.2108 -0.000320617331028 -0.000529224104733 0.000189475023431 -0.00101955863649 4.14251 4.11467 -7.42804940811 -4.89326446898 0.590834618281
-111.483 38.2843 -0.000374862007923 -0.000328687634805 0.000160978445704 -0.00128389749534 4.22598 4.14186 -6.12660090409 -3.97070289671 0.498178998602
-110.711 38.4187 -0.000534970529433 -0.000207275423874 0.000276415554147 -0.00142524617985 4.33033 4.28379 -4.16139183435 -4.21559093107 0.520329046149
-109.894 38.3862 -0.000918825223522 9.45572233923e-05 0.00168551051794 1.37164977732e-05 4.28781 4.39264 -1.03035049151 -5.08203837127 0.519632826646
-109.261 38.2916 -0.000496494740482 0.000258853026804 -0.00193668382949 0.00193626493144 3.88812 3.99752 -2.81428205117 -1.58569744838 0.134058162211
-117.225 37.7243 -0.000695586439566 -0.000353848282953 -0.000852358804977 0.00118648882934 3.81406 3.80025 -0.877790152572 -6.12254189044 0.745861881569
-116.595 37.923 -0.00106816308496 -0.000783331882661 -0.000774992727523 0.000995450255559 3.7126 3.71426 -3.81708114745 -10.7140949093 1.31871728482
-115.747 37.6444 -0.000273568085939 -0.00128263661327 -0.00048627130276 -0.00148464135242 4.01052 4.01338 -6.57741468833 -9.5399929777 1.02691469645
-114.849 37.6083 -0.000627668602091 -0.00128153790928 0.000612859268642 -0.00205660372029 4.26547 4.2182 -7.81726711145 -11.3245602106 1.29377084904
-113.86 37.5808 -0.000801965574295 -0.00108170775749 0.000920318343763 -0.00141403597132 4.25692 4.23637 -9.42522138977 -10.8740177799 1.29863917258
-113.168 37.7601 -0.000593154114534 -0.000703947493954 6.32456415557e-05 -0.00221670569043 4.20355 4.19372 -10.1306009601 -7.40710782569 0.900796568501
-112.363 37.6761 -0.000710492872398 -0.000411548898618 -0.000712929436482 -0.00103423671001 4.04923 4.0421 -9.23986349137 -6.1549575975 0.809975531848
-111.596 37.7222 -0.000622756021721 -0.000116319668418 0.000297032200181 7.42904182874e-05 4.06535 4.07325 -6.10643373416 -4.07109591989 0.533133070908
-110.802 37.6354 -0.000666794015149 -0.000104693362051 -6.02774385231e-05 0.000323732613787 3.94556 3.98159 -3.99652300408 -4.36720346761 0.538401310626
-109.995 37.6903 -0.000680854344077 -0.000285249668324 -0.000699699028346 0.00153753484295 3.85041 3.95549 -2.07304722116 -5.5001505673 0.664153161544
-109.137 37.7459 -0.000169200719124 -0.000562692027136 0.000664621357625 0.000390916098413 4.04712 4.17642 -0.662403377145 -3.80943228382 0.542785397863
-115.22 37.2408 -0.000512423137836 -0.000903463247492 0.000385496977829 -0.00175813817585 4.28964 4.19105 -7.38405562873 -8.33266729909 0.966914269154
-114.715 36.7256 -0.000841029519888 -0.000415846171159 -0.000604411524823 -0.000594302999847 4.04797 3.93763 -6.93219679929 -6.91219037857 0.912512460609
-113.907 37.0195 -0.000941816792174 -0.000682403725609 -2.76350550433e-05 0.000605916105302 3.92693 3.82602 -5.50457363523 -9.13457619354 1.15678203572
-113.084 37.0615 -0.00102073526226 -0.000606717320765 -0.000437290976471 0.00130476042021 3.81274 3.8669 -6.70034152879 -9.0262360726 1.16710987455
-112.382 37.0183 -0.000804853468524 -0.00044813095705 0.000155435537072 0.00170512305041 3.88176 3.91777 -6.71573381328 -6.91908844671 0.898411920124
-111.506 36.9839 -0.000699814548455 -0.000365796276194 -0.000204295100497 0.000303673070308 3.81479 3.92326 -7.30832258291 -5.83898109247 0.764881547793
-110.804 36.9969 -0.000366897180529 -0.000623915315465 -0.000844391626441 0.00128450526454 3.74021 3.73357 -3.43850437072 -5.46300958735 0.704923140901
-109.874 37.1364 -0.000359933702218 -0.000903345109646 0.000541242274879 -9.46361223962e-06 4.10675 4.15716 -1.70304378574 -6.75242201061 0.917665164278
-109.025 36.8299 -0.000225189355045 -0.000680043309389 0.000474352217024 -0.00061844572638 4.20354 4.1195 -1.49713047346 -4.72625487595 0.66474067393
-116.33 36.4193 -0.000194379990047 -0.00037842657911 0.00182906410884 -0.00138043923272 4.2351 4.18529 -0.481566178716 -3.29761785444 0.404785802308
-115.383 36.423 -0.000859268945917 -0.000594380148324 0.000342193425044 -0.000922858696984 4.2295 4.39178 -4.29449535708 -8.20565636793 1.03672332123
-114.539 36.4321 -0.000978243246815 -0.000539997788463 -0.00127025946134 0.000912373271898 3.70782 3.56161 -5.72140390385 -8.42399112917 1.09240603463
-113.965 36.4151 -0.000685611279101 -0.000674737714843 -0.000591902102079 0.00138169330809 3.77255 3.73212 -5.63276849201 -7.667841153 0.960650819708
-113.18 36.4182 -0.000920055418903 -0.00081190940716 0.0013566764191 0.000451306688381 4.01358 3.86156 -4.82224396181 -9.69967111318 1.22660519886
-112.291 36.428 -0.000870453665278 -0.000565607662525 -0.000366601225877 -0.00164055926897 4.04077 4.18013 -10.0485046024 -7.76710731238 1.03334654478
-111.13 36.1428 -0.0002984878094 -0.000938020088354 -0.00156399614453 0.000175436112148 3.82186 3.67811 -8.26310997683 -7.0394911324 0.84192488354
-110.662 36.5996 -0.000228881658854 -0.000966913338068 -0.000652538742931 -0.00053371462276 4.02262 4.64523 -6.60944083494 -6.72205567343 0.829524741753
-109.87 36.4199 -0.000276175462846 -0.000915507085693 0.00177184839208 -0.000383161365101 4.27862 4.26832 -2.04160057631 -6.30581889883 0.868369186513
-115.43 35.8384 -0.000619661203062 -0.000291515758271 0.000368228224003 0.00165916465055 3.93184 3.91146 0.0734367599015 -5.20826139065 0.640111657468
-114.851 35.7266 -0.000693305446423 -0.0010397924166 -0.00101086494254 0.00212690564986 3.7725 3.83987 -2.93564210169 -9.84011080076 1.21827538713
-113.984 35.8522 -0.000668345763454 -0.000755826694471 -0.000331641885983 -0.00120465725213 4.05375 4.117 -7.14561329242 -8.01299854007 0.997602150192
-113.105 35.6339 -0.000948684095387 -0.000767705147358 0.00121033941317 -0.00092152621707 4.14248 4.25363 -6.61718445479 -9.46455320624 1.21957431705
-112.173 35.8191 -0.000801094404318 -0.000918681532445 -0.000659802412234 0.000385588380204 3.82192 3.83137 -6.95179380527 -9.54642409077 1.20882015371
-109.933 35.7113 -0.000201300655197 -0.000999371131996 0.00123757233097 0.000125957535474 4.1517 4.27285 -4.1238363512 -6.44113109483 0.860188255217
-109.046 35.7147 -0.000240532288289 -0.000839955363801 -0.00166564439851 8.46562762442e-05 4.09206 4.0011 -3.86899307657 -5.71254060045 0.7793078119
-114.87 35.301 -0.000387745590231 -0.00071018666679 -0.00103512755929 -0.00247559732286 4.03184 3.93686 -2.76695164327 -6.22241964241 0.77003012688
-113.885 35.099 -0.000652792181535 -0.000621700531349 0.000553266507533 -0.0023503072233 4.20199 4.11348 -5.17475297274 -7.07862091694 0.901019157524
-113.083 35.2127 -0.00083822560479 -0.000496409034026 0.000590183268878 -2.55489146246e-05 3.97523 3.85129 -6.43128428544 -7.25418868161 0.957704887452
-112.267 35.1787 -0.000731612168431 -0.000856410056165 -0.00147747463693 0.0017684780377 3.64183 3.63461 -6.65955846819 -8.76687914254 1.11569515905
-111.532 35.0951 -0.000289897504644 -0.000815829814516 -0.000352190971053 0.000654632221313 3.86627 3.89004 -7.62990203407 -6.22392343567 0.755487665622
-110.713 35.0789 -0.000265736462946 -0.000735166378688 0.000765900410345 -0.000266539504462 4.10801 4.11768 -5.33527098831 -5.47500189987 0.702741481154
-109.736 35.1181 -0.000548965712152 -0.000801144206059 -0.000887586318706 -0.000497477704292 4.04301 3.92344 -7.33836896953 -7.3272198737 0.947695643785
-109.388 35.1118 -0.000538637749468 -0.000900903685119 0.00133401316267 -0.000166843113009 4.37234 4.38178 -3.09845235074 -7.65312301339 1.02803129339
-113.83 34.5935 -0.000496843320955 -0.000423218818742 0.000548130787228 0.000500621590044 4.01282 3.97685 -1.52518093854 -5.0987245191 0.650241430558
-112.891 34.4692 -0.000757562491361 -0.000476813458931 -0.0014125760493 -0.000412244523875 3.85119 3.88185 -7.33304136088 -6.62667942707 0.88625725785
-112.237 34.4866 -0.000550994427358 -0.000582138271224 -1.28506267379e-05 -0.00118596508622 3.99416 4.0481 -9.47542372107 -6.17096915485 0.793872303394
-111.441 34.4178 -0.000284983186261 -0.000438881453395 -0.000139792597608 -0.00148367178159 4.0145 3.944 -9.47756187533 -3.9904983878 0.498383875007
-110.806 34.3371 -0.000350468088256 -0.000234358020449 -0.000298422716015 -0.000936585393153 4.07665 4.02208 -7.49249063446 -3.11290534535 0.41754491487
-109.95 34.5293 -0.000250753170228 -0.000462266913681 0.00150583069251 -0.000415394557948 4.23314 4.20357 -4.02529642824 -3.80835027291 0.506571316919
-109.29 34.4275 -0.000310875047736 -0.000435371268794 -0.00197988940539 -0.00117766585999 4.13576 4.13911 -6.54357562665 -3.99244954948 0.525954296518
-114.524 33.7503 -0.000168766924368 -0.000102665917539 -0.000885888729102 0.00126646294815 3.92935 3.85275 -0.0419586247128 -1.50563977789 0.191000178423
-113.829 33.8142 -0.000637236136287 -0.000118054114944 0.000275133445224 0.00135554959751 3.9301 3.95666 0.764971168926 -4.26851549714 0.517821502766
-113.005 33.9383 -0.000620487880388 -0.000469415600494 0.000753354095158 0.000361498918672 4.05309 3.95696 -2.12318374785 -5.95959611707 0.770212742442
-112.333 33.9535 -0.000624727422083 -0.000453526857293 -0.000166361806783 -0.00157148509842 4.0417 3.91826 -8.2988889807 -5.74798025836 0.770446149561
-111.478 33.8798 -0.000537092852277 -0.000170612725877 -0.00104138763931 0.000317568411524 3.88087 3.865 -8.37608860933 -3.63842328293 0.520398319923
-110.844 33.6953 -0.000169946503801 -0.000440103538672 0.000409198524693 0.000600682589011 4.04015 4.54963 -6.45505864634 -3.32600399069 0.42288297034
-110.034 33.7776 -0.000332867872581 -0.000372305815283 0.000121220154502 0.000351967835363 4.04128 3.94056 -4.80269491263 -3.75650311407 0.498583818572
-109.254 33.9571 -0.000209232991926 -0.000245301754763 -0.000491761284652 0.000631328553649 4.05848 3.9431 -3.22880063339 -2.40217977133 0.322137316023
-112.946 33.3627 -0.000567633151686 -0.000471928623531 0.00173165827244 0.000172486334707 4.11684 4.70733 -0.870235052602 -5.65478646296 0.733211683956
-112.158 33.2893 -0.000748013180825 -0.000359014033481 -0.00053068111171 0.00220332902888 3.83424 4.47966 -3.2427618258 -5.9527902184 0.784564127071
-111.427 33.341 -0.000351024954085 -0.000713339657193 -0.00110971760641 0.000632832225998 3.8845 4.25875 -8.26390496571 -5.84821815063 0.72853700446
-110.472 33.2969 -0.000292853727874 -0.000562219963342 0.000802804462367 0.000287269302636 4.04543 5.73902 -6.10137188334 -4.59070500609 0.598045609695
-110.036 33.0851 -0.000384892101433 -0.000487657002215 0.000109955613654 -0.00047404654296 4.06686 4.85355 -6.35757513687 -4.62676139468 0.614329916457
-109.266 33.2921 -0.000159598483206 -0.000444983705309 -0.00168142843864 0.000599047650264 3.95424 4.35988 -3.6064436181 -3.140065282 0.432950667699
