-113.767 32.7683 -0.00145166685335 0.000455664861721 -0.00249960240786 0.00384049027543 4.40962 4.09073 0.341230416201 10.9210694687 -0.679702779392
-112.883 32.7513 -0.00564495904774 -0.000623018202006 -0.00218940079757 0.00403956623817 4.50863 5.21132 -11.8593863847 56.2205303159 -4.98894897754
-112.228 32.7006 -0.00345380735123 0.000346150397112 0.00408671186641 -0.00247194657681 2.40995 2.79347 -36.2597127177 4.9738935651 -3.32130175823
-111.704 32.5618 0.00522227636104 0.00481741719638 0.000283925311225 -0.00469557108313 2.64162 3.32537 -37.7688322838 -85.7487458775 5.99177770767
-110.739 32.5716 0.00551514306097 0.00456396201098 0.000630029388469 0.00212058671426 4.21805 4.92061 -8.62424236082 -107.161655026 7.15781406218
-109.97 32.6399 0.0029238086191 0.00340185110898 -0.00147579751282 0.000842005868146 4.4655 3.94852 0.297209592251 -67.3622737717 4.48487087073
-109.303 32.7663 0.00101958248643 0.00244744066473 -0.00141875057522 0.000510520805954 4.28972 4.14781 3.62768055015 -34.3099631778 2.58609937167
-108.633 32.5466 0.000416103250749 0.00144823041892 -2.75160844018e-05 -0.000169221876425 3.94359 3.82059 2.17936702707 -18.2278533026 1.41527120418
-107.785 32.5324 -0.000304319264783 0.000456051139073 0.000996180221197 -0.00184549011381 3.70458 3.66416 2.47554482489 -0.150119536606 0.201381483479
-107.001 32.6995 -7.92991916295e-05 -0.000113642737792 -0.000326334901033 -0.0025652718746 3.69942 3.70198 3.3727797225 1.97333510681 -0.138472695502
-112.812 31.9559 -0.00255241317542 -0.00027952744399 0.00814513663579 -0.00846163157911 3.40966 3.55199 -1.82010854574 30.015196669 -2.01906916904
-111.457 32.0022 -9.97139754149e-05 0.000284029166688 -0.0240698766792 0.0146784030476 10.2918 -nan -308.865068006 2.17137992032 0.296120551348
-110.816 31.7748 0.00656271742245 0.00348619072704 0.00837632794773 0.00715921740103 3.09603 3.40959 -33.704186302 -76.9478983064 7.23436098297
-110.046 31.9737 0.00487285328835 0.00487201667166 -8.49823957367e-05 -0.000401109475056 3.86956 4.15183 -4.36662167318 -105.34672262 6.89062723099
-109.259 31.9989 0.00265617066432 0.00305030438658 -0.000578701724189 -0.00114641604397 3.78901 3.77028 2.05628841681 -60.7634347734 4.03649449983
-108.527 31.9041 0.0015901329719 0.00149114967384 0.000879323158954 -0.00255608736298 3.70322 3.69664 3.59237444263 -33.1989406135 2.13356160086
-107.778 32.0094 0.000600307221269 0.000346307825609 -0.00011237703101 -0.00168279367692 3.87968 3.82742 3.44941560198 -10.6582225091 0.623375362606
-107.101 32.1046 -0.000205513017624 -0.000331122482394 -0.000538042992719 6.28609221488e-05 3.97903 3.95831 1.77127703306 5.52827678591 -0.389175562914
-109.991 31.439 0.00489127082642 0.00331968979368 0.00430575650064 0.00124125921867 3.56859 3.82939 -8.26025593871 -87.6315321515 5.86971097358
-109.281 31.3757 0.00401677288146 0.00167348704533 -0.00130206887138 -0.00322613741446 3.85187 3.9201 3.63289430059 -65.0526860321 3.72638345966
-108.528 31.3369 0.00174474144776 0.000810695559288 -0.000328040344801 0.00238829427711 4.20041 4.09704 0.209251936787 -28.8283509177 1.72491503559
-122.085 48.9983 0.000350642421164 0.000207771174638 -0.00128188245554 0.000454196862917 4.14699 4.14375 1.80049533123 -5.26066562398 0.390766800322
-121.48 49.0983 0.000487721719316 0.000159430987443 -0.000756374583253 -0.000326512498619 4.19628 4.17614 4.8309022969 -6.33417493849 0.431596904434
-120.384 49.048 0.000103502074827 -7.80500883984e-05 -0.00037157151619 -0.00114466014044 4.08924 4.03747 5.49143570078 -0.462738934642 0.000850492663446
-119.272 48.9534 -0.000448355288605 -0.000285937438167 4.70387419933e-05 6.69883296261e-05 4.20891 4.11168 4.99163864191 7.07899538853 -0.497486495706
-118.585 48.9752 -0.00137345977081 -0.000450578258322 0.00021040981371 3.65545019761e-05 4.23634 4.1241 5.77825407639 18.4845109111 -1.16103366266
-117.559 48.9813 -0.00224276323891 -0.000709658263412 -0.000917232677029 -0.000426031640322 4.36101 4.32327 8.97493553212 30.7229261185 -1.76340607093
-116.363 48.958 -0.00373342725645 -0.000885841123032 0.000926653212934 -0.00287450043906 4.31963 4.49481 14.8693904665 50.8789121258 -2.31965651298
-115.653 48.9339 -0.00399631732301 -0.00103693074463 -0.00193178679232 -0.00638976294757 4.20502 4.57993 23.739939953 55.8177019625 -1.98728322787
-114.413 48.933 -0.0024122158475 0.000533996047382 -0.00307736709356 -0.00670975369391 3.91131 4.49839 -316.255755455 33.3904621483 0.828592828376
-113.422 48.9725 0.00128260062071 0.00155188761627 -0.000234321520754 0.00450494935038 4.73386 5.24644 35.0801590576 -17.6283404954 1.5620426689
-112.733 48.9777 0.00264308310025 0.00181131513088 -0.000808185340524 0.00807290708266 4.70349 4.61088 15.6759813884 -42.1579143668 2.57653147155
-111.597 48.9482 0.00222401246329 0.00110508261359 0.00190439658614 -5.37804787187e-05 4.22047 4.02772 6.19482868578 -33.9968411059 2.00299068116
-110.699 48.9448 0.00160403533952 0.000652725546886 -0.000835019476655 -0.000940749363929 4.06678 3.89661 5.00393987314 -23.6672363921 1.32018476353
-109.846 48.9198 0.00050264179516 0.000136618669223 0.000351958215993 -0.000661400981117 3.96507 3.90239 0.952547589181 -6.91043685249 0.373639186613
-122.096 48.2641 0.000403001855108 0.000540318587363 0.000119000136289 0.000448450216602 4.04987 4.05895 -0.175826021011 -8.84900343482 0.66683406769
-121.484 48.5183 0.000628531383387 0.000455587973198 0.000677074960213 0.000285114059958 4.08507 4.06757 2.18329585283 -10.2459626867 0.75923556149
-120.12 48.4607 0.000306823628658 6.07878312893e-05 -0.000422448502757 -0.000788790655233 4.09258 4.04685 6.49955051349 -3.77955933777 0.230801796468
-119.333 48.3584 -0.000289780428214 -0.000264003677637 -0.000375646277802 -0.000667064504879 4.16032 4.05962 7.52175861072 5.20268905875 -0.381785481786
-118.149 48.4226 -0.0012074301594 -0.000765136366185 0.00025697875748 -8.74847497803e-05 4.24904 4.1342 7.01457200373 19.2168971201 -1.30747860603
-117.225 48.2995 -0.00208517947479 -0.00113693823688 -0.000243427536231 0.000191062745835 4.3249 4.21669 8.6998064888 32.0352174302 -2.052429411
-116.367 48.4366 -0.00319038453109 -0.00150802778299 0.00106637440539 0.00124959151426 4.30492 4.28231 11.9560596466 47.7274276079 -2.79082121755
-115.589 48.4694 -0.00412625237782 -0.00204950460824 -0.00070969389026 0.00200669133484 4.35316 4.52367 19.8617739262 61.8511818724 -3.23655901861
-114.468 48.3739 -0.00416135610647 -0.00213553086463 -0.00291507776069 -0.00205678747092 3.40698 3.6935 36.7056693144 56.7861745979 -2.14977767246
-113.273 48.3609 -0.00122848569021 0.00188208149707 -0.00125121338112 -0.0108653729363 2.78984 3.10507 -320.226662635 18.6277090012 1.96645500239
-112.562 48.3129 0.00282236043551 0.00400101007476 -0.000459177322506 -0.020386492173 2.78695 3.35923 30.6030904026 -42.6387359075 4.19846158606
-111.707 48.4128 0.00330658895588 0.00324748585243 0.00282386140946 0.00275557777072 3.87906 3.99027 9.56887044935 -59.7468029971 4.31995473905
-110.799 48.2921 0.00251025627146 0.00200934894807 0.000204184244969 -0.000562184625267 3.99818 3.8642 6.59763719058 -43.289674322 2.9131574797
-109.777 48.3943 0.000648328762045 0.00115645613856 -0.00185288641831 0.00130474633696 4.12419 3.97693 2.15208019447 -15.6689382974 1.32577681945
-121.689 47.6947 0.000780025187015 0.00052776166762 0.00032625375949 -0.000430762097648 3.9434 3.96944 0.87197676028 -12.3698385072 0.921092003003
-120.894 47.923 0.000800224112296 0.000296469605383 0.000820782949766 -1.76773468948e-05 3.98029 3.95385 2.51855407 -10.6370974313 0.751126953906
-120.061 47.6902 0.000637616463044 -1.87974864032e-05 -0.000314381716874 0.000253212870545 4.15486 4.09639 5.27846721091 -6.60211347837 0.376077400181
-119.045 47.7849 3.41216134929e-05 -0.000199715855086 -0.000593730828435 0.000139089965441 4.245 4.13416 7.16059705014 1.15862952313 -0.144417719403
-118.274 47.8006 -0.000801974805267 -0.000361957085511 -2.53000007427e-05 0.000255282914733 4.27055 4.12968 7.37894469287 11.7094609404 -0.747013621672
-117.308 47.8192 -0.00164146432913 -0.000728627750237 -0.00102367398973 1.88966163446e-05 4.22202 4.09122 8.87425768369 24.1154706424 -1.47520690348
-115.475 47.7092 -0.00344840774147 -0.00152961633509 -0.000289837100317 -0.00065606410441 4.08539 4.10309 14.7273598463 51.4373881965 -2.77889688107
-114.574 47.6795 -0.00476644102235 -0.0023145891756 0.00226305359758 -0.00101240318779 3.78773 3.91861 16.7013911673 72.1704589386 -3.84277318282
-113.747 47.7687 -0.00514699940248 -0.00243580865927 -0.0040165583839 -0.00210946052842 3.26014 3.73296 -323.411728185 70.4166286303 -2.41438320416
-112.607 47.775 0.000408212698907 -0.000579309922275 0.00694398694763 0.0113713485693 8.41396 -nan -23.0202700704 3.80034754652 0.0405829727558
-111.746 47.8012 0.0040718119578 0.00303160193699 -0.00375689270782 -0.0133526652823 2.96548 3.18893 31.1013344741 -58.2821228646 3.24209493873
-110.763 47.6327 0.00261861977584 0.00236493571669 -0.00802400391699 0.00228205691349 4.3261 4.34457 16.531416902 -44.0888127226 3.01296180324
-122.803 47.1109 0.000458774830307 0.000552700279245 0.00239519937048 -0.000367422725024 3.83272 3.86546 -4.52372602357 -9.56390143448 0.705229675534
-121.989 47.1881 0.00105429476293 0.000513935073866 0.000463317657413 -0.000871858060594 3.91402 3.94633 -1.79727827101 -14.6140284717 1.12193759278
-120.844 47.1935 0.00123507413116 0.000286067686233 1.65861056971e-05 -0.000148296231343 4.01919 3.98248 2.32602646593 -14.9110316896 1.03614187802
-119.973 47.1936 0.000669625133333 0.00011329847246 -0.000451837920021 0.000349158207142 4.23173 4.11976 5.35057428254 -8.05145116106 0.500385752739
-118.921 47.0573 3.89270736818e-05 6.4633434225e-05 -0.000688920148412 0.000442296629758 4.21037 4.05964 7.24563083356 -0.93204621121 0.0752789518888
-118.309 47.0615 -0.000593837663619 -0.000113465806529 0.000549945323652 0.000342671623601 4.12062 4.03029 6.69377085459 7.48504003528 -0.43235087259
-117.276 47.0547 -0.00111718370298 -0.000507568416813 -0.000124749529811 6.73577580786e-05 4.1447 4.0622 8.45833357245 16.5508689203 -1.02227798974
-116.335 47.0477 -0.00199938603817 -0.00108884687693 -0.0005268783843 -0.00114355784606 4.03518 3.96942 10.9791328456 31.0814436288 -1.91014101201
-114.459 47.0943 -0.00376736747178 -0.00255653489046 0.000814351036578 0.00115773700418 4.15841 4.26909 13.7117995361 61.4974544604 -3.85454031219
-113.506 47.0816 -0.00473018635934 -0.00322205294445 -0.00454030619846 0.00273798645134 4.0965 4.79584 27.6815666952 71.1364405118 -3.89867529395
-112.52 47.0418 8.34845208131e-05 -0.000168113381705 0.00102133151236 0.0209441436299 13.5891 -nan -35.6628019371 1.82036886262 0.0240244711096
-111.549 47.0308 -0.00044645370461 -0.000387799027217 0.00514694065652 0.0119366257315 10.8547 -nan -14.5444445915 8.12734918707 -0.591355108161
-110.687 47.1523 0.00317714389719 0.0033508261399 -0.00890926059982 -0.0111617682895 3.65991 3.90899 27.0301349454 -48.8834817692 3.67200571194
-109.802 47.1961 0.000917837025893 0.00193618291229 0.001758072224 0.00176561213263 4.26201 4.231 0.849790022025 -24.9348897767 2.13118293488
-123.563 46.5459 0.000113785213416 0.000519036674153 0.00164426470441 0.00187272630809 4.11334 4.12621 -5.1019793346 -6.39058416819 0.407958020307
-120.979 46.5433 0.0010425807459 0.000574766490573 4.92509557123e-05 0.000160407496446 4.0494 4.01479 -0.425160406675 -15.3962119434 1.14326211771
-119.855 46.5585 0.000676954871647 0.000422261581569 -0.00114567179672 -0.000449914451625 4.10138 4.02439 5.42262500971 -10.7256043933 0.749169665095
-119.06 46.4911 0.00022806091515 0.000240760978936 -3.55947489889e-05 -0.000609824040265 4.04101 3.97433 7.06758359994 -4.41434350128 0.32843121389
-118.146 46.5139 -0.000258769338632 -0.000116045889496 1.53008476755e-05 -0.000843629839656 4.00599 3.94897 8.1439415439 3.80865938919 -0.239442476364
-117.11 46.485 -0.00079219874661 -0.000665297873187 0.000129472772355 -0.000386170173031 4.02245 3.96969 8.11641709201 14.0085736253 -0.986143164203
-116.209 46.3559 -0.00149525266672 -0.00129357497736 -0.000676047423291 -0.000377456003347 4.2184 4.11376 8.60110510138 26.7209859148 -1.87886738279
-114.188 46.4423 -0.00334940493396 -0.00206005113602 -0.00101827822713 0.00162174199785 4.33065 4.27629 14.6415700055 53.6415299524 -3.19404951865
-113.493 46.4162 -0.00510604955285 -0.00254185781656 0.00159334766755 -0.000592242186982 3.92343 4.07265 16.3974320593 78.4758112826 -4.14962064855
-112.641 46.4246 -0.00480659642554 -0.00273470169303 -0.0043255629895 -0.0135313572482 2.93422 3.19238 33.4973828622 68.0955162451 -2.91446291016
-111.676 46.5336 -0.000538290514158 0.000511241779104 0.00763291285799 -0.000812837545841 7.28699 8.19814 -5.45632734011 1.16548943464 0.0456749474268
-110.858 46.462 -0.00116184414345 0.000804664954656 -0.00320216659887 0.00968663792829 13.301 -nan -2.15987409733 6.57927491476 -0.0270905603874
-109.914 46.5663 0.00159001998455 0.00349397995041 -0.00980775534485 -0.00379728890412 3.89945 3.96962 13.926773701 -36.6538921728 3.81864389875
-123.559 45.9306 0.000315970094253 0.000100623367906 0.00148345086101 0.00095280745171 3.92053 3.93217 -3.32711057622 -3.71516206698 0.308230711552
-122.419 45.9325 0.00102112185211 0.000574828198942 0.00138207574048 0.00186077860049 3.9034 3.9496 -7.85572828913 -14.2936779439 1.16417673275
-120.782 45.7664 0.00125524890758 0.00103755161169 0.00046156392553 0.000751370029175 3.89206 3.93689 -3.36318628873 -21.7970826227 1.62709429734
-119.928 45.8951 0.000973840172167 0.000624179659643 -0.000188623179678 0.000208790435992 4.02486 4.00224 2.95336936419 -15.5356515357 1.10856701564
-118.777 45.7971 0.000526315261426 -2.33327748845e-05 -4.69704608489e-05 -0.000444960028713 3.97415 3.91849 6.29351462701 -5.59827250996 0.292486544606
-117.909 45.7087 0.00014673285116 -0.000449014144936 0.00042124987522 -0.000435832129447 4.08616 4.01419 7.95371553473 1.74227627199 -0.291955497589
-117.228 45.9734 -0.000379670523972 -0.000575131451511 -0.000331305970383 -0.000487571760083 4.13549 4.03169 9.69212610938 8.52766743859 -0.688605135267
-116.155 45.8883 -0.00124908535229 -0.000843155152117 -0.00117252170011 0.00197038550986 4.51495 4.32891 8.12400673441 20.7194081186 -1.37277125724
-115.255 45.7565 -0.00221020097293 -0.000790453304349 0.000669808515354 0.00024257436426 4.18551 4.11119 9.0326044798 31.9274232394 -1.78397822732
-114.332 45.7893 -0.00312724042719 -0.0015229389046 -0.000528602412211 -0.00110317774787 3.90767 3.89783 12.1920810742 48.2007460565 -2.72489521326
-113.37 45.8122 -0.00419236627318 -0.00264245140087 0.00235799862204 -0.00144127424456 3.59497 3.68888 11.8513207711 68.3203852225 -4.16081381057
-112.493 45.8409 -0.00548945315906 -0.00446773613304 -0.000162722937531 -0.000263401211504 3.48839 3.94421 21.1993628545 89.6948330916 -5.7027789012
-111.626 45.7843 -0.000781457501845 0.000663749454409 -0.00551698214199 0.0108843503645 14.4074 -nan 0.696280751473 3.84657334027 0.111656349886
-110.659 45.9054 -0.00158324990062 0.00121187956665 0.00143566451047 0.0171909234135 16.7413 -nan -26.3569455776 -3.61279144394 -0.765128833818
-109.716 45.9046 0.00214451312683 0.00273705474997 -0.0154712131075 0.00311514101081 3.87049 4.40873 22.9741200793 -36.1205528178 3.05598315399
-122.478 45.2059 0.000304436470704 0.000204765738875 0.00180459627822 0.00105532372425 3.87366 3.90808 -4.29773195334 -4.7301066411 0.365399204481
-121.317 45.2422 0.000847028515929 0.000493182069969 0.000150031690223 0.000408893236086 3.75957 3.86741 -4.90075192553 -12.4645623707 0.966779404566
-120.635 45.2357 0.0018022661318 0.000606821979234 0.000769566384597 0.00027073026345 3.82537 3.97573 -3.50119031171 -22.4518158005 1.74834178593
-119.669 45.2664 0.00157391415852 0.00043335622376 -1.06010388005e-05 -0.000459039553665 3.93838 3.95038 1.24532197196 -19.8132255813 1.38238050685
-118.96 45.2904 0.000947405496317 0.000156386010208 1.42945247416e-05 -8.32257551989e-05 4.14345 4.05383 4.23704867467 -11.4379526656 0.714753219105
-117.78 45.2781 0.000232033250232 -0.00037680166177 -0.000186747019969 0.000925494076365 4.31449 4.16927 5.85473098954 0.450855823328 -0.169307956523
-117.12 45.2925 -0.000504615666069 -0.000311403978421 -0.000786708883882 0.000676907480114 4.3351 4.18414 9.78754137308 8.160641685 -0.527959125285
-116.268 45.3997 -0.00115541064427 -0.000334922093611 -0.00130279337436 -0.000388053741172 4.15464 4.0671 10.6987472231 16.1584747198 -0.858546803306
-115.326 45.1285 -0.00163041778209 -0.000921643929797 0.000824723704494 -0.000870103255574 3.89461 3.87717 8.7550511259 25.9679916148 -1.62020570298
-114.233 45.0931 -0.00198148675013 -0.00192809606055 -3.02566675275e-05 -0.000884617854917 3.85824 3.84007 9.50816646358 37.0519457764 -2.63963831668
-113.46 45.2432 -0.00292841966497 -0.00269343528216 0.000478105166099 0.000339907561721 4.00135 3.95273 9.08793587345 53.6937978427 -3.75255819883
-112.489 45.166 -0.00391307394014 -0.00317263466984 0.00205335428759 0.00102247303489 4.2207 4.23779 12.2324250689 68.0399366892 -4.48135614436
-111.805 45.2285 -0.00506355559335 -0.00357479858534 -0.00567236870962 -0.00678984719464 3.51292 4.08935 29.4657696865 75.683878745 -4.06454706697
-110.74 45.3212 -0.00278384023146 -0.00340350877992 0.00136712158028 -0.0100259182533 2.61515 2.79957 -320.016514435 33.9228421287 -3.09330162897
-109.563 45.3171 0.0010739215104 0.000526940537646 -0.00719981459385 -0.0110283289072 2.7714 2.89652 21.4166315046 -16.3135582129 0.725570000396
-120.335 44.7344 0.00126125349854 0.00035356779632 0.00203159969444 -0.000454192043068 3.83572 3.85121 -3.39466105853 -15.0862217077 1.17422842158
-119.565 44.5913 0.00138932123712 0.000430252269238 -0.000745088027973 0.000160619847496 4.15914 4.15511 0.781690069065 -17.9088605524 1.26380912522
-118.67 44.5191 0.00105234888743 0.000227860338446 -0.000277198448691 0.00111756844544 4.19638 4.11158 3.28579725873 -13.1268470584 0.847825877711
-117.664 44.6653 0.00016593135432 -2.54709893786e-05 -0.000299411225742 6.04930819965e-05 4.10288 3.99601 5.94516550532 -1.64605397009 0.0767714167066
-116.747 44.589 -0.000496347488116 -0.000326382470265 -0.000115228752041 -0.000528290968167 4.00875 3.96149 8.75121031218 8.22064365752 -0.540639148287
-116.013 44.7035 -0.000816536284791 -0.000646095661677 -0.000136598249104 -0.000978470447208 3.93688 3.90994 10.328977542 14.2794740839 -0.966274220715
-114.855 44.5494 -0.000928632618917 -0.00130427127942 0.0010385967624 0.000380317161611 4.0174 3.9337 7.81839211567 20.4757586811 -1.59646070369
-114.255 44.5642 -0.00170098981983 -0.00157853570408 -0.00135769335595 0.000953847720472 4.23846 4.07075 10.4733011152 31.2983410434 -2.18928173607
-113.367 44.6165 -0.00259127658704 -0.00182974472096 -0.00100013214339 0.00134788946374 4.29848 4.05847 10.9095429519 43.8986224808 -2.78923847453
-112.644 44.6173 -0.00373591442972 -0.00189413786087 0.00279805234095 0.00123964598828 4.07509 3.97799 9.16342541075 58.8128399473 -3.39516573754
-111.248 44.7038 -0.00365191820278 -0.00354526227023 -0.00105259762228 -0.00493107641259 3.41105 3.52858 27.1580443128 57.6813775601 -4.00007407044
-110.576 44.3951 -0.00242213669648 -0.0022098277539 -0.00880706282201 -0.00495361170134 3.29414 3.11079 28.7056998222 37.1137483352 -2.43066536517
-120.211 43.9437 0.000931835777926 0.000535473372036 0.00173722275018 0.00178409420705 4.12571 4.18012 -7.12554004659 -13.6470779028 1.0639657217
-119.504 44.082 0.00157424298483 0.000588705527635 -0.00049258260589 0.000724574284253 4.16497 4.19313 -2.66075477565 -20.7063153438 1.54991037019
-118.569 43.9104 0.00128804866326 0.000515734676562 0.000172512104158 -0.000951854719285 3.89582 3.86724 2.23181792537 -18.0900689927 1.23374759014
-117.741 43.9733 0.000593640784843 5.97929106377e-05 0.000145188816538 -0.000770745925052 3.90524 3.84363 6.03037336232 -7.11497901989 0.399265519662
-116.803 44.086 -2.42127760227e-05 -0.000479989467122 -7.39725370579e-06 -0.000166524330434 3.99828 3.96234 7.19207696957 4.00799233806 -0.411295779511
-115.958 43.9121 -0.000254957049555 -0.000878570364149 -3.7017950866e-05 -0.000138188431078 4.05255 3.97142 8.76341699475 9.44988259719 -0.881731969175
-115.133 43.7945 -0.000810027050907 -0.000912506299079 -0.000713177745945 0.000410906465668 4.13066 4.02825 10.0030469381 16.1567496949 -1.19332612848
-114.117 43.9146 -0.00150920219599 -0.00104650346202 -0.000838580713879 0.000313722591312 4.17269 4.06686 10.3588405323 25.5945538646 -1.63291914132
-113.452 43.9286 -0.00244364833222 -0.0011520073407 5.25163529332e-05 -0.000462103250896 3.92436 3.87517 8.95443200318 37.9263709502 -2.18357554575
-112.485 43.9997 -0.00323628814336 -0.00193454761508 0.00167872717804 -0.000891377346746 3.73352 3.7285 9.02691173212 53.0866016808 -3.21021576249
-111.487 43.8756 -0.00414121406955 -0.0023532581155 0.00249381119524 0.00169942894759 4.03669 4.15486 9.1505903374 67.3438252367 -3.94430270277
-110.576 43.92 -0.00380823130794 0.00124004666078 -0.00422025078441 0.000951656396469 4.06748 4.78929 26.5613643018 51.1772087046 0.710386507385
-109.817 43.7013 -0.00145737067841 -0.00128228143402 -0.00974671033561 0.00268589816442 3.96753 4.15736 25.4700000915 23.1484443147 -1.47542889091
-120.153 43.2515 0.000698850159618 0.000215638514035 0.00230925283033 0.00176577439024 3.93652 3.96122 -6.06495523761 -8.34021384444 0.679783711184
-119.311 43.3736 0.00154526889659 0.000834923202247 0.000952728248872 -0.000195388270486 3.78322 3.81901 -5.57999771885 -22.5702525874 1.71912130969
-118.474 43.358 0.00160604472069 0.000494787245152 0.000421138947293 -0.000323532117478 3.87302 3.84062 -0.952710013976 -20.7070928308 1.47576968811
-117.754 43.3471 0.0010805503946 0.000135717294427 3.0077913839e-05 -0.000561658311219 4.01841 3.92928 3.93614383175 -12.8993094307 0.780913031911
-116.767 43.4275 0.000410052499877 -0.000410132569243 -0.000665714618495 -0.000132367288272 4.11004 4.00142 7.11404763849 -1.48810383326 -0.106879547412
-115.828 43.4151 -0.000237381466302 -0.000628509115487 -0.000475709801312 0.000453671961729 4.14344 4.02681 8.13298273098 7.51052711011 -0.657960504401
-115.098 43.25 -0.000766537060154 -0.000597694301808 -0.000134095075614 -0.000316011680812 4.01019 3.91087 8.80351053431 13.5465312287 -0.906939797451
-114.174 43.3979 -0.00145099449449 -0.000821477965851 -0.000145135328215 -0.000677610639489 3.90412 3.83968 10.4620832172 23.462144848 -1.41002708577
-113.518 43.3234 -0.00193842241848 -0.00111350230642 0.000489748158619 -0.00130583972706 3.77758 3.72735 9.40726426045 31.5435502844 -1.90521121708
-112.433 43.3998 -0.00265381357156 -0.00163671555654 0.00060185100605 0.000389390429956 3.9935 3.82281 9.08508676457 44.0428071605 -2.68140722339
-111.612 43.2741 -0.00485938672144 -0.0014289727301 -0.00266019998561 0.00137379002172 4.44295 4.15059 10.7965329086 71.1560332319 -3.35289587262
-110.712 43.3629 -0.0087367863038 -0.00322340246194 0.00331802266017 0.00246399082359 4.65883 7.91046 16.353661769 132.586163193 -5.82034440631
-110.02 43.2112 -0.000917219159928 -0.0012813136664 -0.00427393979093 0.00181131392779 4.05486 4.84022 19.9324185834 17.1773453501 -1.46633574419
-119.247 42.6912 0.00137076907622 0.00100828756183 0.00274430888018 3.14949158005e-05 3.86538 3.91793 -8.93072273743 -22.5476687139 1.70164386381
-118.486 42.7308 0.00203611483866 0.000826863016198 0.000492103903084 0.000387341236006 3.96011 3.93157 -5.08536596991 -27.3049565036 2.07593738139
-117.725 42.6996 0.00142546889687 0.000559855380164 -0.000359320651041 0.000667483062308 4.19776 4.07342 -0.536048190044 -19.8073395751 1.38626733131
-116.87 42.7779 0.000729915383871 0.000215161884566 -0.00061415225187 0.000226400136075 4.18523 4.04432 4.1516113745 -9.91304727239 0.617135988998
-116.032 42.7713 2.73946407657e-06 -6.18594554646e-05 0.000227235153543 -0.00086257065814 3.96367 3.85161 6.85042542047 0.455705923599 -0.0496426066894
-114.903 42.636 -0.000540190252047 -0.00048803245457 -0.00062194952594 -0.000681370181815 3.92057 3.85688 8.95810800822 10.0713840993 -0.696147083976
-114.084 42.6493 -0.00106333385321 -0.00090587044324 0.000710476724161 -0.000862085363034 3.90819 3.84841 8.61970501935 19.4511992799 -1.31876099825
-113.176 42.5452 -0.00173061257193 -0.000906775725792 -0.000162797498035 7.77636834601e-05 4.1347 4.03591 9.37525712277 27.7389396543 -1.62453998252
-112.531 42.6852 -0.00270987207655 -0.00096871129405 -0.00141195493116 9.55165372443e-05 4.2396 4.11114 11.6200082692 40.7043698992 -2.04302700631
-111.588 42.8321 -0.00382324266086 -0.000776445442843 -0.000678056688171 0.00022246305763 4.22216 4.19354 13.6872019389 54.6029658755 -2.17188880248
-110.92 42.7507 -0.00412427981029 -0.00304994782402 0.000859553684329 -0.000820552940323 4.08263 4.30151 12.6783742507 71.1711554103 -4.40186272864
-110.042 42.6372 -0.00479745588065 -0.00192038239497 3.96145300914e-05 -0.000926210468615 3.82993 4.14356 17.3743945201 73.847413328 -3.23634202277
-108.847 42.8247 -0.00423974597845 -0.000362830841488 -0.00087927086953 -0.00883106062015 3.75341 4.59806 -325.710992356 60.8097018387 -0.25572566663
-108.342 42.6579 -0.000113612755853 -0.000597094201959 -0.0113583068163 -0.00539694664699 3.65978 3.86398 25.666482557 2.62374127856 -0.606234208246
-119.34 42.0187 0.00102301342241 0.000907411292776 0.00405397809964 0.000459511262858 3.91583 3.99229 -12.6480159056 -18.2852927117 1.35017888084
-118.344 42.1901 0.00194342620186 0.00132081018922 6.580170912e-05 0.000482108215593 4.04244 4.02513 -7.33104008937 -31.368442251 2.34189169834
-117.667 42.0192 0.00165580689448 0.00118355415388 -0.000191795997565 0.000467092907776 4.13067 4.03507 -3.72460681403 -27.9501245328 2.01753849829
-116.471 42.0773 0.000826275127843 0.000600398207929 2.6605000369e-05 0.000337085088268 3.98434 3.87145 0.913266829091 -14.3140189606 0.994888768086
-115.754 42.1669 0.000269315176799 0.000225233395378 0.000526823153718 0.00024855973843 4.01909 3.92247 3.92057964306 -4.94351585064 0.342082399185
-115.016 42.146 -0.000145119007171 -0.000193064672706 -0.000509601846193 -0.000566777521089 4.07207 3.96329 8.02483657377 3.19063528591 -0.240696711106
-113.944 42.0886 -0.000886523067211 -0.000659256505814 -0.000263740776468 0.000318304556682 4.17233 4.01516 8.10901554892 15.6107096662 -1.02128950886
-113.24 42.0343 -0.00186290118779 -0.000636318579184 -0.000674582211562 0.00067915028887 4.29454 4.15547 9.49681502883 27.6142911184 -1.45493513591
-112.386 42.0041 -0.00264552450448 -0.000626986489328 -0.000622598950414 0.000160198308682 4.18272 4.12105 9.93075217576 37.6768810908 -1.77441460974
-111.432 42.0149 -0.00375954707957 -0.00102074522702 0.00058086901015 -0.000716834897147 3.9649 4.01485 11.1836323788 55.0102079456 -2.5168890955
-110.873 42.0995 -0.00392077081152 -0.00129900971109 0.000324018284473 -0.000708023908268 3.85585 3.86128 11.7529332318 59.0098734418 -2.7707536824
-110.036 41.9243 -0.00431634837866 -0.00188268426874 0.000938969338263 -0.000726278257254 3.93843 4.10657 12.4789571138 67.8275355988 -3.37287001662
-109.357 42.1012 -0.00404400857588 -0.00208236067959 1.85674658356e-05 -0.00143101319688 3.84775 4.28335 21.4065571588 63.4063235837 -2.90036822644
-108.34 42.0073 -0.00282771406822 -0.00277531139011 0.00115232196996 -0.00312021840403 3.42822 3.80417 31.6146453262 41.628361145 -2.82391679438
-107.369 41.9641 0.000285151820212 -0.000180322122959 -0.00296785594978 -0.0129175343223 3.52956 3.75913 -326.647003152 -4.22589904757 -0.189657749365
-106.434 42.031 0.000701987712375 -0.000201568528767 -0.00569711280807 -0.00477280406654 3.85999 3.83841 11.7145798408 -8.75220008844 0.0325012873622
-119.171 41.3884 0.000613404659622 0.00107829801438 0.0035725888072 -0.000103821255702 3.89953 3.97505 -15.503163245 -17.3285720153 1.0643909442
-118.379 41.4483 0.00188933700425 0.00167442304632 -0.000254763740544 0.000266557774483 3.88726 3.93109 -11.9699626757 -34.2261162431 2.50177431754
-117.45 41.423 0.00181185144181 0.00173642612495 0.000187558657176 1.03673604644e-05 3.95147 3.90136 -5.65378954971 -35.1592333359 2.50690219054
-116.54 41.522 0.00125010898166 0.00117262295724 0.000109113766182 -0.000476594992706 4.02527 3.94486 0.055680654408 -24.1780735127 1.70823391983
-115.791 41.4311 0.00099228559818 0.000532314740659 0.000330346972328 7.05439586385e-05 3.98566 3.89456 2.65492012061 -15.6724853943 1.03633942783
-114.915 41.4157 0.000371321375141 -8.34831629484e-05 5.2259702848e-05 0.00102672990861 4.19801 4.00862 4.49830222902 -3.57295183945 0.150514778283
-114.165 41.3602 -0.000554289395462 -0.000264708085747 -0.000949539986372 0.000611078711091 4.28268 4.05095 7.44147280008 8.69424708944 -0.519479312975
-113.347 41.503 -0.00155547603305 -0.000270630731945 -0.00129025504367 0.00106707064402 4.23345 4.11671 8.12240147596 21.0958966585 -1.02370897434
-112.448 41.4632 -0.00254814897814 -0.000554660330659 -2.12229238423e-05 -7.06947569418e-05 4.0252 4.01947 9.48327185787 35.9425901462 -1.6925981725
-111.63 41.3146 -0.00284867903525 -0.0011327726199 0.000292333689378 -0.000559045867268 3.91091 4.01115 9.91222021432 43.9197368394 -2.29889571785
-110.666 41.4729 -0.00352819309152 -0.00159147847465 0.000143323368072 0.00035556099522 4.09274 4.20466 11.296363321 55.8086755987 -2.90312422567
-110.067 41.4272 -0.00362238754594 -0.00199143659419 -0.000110439349511 0.000674455951084 4.21823 4.31336 12.5405308803 59.3661572401 -3.22117369614
-109.157 41.5047 -0.0037726087097 -0.00277178649552 0.00171026577271 -6.11312980536e-05 4.26092 4.53031 14.2205380334 64.9571587123 -3.87654758589
-108.187 41.4906 -0.00260584609601 -0.00261880837166 0.000611204012776 0.000212670439642 4.3139 4.56545 29.3357577175 40.0137513839 -2.7655483499
-107.364 41.6067 -0.000365351966203 -0.00293164540188 -0.00367151999741 0.00408466448601 3.94012 4.51929 -320.865429907 -0.315115012829 -2.85857009947
-106.596 41.4033 0.000139966290583 -0.000307048710893 -0.00995544667776 -0.000941050840355 3.67079 3.70545 22.047582463 -1.34150271961 -0.282291393478
-119.835 40.7484 -0.000445088010458 5.10848452693e-05 0.000986078113925 0.0018880024167 4.29784 4.38658 -12.6739963539 2.61938962555 -0.35390410005
-118.971 40.7797 0.000167706639796 0.000932326405664 0.00197733908747 0.00076223729486 3.65393 3.78383 -18.7601112606 -12.7803864911 0.560730633317
-118.134 40.7811 0.0015572351499 0.00217752087012 -0.000923986999108 -0.000701829445337 3.68793 3.86166 -11.7137471923 -37.6726394883 2.50902340391
-117.524 40.852 0.00221822253163 0.00210552610253 0.000575762305894 -0.000278920784225 3.82881 3.93785 -8.71383199783 -42.6390160644 3.04271851608
-116.508 40.7186 0.00203758521925 0.0016334209552 0.00164696646931 0.000469470133874 3.8237 3.78757 -4.33675338833 -36.6449125048 2.60383373542
-115.736 40.8167 0.00161384529831 0.00086359853393 -0.000122203019379 -0.00110418187116 4.06454 3.95648 2.96003545707 -25.5724653062 1.68317369399
-115.039 40.8522 0.000797818473594 0.0005999472077 -0.00162639259911 0.000104229670818 4.37766 4.12958 6.08312987741 -14.2121973612 0.947998581077
-114.204 40.8556 -0.000486928357806 0.00043900138605 0.000207869514406 0.000506848757062 4.19161 4.00147 4.98728992281 2.10615208965 0.0806167989124
-113.187 40.8513 -0.00141114117783 -0.00016622470847 0.000211672346414 -0.00153261547176 3.91995 3.84207 8.19315420719 18.6363814546 -0.861935265777
-112.52 40.8903 -0.00189778451326 -0.00076865111328 0.000881342750126 -0.000925435665099 3.80669 3.84765 8.3852857644 29.1809849678 -1.60699023376
-111.437 40.8869 -0.00259881904844 -0.0017196463774 -0.000262149016617 0.000152798838563 4.05973 4.09081 10.9006865856 44.5844463647 -2.68201568357
-110.834 40.9425 -0.00288718383118 -0.00162926446759 -0.000943389218454 0.000247559492311 4.16793 4.16457 12.1311103955 47.7123693082 -2.66055368579
-109.673 40.9763 -0.00337145749368 -0.00163798541892 0.0011102500909 0.00195995196196 4.52167 4.6025 14.0429110581 54.1645729327 -2.72136522941
-109.177 40.8936 -0.00322189737949 -0.00153307514763 0.00101288369486 0.00225899051904 4.6947 4.66411 14.8463846016 51.5898639121 -2.51125342359
-108.263 40.8338 -0.00259694695496 -0.00108300472147 0.00032873133119 0.00303692025227 4.83115 4.85729 24.2167355068 39.8708721941 -1.46949010763
-107.52 40.76 -0.00179431249655 -0.000743111621385 -0.00320260786769 0.00180768392441 4.42689 4.56823 31.5326627973 26.376875138 -0.763803697489
-106.454 40.8023 -0.000214661528491 -0.000324699511519 -0.00661639751417 0.00115342400682 3.83691 3.85309 15.5165759647 4.29864660455 -0.369935050009
-119.827 40.165 -0.000537695053854 -0.000148710174113 -0.00121892606302 -0.00104026174794 4.28486 4.28232 -9.11295283094 5.99299339114 -0.527247520822
-118.877 40.1614 -0.000870337995929 0.000522917160393 0.00221450435388 0.000722989246595 3.62811 3.81856 -19.2030549483 -1.38793477738 -0.561496949556
-118.155 40.2903 0.00103776697874 0.0017168716336 -0.000269027911714 -0.000138289749494 3.58973 3.88699 -17.998298268 -28.2587287617 1.71252091676
-117.19 40.1697 0.00232922209351 0.00211969469804 -0.000235133895212 -0.000334785374991 3.72747 3.90204 -9.83249927212 -43.8265327964 3.13367560153
-116.5 40.2917 0.00254012051773 0.00195254633128 0.0013945143165 -0.000736127812862 3.96439 3.96979 -5.58108712829 -44.7253611603 3.19567354349
-115.657 40.1313 0.0016658157785 0.00142405412874 -0.000883750188932 0.00198824212812 4.35986 4.21725 -1.98543241465 -31.2252028094 2.18129255063
-114.745 40.2679 0.000590231255861 0.00115230172356 -0.00136348230303 -0.000765080692618 4.14682 4.01798 4.18214983596 -16.627817562 1.27667765715
-113.981 40.1314 0.000135279168186 0.000547934373289 0.00138143238979 -0.000949719223045 3.83817 3.76457 3.99476577096 -6.2076629574 0.52246036138
-112.469 40.2807 -0.00111366344261 -0.00115309699839 -0.000147073969425 -0.000520783561649 4.00349 3.90461 7.85651680733 22.2916487987 -1.55837268228
-111.502 40.2067 -0.00204175844308 -0.00138043011088 -0.00139322158179 0.00021890376925 4.2642 4.13894 11.1820190828 35.3647177332 -2.13654234328
-110.738 40.1948 -0.00316153851939 -0.00102246585856 -0.000103895929567 0.000754759672626 4.31368 4.27112 12.2431735434 48.0027526638 -2.22376974065
-110.008 40.2655 -0.00357911400745 -0.000927544976279 -0.000628549992326 0.000260886994731 4.2758 4.32707 15.8012594009 53.6218090215 -2.07616864473
-109.124 40.2982 -0.00367484885121 -0.000561674682053 0.00068856180157 0.000186188094595 4.22966 4.34658 17.7425017102 53.7576476177 -1.58927086099
-108.242 40.1348 -0.00286403225655 2.99528150823e-05 -0.000277946752267 -7.02961771526e-05 4.23027 4.45111 24.735571192 41.4353397562 -0.400708753214
-107.47 40.2149 -0.00141451674727 -0.000246658230222 -0.00472666462854 -0.000406134888797 3.98467 4.04942 22.103639859 21.0848213676 -0.495422373095
-119.898 39.6785 -0.000488056237215 0.000198257415475 -0.00084078807785 0.00228090678902 4.21468 4.14302 -6.95907850454 1.82269447581 -0.275521400286
-118.889 39.5399 -0.000970775948451 7.83181597675e-05 0.00151717064404 -0.000645396768437 3.79413 3.93024 -13.5664292419 6.05574109139 -0.794556612278
-118.08 39.6946 0.000291698333886 0.000482100349195 0.00103577456705 3.72674550638e-05 3.48606 3.66965 -21.2778250632 -7.91933986369 0.462231332712
-117.14 39.5516 0.00196879854526 0.00173655331484 0.00119648204415 -0.00028961153472 3.64073 3.86709 -15.8177711306 -35.4868138968 2.57619596029
-116.464 39.6202 0.00270823811819 0.00194567316506 -0.000354664175469 0.000180571746298 4.06947 4.12829 -7.72143753287 -45.9348010709 3.3285150164
-115.754 39.553 0.00200906795712 0.00204682219381 -0.00126405639706 -0.000398411867398 4.17129 4.14718 -2.29639567995 -41.053347078 2.86805612036
-114.908 39.4731 0.00150487001208 0.00150867428318 0.00095235136837 0.000942221211774 3.88771 3.87284 -2.22268511299 -30.6132241811 2.13040511808
-114.016 39.455 0.0011639090641 0.000454376906374 0.00168489809604 -0.00116857174377 3.78163 3.72067 3.13022220677 -17.3190758793 1.06739294265
-113.069 39.5906 0.000345725111131 -0.000591331247596 -0.000674286360031 -6.40744086738e-05 4.14814 4.04299 6.93147833463 0.362766350118 -0.313906285528
-112.279 39.5708 -0.000897931899152 -0.000636707512849 -0.0013391801296 0.00128815281658 4.45968 4.09785 8.635185946 15.8939752734 -0.998865027929
-111.66 39.6092 -0.00246283106841 -0.000467755789014 -0.000237578798077 0.000946317604451 4.25499 3.99783 8.97057964566 34.6579219025 -1.59439844142
-110.74 39.473 -0.00339094798391 -0.000732931935683 0.000271390269421 -0.00108806201448 3.99699 3.98338 11.8888315124 49.4108210079 -2.08855781219
-110.246 39.6279 -0.0035388143338 -0.000759424039163 -1.91433191659e-05 -0.000463523270765 3.94644 4.07782 12.6775934574 51.8498909023 -2.1005669451
-108.981 39.6333 -0.00416783091202 -0.000726088929201 0.0014068758959 -0.00181080063916 3.72418 3.94181 19.1679900589 61.7718870126 -1.80394124301
-108.391 39.4998 -0.00320213987885 -0.000942357107447 0.00122654466782 -0.00245970877492 3.55612 3.7596 22.0819868136 48.9381292273 -1.57701155762
-107.449 39.524 -0.00137799220414 0.000219452557876 -0.00902285866857 0.000592156023233 3.89929 3.94349 23.7577540422 19.5749943021 0.00237259385059
-118.808 38.9383 -0.000772875780395 -0.000172402409331 0.00206937724617 0.00239468170487 3.80331 3.82509 -12.0540003803 7.88013207334 -0.746854928191
-117.932 38.8606 -0.000691233483935 -3.33794306998e-06 0.000482751923853 0.00127986547673 3.72308 3.8209 -20.3131677254 4.1422582966 -0.629854980158
-117.182 38.834 0.000630267562243 0.0013708833365 -0.0001199624318 0.00123155990524 3.67546 3.80955 -23.0406606061 -21.5471591953 1.10978850232
-116.4 38.8247 0.00221140359381 0.00242057085307 -0.00021316777883 0.00065622788121 3.80841 3.93649 -15.3543436116 -46.1066717428 3.14521272253
-115.654 38.8455 0.00243966413845 0.0021367471969 -0.000335209221551 -0.000363269773623 3.84357 3.91456 -6.67617559481 -46.1686853537 3.24295530449
-114.83 39.04 0.00204932801513 0.00146574225191 0.00168923425477 -0.00136423548588 3.74938 3.73802 -2.36025106936 -35.919292275 2.47780025737
-114.02 38.9551 0.00192420836741 0.000780736245053 0.000670403068151 0.000765528635212 4.18231 4.05874 -0.194045029656 -28.4209682501 1.85091814618
-113.277 38.9882 0.000604153278304 0.0005715600614 -0.00195754610253 0.00192408842147 4.60135 4.28495 4.9215313087 -11.9312500184 0.814674442081
-112.379 38.9995 -0.00113975295098 0.00049440314455 -0.000723380042104 0.000413565314789 4.29892 4.11444 6.6861539624 10.2039916882 -0.188661974484
-111.172 38.9176 -0.00222035452922 -0.000498571967974 0.000820329556154 -0.00125326721022 3.88739 3.81762 8.20899443511 31.8807651389 -1.52142153715
-110.133 39.1025 -0.00339854907933 -0.00124365605643 -0.000189189179221 -0.00154072610193 3.86164 3.93828 11.7400151695 52.8989391584 -2.53846873383
-109.263 38.9553 -0.00374326161382 -0.00131482131375 0.000447445856026 -0.00132493375934 3.87256 3.98235 13.4572053642 58.3349062031 -2.60882305125
-108.296 38.9541 -0.00387862505776 -0.00113619210313 0.001733149502 0.000168738800718 3.89498 4.09739 19.737253499 59.6319702231 -2.05917128998
-107.574 38.8347 -0.00375296415209 0.000313901475994 -0.00467254215212 -0.00175840928906 3.73566 4.09087 -323.629931358 55.7500892352 0.520178532891
-106.91 38.8627 -0.000826333433447 0.00120773031835 -0.0080483250223 -0.00363677756446 3.90204 4.0421 19.5527742353 7.97958386347 0.994303020717
-119.451 38.5226 -0.00030220892304 -8.62662522593e-06 6.81332625253e-05 0.00134965891 4.07049 4.04172 -3.45147907651 2.82972913818 -0.2380574044
-118.106 38.3489 -0.000894921447364 1.39834869336e-06 0.00129477092321 0.00445145923836 3.8804 3.88428 -12.0874541419 6.81922642741 -0.755188732166
-117.072 38.2397 -0.000440070169552 0.000892015276505 0.00241814990461 0.00316641603423 3.62571 3.8111 -24.846542614 -9.74868354389 -0.0974020832262
-116.302 38.2886 0.00210745016286 0.00205306002692 0.000909996400958 -4.24060967842e-05 3.39717 3.68825 -17.8289596917 -40.427018763 2.8318944746
-115.585 38.3489 0.0029002414363 0.00200524726851 0.000194295705878 -0.00120498359162 3.77751 3.95205 -8.66011825357 -48.6786012182 3.51804886694
-114.608 38.3281 0.0023968397215 0.00150149413504 0.000326624512409 0.00120860389314 4.124 4.10459 -4.17976187006 -39.7660215341 2.76665375943
-113.969 38.1802 0.0015855880416 0.00160297992678 -0.00111235142252 0.00150581298398 4.44203 4.28174 -1.02119625062 -32.7162440045 2.25249677071
-113.021 38.2987 0.000559594458997 0.00136759055622 -0.00120121104624 0.000155383220664 4.18883 4.04696 2.74435224828 -18.5586353784 1.42731966039
-112.277 38.2108 -0.000177573101584 0.000736432805182 0.00157873001242 -0.000979781160819 3.85022 3.75102 3.6958458818 -4.13860680522 0.496502502253
-111.483 38.2843 -0.00112879065993 -0.000313397466347 7.63143661805e-05 -0.00117634644258 3.97077 3.8572 6.76207383561 16.5151141678 -0.856447928497
-110.711 38.4187 -0.00210251839032 -0.000826487805748 -0.000375974678813 0.000273538456943 4.17094 4.07315 8.4959660495 32.9202436417 -1.73569067253
-109.894 38.3862 -0.00310641816158 -0.00107289391208 -0.000539648285621 0.00145923099705 4.30046 4.2386 10.2223858641 48.0677333121 -2.32844866084
-109.261 38.2916 -0.00372044262867 -0.00110871209954 0.00104285247954 0.00210017702695 4.16422 4.22965 9.9602937113 56.6567212621 -2.60780969278
-108.379 38.1888 -0.00406066959044 -0.00123754597397 0.000380120283581 0.000463381714677 3.96287 4.13874 14.4082343308 62.8572518424 -2.5598934141
-107.55 38.3685 -0.00461753548487 -0.000343762800637 -0.00126666404744 -0.00159819563001 3.79656 4.0731 26.063377604 68.67639226 -0.932580203273
-106.756 38.2289 -0.00115186962272 0.000411852814215 -0.0103707361636 -0.0147763642975 3.16785 3.26546 24.2041068654 16.101894188 0.241261694983
-117.225 37.7243 -0.000799993986185 -5.06233150518e-05 0.00193481867657 -0.00273019992216 3.63787 3.73293 -8.80816555335 7.38215890165 -0.675319890349
-116.595 37.923 0.00104097038652 0.000457190843739 0.00108822360895 0.0002717604877 3.15517 3.33084 -22.5335386906 -11.9712448869 1.13691301342
-115.747 37.6444 0.00244098549096 0.00126429415274 0.0017488074953 0.000909312616587 3.69515 3.8382 -18.5237455071 -32.761478756 2.74878252613
-114.849 37.6083 0.00242553501445 0.00207647727495 -0.00144063241417 0.000166380741427 4.19155 4.16707 -8.80735351105 -45.5838511068 3.1913381964
-113.86 37.5808 0.00177127352143 0.0022362137191 0.000398492866037 -0.000948394991197 3.89955 3.84157 -3.03964410353 -41.287887762 2.8370210519
-113.168 37.7601 0.00103800666131 0.00160608530575 0.000883871833695 -0.00182059258082 3.76774 3.70707 2.30641210865 -26.4288591879 1.90418073236
-112.363 37.6761 0.000634786762097 0.000664286645717 0.00013088289904 -0.000579094311008 3.95815 3.8688 4.36675057385 -13.2243434169 0.908785075676
-111.596 37.7222 -0.000322498822068 0.00011417053153 -0.000535972155685 0.00134623159271 4.35482 4.15677 5.89396225455 3.07833387576 -0.0785930793477
-110.802 37.6354 -0.00153553703151 -0.000166811280624 -0.00140280529312 0.00185931375359 4.47962 4.25624 7.90511375144 20.8717704844 -0.909551010487
-109.995 37.6903 -0.00281263191389 -0.000452780345376 -0.000353383430223 0.000950992005013 4.19955 4.1479 7.89863408214 39.6658391548 -1.75519382829
-109.137 37.7459 -0.00285737689094 -0.00117303426989 0.000697723652688 -0.000737177820574 3.79884 3.84003 7.8278198117 45.5980062254 -2.37329694403
-115.22 37.2408 0.00173896982052 0.00179052079772 0.000735038825654 0.00141804307483 3.95291 4.0042 -19.1694552616 -34.8050617286 2.37270721187
-114.715 36.7256 0.00116029195657 0.00319498056192 0.00171859827636 0.000607574891927 3.6756 3.83886 -22.998079712 -49.5236796827 2.36720957301
-113.907 37.0195 0.00219334455728 0.00292476429772 0.00170337972853 -0.000995930878599 3.61305 3.62363 -6.94707926002 -53.334253911 3.5782993775
-113.084 37.0615 0.00213927865432 0.00165475514428 0.000162301416037 -0.0004045422769 3.90517 3.90125 1.30974626879 -39.6777268268 2.63725600707
-112.382 37.0183 0.00121796332904 0.00112688187144 -0.000860755683948 1.31478991363e-05 4.28308 4.08999 5.56960725833 -24.1681320216 1.61807118939
-111.506 36.9839 -0.000258974213777 0.000687498905468 -0.00113212822712 -0.000117630869484 4.25038 4.0021 7.0096635031 -2.13383343143 0.446007280339
-110.804 36.9969 -0.00142239681984 0.000602764830075 3.14984641644e-06 -0.000359395581275 4.02406 3.87419 6.73263604531 13.3248806182 -0.227055145321
-109.874 37.1364 -0.00195532109003 -0.000450583657534 0.000840356337126 -0.00162629001073 3.77778 3.79036 6.87603569979 28.4779007538 -1.3698482285
-109.025 36.8299 -0.00147604796403 -0.00110801757668 -0.00129306255488 -0.00118928035554 3.96402 3.9966 6.81751233125 27.2957003548 -1.68831419905
-116.33 36.4193 0.000112062073331 0.00019887287669 0.00367158250015 0.00647287635731 4.21351 4.31233 -12.5459261299 -3.31237418869 0.201688504557
-115.383 36.423 -0.000327550967681 0.0011564271066 -0.0011787713272 0.00249897333525 4.19511 4.56242 -26.0489848703 -14.1860763977 0.0920337116769
-114.539 36.4321 0.000895121862906 0.00258605762117 0.00100155626138 0.000620015792268 3.37891 3.52515 -22.7590689122 -39.8994279511 1.88486787072
-113.965 36.4151 0.003244717593 0.00331892452211 0.0018641815672 0.000573300105703 3.41899 3.67738 -15.9794155196 -66.5207745272 4.50764457722
-113.18 36.4182 0.00251174579362 0.00218333384237 -0.000218420217021 0.000775238419927 4.16286 4.17755 -3.5248988694 -48.9007204397 3.31907435559
-111.13 36.1428 0.00033433793709 0.000593093834894 -0.000322323583725 -0.00184164029406 3.92768 3.93461 6.27978641634 -8.95185751395 0.67967417839
-110.662 36.5996 -0.000941665577294 0.000190845415551 0.000766271445504 -0.00147824456751 3.82615 3.90693 7.01526031915 10.4959946649 -0.32453017907
-109.87 36.4199 -0.00130976075713 -0.000612119379038 0.000369574364038 -0.000578846178535 4.00567 4.07518 6.63217277059 21.4538207317 -1.195458938
-108.52 36.3758 -0.00143886919665 -0.000496139626824 -0.00392410340588 -0.000339396330175 4.27903 4.2652 7.36372365373 22.5093129127 -1.1202192271
-115.43 35.8384 -0.000890843164244 0.000668652174904 -0.000210706006775 0.00434796080359 4.31648 4.33052 -10.1871933439 -0.350960641893 -0.334035560893
-114.851 35.7266 -0.00104083226808 0.00132035547877 0.00535284012104 0.0013001399148 3.29389 3.67107 -26.5984392806 -13.0558311443 -0.531500079146
-113.984 35.8522 0.00271716092186 0.00230905874617 0.000758163926935 -5.15564202317e-05 3.32313 3.53349 -20.0081616605 -48.6195959358 3.47579877635
-113.105 35.6339 0.00303664802642 0.003087414587 0.000452608840409 0.000782910371104 3.91722 4.01168 -10.8929904929 -63.5848861895 4.28802347304
-112.173 35.8191 0.00193516147481 0.00176984997284 2.56410836328e-05 -0.000299557923604 4.00425 3.88615 1.68217660893 -38.8257854362 2.59180594512
-110.794 35.6218 0.000487183817061 0.000283954145999 -0.00153762751848 0.000389925594527 4.25448 4.02844 5.41537133291 -8.40578389756 0.50586561739
-109.933 35.7113 -0.000943876491631 -7.06729563371e-05 -0.0004462661842 0.00141320366301 4.38507 4.11351 5.06125416329 12.4514682582 -0.570733980172
-109.046 35.7147 -0.00204380870986 -0.000271467988583 0.00040083488948 0.00152555334627 4.27727 4.14588 5.9117811043 28.4425483961 -1.28142428524
-108.466 35.7992 -0.00259709839614 -0.000249701657099 -0.0027582392747 0.00111022922494 4.23685 4.22937 8.58402761291 36.4090854889 -1.41759846946
-107.638 35.8054 -0.00158949189084 0.000178244990104 0.000851778846346 0.000351885282941 3.92533 4.03754 1.81812208997 18.6080694555 -0.719699806663
-114.87 35.301 -0.000657484126723 -0.000489193866618 0.00856301995328 -0.0029254931253 3.19779 3.36003 -11.5073304333 11.420766887 -0.818996312306
-113.885 35.099 0.0013124438741 0.0016177139023 0.000703452111379 0.000163646209972 3.42386 3.62102 -27.6506463566 -29.0309659364 1.77637760429
-113.083 35.2127 0.00325812937747 0.00331837923529 0.00019825467774 0.000504476452903 3.80356 4.15365 -17.8216929154 -66.8699251832 4.48674165294
-112.267 35.1787 0.00299033074108 0.00264299254855 0.00165543219831 0.000698244641648 3.95666 3.94057 -5.88669247537 -59.1380981378 3.98924153257
-111.532 35.0951 0.00223321236102 0.00146824846343 -0.000656228395132 0.00129623251687 4.22768 4.04927 2.43405861252 -39.7959262229 2.5278514506
-110.713 35.0789 0.000496304955257 0.00130842587244 -0.00111934820158 0.00131901851977 4.43883 4.13444 4.3340924391 -17.3076497249 1.35728760559
-109.736 35.1181 -0.000592155125969 0.000706809302106 -0.00226637866299 0.000283496783447 4.30365 3.88244 8.06334795683 2.41522971969 0.317206344739
-109.388 35.1118 -0.00169479364739 8.05449389626e-05 0.00220821621608 0.000177106844685 3.9233 3.79857 2.40854775025 20.1625022901 -0.909978813729
-108.5 35.1259 -0.00206995276561 -0.000728966477866 -0.00124970974703 -0.00149464833967 3.76892 3.91887 7.35289052402 32.6680218693 -1.64359394393
-107.648 35.117 -0.00239412316203 -0.00167580444506 0.000779974099645 -0.00286147299975 3.534 3.70956 5.95756588105 44.0580413877 -2.63576240145
-106.867 35.0719 -0.000718945315928 -0.00125244839848 -0.000600800486095 -0.00558295742362 3.65179 3.7145 4.66533991023 18.9230918066 -1.4441263878
-113.83 34.5935 -1.75592136601e-05 -0.000569715558322 0.00234604715665 0.000473034854254 3.74409 3.99462 -29.3397167893 8.13985984145 -0.188131687602
-112.891 34.4692 0.00161782375629 0.00371914920817 0.00245160475147 -0.000349507254674 3.22917 3.5889 -32.2767472787 -59.874163777 2.55658109487
-112.237 34.4866 0.00430670764291 0.00407273688615 0.000927098190623 -0.000973881638551 3.80618 4.18166 -10.546825346 -87.5996508571 5.90182838472
-111.441 34.4178 0.00280565018853 0.00302465196469 -0.00223862340914 0.000533043553398 4.26129 3.84886 1.18769024501 -61.2923830734 4.11764831193
-110.806 34.3371 0.00125714795342 0.00242448334551 0.000132093304762 -0.000572496931384 4.05375 3.87665 3.9225465225 -36.6877527066 2.70138101252
-109.95 34.5293 0.000215541758114 0.00102187650454 7.0205401119e-05 -0.00177742316207 3.87143 3.77124 4.5206395468 -11.3262959975 0.967027801035
-109.29 34.4275 -0.000306583769875 0.000299450717739 0.000557326936631 -0.00186526131215 3.716 3.60462 5.55236928301 1.49685586659 0.0891542044329
-108.498 34.5421 -0.00106534800109 -0.0008288397678 0.00094123546134 -0.00136915636068 3.81082 3.73453 4.31637017153 20.3643480993 -1.27139704233
-107.786 34.4457 -0.00133863379392 -0.00183706861766 -0.000620680284223 -0.00110914517328 3.93333 3.83864 5.99958148606 31.5777090698 -2.26013193976
-107.01 34.5058 -0.00108368577366 -0.00209868305062 -0.00156995993978 0.00346203956482 4.51525 4.53797 0.622455658961 31.6642845714 -2.34433563871
-114.524 33.7503 -0.000355802054229 -0.00040293311947 -0.00199506112877 0.00278335026932 4.5468 4.44016 -5.22445470335 7.98686561371 -0.531952495046
-113.829 33.8142 -0.00246202802445 -0.00069929656484 -0.00439825789308 0.00262492089501 4.79531 5.12626 -16.1461614155 27.4550943877 -2.47973025723
-113.005 33.9383 -0.00178539969284 0.00190744290204 0.00438677117623 3.90161486942e-05 3.11535 3.53554 -37.5005457661 -23.5103393743 -1.43226298329
-112.333 33.9535 0.00439108814528 0.00489874104865 0.000324129739968 0.00167339274527 3.42905 3.66756 -26.4642958455 -92.5139758031 5.8907215141
-111.478 33.8798 0.00369470566001 0.00464491483149 -0.000753307691806 -0.000986925022171 3.85555 3.97464 -4.39368288451 -88.7419657425 5.89366438586
-110.844 33.6953 0.00309879434415 0.00297469556186 6.02476183455e-05 -0.00206741751014 3.87851 4.02595 2.89833394588 -64.422419943 4.2446859417
-109.254 33.9571 0.000534706801422 0.000273979865054 0.000364729827763 4.94848428593e-05 4.0515 3.97661 3.24420439222 -9.02731620198 0.530555674746
-108.377 33.9085 -0.000307952151774 0.000121891610942 -0.00030108034856 0.00233342389875 4.29 4.09234 3.08180978883 2.84942862145 -0.071023153733
-107.674 34.0087 -0.00124782104373 -0.000242758753016 -0.00162114986335 0.00258149098029 4.40421 4.17928 4.802162677 18.1792249633 -0.855658755291
-106.921 34.0739 -0.00124694685664 -0.000540017780622 -0.00276809674097 0.000625592219535 4.20474 4.04336 4.1749742025 20.5869427707 -1.10390912869
-113.657 33.1999 -0.00230674966272 -0.000817412185838 -0.00491413835091 -0.00170866457813 4.72868 4.32033 -3.9492161707 32.2325231847 -2.25842084552
-112.946 33.3627 -0.00405741889041 0.000128824837381 0.00472146659008 0.00162520420418 3.39507 3.87162 -32.45928327 13.452367983 -3.89417457222
-112.158 33.2893 0.0022654156127 0.00569912272461 -0.000225259167217 0.000739793512771 2.69363 3.16322 -37.6523729696 -90.4645645001 3.24462112368
-111.427 33.341 0.00578321985503 0.00476409700763 0.00293222359431 1.79426265225e-05 3.58638 3.83932 -13.2746418397 -109.217858978 7.47511677372
-110.472 33.2969 0.00353899698556 0.00244220017157 -0.00175388956809 -0.000614509401126 4.04996 3.75894 2.63158415313 -65.0644159083 4.09032524163
-110.036 33.0851 0.00253446025656 0.00179108393834 -0.00141609008574 0.00033429260237 4.25428 4.03366 4.28362457869 -47.1541590902 2.92790074918
-109.266 33.2921 0.000629845721304 0.00106313448885 -0.00139744875333 0.00142747803001 4.3615 3.97223 1.86968490402 -17.3586862361 1.22878577127
