-113.767 32.7683 -0.000798252144089 3.19171537216e-06 0.012614184017 0.0209215248709 4.03765 3.9988 -22.1716125849 4.73209585039 -0.730624458333
-112.883 32.7513 -0.00745874967641 -0.00289307191388 0.0214220926524 -0.0174742943449 2.75287 2.75924 1.98047795929 113.032827894 -7.09744220166
-112.228 32.7006 -0.00145635686022 -0.00446765226252 0.0162081918746 0.0156497374069 3.9499 4.02346 -13.4193209408 68.187955957 -3.70624290287
-111.704 32.5618 0.00629145672427 -0.00381972692644 0.0156399367903 -0.00897496577553 3.01805 3.04084 1.37952686125 -34.5560930524 1.2026607029
-110.739 32.5716 -0.00281872974511 -0.00357207126169 0.000857724669288 -0.00486212665256 3.48034 3.48891 0.860470866295 67.7068279032 -4.54816058423
-109.97 32.6399 0.00342184214673 -0.00386992783306 -0.0221516835458 0.0136354633386 5.28397 5.46644 9.73254040985 -15.4534204535 -1.62681021509
-109.303 32.7663 0.000430393222983 -0.00627532283522 -0.00197517868827 -0.018728894197 3.32466 3.32968 6.58530369617 45.7712704681 -5.06822398156
-108.633 32.5466 -0.00579758389048 0.00146658123634 0.0239568207491 -0.0065670101227 2.9311 2.93406 -10.2596350888 41.9699211492 -3.37419487323
-107.785 32.5324 0.00296678615396 0.00259237642102 -0.00927621309704 0.0162436234278 5.08442 5.10181 0.71440577982 -60.3652164053 3.84856147058
-107.001 32.6995 -0.00296000254502 0.00563397835892 -0.00527787108932 6.52633056755e-05 4.11205 4.11488 6.26354047639 -3.58778057072 3.41657265098
-112.812 31.9559 -0.00275411671753 -4.84483795631e-05 -0.00064176696356 -0.00368716369331 3.66878 3.67541 3.61158875261 32.2868338202 -1.81334675175
-111.457 32.0022 -0.00233051194496 -5.63488319751e-05 0.00776020969793 -0.0136316319643 2.98594 2.98572 0.485915319803 27.031993713 -1.59121299306
-110.816 31.7748 -0.0019808608553 -0.00168037310926 0.00695133606677 -0.00394614214748 3.31028 3.30791 -2.96550295952 39.5271668484 -2.58693266303
-110.046 31.9737 -0.00245397804466 -8.31768147931e-06 -0.0172785297282 -0.0234867317977 3.37344 3.37488 15.3337840621 34.0235030167 -1.04921364245
-109.259 31.9989 -0.00455709953093 0.00272304059749 -0.0118070202305 0.000728956545654 4.31321 4.32148 7.82318986573 37.5973090456 -0.0715159857031
-108.527 31.9041 -0.00119564615987 -0.00110777797956 0.0128583348038 0.000665659013901 3.45028 3.45173 -7.97746391645 25.0230725435 -1.62985844912
-107.778 32.0094 -0.00173737627138 0.000987600103049 0.00445048362948 0.00547010260115 3.81071 3.83204 -5.52018451699 9.165502761 -0.465323168881
-107.101 32.1046 0.0037681581575 -0.00109171388206 -0.00951238983404 -0.00131712627791 4.02461 4.07705 8.25663733241 -43.2191161018 0.828915562017
-109.991 31.439 -0.00696381239928 -0.00482451111059 0.0012220762272 -0.0180374161766 3.18409 3.20353 1.71048003067 129.559471736 -8.13407542422
-109.281 31.3757 0.00282334563273 -0.00450055099307 -0.0123398845972 0.00184231488948 4.33582 4.37195 7.44293428262 0.543053901882 -2.28024584382
-108.528 31.3369 0.00412989432212 0.00119054428441 0.0119377343852 0.00898005418176 3.80758 3.8109 -13.5497803621 -53.3481784507 4.00255776625
-121.48 49.0983 -0.00117128784253 0.0017955769706 0.0117727480598 0.00300331722555 3.71222 3.71365 -2.24581258639 -6.43535171491 0.396164058672
-120.384 49.048 -0.000726250893921 0.0010394303241 0.0120519383788 0.00948639711638 3.77571 3.77512 -3.3087887983 -3.28788162285 0.195347678674
-118.585 48.9752 -0.00316731890911 0.00104632840736 0.0193705464333 -0.000404761872509 3.61589 3.61619 -2.9724977773 20.7416110635 -1.44892860382
-117.559 48.9813 -0.000222099541965 2.1769587822e-05 0.00877220682724 -0.00421184509744 3.67578 3.68129 -0.845921702627 2.06587060383 -0.128711524588
-116.363 48.958 0.00394111488136 0.00458696698228 0.0230219157689 0.00318953928563 3.62592 3.64192 -4.14984076596 -81.0361416881 6.04308446429
-114.413 48.933 0.000258404483676 0.000376420099487 0.0027056667048 0.0056350932397 3.84159 3.8419 -1.21805589398 -5.90507354397 0.455785276606
-113.422 48.9725 0.00026787093223 0.00299738690632 0.0167388981017 0.00368533088019 3.69894 3.70842 -3.34265892363 -28.4512070804 2.50153213558
-110.699 48.9448 0.00119195321539 0.00205768120998 0.0194974831266 0.0138942808808 3.80202 3.79507 -5.21577028125 -30.2297385864 2.35673377985
-109.846 48.9198 0.00473685824623 0.00141968013766 0.00723325908259 0.0136624527873 3.91154 3.92689 -2.98590518352 -64.7679030742 3.85659852118
-122.096 48.2641 -0.000747015323108 -0.000660494121922 0.00299947719688 0.00279288376443 3.7975 3.80164 -0.891239896528 13.186503446 -0.996040659338
-120.12 48.4607 0.00149326839429 0.000732818198951 0.00804228618857 0.0111705679956 3.83456 3.84555 -2.96574015883 -20.9068569605 1.58153186578
-119.333 48.3584 -0.000362816487635 0.00276605044888 0.0130176105406 0.0145008700366 3.8192 3.83444 -4.24459475197 -23.4386590274 1.64802004954
-118.149 48.4226 0.00265548770777 8.19758625744e-05 0.0120040984781 0.00796448893872 3.76846 3.77482 -3.08712045055 -26.4959877579 1.90035932991
-116.367 48.4366 0.000308921946255 -0.00137804306816 -0.00111590741881 -0.00538518474696 3.74981 3.75999 0.913475414035 8.18859478398 -0.89553990033
-115.589 48.4694 0.00200169329354 0.00134572940093 0.01294921289 0.0109168630818 3.80091 3.80602 -3.68862985381 -32.4084983306 2.33703464268
-113.273 48.3609 -0.00286159891358 -0.00306411297285 0.00758408192561 0.00150699965257 3.75318 3.76165 -1.5148782236 56.4913540283 -4.17015427268
-112.562 48.3129 -0.00744831276583 0.00338968446886 0.0129754769895 -0.00379141024439 3.65212 3.69085 -1.77561264618 54.2510832609 -1.72133257953
-111.707 48.4128 0.000372935593169 0.000255026470906 0.00548573606279 0.00620592513741 3.82874 3.84769 -1.75803976208 -6.20458682692 0.424481007268
-110.799 48.2921 -0.00140819390605 0.00587551032909 0.0284941099369 0.0222703487962 3.81086 3.83515 -7.88969403624 -38.1875300842 3.53018340014
-109.777 48.3943 0.00459332024833 -0.00107985306425 0.00920908363186 0.00633990467113 3.80462 3.8179 -2.4349109898 -44.161441398 1.68292771677
-120.894 47.923 -0.00138183095853 -0.00212682565277 0.0027338003177 0.00621724769467 3.83665 3.84539 -1.38036612258 33.1549858909 -2.47881931594
-119.045 47.7849 0.00173665269085 -0.00339493412437 0.0187435128494 0.0237720668699 3.84979 3.86148 -6.5956913276 18.8135370553 -0.942512207918
-118.274 47.8006 0.000272562264465 0.000482970023398 0.0221246704068 0.0083289251203 3.67159 3.67658 -4.66147790466 -7.23813345351 0.531969312721
-114.574 47.6795 -0.00359892903536 0.00130244569138 0.0109510721277 -0.00544376189966 3.64728 3.64934 -1.13160990306 27.4997241537 -1.21599075599
-113.747 47.7687 -0.00143720356623 -0.00155113873457 0.0108162070956 -0.000311425281793 3.70433 3.70836 -1.81007327793 28.6287935281 -2.10763270255
-112.607 47.775 -0.00116791181145 -0.00279365741777 0.00649359428632 -4.02720586844e-05 3.74565 3.77141 -1.13538261523 35.6748227625 -2.94380753874
-111.746 47.8012 0.0104379002314 -0.00101015520441 0.0389861510135 0.0314360084413 3.79118 3.83623 -10.9069047695 -91.8784006343 6.67078783051
-110.763 47.6327 0.00186729257787 -0.00242027103163 -0.00240045245003 0.00802046188389 3.91944 3.91732 -0.531523588466 -2.97895045309 -0.981766907895
-121.989 47.1881 -0.00197182858514 -0.00444467346714 0.0294981408469 0.0111524677226 3.60038 3.60969 -5.92770239759 62.7497401782 -4.32205399482
-120.844 47.1935 0.00106017774262 -0.00107612700797 0.0119774261612 0.00922287438553 3.76938 3.76513 -3.24551834644 0.980376051416 0.0505536222422
-119.973 47.1936 -0.00236087250863 -0.000242198763203 0.0294092909374 0.00115052087208 3.5295 3.53204 -4.49887855536 23.7934544855 -1.90929754668
-118.921 47.0573 0.00369987390195 -0.00552664937872 0.0253837724246 0.0140198523378 3.68622 3.64416 -5.97210537887 22.2803066919 -0.932063567422
-118.309 47.0615 -0.00686562998497 -0.00536663281036 0.0169057129203 0.0256169736179 3.89249 3.92126 -6.62518848914 116.268794774 -8.69474466173
-117.276 47.0547 0.00443833586549 0.00108498039304 0.0124556575205 0.0171047049032 3.86043 3.8545 -4.55572158374 -53.1399648697 3.90552147293
-116.335 47.0477 -0.00119749840943 0.000303955594978 0.00881484827102 0.00576124077791 3.78049 3.77442 -2.26791653979 9.44333027294 -0.569876305609
-114.459 47.0943 -0.00264189372409 -0.00301538009518 -0.0014724191507 0.00155999536629 3.83106 3.85286 0.0488080991654 53.9767558392 -3.99983639969
-113.506 47.0816 0.00250106566141 -0.00102565487981 0.0103844617303 0.00189226865719 3.73193 3.73521 -2.02849424757 -18.2397584308 0.749074811976
-111.549 47.0308 -0.00195356570166 -0.00206939269842 -0.000748440109987 -0.00405180997218 3.75793 3.75362 0.623673294995 38.4509162646 -2.80453693282
-110.687 47.1523 0.00514281454816 0.00454168869012 0.0222127593527 0.0286978107571 3.94281 3.9422 -7.77171383363 -95.3356594076 6.80091521693
-109.802 47.1961 0.000977948713156 0.00132866381578 0.00668118538238 -0.00240827409238 3.48243 3.48747 -3.72215337762 -21.8815360997 1.6497109521
-120.979 46.5433 0.000398138748107 0.0025692307672 -0.000481104456531 -0.00133805406798 3.79107 3.78528 0.278273815642 -27.9588504441 2.11864313443
-119.855 46.5585 -0.00105043127897 -0.00112830726485 0.0233301596735 0.0102037464759 3.66559 3.67567 -5.04066349168 20.8309542192 -1.53464964882
-119.06 46.4911 0.00398356099476 0.00184373558493 0.0211244830244 0.00728003656299 3.665 3.66769 -4.30561405818 -55.1928502005 4.16742739732
-118.146 46.5139 -0.00101762352107 -0.00177246257214 0.0182437282024 0.0089237129399 3.71327 3.69607 -4.16696791878 26.9407187906 -1.96569442507
-117.11 46.485 0.00444010395472 0.00629606554139 0.0210218266173 0.0167762434746 3.76761 3.81289 -5.8125783731 -104.105076709 7.55946044263
-116.209 46.3559 0.00147218170124 0.00379102004933 0.00035153864943 0.017006039123 3.99163 3.97515 -2.54173470058 -49.8662911227 3.79887977912
-114.188 46.4423 0.00380197070851 0.000756069202773 0.00966658670681 0.0105498296488 3.83112 3.83189 -3.09337593033 -46.7129478459 3.04244148231
-113.493 46.4162 0.000102519591443 0.00352996193488 0.0252857896669 0.0214215195987 3.8004 3.81282 -7.22050698038 -34.8602229718 2.61739974535
-112.641 46.4246 0.00122245371529 -0.00485247318115 0.0110128269932 0.00449257353682 3.75685 3.74923 -2.49053400061 28.2637030616 -3.06051645672
-111.676 46.5336 0.00137013715454 0.00382199451326 -0.00153833904641 -0.0133745295671 3.65703 3.64861 1.85474555105 -44.7536817136 3.95668745796
-110.858 46.462 -0.00568746189486 -0.00300082739832 0.00343862114671 -0.0153275805147 3.59867 3.6403 1.16078146283 89.4257516301 -5.5858102786
-109.914 46.5663 0.00598024109137 -0.000240427883523 0.016479276046 0.0169236462699 4.2405 4.25924 -23.7282460236 -43.6521322452 4.83919812228
-123.559 45.9306 -0.00278937376621 -0.00162452757659 0.00336777765462 0.00035960942584 3.76784 3.76954 -0.54954743855 41.0938087727 -3.15896631797
-122.419 45.9325 0.000992737638641 0.00183038131366 0.0182506520163 -0.00120794074494 3.60462 3.60735 -2.42814840216 -27.2565977008 1.95441330186
-117.909 45.7087 0.00243915126595 0.00156264696894 0.0250980296532 0.0120506183328 3.67421 3.65268 -5.64209985617 -38.3551713484 2.85251328822
-117.228 45.9734 -0.00269604495427 -0.00498438724606 0.0108911809306 0.00775878811077 3.77719 3.78839 -2.88244189113 73.8932963505 -5.46542959103
-116.155 45.8883 0.00282794119685 0.00426061131744 0.0145512514054 0.0494843642964 4.19664 4.25879 -10.3529817314 -69.9382887159 4.90274513579
-115.255 45.7565 4.32717621517e-05 0.00502550326925 0.00215551113015 0.00408662162324 3.82615 3.84367 -0.9297995128 -44.8569399093 3.89155342587
-113.37 45.8122 -0.00569097333888 -0.00232093974961 0.00691010689708 0.03140273476 4.10949 4.14208 -5.73524719412 80.1396411702 -5.5542094312
-112.493 45.8409 0.00595877022894 0.00355747230641 0.017821967052 0.00999048604991 3.7561 3.78967 -4.37324469455 -95.4642050137 6.55985564189
-111.626 45.7843 0.00105910235046 0.00283840986757 0.0185971849623 0.00326111122954 3.68146 3.67873 -3.61649216624 -36.2576930831 2.88222915282
-110.659 45.9054 -0.000958266012482 -0.00303051157979 0.00157189913455 -0.0187991280063 3.57363 3.57221 1.86478376328 33.7777419743 -3.08089804009
-109.716 45.9046 0.00410534241369 0.00202578193695 0.00441306494976 -0.00331360389395 3.65566 3.68402 -3.93697414345 -63.308166237 4.07031584146
-121.317 45.2422 0.000616416377906 -0.000897093788068 0.0242429812844 0.00386803116411 3.5918 3.58862 -4.07247839579 3.81372448351 -0.114106793481
-120.635 45.2357 -0.000737683982975 -0.00158542083443 0.0228307927776 0.005246798427 3.62037 3.61385 -4.1342896437 22.8058446856 -1.59862433961
-119.669 45.2664 0.00556933247134 0.00349337116975 0.0277067058981 0.0195859167925 3.70039 3.7175 -7.13396587897 -84.8559467511 6.52454279674
-118.96 45.2904 -0.00216046464995 0.000596328095992 0.0214297573393 0.0164361867424 3.744 3.74597 -5.77674210333 13.3434764013 -1.23096502105
-117.12 45.2925 0.000836516975333 0.00188728813721 0.0233452212759 0.00637296843393 3.64244 3.63675 -4.55328382901 -26.6098213965 1.91838403013
-116.268 45.3997 -0.00224547623165 -0.00582085652858 0.0165245782144 0.00717652633778 3.71944 3.74026 -3.68192074692 77.9151231307 -5.75751449572
-115.326 45.1285 0.0002340356481 -0.00310622913032 0.0105230499268 0.00763695705792 3.78497 3.79988 -2.81643959755 26.4019061867 -2.15235001473
-113.46 45.2432 0.000287092076548 0.000470102478926 0.00286093451536 0.0110444814755 4.42031 4.41749 -10.6160198507 -7.54389669372 0.528764756638
-112.489 45.166 0.000296289260115 -0.00296874498977 0.0204927274144 0.0134955684161 3.46598 3.47506 -27.7275565428 35.4378355834 -1.04752522338
-111.805 45.2285 -0.00266071728532 0.000655582085073 0.0153471928979 0.0142910126219 3.48868 3.49412 -23.1225643504 11.7578259905 -1.92076462755
-110.74 45.3212 -0.00184899268594 -0.000210867499811 0.00916505374051 0.00283467014842 3.65884 3.66027 -7.35046324462 21.4861880991 -1.37926718199
-109.563 45.3171 0.00219567449387 -0.0046112988515 -0.0012847398328 0.00134556061542 3.79915 3.81166 0.982698744471 7.7561367442 -2.77419895802
-120.335 44.7344 -0.001474700637 0.00404815817668 0.00503209728938 0.00521227469144 3.80106 3.8081 -1.57759562103 -25.9414311166 1.73631394985
-119.565 44.5913 -0.00442296547017 -0.0044012033767 0.00388644470959 0.00476776221 3.80968 3.84152 -1.33303662807 85.4244731149 -6.23963857457
-118.67 44.5191 0.00317436293678 0.000268538404773 0.0162673140517 0.00410908707171 3.68123 3.68635 -3.10157503707 -32.9079560833 2.4739713564
-114.855 44.5494 0.000672687875435 0.0031143494142 0.0367780721953 0.000187948952775 3.47763 3.45822 -5.73521942381 -37.1817909704 2.6884193922
-114.255 44.5642 -0.00220867598406 -0.00199523859617 0.0199652363969 -0.00293196534367 3.59498 3.59505 -2.85709300953 41.57144239 -2.95548056709
-113.367 44.6165 0.00420006461462 0.00213345511099 0.0370406579426 0.030267065555 3.76208 3.75618 -10.3607060275 -61.7379029094 4.54014757311
-112.644 44.6173 -8.72233816579e-05 0.00241186611187 0.0158661715154 0.0022548360911 3.52137 3.49389 -13.2842091725 -25.0414459047 1.49301071983
-111.248 44.7038 0.00444850704836 0.00186650018962 0.00231380939217 0.00956500747124 4.40154 4.41131 -5.3260669795 -64.9061811665 4.29457549941
-120.211 43.9437 -0.00634133591257 -0.00304522147591 0.00727007278637 -0.00309174047405 3.69693 3.7147 -0.629247813056 90.6906957655 -6.65751344931
-118.569 43.9104 0.0046979433117 0.00830686735135 0.0184077351662 0.013998928943 3.75175 3.81692 -4.95069820537 -128.642916805 9.0424306701
-116.803 44.086 0.00116237324447 -4.76055175649e-05 0.00417170467071 0.00717049692773 3.8368 3.826 -1.72890790635 -11.3571558829 0.757317831772
-114.117 43.9146 -0.00109658483962 0.00197252495337 0.015637902605 0.0079776951708 3.74294 3.69748 -3.69365498283 -7.1281538405 0.729181918424
-113.452 43.9286 -0.00156574462184 -0.000488588981335 0.0450585767755 0.0178506470392 3.56588 3.5633 -9.5614006405 20.0032824113 -1.48081836609
-112.485 43.9997 0.000307465625544 0.00252712158687 0.0247099208283 0.00830933911063 3.56924 3.57872 -25.377943313 -33.4846822008 1.46145728275
-111.487 43.8756 -0.000246801436777 -0.00264090020012 0.0189864139479 0.00842215702491 3.57932 3.58631 -15.628964574 31.2928502678 -1.8512894438
-110.576 43.92 -0.00171485782658 -0.00115456088789 0.017523621093 0.00754391324562 3.68904 3.69428 -17.1970061834 27.9768509503 -2.06101408393
-109.817 43.7013 0.00358314319529 -0.00144438488857 0.0200152569844 0.0197693593196 4.16135 4.18268 -21.7494980699 -12.1052577861 2.12621948486
-120.153 43.2515 -0.00171380429569 -0.00105924303886 0.0136996335086 0.0138394512843 3.79037 3.79349 -4.23290321741 26.4256607051 -1.99042316225
-119.311 43.3736 -0.00287254995003 -0.000856125491264 0.0188752667784 0.0120633248888 3.72341 3.73961 -4.68605616307 34.9698582258 -2.72738031146
-118.474 43.358 -0.00462046018568 -0.00213199732687 0.00982053071256 0.0241724341943 3.94581 4.02103 -5.37351082718 64.4127341942 -4.87877530873
-117.754 43.3471 0.0110313467809 0.0143407252694 0.00624680116551 -0.0127414459824 3.61278 3.72199 0.832934188231 -246.977216394 18.0444125994
-115.828 43.4151 0.00276022787553 0.00656308133156 0.0105793108628 -0.000904587488782 3.69251 3.70336 -1.57808558679 -90.1763556039 6.72140512944
-115.098 43.25 0.00159026750462 -0.00153308321655 0.0155737972409 -0.0191179693801 3.47445 3.47795 0.0520207344603 -3.41778025521 -0.162896798567
-114.174 43.3979 0.00262816371826 0.0120130187666 0.0104234370321 -0.00107975804698 3.69523 3.73444 -1.57992151977 -137.509893503 10.8651451544
-113.518 43.3234 -0.00566423312755 0.00361357405109 0.0192673713408 0.0257343896564 3.89683 3.89588 -6.94405957 20.5707276735 -1.44259829173
-112.433 43.3998 -5.35691457407e-05 7.8745152587e-06 0.0160270135371 0.00489852180291 3.65291 3.64464 -16.3716611008 0.366180810377 -0.0381162193215
-111.612 43.2741 -0.000617555865739 0.000300106055751 0.0249781692652 0.00680560784929 3.35142 3.32956 -25.0628564669 0.537927262882 -0.393865539842
-110.712 43.3629 0.000431613675067 -0.00109134630452 0.0187668308852 0.00131024840801 3.35078 3.34539 -19.1619820326 8.95001038559 -0.293346091622
-110.02 43.2112 -0.00301872105423 -0.00430257858038 0.00493033123925 0.00731220717642 3.94286 3.95003 -15.5339266153 74.7791503499 -5.0878286543
-119.247 42.6912 -0.00635447529928 -0.00132812609763 0.00582572037486 -0.00480359016953 3.69456 3.7132 -0.167650143792 75.6054771208 -5.40995906909
-118.486 42.7308 0.00378469389218 -0.00182479863243 0.0248353980294 0.00932758522179 3.64111 3.65365 -5.09853568778 -15.610541593 1.6427513239
-117.725 42.6996 -0.00463295176332 -0.00166151306961 0.0183082002427 0.000184171581909 3.62567 3.65232 -2.81456769257 61.7158241438 -4.47564463669
-116.87 42.7779 0.00373557578006 -9.76896479518e-05 0.0215972393019 0.00283092260446 3.62233 3.63808 -3.7304116946 -35.5450801824 2.60297699181
-116.032 42.7713 0.00154455550697 0.00146668405763 0.0238820988508 0.00526014395788 3.62712 3.62821 -4.46658145108 -29.8700354966 2.12965875089
-114.903 42.636 -0.000147852001042 0.0035633433198 0.0124537997505 0.0146754732386 3.83785 3.85523 -4.1739279947 -33.4258998279 2.45942459111
-114.084 42.6493 0.00668638894596 0.000172999603314 0.0134048887982 0.0062666632785 3.74399 3.77553 -3.08300714362 -71.8961162974 4.6044950088
-113.176 42.5452 -0.00793243007998 -0.000999934419453 0.0385660805479 0.0301484932122 3.29878 3.31852 -28.3215017797 58.2827544395 -7.66517245533
-112.531 42.6852 0.000760073479474 0.00376692349348 0.018249625571 2.13170654671e-05 3.44608 3.47117 -8.94068866457 -46.0982257381 3.15894983375
-111.588 42.8321 0.00299727326963 0.0046964655153 0.0184497797119 -0.000823489036313 3.28457 3.29711 -14.9522677928 -78.8973383097 5.28526134419
-110.92 42.7507 0.00344293575704 0.00183147148323 0.0114224557112 0.00660031639954 3.36719 3.35114 -26.1980809474 -46.4776442074 3.89961473028
-110.042 42.6372 -0.00124785887115 0.00154523298457 0.00637085881485 0.000315548601405 3.74857 3.7082 -8.19471073093 -1.79210442852 0.295205573173
-108.847 42.8247 0.000884111049889 0.00349543227733 -0.0275589027249 0.00353246193452 4.66309 4.70874 23.2304754894 -20.9260353192 3.59398750935
-108.342 42.6579 0.00455232190217 -0.00392402710717 0.00431504822226 0.0177783667802 4.7117 4.75948 -13.6168428382 -4.99561663904 0.541897026013
-116.471 42.0773 -0.00413482434166 -0.00514024770186 0.0473068739961 0.0480462436742 3.73814 3.76156 -14.5692712321 92.4089498936 -6.28847364189
-115.754 42.1669 -0.000920360421168 0.00384979721446 0.0221298123453 0.0297103898114 3.87877 3.88834 -8.07049662723 -32.5127677435 1.82609598554
-115.016 42.146 -0.000486913361879 -0.0020868449415 0.0247538434265 0.0333888100644 3.89332 3.92832 -9.06326786475 26.8532218835 -1.73047558581
-113.944 42.0886 0.000660814794347 -0.00523683477693 0.0133553243438 0.017507102001 3.74735 3.7354 -20.7963858392 59.591207595 -2.05874861878
-113.24 42.0343 -0.00635509456251 -0.0103641701372 0.00504295668531 -0.00160140063786 3.2207 3.23375 -16.7620309172 172.824895657 -11.1459436209
-112.386 42.0041 -0.00503809812593 -0.00653218868678 0.00733791811741 -0.00860078530435 3.43816 3.47323 -2.6437941779 115.118555194 -8.24247544709
-111.432 42.0149 0.00801937494329 0.00127743958061 0.0321801294421 0.0129165780695 3.00294 3.0117 -15.8590019418 -85.0555441959 7.1126051131
-110.873 42.0995 0.000219684068535 0.003979047934 0.0173536380569 0.0121804751886 3.66714 3.66967 -20.5766964301 -49.1741057982 2.39998641339
-110.036 41.9243 0.00617639410043 0.00864244805867 0.00615379613655 0.00860666190441 3.08532 3.12006 -38.1243171617 -145.278551318 8.45768883505
-109.357 42.1012 -0.000477001638721 0.00103108286678 0.0129181395831 0.00162352653853 3.39688 3.39228 -10.9347666662 -5.57337088675 0.397154150565
-108.34 42.0073 -0.00337921618609 -0.00349551224663 0.00553634766948 0.00734300254488 4.22355 4.21749 -13.583451972 70.3865997478 -4.8584061861
-107.369 41.9641 0.00668846992331 -0.00219259952138 -0.00488906334076 0.00314027228938 4.39169 4.33765 2.06918559022 -69.0151981648 1.37170375995
-106.434 42.031 0.00357185651618 0.00252119541565 -0.00395739559282 0.0080109219953 4.38857 4.39326 -0.413546994863 -63.4458792258 3.99142754751
-119.171 41.3884 -0.0051243948103 -0.00139607979547 0.0144832022536 0.00064990108951 3.66091 3.676 -2.24370183879 62.8858521506 -4.71201791072
-118.379 41.4483 0.00247279603213 0.00450663284261 0.0215755751927 -0.00612761380296 3.53593 3.53538 -2.27010155535 -69.6297343606 4.8971996198
-117.45 41.423 -0.00165055510046 0.00175377592753 0.00789972194071 -0.00468634363032 3.67655 3.68186 -0.536974766289 -0.285951385741 0.125611114032
-116.54 41.522 0.00542819895787 -0.00110051254041 0.0195134644241 -0.00224412025678 3.5942 3.56522 -2.66827794276 -43.3417161596 3.0482238371
-115.791 41.4311 -0.00378862751738 0.000593565590071 0.0174809764729 -0.00685647411187 3.57149 3.57901 -1.75460966385 33.3680014233 -2.15928854023
-114.915 41.4157 0.00268500833402 0.00263180919249 0.018515241111 -0.00289809912087 2.97009 2.97191 -10.3099816804 -53.0853128435 3.74426213655
-114.165 41.3602 -0.00205044080042 0.0056297366702 0.00437824995717 0.0153442770184 3.73579 3.76382 -15.6797424545 -49.3770865951 1.51491328139
-113.347 41.503 -0.000764762374646 0.00440885468865 0.0187648104278 0.0234559308746 3.46033 3.44255 -27.7954357042 -53.369759229 1.05908889174
-112.448 41.4632 -0.000810874064765 0.00388644416848 0.0127680338543 0.0176777869599 3.51227 3.50571 -19.7115701954 -40.6518842327 1.41177910569
-111.63 41.3146 3.66251044813e-05 -0.00805911270439 0.00627645787256 0.0144919844013 4.25802 4.24909 -13.8751606278 89.3617438694 -5.07798537008
-110.666 41.4729 -0.00303987365075 2.16640907884e-05 -0.00906838201035 0.00646655016409 4.41052 4.42633 4.04861627263 37.1833397646 -1.57278223298
-110.067 41.4272 0.00267686885931 0.000416075432567 0.0128739503866 0.013391469413 4.02972 4.08811 -15.3954160538 -29.3251208879 2.32602204426
-109.157 41.5047 0.00499398605276 0.00548132007043 0.0392164798092 0.0193498463224 3.13164 3.13916 -44.6432260927 -92.2777070605 5.98956583191
-108.187 41.4906 -0.00158577412241 0.00221466000732 0.00232687796371 0.00296701299417 4.17172 4.13909 -7.7080626962 -3.28834065272 0.660203675015
-107.364 41.6067 -0.00750434714008 0.0106243154217 0.0429752328087 -0.00783721922415 2.80282 2.81653 -48.656281332 -133.973983422 -5.60027348422
-106.596 41.4033 0.00194984448475 -0.00115284122603 -0.00646464332916 0.00560212146985 4.47425 4.51622 -1.25196348883 -15.2253344025 0.0562262632707
-119.835 40.7484 -0.00110977582294 0.00139216161067 0.00544822905681 0.00408853068564 3.74259 3.72004 -7.60452559173 -6.48247786902 -0.0689339393876
-118.971 40.7797 -0.00290574962195 -0.00298574573658 0.0331076930994 0.00129466354343 3.48745 3.49252 -4.85532741108 58.2872093861 -4.14514595857
-118.134 40.7811 -0.00155613558576 -0.000720193706478 0.0301629782042 0.00331014335643 3.53541 3.59024 -4.84930206363 22.0041721613 -1.64786081326
-117.524 40.852 0.00536760863125 -0.00138733354943 0.0267662139013 0.000683444750978 3.54842 3.57419 -4.04113199761 -36.5792311619 3.03013155804
-116.508 40.7186 -0.00185554424476 0.0110346143476 0.0143234467635 0.0190524824866 3.84805 3.9718 -5.1742807812 -98.0752402008 6.04821959815
-115.736 40.8167 -0.00142148547785 -0.000502763892959 0.0212542141885 -0.0130213510329 3.48303 3.49661 -1.44073074794 19.6308471632 -1.33851723118
-115.039 40.8522 0.00237439681631 0.00142371942847 0.0177531432016 -0.00767537988738 3.56243 3.58236 -1.71419609189 -38.6310644907 2.65519792367
-114.204 40.8556 0.00197991461264 -0.00559846104154 0.0319496946098 -0.0131297206758 2.86715 2.87978 -7.44546511225 39.7538207858 -2.33143812781
-113.187 40.8513 -0.000794916475572 -0.00371164850817 0.0131434626784 0.0102223356809 3.48582 3.49352 -14.1253540092 49.3697554959 -2.87094394939
-112.52 40.8903 -0.0072071526358 0.00295186674083 0.0330046693059 0.0125760538889 3.01133 3.02818 -22.717618649 13.5843033442 -4.84689059386
-111.437 40.8869 -0.0008694208713 0.00136551857611 0.0121979801356 -7.47403992269e-05 3.4006 3.37234 -9.53022705948 -5.59063207979 0.314067718683
-110.834 40.9425 -0.00744901625494 -0.00178040356649 0.0245126273781 0.00890359263702 3.07181 3.08543 -18.6588096348 83.2121495795 -7.10957539651
-109.673 40.9763 0.00391862557245 0.00112108964898 0.0263474933077 -0.00459814199747 2.98416 2.99059 -8.42569974133 -52.6327968656 3.49646266559
-109.177 40.8936 -0.00186181038041 0.00189819511069 0.0233788154878 0.00971193109817 3.43893 3.41276 -21.700563975 -7.63555333535 -0.474501581604
-108.263 40.8338 -0.00318796284624 0.00794960026989 0.0355777599771 0.0117945415918 3.48959 3.51205 -37.7734023355 -94.2941025491 -0.401714182971
-107.52 40.76 -0.00146436220962 0.00350225416899 0.0110104907389 0.00384560978477 3.63023 3.66422 -8.39847822528 -17.0734010242 1.70657790799
-106.454 40.8023 0.00509783616382 0.00206271263511 0.0179503452748 0.00936321721416 3.95773 3.97453 -14.6869054799 -73.9917223982 5.0836737855
-119.827 40.165 0.000829712100245 0.00728952820526 0.00995639808435 0.0108845301081 3.65737 3.67133 -11.1442517678 -92.4694921455 4.61680575474
-118.877 40.1614 -0.00147122032208 0.00179602022664 0.0125912622841 0.00832498103669 3.43713 3.43343 -13.5907587002 -10.987366489 -0.334449629624
-118.155 40.2903 0.000816577906134 -0.0109658191427 0.0088189535738 -0.00114802302967 3.70072 3.73132 -1.16207891325 102.740029459 -7.0735305602
-117.19 40.1697 -0.00604757745761 -0.00287303915293 0.0169925488151 -0.0253772527768 3.40946 3.41748 1.01306216754 90.7268198905 -6.20693560469
-116.5 40.2917 -0.000650964255472 -0.00723121932899 0.00501300244577 -0.00574150238891 3.69308 3.80115 0.0464738443414 76.5292730342 -5.7535049698
-115.657 40.1313 -0.00294984154003 -0.000597475701368 0.0217413681364 -0.00617773457925 3.5393 3.54318 -2.44269610873 36.0540043768 -2.49038367632
-114.745 40.2679 0.000394904744496 -0.00355907853581 0.0164385421046 0.00134516378707 3.66004 3.65663 -2.79254942895 31.0796257022 -2.30215320476
-113.981 40.1314 0.00113698906186 0.000129988603672 0.00398053346623 -0.0126903251021 3.18055 3.1682 0.346961886697 -13.7542987453 0.826838277486
-112.469 40.2807 -0.00383433857905 -0.00356601523006 -0.0114285896685 -0.0107203578122 3.6689 3.67594 10.907589191 72.8207643361 -4.93016825038
-111.502 40.2067 -0.000238420865271 0.00112164851412 0.00755019937674 -0.0352929127236 2.65747 2.66016 8.1019236789 -4.89037936718 0.863901268229
-110.738 40.1948 -0.00116370466476 0.00131414703938 0.0261927701074 0.00205403438738 3.26949 3.27322 -12.9393183336 -3.43722296541 -0.0243820306146
-110.008 40.2655 -0.000201368770928 -0.000552695684192 0.0176128784984 -0.0140584324093 2.90731 2.90677 -1.98297712866 7.21848637289 -0.561323965793
-109.124 40.2982 -0.000396757107449 0.00128070827822 0.0332316472811 0.0224654297991 3.78188 3.78303 -26.1982310907 -13.4369240986 0.283953805072
-108.242 40.1348 0.00206743259993 0.00312852663796 -0.0129489148783 0.0238380632513 5.46143 5.53414 3.24476505121 -49.2262373061 3.74361189772
-107.47 40.2149 0.00364291480766 -0.0029285495369 0.00816292904361 0.0325188606284 5.11803 5.20214 -23.9808598528 6.18836311425 1.41182710765
-119.898 39.6785 -0.00134498884119 -0.00589132140025 0.00403441641139 0.00858695836377 3.86247 3.93832 -6.91448946132 77.8769669217 -4.57869853259
-118.889 39.5399 -0.00307284027986 0.000847581289604 0.0166651958604 0.00201599554509 3.25539 3.27127 -8.63211526446 15.5767203983 -2.00284420842
-118.08 39.6946 0.00137851179795 -0.000957889560059 0.0155623270193 0.00606369683183 3.70027 3.67027 -3.24916981696 -2.97012142037 0.384369691386
-117.14 39.5516 -0.00240845453555 0.00263759047654 0.0134771968492 -0.00353133024591 3.63453 3.62714 -1.51429061933 -2.63721496433 0.138773643295
-115.754 39.553 0.00479724287243 0.000563936391773 0.019342094028 -0.0358949857933 3.30168 3.30008 1.87172154114 -57.4727810973 3.54365190622
-114.908 39.4731 -0.00575623374269 0.0105330333018 0.00799839945779 0.0293766873827 4.03627 4.10469 -5.89543558624 -55.3324527157 2.89923418406
-114.016 39.455 -0.000850618345313 0.000922813117109 -0.0179394061175 -0.0316771657032 3.0668 3.07071 20.1274283411 6.87129508342 0.569243246569
-113.069 39.5906 0.00245258411776 0.0012077098819 0.00198069416114 -0.000516966730304 3.41482 3.40703 -2.75259346779 -38.0288309081 2.54029154202
-112.279 39.5708 -0.00365156110503 0.00133059482805 0.023101026501 -0.00425573470526 2.83354 2.8387 -13.8893519327 17.0859906011 -2.07764799715
-111.66 39.6092 -0.00143867068404 -0.000409112786549 0.0172617881005 0.00554244022257 3.22953 3.23954 -13.052243582 17.8332091596 -1.37309132039
-110.74 39.473 -0.00411322768526 -0.00282780649621 0.0240098569841 -0.0092129111737 2.87186 2.89051 -7.77811443244 71.7503258199 -4.89968621855
-110.246 39.6279 0.00250708414463 0.00235306322921 0.0146881292453 -0.0018850558768 3.28649 3.31342 -6.33930013653 -50.2172454014 3.42807836132
-108.981 39.6333 -0.00508698091762 0.0031385321482 -0.0128067943312 0.0162884679313 5.02746 5.03788 3.75580887817 40.5616887982 0.0943346571
-108.391 39.4998 -0.00157413631247 0.00110919750308 0.0174520217707 0.0136736592561 3.94454 3.965 -18.931891884 0.998923138031 -0.583511646615
-107.449 39.524 0.00532236037356 0.0028834147137 0.0133925958423 0.00368585241684 4.10383 4.10051 -12.6298747802 -85.4363262887 5.81245774739
-118.808 38.9383 -0.000987154731042 -0.00789805607992 0.00373581121269 0.00353782195981 3.74851 3.77068 -4.59858367834 95.3962068841 -5.77999749787
-117.932 38.8606 -0.000123570222553 0.000202313546755 0.0328779917869 -0.0165682224021 3.35167 3.36925 -2.20575774553 -0.923317284599 0.0464410585671
-117.182 38.834 0.000462757535894 -0.00124734503214 0.00898813914813 -0.00109270010581 3.69991 3.69954 -1.20203266843 8.07823958696 -0.544212976282
-115.654 38.8455 -0.00187794656418 0.000535738281692 -0.00121361784456 0.00659639608305 3.88337 3.90553 -0.795547826802 14.3131491534 -0.902074062918
-114.83 39.04 0.00541862596152 0.000210769604906 0.00414230229524 0.0168781277312 3.94173 3.97512 -3.2328856074 -57.4997396448 3.97117979095
-114.02 38.9551 -0.00372500374111 0.00231985238892 0.0158147440709 -0.0167807607894 2.85659 2.85816 -2.76487459712 15.9549868739 -0.883453229297
-113.277 38.9882 0.00505951781065 0.00769062646532 0.001268826243 -0.0171758919192 3.06859 3.07639 8.64039198748 -120.606483797 9.19963570071
-112.379 38.9995 0.00129931915963 -0.00998730259463 -0.0288464091146 -0.0162903852205 3.77135 3.78355 21.0894386759 26.377157999 -9.1133887665
-111.172 38.9176 -0.000362974205368 -0.00585872088979 -0.00984779461936 0.00227188144843 3.79442 3.79145 6.75838486906 48.3647566888 -5.22053284703
-110.133 39.1025 -0.000431397709596 -0.00337823986927 0.000776026034877 0.0218522391903 4.57031 4.6226 -12.4124783802 41.3273925424 -2.55784376514
-109.263 38.9553 -0.000757824781871 0.00498116746166 0.0144351415399 -0.00156234019737 3.18039 3.18033 -7.44362563416 -41.4737834307 3.14950987663
-108.296 38.9541 0.00430182740781 0.00143249218067 -0.00936363091264 0.00745566450886 4.47626 4.49426 6.58167978893 -66.1079843715 3.25470345514
-107.574 38.8347 -0.00133823862635 0.00206343845047 -0.0213905280542 0.0360034242604 8.76451 8.85789 13.3589888067 8.26267789451 1.48632508844
-106.91 38.8627 0.00401841584102 -0.000583118262744 0.000276459688047 -0.000746596120901 3.67374 3.69283 2.13007595112 -47.1522739422 1.5200586542
-118.106 38.3489 -0.0039427265401 -0.00629447408192 0.0022506655611 0.00245408304886 3.78939 3.80715 -2.14383991786 104.310353378 -7.15256831791
-117.072 38.2397 0.0033805288157 0.00217486443537 0.011192342067 0.00509956122098 3.73667 3.7558 -2.4749091067 -55.8877716797 3.95547777805
-116.302 38.2886 -0.00322402414297 0.00746617378652 0.0140167952206 -0.00220640594901 3.64211 3.66401 -1.79863393147 -44.0179383349 2.93944615105
-115.585 38.3489 0.00053112906673 -0.00399882491738 0.021481971003 0.00773139565727 3.66427 3.67535 -4.41510252439 37.1594893 -2.32409168344
-114.608 38.3281 0.000235115146098 -0.00512686188747 0.0120440789313 -0.00211167452024 3.18256 3.17748 -8.44685125836 54.8826697919 -3.09991606689
-113.969 38.1802 -0.00590223957524 0.00217791242171 0.00663445323023 0.00758383222102 3.64646 3.66988 -12.4251841983 25.4808607942 -3.45488399574
-113.021 38.2987 0.00139870397864 0.00276907014542 0.026271708649 0.017568410053 3.53487 3.56693 -18.8796108731 -45.0896348534 2.62871146802
-112.277 38.2108 -0.000303603059451 0.00615393803281 0.00262109391886 0.00948901407739 3.85658 3.88811 -6.7352042154 -61.5677325535 4.06270321129
-111.483 38.2843 0.0067257342619 0.0037664641406 -0.0378063685677 -0.0376384300369 2.82001 2.82769 29.1684716267 -106.070432256 4.77788294481
-110.711 38.4187 8.92045611287e-05 -0.0036834844624 0.00128183393605 -0.00028419169772 3.43468 3.42453 -0.135369857528 31.8052751658 -2.87310568472
-109.894 38.3862 0.000625530991961 -0.00228214219327 0.0142956462658 -0.00213564605156 2.89309 2.8795 -12.2917813638 19.1161322397 -1.04099961575
-109.261 38.2916 -0.00466628945867 0.000898890811989 0.00910643309504 -0.000634405025768 3.25292 3.27151 -12.0532783622 36.6638655947 -2.8411370076
-108.379 38.1888 -0.00577087658411 -0.00192680902237 0.00893673475155 -0.000918513385477 3.50711 3.53348 -4.20623844729 84.6289989938 -5.11494427723
-107.55 38.3685 0.00152272851321 -0.000436612053865 0.00429052623711 -0.00198235883747 3.70833 3.72762 -1.28692159165 -14.8996394157 0.508212354512
-106.756 38.2289 0.0042749060803 -0.00450598075792 -0.0083449865671 -0.00517108593757 3.80635 3.82442 7.6453721216 -29.5790599698 -2.29140351886
-117.225 37.7243 -0.00493856583856 -0.00279770131992 0.00906907787927 -0.00205861934113 3.46297 3.49248 -3.16835414839 77.3269391702 -5.54510365733
-116.595 37.923 0.00507777939238 -0.00113987110039 0.0229698579187 0.00140105690264 3.58798 3.62021 -3.58940549211 -36.9842027401 2.99384338171
-115.747 37.6444 -0.000161692147893 -0.00245658145008 0.0121565179566 -0.00103397626471 3.26405 3.26265 -6.91597075817 28.8616291445 -1.69243772663
-114.849 37.6083 -0.00519334768145 0.00859407436586 0.017329782222 -0.00746480234932 2.98927 2.9989 -3.79890538511 -38.017944698 2.19144360084
-113.86 37.5808 -0.00404781632026 -0.00274291204904 0.00921934552265 -0.00873654331705 3.45115 3.49481 2.05238891672 71.0420263866 -4.68652166634
-113.168 37.7601 0.00295722146547 -0.0054136971961 0.0174087017043 0.00950018754298 3.39211 3.4265 -11.5354234956 35.7420602404 -1.00221256322
-112.363 37.6761 -0.00153943055914 -0.00445575686322 0.0253076357116 0.0040083258006 3.11606 3.14396 -12.7864597413 65.541032369 -3.93939757249
-111.596 37.7222 0.000819270937619 -0.00140148591595 0.0193867191077 -0.00892004037556 2.88932 2.90793 -8.26164899795 6.82850459199 -0.358523312079
-110.802 37.6354 -0.0056462038027 0.00517246006621 0.0124646598236 -0.00229080312801 3.13917 3.15484 -7.40182788517 4.58056596944 -0.359529757993
-109.995 37.6903 -0.000800845027126 0.00611615480015 0.0262499074876 -0.0100518263581 3.16052 3.17225 -6.56263929601 -53.4912163811 3.89787960784
-109.137 37.7459 0.00770841523581 -0.00988869233408 -0.000610368931875 -0.00681764318576 3.60286 3.65975 6.73646664178 -28.9593581779 -4.91605312862
-115.22 37.2408 -0.00156893367821 -0.000963482851639 0.000135609941182 0.00073722104826 3.86908 3.889 -1.43794435915 26.0821014761 -1.787000403
-114.715 36.7256 0.000662832951649 -0.00116443646994 0.00276022052074 0.0183429117167 5.14249 5.06028 -15.8831072666 9.50603328606 -0.0384875227584
-113.907 37.0195 0.00117952585763 0.0022353889563 0.0107033538122 -0.00126319266478 3.40608 3.41422 -2.24531283498 -35.1351923798 2.42755222902
-113.084 37.0615 0.0146783294349 -0.0029017137988 0.025799584798 -0.0337166626404 2.12827 2.13958 9.84198709726 -162.899760959 5.05667523127
-112.382 37.0183 -0.0037762818196 -0.00568223697001 0.0145738852365 -0.00664617858726 2.94166 2.93766 -1.52995097591 97.0746729214 -6.75759169195
-111.506 36.9839 0.000939743259194 0.00295326468628 0.0283447802804 -0.0250311751972 2.64521 2.64389 -1.30702896865 -38.8061411942 2.86026048764
-110.804 36.9969 -0.00255974114917 -0.00774763219284 0.0145994526044 0.0133268719849 3.83938 3.85993 -14.3303438344 114.103347762 -6.7488125364
-109.874 37.1364 0.00363550342045 -0.00516452595483 0.00259162181938 -0.00667093402426 3.58036 3.62168 0.367940192573 2.35987247587 -1.9801580245
-109.025 36.8299 -0.00112494115916 -0.00110650566028 -0.00169135496789 0.00189019459835 3.8443 3.82427 1.6011857228 23.1839558073 -1.5490362993
-116.33 36.4193 -0.00126816379818 -0.000100105473876 0.0116098459371 0.00379724506123 3.49854 3.50944 -10.0403757131 11.8080875434 -1.09423106054
-115.383 36.423 -0.000410978074026 0.00699095503334 0.0190153029422 -0.00394176486229 2.84707 2.87474 -9.09920504916 -77.6858847903 3.89487979442
-114.539 36.4321 -0.000532916648264 0.00523399772664 0.00745619026963 0.0322534177326 3.56111 3.58695 -28.4294051347 -70.0581180956 1.17953212038
-113.965 36.4151 -0.000783376622856 0.00231471721202 0.0190823573783 0.0250573525782 2.90066 2.91443 -25.9706717547 -27.2527663221 0.13495436081
-113.18 36.4182 4.32336103565e-05 0.00306881974502 0.00151765019748 0.00270918367409 3.46334 3.47213 -0.950718884542 -30.8399763291 2.30166725098
-111.13 36.1428 -0.00242307707284 -0.00117409806132 -0.00677723843005 -0.00568058572163 4.229 4.24983 10.4018248806 39.9837633827 -2.19186976298
-110.662 36.5996 0.00131561986916 0.00522189547047 -0.00312221466716 0.0216543310018 4.83266 4.79335 -16.6744842566 -74.6892443483 4.0797592435
-109.87 36.4199 -0.00168023699542 0.00229671437745 0.00450227964927 -0.0233487775767 2.88211 2.87939 7.45596875012 4.64320066348 1.15311742714
-108.52 36.3758 0.00254975076057 0.0102055975952 -0.00447030180534 -0.00188787108891 4.07758 4.19993 2.06092600643 -116.610735387 9.90709053769
-115.43 35.8384 -0.000336201113439 -0.00911907301263 0.00471332390689 -0.000779003705837 3.59353 3.5915 -5.18684792849 104.461707547 -6.19652753904
-114.851 35.7266 -0.00667831816724 -0.00387725062904 0.0184436629865 0.0362656448608 3.76478 3.77925 -30.8595107721 81.1393176209 -7.47356921409
-113.984 35.8522 0.00307439074464 -0.00200991250883 0.0117071193729 0.00589332970635 3.55078 3.56172 -5.79282559621 -7.99454058102 0.959938994146
-113.105 35.6339 -0.000984041105843 -0.00594771106608 0.000861145506941 0.0256691752268 4.9453 4.94172 -20.8133392907 84.770964824 -3.62102489671
-112.173 35.8191 0.000833202276315 0.00167349427004 -0.0130426445847 -0.0088777300153 3.75932 3.74889 11.8988787605 -22.7291050974 1.86818144255
-110.794 35.6218 -0.00138361324898 0.000914548923497 -0.00544367188924 0.016301867823 4.91999 4.94294 -9.49116356941 3.48367211589 -0.428845248899
-109.933 35.7113 0.00533272649115 0.00430377455398 0.0178871806552 -0.000495188364539 3.43424 3.44055 -6.73878260076 -102.091617861 6.80881387785
-109.046 35.7147 0.000331284482223 0.00406367959261 0.031221222143 -0.0120148612613 2.80725 2.80289 -8.59355372137 -46.9294982086 3.09076094117
-108.466 35.7992 -0.00430081917605 -0.00530570764728 0.0259943993612 -0.0129803796859 2.85731 2.86603 -7.56495888912 101.885649325 -6.8084765104
-107.638 35.8054 0.00541814790413 0.00141689059634 0.00687790270237 -0.0130995992586 3.24007 3.25528 4.60129075535 -81.3320179295 3.96086295909
-114.87 35.301 -0.00302517299253 0.000384398105691 -0.00386886921771 0.0247556644715 5.56947 5.53777 -17.6827672746 16.2315546767 -2.4767943351
-113.885 35.099 -0.000907270076471 -0.00356264733802 0.0239543182146 0.0143646767903 3.33858 3.33664 -16.9412649708 52.307701914 -2.57473599244
-113.083 35.2127 0.00137954990958 0.00404902004269 0.0165560535537 0.0328702782788 4.02538 3.96236 -32.4171368565 -63.3514683528 2.42250903699
-112.267 35.1787 -0.00136955609567 0.00281231019085 0.0122952090341 -0.019292207419 2.79519 2.79333 -2.09921342484 -13.6983187103 1.11887385752
-111.532 35.0951 -0.00326880854174 0.0047088987264 0.0256683696249 -0.00544437165351 2.76577 2.76556 -16.0511860988 -31.3038631792 -0.0984085494814
-110.713 35.0789 0.000455115123623 0.000418052501441 0.00817319612776 0.00882272080687 3.60653 3.62123 -14.1444852676 -9.09607648961 0.614692990529
-109.736 35.1181 0.00402401864693 0.000295028718976 0.00719422516757 0.0199571951183 3.10067 3.03295 -22.9317106098 -33.2835581699 3.66008369593
-109.388 35.1118 -0.0123931789607 0.00149967206088 0.00377174501297 -0.00103797419896 2.88834 2.89318 -11.6074487812 104.901315823 -8.39689528325
-108.5 35.1259 -0.0046408834809 0.00587881065424 0.0243783982598 -0.0177928581782 2.82278 2.82766 -1.29998958294 1.06103573487 1.80695968881
-107.648 35.117 0.00190712547639 0.00144508040704 0.0169942074861 -0.0180411847043 2.89436 2.89882 -0.138081491398 -36.2303379629 2.28416082614
-106.867 35.0719 0.00333910692184 0.00493499534657 0.0118600438157 0.0113918683595 3.85855 3.86562 -10.0467307989 -88.7174307157 5.86114801627
-113.83 34.5935 0.0010490132278 0.00104098988356 0.014588342207 0.0350798685937 4.31974 4.30542 -22.3097388622 -20.5143316999 1.38658571311
-112.891 34.4692 0.00299115370532 0.00206565020872 0.0171402005621 0.0329616054322 3.42555 3.42065 -24.8412509775 -45.7642356262 3.56052049096
-112.237 34.4866 -0.0017338401802 0.00101564960365 0.0131144360452 -0.000486497873186 2.96834 2.97223 -13.047892608 2.72530218291 -0.81957517159
-111.441 34.4178 0.00191487742983 0.00262439841075 0.0120211135657 -0.0182269774789 2.83858 2.83514 -4.58573936869 -48.1473986337 3.20909554705
-110.806 34.3371 -0.00600527255527 -0.0014779993279 -0.00308963016611 -0.0176011484633 3.08768 3.09339 7.36128843065 88.1686540075 -4.46717371726
-109.95 34.5293 0.00309777390414 -0.00379876318857 -0.0056436560127 0.0143140058559 4.37854 4.3749 -3.27831551014 3.48215482615 -0.758895932569
-109.29 34.4275 -0.00286538868884 -0.000836513219935 0.0301142539753 0.0320774831265 3.4124 3.41438 -30.7980816945 27.5418747469 -2.97338042494
-108.498 34.5421 -0.000541264481369 -0.00322569708189 0.0133699376016 0.011298562267 3.76161 3.8071 -14.7575195925 43.389949563 -2.4290621075
-107.786 34.4457 0.000676094020066 0.00547400518544 7.61741649203e-05 0.0030274488682 3.8388 3.87127 -1.13205826047 -58.3909923676 4.77380106634
-107.01 34.5058 0.00212592948995 0.00263998704653 -0.0106903855526 0.0308113905095 5.39206 5.48889 -3.84478352386 -50.4456671755 3.38955659354
-114.524 33.7503 0.00222046596837 -0.00151652186408 0.0118449031825 -0.00591424462041 3.06927 3.0725 -5.4835112463 -3.96499626841 0.724977133396
-113.829 33.8142 0.000419782860211 -0.00199697372996 0.0201282318894 0.0110636754321 3.06763 3.08126 -16.3681826 22.6530781373 -0.63388869556
-113.005 33.9383 0.000803506779987 -0.000231486282355 0.0101429804378 0.0190879993464 3.56575 3.58439 -18.0622177915 -2.85958809895 0.587409737681
-112.333 33.9535 -0.003647010271 -0.00235753428136 0.00946217008017 0.00960355521426 3.19487 3.19582 -15.3704723604 59.2827093138 -4.34264892076
-111.478 33.8798 0.000369570537681 -0.00215671646687 0.00443007029003 -0.000362597662044 3.46927 3.482 -5.18228213898 19.5038784862 -1.23021021417
-110.844 33.6953 -0.003365661451 0.00296252445176 -0.00133168324633 -0.0123673695325 3.04549 3.04857 5.27068176066 15.9930305958 0.498135684325
-109.254 33.9571 -0.00478449446832 -0.000877263179183 0.00786682351291 0.00907757349962 3.97291 3.96106 -7.59918489425 60.1711795238 -4.03820904907
-108.377 33.9085 0.000866178674323 -0.00156651645213 0.0229167132174 0.0137467694691 3.67802 3.66773 -16.4511356331 11.3263946264 -0.235202102565
-107.674 34.0087 -0.00242451859842 -3.86036156362e-05 0.0200982516157 0.0203501083753 4.03551 4.04527 -21.2127318623 20.458791893 -2.06139756125
-106.921 34.0739 0.00512591378231 -0.00918435458931 0.00170588906182 0.0213078382185 4.58776 4.70206 -4.95326733003 30.3224799253 -3.73366870194
-113.657 33.1999 -0.00250211705458 -0.00656323625748 -0.0108444899273 0.0149069374708 5.23572 5.21518 -6.13403282116 99.2917977496 -6.13460244447
-112.946 33.3627 -0.0018997839271 -0.0072557357566 -0.00407062885024 -0.0212757040394 3.16263 3.16333 10.8161535124 81.9873487981 -7.1545892119
-112.158 33.2893 -0.00399127652754 0.00378418765767 0.015345210453 0.00394172137133 3.45715 3.4713 -4.24963629544 0.27735028312 -0.27435800615
-111.427 33.341 -0.00178744394919 -0.00459682524497 0.0215740367822 0.0200864464256 3.39888 3.39886 -22.9296237521 74.1763780041 -3.61507145809
-110.472 33.2969 -0.000602230869506 0.0019965855533 0.00681908543469 0.00747397500083 3.69851 3.71484 -8.51989650219 -16.6475135516 0.869224678111
-110.036 33.0851 0.00700033646813 0.00504126152563 -0.00356785006331 0.0279071767361 5.02621 5.10679 -11.8196096527 -126.164630884 8.61671178948
-109.266 33.2921 -0.000742934230019 0.00304554038858 -0.00767403367497 -0.0272585123084 3.23395 3.2447 13.8064847188 -9.15651880414 2.45398369577
