-114.58 32.5356 -5.72921430956e-05 0.00010839016459 0.0032373382996 5.1361120773e-05 4.0895 4.08719 4.20613257061 -0.00419684582943 -0.0708688787399
-113.767 32.7683 0.00010407870623 0.000383076816212 0.000840433864434 0.00121793387123 4.00036 4.01676 3.4057953113 0.481278974868 -0.391331268761
-112.883 32.7513 0.000485809429971 1.68199345958e-05 -0.00133052589573 0.000636025553267 3.72819 3.74447 -0.282487801225 0.819638473526 -0.227299092698
-112.228 32.7006 0.000576486144295 2.66381249441e-05 0.000288500218737 0.000837074859164 3.79215 3.79332 0.866825910074 0.982855228014 -0.247628178538
-111.704 32.5618 0.000567363875605 -1.24643727823e-05 2.68620089305e-07 0.000352616299745 3.82114 3.82028 1.43435219537 0.937140538801 -0.188848484097
-110.739 32.5716 0.00070053931714 -8.45358566487e-05 0.000243371119895 0.000472956188832 3.79299 3.80631 1.69160284648 1.12695689504 -0.126695430461
-109.97 32.6399 0.000731958367469 -0.000136949931292 -0.000202873089328 -0.000156024140747 3.83148 3.84097 0.548165693174 1.15860940124 -0.0658760176443
-109.303 32.7663 0.000763176597383 5.66603977776e-05 -0.00041904702395 -0.000671431253091 3.89352 3.91414 0.233500322975 1.30829692691 -0.234087977446
-108.633 32.5466 0.000395256578435 9.91238334594e-05 -2.86969508583e-05 -0.000664246828271 3.89576 3.79534 1.23208194747 0.689203489986 -0.168723229631
-107.001 32.6995 -0.000254577138649 3.57921016242e-05 0.00051055411669 0.000480270696298 3.88105 3.88335 -0.387715196426 -0.421158120169 -0.00886119105055
-106.262 32.6349 -0.000670831459943 -0.000167140595064 7.16079722498e-05 1.74496154714e-05 3.83776 3.81339 -1.4881005291 -1.14284681474 0.218698537569
-105.454 32.7001 -0.000927216757999 -0.000130046863733 -0.000418989925034 -0.000162393866736 3.91093 3.87498 -3.68550011206 -1.56997806584 0.189331178342
-104.657 32.6588 -0.00108513780307 -0.000310414482227 -0.00039259389016 -0.000573741615613 3.98465 3.96083 -3.74867524031 -1.82910006683 0.325962782898
-104.02 32.6462 -0.00100395343435 -0.000712966501512 0.000277309226952 -0.000278877312766 4.01207 4.0436 -1.30176920052 -1.60166225008 0.642018712563
-103.357 32.6764 -0.00035752523636 -0.000922310397298 0.00043168991304 0.00034394599306 4.00439 4.01368 -0.00580631096938 -0.391956644387 0.866547384548
-112.812 31.9559 0.000325878934984 -7.86377902105e-05 -0.00119950429579 0.00120592479727 3.86492 3.86864 0.866861795885 0.457242878947 -0.0705882848258
-111.457 32.0022 0.000651593187037 -0.000108246339234 0.000868233512949 0.0013361256641 3.89045 3.89185 1.07452817574 0.976462485734 -0.132255478929
-110.816 31.7748 0.000631161557692 -7.10569838224e-05 -0.000255474690472 0.00100280246886 3.8964 3.88866 0.551998224602 0.952538125076 -0.144730424819
-110.046 31.9737 0.000560010301944 -0.00013316612031 0.00025365733775 0.000408501397039 3.82733 3.81813 1.80509769312 0.84091377213 -0.0201576501881
-109.259 31.9989 0.00056860102647 -0.000184043424388 0.00013385878816 1.92558952294e-05 3.81443 3.80304 0.689491436775 0.839567727129 0.0447804456425
-108.527 31.9041 0.000346022689542 -0.000127597104805 -0.000546328043737 0.000509270084435 3.78401 3.76638 1.15937134033 0.514188455951 0.0620752981993
-106.428 32.0062 -0.000457990131419 1.89444390071e-05 0.000736569362122 0.00123512757776 3.89107 3.88262 -0.974686353388 -0.731288476833 0.0186038166414
-105.523 32.076 -0.000844719590692 -0.000110312503686 -0.000369671729259 5.05412179266e-05 3.85947 3.86683 -2.66545428434 -1.36927201045 0.153236504103
-104.823 32.1101 -0.000717214590645 -0.000489993469796 -0.000553595434131 0.000686566958919 3.9141 3.96434 -3.0947077533 -1.16944972047 0.498591353738
-104.101 32.0618 -0.000513290964707 -0.000878188468916 -5.29927596916e-05 0.000823646135225 3.96691 4.00794 -0.831550701877 -0.720333855447 0.83698399341
-103.292 32.012 -0.000354901429089 -0.000794967519431 0.00140475819707 -0.000699127432554 4.1381 4.14656 1.30033678127 -0.353644159284 0.725192446449
-109.991 31.439 0.000528368274917 -2.53255226357e-06 0.000166234905197 0.000857002992882 3.91968 3.91113 0.466462117261 0.810873272255 -0.153175219676
-109.281 31.3757 0.000591525315333 -0.000107497596089 -0.000149219865048 0.00157156035458 3.85522 3.84127 0.41329675486 0.862994780423 -0.0451072827631
-108.528 31.3369 0.000191464820146 -4.07194386255e-05 0.000258702165895 0.00120681080439 3.87608 3.8567 0.333860219102 0.279568039599 0.000561164003559
-105.483 31.4425 -0.000374038775582 -0.000453383502687 -0.000949929212908 0.000971683817566 3.90133 3.92567 -3.03535994386 -0.614294861191 0.473223752974
-104.971 31.3711 -0.000221163894612 -0.000787980591164 -0.00124083070153 0.000226506167548 3.93285 3.78641 -2.19161179997 -0.344846991792 0.788955618885
-103.979 31.3165 -0.000583386526248 -0.000828883313973 0.000236370011344 -7.57270375976e-05 4.08109 3.8589 0.268914763246 -0.75337022201 0.761194337662
-103.492 31.3691 -0.00112257094416 -0.000707950346263 0.00162655821402 0.000202661344302 4.0406 3.96312 5.11785224541 -1.44710153985 0.438684738732
-102.81 31.3818 -0.000615956641341 -0.000342618002612 0.000819512203517 -0.000545373833318 4.11041 4.03226 2.26084822438 -0.818481098717 0.19829060341
-104.986 30.7862 -0.000166645473979 -0.000426604190979 -0.00113075983775 -0.000531433783021 4.13165 4.45275 -0.696785716072 -0.231087533072 0.422823664517
-104.029 30.6689 -0.00056644726035 -0.000569053344402 0.00037952821035 -0.000964595532487 4.15475 4.28673 1.76540511066 -0.709026868699 0.487420558703
-103.402 30.8498 -0.00102377496377 -0.000506854782543 0.0010943601027 -0.000137095973156 4.08875 4.29419 3.14686596135 -1.34269405895 0.29004865654
-102.685 30.7263 -0.000608817630502 -0.000555181051407 0.000943878654182 0.00114657923223 3.93567 4.19089 0.794852821199 -0.710034631273 0.412916599898
-104.09 30.0609 -0.000475620558705 -0.000268727792648 0.000560044650086 0.000578872479011 3.96875 3.90928 1.69588010432 -0.607597737598 0.202534930776
-103.612 30.1456 -0.00102930775216 -0.000302518875233 3.26846770699e-05 0.000170956004064 4.02767 3.87171 2.03295637 -1.3551210038 0.117865018837
-102.788 30.1615 -0.000524221072627 -0.000472595496987 0.000689449684604 -0.000675532672871 4.07696 3.99021 0.759285298684 -0.586747023677 0.350015785476
-104.133 29.554 -0.000326468544563 4.97620905375e-05 7.28850801399e-05 0.000185409960884 4.01821 4.00535 1.48925752076 -0.442270936621 -0.092205109225
-103.389 29.4528 -0.000785800113016 -0.000136434646683 0.00138148571818 0.000161492703382 3.96204 3.98861 3.01888363396 -0.986923344936 -0.037209773339
-102.888 29.4862 -0.000462080337737 -0.000168667646426 8.11076994952e-05 -5.29483229399e-05 4.01137 4.02339 0.648647078401 -0.560842367882 0.0657407758583
-115.653 48.9339 -3.53724877406e-05 -2.51920465641e-05 -0.00164336681859 -0.00138249991033 4.04823 4.04616 -3.17436197197 -0.151928137318 0.0364219178931
-114.413 48.933 -5.49361053961e-05 -0.000232606253977 -0.000676156621669 -0.00028787281454 3.96812 3.99263 -5.62957675195 -0.491887665071 0.236351721484
-113.422 48.9725 -7.31815904966e-05 -0.000190624961061 0.000752129367096 -0.00106680005853 4.09524 4.08499 -5.10793146039 -0.472846338392 0.204123739348
-112.733 48.9777 -0.000202961511891 4.8529811681e-05 -0.000288152715985 -0.001297087951 4.10543 4.11147 -5.20269010491 -0.629326448507 0.0180655070676
-111.597 48.9482 7.05426935165e-05 0.000112457957417 -0.000538769143143 -0.000572654185174 3.95001 3.98006 -6.7823955066 0.35933921089 -0.128736603451
-110.699 48.9448 0.000453614326644 -6.11846115876e-06 -8.29369824771e-05 -0.000930540263823 4.03507 4.06436 -5.34017229628 1.53638279154 -0.110819844597
-109.846 48.9198 0.00049968760187 -8.8334634465e-05 0.00038950401222 -0.0018771278299 4.1516 4.14715 -3.83269039943 1.65049114176 -0.0162888890365
-108.743 48.9286 0.000364491407609 6.34817390329e-05 -0.000175823562212 -0.00119684380191 4.06612 4.06764 -4.65474896205 1.29347058521 -0.129911285997
-107.926 48.8799 0.000375435241999 0.000190310581019 -0.000723172605283 -0.000397944167221 3.99319 4.02148 -3.86029395891 1.39140422294 -0.243085486395
-106.925 48.9912 0.000507020702126 1.53866564133e-05 -0.00033605614478 -0.000564418092438 4.02078 4.02307 -1.70897814747 1.77004211499 -0.0542480537641
-105.915 48.9926 0.000368092360827 -4.12179142152e-05 0.000533662945507 -0.000911319435893 4.09613 4.06506 0.738695517064 1.28478683566 0.0405477500993
-104.879 48.9592 -0.000326263488477 -4.20094287078e-05 0.000150570607419 -0.00156869457025 4.17101 4.14638 -0.130578141226 -1.13533940281 0.0367287764266
-104.002 48.9239 -0.000389416751774 0.000101878036232 -0.000575693358306 -0.00113503108318 4.11939 4.11571 -0.529586341514 -1.36969007782 -0.116330940879
-115.589 48.4694 6.68931502525e-05 -0.000117890504654 -0.00135821279581 0.000580684695473 3.93349 3.93842 -2.15511111382 0.0747171207236 0.086729296112
-114.468 48.3739 2.816653142e-05 -0.000609300613335 6.01806478017e-06 -0.000835444678398 4.19485 4.15883 -4.46199409509 -0.676351883971 0.558668828758
-113.273 48.3609 -0.000498744345986 -0.000264799628221 0.000274569343809 -0.00108624089894 4.30857 4.30835 -5.97621656715 -1.95556611914 0.42200238911
-112.562 48.3129 -0.000447321605892 -0.000150528400554 -0.000553338753844 -0.000338175738755 4.14489 4.20321 -8.46175357308 -1.63822178081 0.30470806927
-111.707 48.4128 0.000193604885385 -0.000275690737491 -0.000450211566875 0.000131291292549 4.07966 4.14628 -7.07194893805 0.33124171555 0.199382769748
-110.799 48.2921 0.000451001822035 -0.000348541490246 0.000456843643592 -0.000375203236255 4.20128 4.22586 -5.08818001291 1.19017579497 0.219724608842
-109.777 48.3943 0.000376324600995 -0.00013569264511 0.000581582096768 -0.000324187540539 4.17253 4.17836 -4.46873451445 1.16518358651 0.0510541746228
-108.944 48.4551 0.000227067517356 1.21855321864e-05 -0.000349199847997 -0.000147080779672 4.10549 4.11997 -5.79180962694 0.773457547937 -0.0601587330177
-108.021 48.4389 0.000442684129234 -6.90836838446e-05 -0.000684840354263 -0.00022904008051 4.15406 4.18024 -4.57721852479 1.46281956474 -0.00373304687177
-107.017 48.4278 0.000565796417217 -0.000187738540485 -0.000123611967401 -0.000381398894931 4.21161 4.21622 -1.35215412321 1.88805094795 0.14520969386
-105.996 48.3008 0.000240924094947 1.2191649407e-05 0.000884128987217 -0.000548377945715 4.25674 4.21603 1.18624439772 0.82245115544 -0.0114547050838
-104.991 48.4643 -9.49231311617e-05 0.000298790783867 0.000697869701771 -0.000420200778647 4.25749 4.2164 0.443654119786 -0.34913065896 -0.300879199867
-116.256 47.8397 8.50413730332e-05 -5.52104709446e-05 -0.000824550960459 0.00116511302984 3.93426 3.94248 -0.672827553711 0.210474090354 0.0216229260657
-115.475 47.7092 0.000527468149018 -0.000129444906208 -0.000116009448866 0.000730309290074 4.0081 4.00218 -0.215189180264 1.58656938706 -0.0483919766223
-114.574 47.6795 0.000172039793488 -0.000235526135152 0.00124834936283 4.07849243169e-05 4.18579 4.14122 -0.10144754967 0.326819928284 0.174215640983
-113.747 47.7687 -0.000503679011223 -0.000103773593858 0.00044572980186 -0.000632959714541 4.22097 4.1938 -4.28062955922 -1.7506415414 0.268342808847
-112.607 47.775 -0.00030693542556 -0.000340496565849 -0.00114648223201 -0.00034252867965 4.04493 4.06523 -9.05576958068 -1.41474041648 0.432025592493
-111.746 47.8012 0.000212891188291 -0.000497054134031 -6.96648575814e-05 -0.000395378611505 4.11252 4.14359 -7.45080333166 0.125175441362 0.398821551397
-110.763 47.6327 0.000221319122837 -0.000415814198218 0.000302976931007 -4.27781678587e-05 4.10975 4.10878 -5.51435014687 0.3426788936 0.341119356347
-109.049 47.7343 0.000311175130565 -9.18195164431e-05 -0.000489686133399 0.000328105852342 3.99906 4.00912 -5.27691072097 0.959730855707 0.0246084669747
-108.004 47.7133 0.000527138583625 -0.000177429318047 -0.000250153251462 -0.000202975785109 4.08904 4.09906 -3.39520429027 1.66585719756 0.100074862658
-107.096 47.8264 0.000422436495207 -0.000198390084944 -0.00018074017574 -0.000263801714367 4.17829 4.16269 -1.0895777474 1.36862608212 0.16693724174
-105.884 47.7456 3.52060066381e-05 0.000141961814815 0.000846530606215 -0.00027661419381 4.19688 4.1369 1.37591053418 0.113360989502 -0.141610360143
-105.184 47.8026 -0.000475463794887 0.000441893499624 0.000515375600268 -0.00033168219759 4.18925 4.15685 0.298993562842 -1.61780481671 -0.448595341527
-104.425 47.5302 -0.000343861114783 0.000620400938552 -0.00130253306185 0.000163494918209 4.07449 4.09803 -2.34203167231 -1.13147625758 -0.618155124525
-115.353 47.0528 0.000176881755019 -0.000234314715451 0.000418869388476 -0.000857174077445 4.17831 4.16045 0.26211847011 0.316521909102 0.165848817331
-114.459 47.0943 -9.12040041444e-05 0.000152690201917 0.000938128271142 6.65550735284e-06 4.13333 4.09354 -0.0733159982709 -0.141667396933 -0.11882419131
-113.506 47.0816 -0.000345656556739 7.91252841321e-05 -0.000156060410141 0.000770311088397 3.97553 3.96891 -4.12050670319 -1.00603165957 0.0409095270704
-112.52 47.0418 0.000134804640736 -0.000305988406595 -0.000834542799683 0.000304028919841 3.91381 3.9293 -7.58139650735 0.0511056287135 0.23673199941
-111.549 47.0308 0.000260788466933 -0.00054948325541 -6.20541448538e-05 -0.000189496814754 4.02226 4.02524 -6.64667308005 0.246204029886 0.43917174026
-110.687 47.1523 3.88506769763e-05 -0.00028948055709 0.000306422050266 -0.000129907716201 4.0534 4.04139 -5.81891851285 -0.139006775504 0.267796679721
-109.802 47.1961 9.03564815707e-05 -0.00016331038625 -0.000375265555588 0.000229025274762 3.98769 3.9995 -6.51266141573 0.150497023447 0.134636041994
-108.88 47.1646 0.000369161129974 -0.000151740304359 -0.000225599409844 0.000150700514794 3.98968 4.01712 -4.93416799844 1.09427407184 0.0748135012815
-108.136 47.0911 0.000528472274284 -0.000229731284816 -0.000251187252519 0.000337056288287 4.00086 4.01128 -2.7532341537 1.61689788224 0.154506209672
-106.994 47.0658 0.000314783697873 -0.000152425801312 0.000354044942742 0.000205435168097 4.04679 4.01669 -0.344772820374 1.00162424805 0.133896234059
-106.18 47.1498 -0.000266023788569 0.000122185711673 0.000670446922701 -0.000141810302339 4.10079 4.06984 0.830965244219 -0.87027609381 -0.119528378039
-105.207 47.173 -0.000707426581577 0.000356738837804 9.52194558772e-05 0.000719366357358 4.00643 4.00777 -0.97157795848 -2.31629919422 -0.350656307258
-104.327 47.1152 -0.000257656498127 -7.83403934643e-05 -0.00142231808414 0.000347169503972 4.01224 4.06557 -2.13530291175 -0.845853498421 0.0781168784915
-119.855 46.5585 -7.92853962462e-05 1.65763788119e-05 -0.00163535059725 -0.000102377527051 3.91967 3.92225 -2.32344475235 -0.211944274338 0.0245977406804
-119.06 46.4911 -6.9387680157e-05 4.84239327691e-05 -0.00155813865167 -8.86893773461e-06 3.87175 3.87419 -3.65512490435 -0.126133794755 -0.00800713737534
-118.146 46.5139 3.25798310688e-05 1.86786014198e-05 0.0010752228302 6.86985254232e-05 4.00102 4.0052 0.2159452237 0.127819880692 -0.0303058963229
-114.188 46.4423 -0.000298519405067 4.76971751061e-05 0.000215079131562 0.000141850226636 4.00274 4.00947 -1.30992445229 -0.887794852539 0.0484058696694
-113.493 46.4162 -0.000140178077998 -6.26046928385e-05 -0.000411597004466 0.00030125872999 3.86015 3.89403 -4.98158941786 -0.504063249098 0.108043321077
-112.641 46.4246 0.00037603205419 -0.000346512942036 -0.000241314435088 0.000832868158104 3.85374 3.87943 -5.7037956635 0.774853271761 0.198965180923
-111.676 46.5336 0.000271240639356 -0.000412868240043 6.01161067549e-05 0.000535007062529 3.97372 3.95774 -6.03059821358 0.420820081308 0.307531815172
-110.858 46.462 -0.000107941861472 -0.000341827131389 0.000200308864516 0.000226076453125 3.98888 3.99884 -5.96472371376 -0.652719941202 0.358415699059
-109.914 46.5663 3.91999291141e-05 -0.000224462029066 -0.000434279085868 0.000282789991513 3.95456 3.9776 -6.6248782619 -0.0704626441945 0.206042508441
-108.786 46.4611 0.000430392921385 -0.000207470931254 7.60375382078e-05 -0.000231630935613 3.97337 4.00702 -5.50650192085 1.21699491285 0.112849876409
-108.13 46.5038 0.000597228417346 -0.000273328592021 -0.000360199291879 -0.000151532991214 4.02959 4.03799 -2.61047535449 1.78619922134 0.188841186246
-107.076 46.5408 0.000200261863968 -6.62543980287e-05 0.000577417134572 0.000188372632126 4.01747 3.99526 -0.300214615668 0.630978733107 0.0539257175651
-115.255 45.7565 -0.000286429634841 -0.000328866773664 0.000417035507998 0.000119957347309 4.03041 4.02915 0.251077944723 -1.23352489538 0.404546715603
-114.332 45.7893 -0.000523496438752 -0.000138763937515 -0.00027435321533 0.000267382680995 3.87911 3.91184 -2.07386224312 -1.74898878675 0.306899010043
-113.37 45.8122 7.99482144765e-05 -7.65780264961e-05 -0.000266953603066 0.000113310737547 3.85178 3.8824 -4.22718226249 0.157849072864 0.0446739319807
-112.493 45.8409 0.000534817333317 -0.000225008697092 3.97066571332e-06 -0.000710229379876 4.01389 4.00454 -5.2860449213 1.38021290568 0.0354768488136
-111.626 45.7843 0.000254451734534 -0.00015723291366 -0.000291546925383 -0.000642037549248 4.0624 4.02206 -5.97270683177 0.612044480387 0.0692493819738
-110.659 45.9054 -0.000140899731814 -0.000276353277346 -1.08757372844e-05 0.00106717425562 3.93902 3.88897 -6.39441647224 -0.683862460238 0.305282323009
-109.716 45.9046 -3.36245748552e-05 -0.000242910880247 -0.000261039379314 -0.000108048536761 3.95793 3.986 -7.05682362452 -0.309876127565 0.24300853076
-108.944 45.8538 0.000425702585389 -0.000413372127365 -3.41160447432e-05 0.000631573811192 3.97966 4.00264 -4.88607411457 1.0465032481 0.316723552581
-108.149 45.8006 0.00043386658274 -0.000322469922816 5.01719474804e-05 5.0238975223e-05 4.0246 4.03685 -2.76433266137 1.20637777253 0.257338161454
-107.123 45.8231 0.00023174096026 -0.000230182206569 0.000114728245241 -6.81090768085e-05 4.03906 4.04559 -1.21112793415 0.668182129677 0.210963654314
-115.326 45.1285 -0.000345005719616 -0.000328016149784 -0.00069125903944 -0.000132949524056 3.95521 3.94759 -0.987076559846 -1.40397821065 0.429417877626
-114.233 45.0931 -0.000573972833762 -0.000466654994057 -0.000236848899632 0.00011790207815 3.83202 3.86077 -2.39988069572 -2.21470336968 0.636097326173
-113.46 45.2432 1.70313173471e-05 -0.00030857251671 0.000116252868082 -0.000170972352614 3.90336 3.9563 -2.56018770752 -0.26290734639 0.286699553552
-112.489 45.166 0.000465941235016 3.51967001915e-05 0.000371665315351 -0.000564099556217 3.96315 3.96907 -3.07567524257 1.42674334728 -0.172903933427
-111.805 45.2285 0.000339633331674 4.54122462696e-05 0.000512959307699 -0.000355786683522 3.94286 3.91616 -5.05873467104 1.05455655232 -0.148092117262
-110.74 45.3212 3.59856505928e-05 0.000302689481979 -0.000494422385141 -0.00310987346945 4.24099 4.22925 -8.61712055086 0.419533772302 -0.297478541014
-109.563 45.3171 0.000174363089196 -0.000534965120118 -0.00116393240372 -0.000173069505587 4.00506 4.01146 -7.43912021075 0.0677370011895 0.467107127904
-108.214 45.2202 0.000356315252019 -0.000507753244804 0.000728977098261 8.5449785818e-05 4.07962 4.08837 -2.84232619391 0.854542190297 0.449432220882
-107.207 45.225 0.000220035792728 -0.000580227377143 0.000150266932293 -4.3775492587e-05 4.0988 4.10802 -1.06741005367 0.529348015664 0.560389276371
-114.855 44.5494 -0.000407282378587 -0.00051133728869 -0.00121641448549 -0.000118245997933 3.90317 3.86769 -2.30827724694 -1.77137368439 0.625497070196
-114.255 44.5642 -0.000734274103144 -0.000675751453224 -0.00017932843628 -0.000148420697613 3.86462 3.87586 -2.7766721787 -2.88292879758 0.893362925601
-113.367 44.6165 -0.000352860052327 -0.00071546889477 0.000274488955377 0.000433638889215 3.81499 3.87147 -2.06543218851 -1.73510875644 0.790292936667
-112.644 44.6173 6.27357424666e-05 -0.000253212692306 -0.00013390423258 0.00065457113333 3.7479 3.79604 -1.97893624432 -0.0414261673177 0.224105354347
-111.248 44.7038 -0.000265794086546 0.000236308491844 0.00192366775742 -0.000249473366359 3.93818 3.96155 -0.600563868154 -0.636105284051 -0.172502911561
-110.576 44.3951 0.000438181717265 -0.000286037732149 0.0011170546623 -0.00124804093735 3.70498 3.80574 -4.86720629163 1.04101566618 0.157410723445
-109.664 44.6769 0.000847240236846 -0.000285548275594 -0.00404274545913 -0.000694744685388 3.83559 3.85209 -12.1594753797 2.09297046133 -0.0361133976149
-108.986 44.6704 0.000338532656512 -0.000462322801557 0.00107967624883 -0.000476465301337 4.05138 4.03322 -3.76066310356 0.735425576162 0.388214682598
-107.999 44.4868 0.000421582518677 -0.000681602172881 0.000522277443787 -0.000197980267103 4.10503 4.09887 -1.80218846153 0.999825278361 0.623739067505
-107.042 44.6277 0.000200100752222 -0.000637631436317 -0.000357509606554 -7.87696439878e-05 4.16037 4.15424 -1.37301794997 0.442807950153 0.619078113883
-115.133 43.7945 -0.000179446777911 -0.000216313785225 -0.000860722275587 7.21660505501e-05 3.90041 3.88823 -2.84833733683 -0.763561452935 0.269537361398
-114.117 43.9146 -0.000214656615005 -0.000712219441876 -0.000497345616305 -6.43086332765e-05 3.81054 3.78606 -4.16202278909 -1.42764088704 0.740261061906
-113.452 43.9286 -0.000370443980526 -0.000717522718783 -0.000302542697205 0.000437581671789 3.80159 3.76432 -3.0795366679 -1.79332321432 0.800902589419
-112.485 43.9997 -0.000431392692651 -0.00035321094632 0.000387930705507 0.000245314518886 3.75991 3.76612 -2.04713838194 -1.55131468057 0.463489020035
-111.487 43.8756 -0.000120584664506 0.000155342268618 0.000243096588671 0.00117501615351 3.68008 3.68755 -2.46289627435 -0.223932542612 -0.117940893179
-110.576 43.92 0.000396495057917 -0.000941810704738 -0.000208277773246 0.00553938764404 3.21043 3.20419 -1.92594818041 0.52467597324 0.829908688432
-109.817 43.7013 0.000754692718109 -8.75617820582e-05 0.00112543552561 0.00159663102359 3.78565 3.77702 -1.76028159187 2.12084367544 -0.0602605919539
-108.994 44.0363 0.00089531150559 -0.000203732544663 -0.00151865520775 -5.58681197457e-05 4.018 3.99897 -5.71799412932 2.43969134214 -0.0073132728219
-108.128 43.9496 0.000627056952193 -0.000604990353105 0.000279035380109 0.00038171044486 4.04595 4.00224 -1.66114877903 1.59979711321 0.519236346307
-107.292 43.8122 0.000213136914865 -0.000700706166803 0.000401385793157 3.86457670536e-06 4.14895 4.10105 -0.0674030765681 0.47699636412 0.683988176581
-115.828 43.4151 -2.13460372172e-05 -8.58903516927e-05 -0.000392292849134 7.25190769418e-05 3.95836 3.9534 -0.746864563375 -0.160513074375 0.0874584530876
-114.174 43.3979 -0.000122914672791 -0.000258934725737 -0.000864409030831 -0.000508732810166 3.85178 3.83175 -4.16910393601 -0.638223752434 0.286346738794
-113.518 43.3234 -0.000592154599035 -0.00013166046567 -0.00034772000793 -0.000837829584849 3.8796 3.85556 -4.04685462979 -1.77409290103 0.33889134471
-112.433 43.3998 -0.000596719414694 -0.000140081900006 -9.57159292084e-05 0.000207919873962 3.78053 3.79286 -3.8415707033 -1.79538603683 0.325976444394
-111.612 43.2741 -0.000281194435741 0.000224252652206 -1.55491919913e-05 -0.000733050711338 3.77422 3.80976 -3.78104656909 -0.589717409029 -0.13116550145
-110.712 43.3629 0.000424065041714 0.000113893905087 -5.0328873275e-05 -0.00272698658268 3.92291 3.92997 -3.64083888907 1.27675127871 -0.220325179776
-110.02 43.2112 0.000795043790029 0.000323808571775 -0.00030952256084 -0.00148717706667 3.98656 3.97123 -2.74726885839 2.43973204123 -0.491402206251
-109.053 43.2649 0.00101036007061 0.000173626047077 -0.000175686830873 1.42916911706e-05 4.01551 4.00737 -2.20674009212 2.94664203999 -0.348148217803
-108.084 43.3531 0.00101090128618 -0.000104538926974 -0.000134978475719 -0.000317802031157 4.15214 4.12288 -1.58633778295 2.84377501381 -0.0255975985987
-107.446 43.3459 0.000260135834694 -0.000268087677246 0.000534946964713 -0.000201145662416 4.23729 4.17018 0.776111791141 0.696764800453 0.251263740649
-106.479 43.4126 -0.000146946387795 -0.000337510163554 0.00035912066953 -0.00112213899932 4.23874 4.21312 0.222036617901 -0.455970925134 0.342479960437
-113.176 42.5452 -0.000435073661541 -0.000233406055796 -0.00198728058049 -0.000389402301362 3.78014 3.7787 -3.62598998944 -1.40468763653 0.37244846417
-112.531 42.6852 -0.000607984481996 -0.000166771989536 -0.000867945629885 -0.000181193077265 3.77714 3.78698 -5.00843556403 -1.80107382396 0.3707033874
-111.588 42.8321 -0.000308067275047 1.14936552798e-05 0.000895084420321 0.000533310791954 3.85555 3.89857 -2.97577769637 -0.836890238366 0.0766828064278
-110.92 42.7507 0.000151395811359 0.000235612569385 4.19329259478e-06 0.000209719227437 3.87809 3.92729 -2.64825438135 0.587571420834 -0.266468038897
-110.042 42.6372 0.000708532685662 0.00042073707892 -0.000275729739169 0.000285011490232 3.93719 3.99423 -1.9856107412 2.20300118076 -0.561551236332
-108.847 42.8247 0.00101420785923 0.000176796474782 -3.14958697872e-05 8.88548647547e-05 4.05673 4.09262 -1.67308211049 2.90674575885 -0.337321537085
-108.342 42.6579 0.00117190696014 -5.07550286429e-05 -0.000514485721457 4.08545078171e-05 4.1236 4.11194 -0.0573833834669 3.24397821569 -0.0831208368569
-107.251 42.6332 0.000620393378001 -0.000145408123497 0.000922562166086 -6.24874061355e-05 4.16731 4.12137 1.08117477464 1.70713465321 0.113135908592
-106.524 42.6507 -0.000192026647148 -0.00027199773206 -0.000317028007315 0.00014884624122 4.14446 4.09462 -0.863321232032 -0.57773209454 0.282512381284
-113.24 42.0343 -0.000334598536366 -0.000300523243251 -0.00172079935124 0.00123176024597 3.75289 3.75135 -1.90178679424 -1.17088534714 0.394934862445
-112.386 42.0041 -0.000765092722696 -0.000529178391135 -0.000555515109248 0.000106988875553 3.83397 3.86289 -4.30554888362 -2.51426881917 0.759378958801
-111.432 42.0149 -0.000762792345706 -0.000351760218411 0.000637136714683 0.000426819478601 3.87713 3.95155 -3.23627305444 -2.30833066792 0.557900998195
-110.873 42.0995 -2.51961690604e-05 -2.39022419934e-05 7.32959952731e-05 0.000473926006843 3.88112 3.96682 -1.87631983049 -0.0840086746791 0.0293576860487
-110.036 41.9243 0.000735342919414 4.46650803315e-05 2.75644736769e-05 3.16317119021e-05 3.93005 4.05338 -1.49309998582 1.99631019179 -0.196911221591
-109.357 42.1012 0.00141130265982 8.79762393978e-05 -0.00029590163842 9.25639121595e-05 3.99512 4.02705 -0.0971843640047 3.87113400535 -0.308348361981
-108.34 42.0073 0.0012638357239 -0.000181835479187 0.00019698960642 -0.000137737174598 4.11958 4.08924 0.833583965796 3.3802874737 0.0529986608718
-107.369 41.9641 0.000503698066965 -0.000206008121791 0.00018536622733 0.000236437895613 4.11982 4.04721 0.489250173939 1.32636465527 0.170976613833
-106.434 42.031 -0.000408146710462 -0.000115710195659 0.000223994359359 -8.95606093598e-05 4.09993 4.03603 -0.477671899916 -1.12338615775 0.135051473877
-105.701 42.1143 -0.00104244668557 -1.81832104217e-06 -8.61211908513e-05 -0.00019653482327 4.06303 4.0508 -1.93691594962 -2.83972548749 0.0473404747537
-104.933 42.0432 -0.00070739787665 0.000372202613922 -0.000492145083014 -0.000595522089192 4.04317 4.04721 -2.15815532832 -1.90627175195 -0.360383597036
-112.448 41.4632 -0.000451484625491 -0.000637784329583 -0.00134925421387 -0.000209874380568 3.95419 3.93234 -3.30394609521 -1.7475200148 0.751921571657
-111.63 41.3146 -0.000786086533332 -0.00065775689039 -0.000318843144047 -0.000713263081668 3.9775 3.97862 -4.01248195212 -2.57819490828 0.872759260366
-110.666 41.4729 -0.000417459645501 -0.000474649703304 0.000389104761892 -0.000231778406998 3.96103 4.0431 -2.68767031781 -1.41870547274 0.565790220106
-110.067 41.4272 0.000736474573205 -0.000563018519702 -0.000309822662893 9.2413497653e-05 3.991 4.13375 -0.525333194107 1.64271125129 0.407310453578
-109.157 41.5047 0.00138830370545 -0.00024486722451 7.7615697675e-05 -0.000614041595593 4.09571 4.17198 0.963910501224 3.6018223411 0.0564469102073
-108.187 41.4906 0.00122175479597 -0.000104282635863 9.07599696446e-05 -0.000431912635466 4.11452 4.10682 1.23147336845 3.22344850621 -0.00656759693262
-107.364 41.6067 0.00052823761626 6.06397361485e-05 0.0003522497408 -0.000619550034086 4.16087 4.0842 0.664312145834 1.42133409819 -0.0955667093068
-106.596 41.4033 -0.000344136130879 -0.00051834057249 -5.57155274154e-06 0.00029610848721 4.02444 3.96435 -1.03515184832 -0.999263631414 0.539631097985
-105.722 41.468 -0.0013709622393 -0.00034737761116 -6.3569468834e-05 8.06086696558e-05 4.01314 4.00656 -2.7104556284 -3.6870597191 0.426648352609
-104.825 41.4676 -0.00102946133501 0.000118634611567 -0.000346398380926 0.000116593368665 3.96098 3.99769 -2.82139735993 -2.72538997539 -0.0946288353146
-102.772 33.9696 0.000156877705076 -0.000117156943881 -0.000617486513463 -0.000138923546933 3.96761 4.08655 -1.07108980076 0.316009019339 0.137721039304
-112.52 40.8903 -0.000350552485171 -0.000474561524768 -0.000818913232145 -0.000444446988729 3.9977 3.98376 -2.53666507952 -1.30520655951 0.56362553902
-111.437 40.8869 -0.000904348803873 -0.000672913062734 -0.000180207913208 -8.15293994766e-06 3.91927 3.95415 -4.33240423014 -2.84266757402 0.925861776105
-110.834 40.9425 -0.000330945699397 -0.000857964170107 -0.000499487921847 0.000108778945413 3.92035 3.98805 -2.66007341989 -1.44987487892 0.915148561201
-109.673 40.9763 0.000771393004696 -0.000604958169723 0.000665963632089 0.000141980162343 3.96096 4.04437 0.424813356762 1.73423648414 0.467117431061
-109.177 40.8936 0.00130145525795 -0.000410502840798 0.000185584493524 0.000171292750881 3.98088 4.05376 1.7786918411 3.24350267359 0.245244381079
-108.263 40.8338 0.0012789050163 -0.000295064168142 5.86030962332e-05 0.000163571420547 3.99523 4.00103 1.32334191351 3.23506150664 0.172362270235
-107.52 40.76 0.000892774734617 -0.000423687495116 -1.86102492961e-05 0.000280005069926 3.99129 3.96088 0.399914168286 2.21133515165 0.350721788801
-106.454 40.8023 -0.000199368070026 -0.000416633732848 5.78276674186e-05 -9.89654768136e-05 4.03081 3.90781 -1.2814888502 -0.583226408614 0.428632458919
-105.944 40.8947 -0.00150146388382 -0.000542955046171 0.000435129600585 -0.000129969356361 4.02641 3.96696 -1.73058712329 -3.95723667601 0.618469495425
-104.882 40.8271 -0.00205650719905 -0.000327063068825 -0.000377477005745 0.000252389848335 3.9059 3.98635 -5.59852936975 -5.36175939377 0.477242870331
-104.087 40.8132 -0.000773923227604 0.000205750834191 -0.00152927864589 0.000528134371828 3.83032 3.90137 -3.88211120182 -1.99534126847 -0.197999365898
-112.469 40.2807 -0.000281105501529 -0.000450214325011 -0.00127274288337 0.00027200476962 3.90812 3.89618 -2.68921699995 -1.08741295992 0.518611460892
-111.502 40.2067 -0.000436395178648 -0.000722678865831 -0.000343152934689 0.000258887696041 3.82857 3.83391 -4.7206904083 -1.68444740208 0.826900837614
-110.738 40.1948 -0.000180786589733 -0.000728583482408 -0.000441953287262 0.000193340486533 3.85776 3.88694 -3.2258423064 -0.966095425955 0.750097214779
-110.008 40.2655 0.00023203975742 -0.000568215695942 -1.07395688933e-05 0.000200418957127 3.94054 3.98731 -0.0174421469503 0.300243564461 0.512368603837
-109.124 40.2982 0.000941174783517 -0.000539225256122 0.000274307120966 0.000463834215558 3.9349 3.98127 2.40550887162 2.22502518858 0.42724098631
-108.242 40.1348 0.0012659211824 -0.000495976014352 0.000188244894949 0.000280278604166 3.94845 3.95705 2.11663760857 3.07550304978 0.388366984669
-107.47 40.2149 0.000767935637014 -0.000567115602396 0.000206719107972 -1.25160056727e-05 3.9948 3.94981 1.29430708417 1.84113233082 0.516409188374
-106.547 40.1618 -0.000139597880068 -0.000333348098798 0.000347518687678 -0.000219850153686 4.01907 3.93808 -0.837040667094 -0.40182138342 0.341354445674
-105.918 40.2109 -0.00124224135435 -0.000112208413664 -9.33805370777e-05 -0.00022982500625 3.98852 3.92607 -3.44204081475 -3.13728696181 0.211259726541
-105.073 40.1227 -0.00207681614117 -0.000380590354387 -0.000338332620746 -9.15974985661e-05 3.90364 3.92038 -5.74774067181 -5.26491686847 0.552852019372
-104.12 40.1129 -0.000975072965812 -0.000338305690199 -0.00206547642809 -0.00019573814246 3.89074 3.9678 -5.61500535188 -2.47685981763 0.376996983815
-113.069 39.5906 8.62678663637e-05 -0.000339305216702 -0.00125849653833 -0.000283102327819 3.96988 3.96451 -2.56945051341 -0.11224806807 0.284165903394
-112.279 39.5708 -0.000131646725894 -0.000488153147118 -0.000532784693607 0.000185478008551 3.81531 3.78292 -4.40731689414 -0.762030474597 0.502485641255
-111.66 39.6092 -0.000495623346333 -0.000546330262481 -0.000433852267501 0.000109135416489 3.84874 3.81822 -4.0430675257 -1.63832988279 0.680773939997
-110.74 39.473 -0.000504941972115 -0.000583121806769 0.000421777405899 6.08300278081e-06 3.90456 3.93396 -3.02579646984 -1.61342887481 0.701894828281
-110.246 39.6279 9.13370362975e-05 -0.000537907931339 -0.000567898095639 -0.000459099899087 3.96074 4.04429 -0.622470214112 -0.0723090748832 0.504727469767
-108.981 39.6333 0.000998896145164 -0.000531415499593 0.000531069131946 -0.000402041037845 3.99649 4.04773 1.90735679475 2.29277091082 0.405541819175
-108.391 39.4998 0.0013393569892 -0.000401801262246 4.47195389035e-05 -0.000575796624667 4.044 4.02857 2.53144464789 3.18759083037 0.284768966195
-107.449 39.524 0.000871758105945 -0.000386150381647 -8.9105176923e-06 -0.0001073151024 3.9804 3.88994 0.909977897895 2.05817256309 0.321643026389
-106.759 39.5952 -0.000412279466104 -0.000377066331263 0.000583009963673 0.00022521487542 3.91923 3.85528 -0.163514552785 -1.06428332136 0.401413507946
-105.839 39.3741 -0.00135609884675 -0.000721801982365 0.000146864563832 0.000317188864045 3.92472 3.90871 -3.56093949074 -3.41324589987 0.827036081419
-104.908 39.5144 -0.00187841799617 -0.000725602524396 -0.000774162792688 0.000157616491562 3.8944 3.98887 -7.14356955761 -4.73414091722 0.910007825718
-104.168 39.5125 -0.000901877586626 -0.000774247094462 -0.00112503588687 1.16354158248e-05 3.93674 4.03655 -4.44776992826 -2.23891370033 0.792327401938
-113.277 38.9882 0.000203160645566 -0.000133409884905 -0.000685957369985 0.000947706039167 3.79255 3.78194 -0.901515221467 0.356160524479 0.0526560619793
-112.379 38.9995 -0.000142887817209 -0.000249448737121 -0.000899481227695 -0.000108691715014 3.81479 3.79805 -4.32144815938 -0.558963294509 0.284823435038
-111.172 38.9176 -0.000272797035218 -0.000517375414123 -0.000601711812755 -3.89685118623e-05 3.86258 3.86585 -3.95926625358 -1.03372040518 0.577564715349
-110.133 39.1025 0.000123813788162 -0.00085247167901 -0.000141470909028 0.000606892857018 3.89585 3.95777 -0.610389684029 -0.160691428335 0.80461919137
-109.263 38.9553 0.000704642124877 -0.000660878510336 0.000602363059022 0.000176458650599 3.97098 4.0095 2.84754730668 1.4859979351 0.569282173529
-108.296 38.9541 0.00114277652043 -0.0004353997009 0.000236242499896 0.000119660080393 3.96996 3.97563 2.21454657977 2.62725519486 0.330066769619
-107.574 38.8347 0.000831176441094 -0.000342464059539 -0.000313475753569 -2.32357428742e-05 3.93039 3.89247 0.357192274304 1.88894983349 0.265560949135
-106.91 38.8627 -9.16936992682e-06 -0.000340367235493 0.000483378696704 0.00051433498085 3.91062 3.86812 -0.0716264512076 -0.0764424767701 0.340204252717
-105.834 38.9045 -0.000992866219964 -0.000732001563205 0.000324301280662 -0.000285281190772 3.99567 3.92235 -3.13059860634 -2.47202851435 0.801518239462
-105.149 38.9641 -0.00186054980806 -0.000895587760572 -0.000760857766288 0.000102324424587 3.96013 3.9524 -6.32965339738 -4.60655650196 1.07064274167
-104.247 38.9145 -0.000902487340612 -0.00126062408772 -0.00185974408276 0.000510834736918 3.98342 4.016 -5.44800436294 -2.25977971732 1.29551496553
-113.969 38.1802 0.000213658673883 -0.000130407987358 -0.000342696574477 0.00153236587543 3.78902 3.79325 0.461567349213 0.365176361084 0.0417341450118
-112.277 38.2108 0.000166955774759 -0.000211745128015 0.000140264276203 0.000100974632946 3.82574 3.81913 -2.44209826811 0.196460997122 0.139922559391
-111.483 38.2843 -0.000135235290374 -0.0004221798972 -0.000828133449137 0.000142183561495 3.84364 3.8507 -3.82196616872 -0.641761159518 0.443031101622
-110.711 38.4187 3.54470522016e-05 -0.00077606467238 -0.000376580629126 0.000154547937057 3.92075 3.93864 -3.09520057689 -0.457875311017 0.731776052602
-109.894 38.3862 0.000327811160076 -0.000770796974068 0.000184413399703 -0.000215347110647 4.03403 4.05789 -0.0435390468577 0.382223013536 0.6870161363
-109.261 38.2916 0.000524969204526 -0.000640920542029 0.000452540230882 -0.000280930916547 4.06009 4.08707 2.29110801977 1.00683471697 0.56262117372
-108.379 38.1888 0.000915582088855 -0.000455205817368 -0.000325023387749 -0.000244348702802 3.91867 3.92917 1.3630180173 1.9800622314 0.348079471073
-107.55 38.3685 0.000759994843304 -0.000384404680027 -0.000324970111368 0.000484962027364 3.88484 3.86322 0.781502592339 1.68122195062 0.318889900415
-106.756 38.2289 -3.94784104296e-05 -0.000529074980823 0.00136796163015 -9.63216930608e-05 4.00085 3.93646 0.732635336555 -0.149747351309 0.530368600965
-105.107 38.2315 -0.00114737038897 -0.000732235414219 -0.00122798984593 -8.20376974706e-05 4.02698 4.00729 -6.81545010268 -2.79196593572 0.845803673756
-104.283 38.1474 -0.000806969273462 -0.00110093789056 -0.00182936284366 0.000261047076174 4.00591 4.02333 -5.14896509572 -1.93232352017 1.12797361017
-113.86 37.5808 0.0003047346094 -0.000484094173783 -0.000174396032255 -0.000816741928681 3.93704 3.95295 -0.235137855722 0.221066449111 0.328128977629
-113.168 37.7601 0.00039145093682 -0.000193308882794 0.000301010378642 9.89272152549e-05 3.87408 3.88096 -0.662826792738 0.696372985014 0.0376523707581
-112.363 37.6761 0.000188225151025 -0.000270865754046 6.59298132743e-05 0.000429724497336 3.82833 3.82896 -1.77569737099 0.190420385534 0.187928506896
-111.596 37.7222 0.000203578101305 -0.000494196128699 -0.000514987762343 0.000743628943471 3.87286 3.87714 -2.82558900335 0.0623958787113 0.39788411177
-110.802 37.6354 0.000255606531062 -0.000774263651582 8.75478646289e-05 -5.48369515339e-05 4.00671 4.00163 -1.81848117182 0.0587059401012 0.670046890444
-109.995 37.6903 9.17413511248e-05 -0.000663619292163 0.000151526124342 -0.000449397544495 4.10742 4.1107 -0.305198153588 -0.130303409361 0.62693805095
-109.137 37.7459 0.00047134147809 -0.000594228522359 4.97528722972e-05 0.000252950729804 4.01837 4.03802 0.8079855157 0.837623593064 0.510139340959
-108.36 37.83 0.000955878893668 -0.000521507019173 -0.000497989614381 0.000415661954766 4.00033 4.01646 0.300076122074 1.99092058868 0.389122002003
-107.792 37.662 0.000762602771843 -0.000415449996936 -0.000158835808288 0.000233576425277 3.98744 3.95444 1.62037764054 1.62599079585 0.34939447734
-106.829 37.7461 0.000131940831992 -0.000187783493923 0.00109563244755 -0.000332818090502 4.042 3.96757 1.75614073041 0.28101723324 0.182953588122
-106.002 37.7059 -0.000694848060834 -0.000239526448643 0.000337110071241 -0.000196795062329 4.0274 3.96589 -1.82408189633 -1.58335761105 0.279626817299
-105.213 37.6407 -0.0010089291637 -0.000378965590697 -0.000936547929536 -6.62006438573e-05 4.0076 3.97425 -6.89351981095 -2.32799542949 0.486006873567
-104.435 37.6606 -0.00075821847755 -0.000792107784904 -0.00180881806655 -0.000400449906601 4.14419 4.12648 -5.93978342625 -1.787276209 0.831999389257
-114.715 36.7256 0.000318909439436 6.28710372863e-05 0.00198458193175 -0.000153439207379 3.94633 3.97581 4.56225228094 0.741146054415 -0.173206567491
-113.907 37.0195 0.000464981072305 9.39538550219e-06 0.000242961583024 -0.000279384904233 3.94458 3.91777 1.12625187269 1.00508417856 -0.183864076983
-113.084 37.0615 0.000393743853678 -0.000142968431441 -0.000644216138459 -0.000526146826287 3.90666 3.89303 -2.06297871435 0.700472626673 -0.0234784274558
-112.382 37.0183 0.000421909172535 -0.000239211038632 -0.000259944657924 -0.00017925361849 3.93394 3.91126 -2.15517437616 0.691020133789 0.0681942776885
-111.506 36.9839 0.000389767803471 -0.000299318059339 4.83156529999e-05 -0.00105832674528 4.07844 4.05041 -2.2801189271 0.601796893997 0.153761446348
-110.804 36.9969 0.000130653033946 -0.00046284601103 -2.89497617485e-05 -0.000366490910707 4.09493 4.05769 -1.38199985404 -0.0133598264009 0.406768013988
-109.874 37.1364 0.000146017749519 -0.000441872116037 -8.75244551448e-05 0.000245958526692 4.03415 4.03127 -0.863900029041 0.089261232488 0.396336064447
-109.025 36.8299 0.000451978091418 -0.000517427032097 -0.00020604891737 0.000373951927777 3.97039 3.98078 0.471191876622 0.77507503668 0.433087148867
-107.534 36.9914 0.000498725816517 -0.000152335276066 0.000427330792039 -0.000511037670363 4.06688 4.03505 1.12574478808 1.04921285836 0.109790640134
-106.903 37.0138 -0.000134447598678 -0.000163286325828 0.000362814110683 -0.000233948741694 4.01613 3.98385 1.29265599177 -0.30830548778 0.169785450541
-106.037 37.0361 -0.000540087706004 -5.7134458929e-05 0.000361446002542 0.000188288006154 3.93098 3.89886 -1.58737775834 -1.17351598741 0.0877119519509
-105.052 37.0738 -0.000753168587922 -6.22579162783e-05 -0.000458486725531 -0.000722683648614 4.03895 4.01338 -5.39637641553 -1.63770780954 0.117803579786
-104.411 37.1388 -0.000773474591376 -0.000110429822221 -0.00114320285873 -0.000694583123837 4.14636 4.10172 -4.77379631158 -1.69008268519 0.13462772213
-115.383 36.423 -7.95167938731e-05 -0.00010999154625 -0.000200313493495 0.000783188102659 3.85441 3.88511 2.138546296 -0.275314331649 0.133505969478
-114.539 36.4321 0.000300440937603 -0.000121870708717 0.00123829908826 0.000374884921992 3.9143 3.95681 4.71793256349 0.541449968357 0.00733499054609
-113.965 36.4151 0.000635165275709 0.000201912673949 -0.000279456344231 0.000498086191947 3.82401 3.84892 2.1455623659 1.49881510117 -0.424290596902
-113.18 36.4182 0.00058837350401 3.85700275372e-05 -0.000204482076398 0.000265707311227 3.86348 3.86012 0.418250972714 1.25055957317 -0.252239980164
-112.291 36.428 0.000432561589254 0.000186994935231 0.00021463074395 -0.000960664494264 4.06008 4.04706 -0.979534053064 1.03578001637 -0.327163705953
-111.13 36.1428 0.000392949548293 6.28382433822e-05 -0.000436097110603 -0.000178938944729 3.98701 3.97769 -1.7865859563 0.839470455542 -0.183916029993
-110.662 36.5996 0.000186151381586 -9.09908356342e-06 -0.00010097604743 -7.11686748036e-05 4.08803 4.05255 -1.90924757835 0.381683335643 -0.0454218883899
-109.87 36.4199 0.000244955058791 -0.000253235998138 -0.00059917716027 -0.000227076625379 4.01916 4.02945 -2.50967373422 0.361321607783 0.179117256745
-109.208 36.2925 0.00050587146441 -0.000465426505963 -0.000184514377202 -0.000249104649791 4.09825 4.10369 -0.642228322535 0.847023162175 0.353118128829
-108.52 36.3758 0.000484172896043 -0.000416067821277 0.000392202407679 -0.000345039905912 4.07555 4.06408 1.77642177858 0.903059984103 0.351633840687
-107.658 36.4277 0.000433755031507 -0.000120789158654 0.000288013407771 -0.000251138661616 4.03811 4.03611 1.27838701669 0.886716221084 0.0808976573204
-106.855 36.3773 7.65000298162e-05 -7.15236876989e-05 0.000140720594436 -0.00015685786851 3.97568 3.91512 -0.0479467029375 0.148823012975 0.0657446127462
-106.192 36.3289 -0.000669092899265 5.08772772321e-05 -3.82270848828e-05 0.000559066545471 3.84333 3.80152 -1.61695787051 -1.38517665711 -0.00636396386944
-105.278 36.4093 -0.00107707009971 0.00022096202161 0.000832195394211 0.000713566660369 3.88001 3.87475 -2.811618231 -2.23412686102 -0.177774804682
-104.408 36.3998 -0.00110856808447 0.000405644327028 -0.000922674489574 0.000349595941978 3.92758 3.98829 -6.92613609782 -2.25997367999 -0.330707170007
-103.744 36.3945 -0.00041528875669 0.000457292493966 -0.00183773342402 -9.18817809574e-05 3.92044 3.94857 -4.26652316655 -0.884491990591 -0.462978291597
-115.43 35.8384 -9.88335682099e-05 -0.000210087105808 0.00105865098433 0.00068354807014 3.9343 3.94138 2.55944325426 -0.40773600512 0.2321551286
-114.851 35.7266 5.76208550151e-05 -0.000537748580571 0.000160479806179 -0.000251940856031 3.86363 3.88313 4.03019422234 -0.351155094287 0.471948454658
-113.984 35.8522 0.000432887682158 -5.57085015088e-05 4.38444395507e-05 0.000195293583501 3.88926 3.90279 2.66581312086 0.836099821454 -0.111027708587
-113.105 35.6339 0.000411958909233 7.2241810332e-05 -0.000154074829574 0.000660760986744 3.80209 3.8036 2.05519479813 0.881668514724 -0.212377082515
-112.173 35.8191 0.000427365469611 3.78541169236e-06 0.000402638273449 0.000694088403242 3.85359 3.85441 1.07150223858 0.865723194346 -0.141255872613
-110.794 35.6218 0.000428553981232 4.7282091726e-05 -0.000477619636843 5.98588147954e-05 3.89897 3.90438 -1.01758662063 0.878220288299 -0.171491212635
-109.933 35.7113 0.000597045063711 -0.000194146520517 1.17123413485e-05 0.000171996104098 3.98419 3.98482 -0.662328458185 1.09608608114 0.0417184868018
-109.046 35.7147 0.000553042389237 -0.000313181243784 -1.79838266003e-05 -0.000487839722561 4.08807 4.0728 -0.286742038061 0.985987111474 0.199810172615
-108.466 35.7992 0.000325111680716 -0.000293532293941 5.45380515501e-05 -0.000262370340377 4.05225 4.03855 0.637330858971 0.569407990131 0.242262005461
-107.638 35.8054 0.000220947184477 -0.000358676856249 0.000147621496922 0.000219067988537 3.93779 3.92138 0.410468348107 0.368209975668 0.332583563195
-106.909 35.9138 -0.000139685456958 -5.86440399473e-05 -0.000225097918056 0.000665991792239 3.87382 3.83844 -1.07301710551 -0.29552632561 0.0717157747068
-106.183 35.7452 -0.000722271431002 -3.07972007471e-05 -0.000142666654185 0.000355133516094 3.86269 3.83486 -2.12427655856 -1.45993473438 0.0855330337165
-105.272 35.7259 -0.00116293696811 9.31546719766e-05 0.000500499463773 0.000175852471949 3.8944 3.89119 -2.92370363058 -2.33621487691 -0.0451737805481
-104.616 35.8383 -0.00116576702671 0.000264198665559 -0.000614043277983 0.000939832051698 3.83336 3.86143 -5.12602611553 -2.34161127927 -0.211638958768
-103.786 35.7964 -0.000550241209124 0.000271481532251 -0.000428653242276 -9.92935720732e-05 4.01581 4.0445 -3.52299179302 -1.13258670617 -0.286417454979
-114.87 35.301 4.3174651545e-05 -0.000335305387682 0.000850340065659 0.000409775685694 3.94489 3.93022 3.59566614985 -0.213075201065 0.288309087985
-113.885 35.099 0.000198098390362 -5.71494457385e-05 4.38201252181e-05 -0.000584964297586 3.92267 3.92788 2.33061215811 0.338935398948 -0.0249554269082
-113.083 35.2127 0.000526515455897 0.000158471936234 -0.000361680336946 -0.000754307194173 3.92058 3.92769 0.516662989649 1.14934615574 -0.348041402952
-112.267 35.1787 0.000485763209591 -1.13654570613e-05 0.000301689775235 0.000473611341204 3.84423 3.82877 1.40945032365 0.940681745852 -0.150361775708
-111.532 35.0951 0.000331476718731 0.000186364651908 1.1955273684e-05 0.000429594625417 3.85015 3.84324 1.13439168567 0.758903628184 -0.277904097359
-110.713 35.0789 0.000429885985336 -1.30739150258e-05 -0.00035968084148 0.000319232735599 3.84327 3.85933 0.42548464568 0.825406257011 -0.105310427399
-109.736 35.1181 0.000685533974248 -0.000124282390951 0.000426752713755 -0.000203635058027 3.95784 3.94631 0.11865865707 1.27464319309 -0.0361791853647
-109.388 35.1118 0.000610805022365 -0.00011357018057 -0.000269463413947 5.96785282704e-05 3.95829 3.93387 0.689439093882 1.14368255007 -0.0118459807561
-108.5 35.1259 0.00053212174787 -0.000292669616823 -0.000222495069261 0.000284726739468 3.91395 3.90405 -0.362038249927 0.934904035109 0.196472983172
-107.648 35.117 0.000240389979882 -0.00017968458245 5.88448613234e-05 0.00017875971568 3.93449 3.90272 -0.253320605301 0.42386863826 0.148260386115
-106.867 35.0719 -0.000292758626113 -9.51941631163e-05 0.000474452833545 -0.00050352991098 3.95548 3.90402 -0.575537416347 -0.584911944982 0.120617168323
-106.15 35.1605 -0.000803546432272 -6.594475324e-05 7.28976115589e-05 -0.00109721755396 4.04046 4.00419 -1.72153876249 -1.57660276545 0.120689512422
-105.408 35.2106 -0.00123927450149 8.66641218457e-05 -5.93681658079e-05 -0.000627482677454 3.94915 3.94548 -3.03254054083 -2.41738002386 -0.0242547629277
-104.461 35.2177 -0.00123925801291 0.00021365116268 -0.000239125611437 -0.000800355644853 3.99249 4.01781 -4.23414668607 -2.42447978093 -0.189774628833
-103.766 35.0891 -0.000978670362758 0.000295001968732 0.000265968874636 -0.000791284339386 4.03216 4.06774 -3.05020271413 -1.93364564584 -0.33403669177
-103.063 35.0637 -0.000321725785142 0.000690977185756 -0.00118881593704 -0.00167673737452 4.01347 4.04796 -2.26841918082 -0.752284006068 -0.717743649913
-113.83 34.5935 0.000175624966196 -2.26565463817e-05 0.000276750144713 0.000383905656751 3.84857 3.84359 3.20031237799 0.316889935087 -0.046764974012
-112.891 34.4692 0.00029311557918 0.000312558296643 0.000376797615633 -0.000431848513005 3.93538 3.92816 1.89996250654 0.78135393618 -0.398137595435
-112.237 34.4866 0.000313495804418 0.000468484399978 -1.5799974369e-05 -0.000596690149532 3.93317 3.93129 0.373441098305 0.92056456822 -0.549865800869
-111.441 34.4178 0.000551636358685 0.000263327897309 -0.000713332975113 0.000115040423257 3.77701 3.77564 -0.948228692125 1.19547528033 -0.436836754734
-110.806 34.3371 0.000729842405279 -3.61836101304e-05 9.67394778276e-05 0.000122886198395 3.85752 3.79901 0.953947599976 1.33741917367 -0.1705851868
-109.95 34.5293 0.00069539608244 -4.38528156383e-05 0.000588731946076 0.000297022570533 3.86892 3.86316 1.37341882949 1.29249853121 -0.114895819059
-109.29 34.4275 0.000757758625012 2.88251973369e-05 -0.000223799085178 0.000235188694797 3.85805 3.83628 0.110303262034 1.4267385392 -0.190418087631
-108.498 34.5421 0.000426426607498 -0.000201564284565 -0.000371617891589 6.24576028717e-05 3.89526 3.86738 0.31969216181 0.739210292352 0.127941484987
-107.01 34.5058 -0.000288333384247 0.000301528508266 0.000627691949329 -0.000249676922189 3.92587 3.86384 -0.112695513279 -0.49056049438 -0.274145832393
-106.188 34.581 -0.000918520763526 0.00016746395538 -0.000246674807405 0.000376262367269 3.8731 3.81442 -2.27427073331 -1.70590866095 -0.0921855820426
-105.435 34.5646 -0.00137709480089 0.000119165569859 -0.000422384832589 0.000554696813936 3.81848 3.80877 -3.63525858524 -2.58137688841 -0.0332274604124
-104.662 34.5271 -0.00146310210651 0.000302979497074 0.000318349000654 -1.60572430316e-05 3.9099 3.94799 -2.7808175278 -2.75731457479 -0.298283990867
-103.81 34.5508 -0.00101797989317 0.000274803879716 3.25150715988e-05 0.000313259455628 3.88936 3.96603 -3.35405761414 -1.94504101261 -0.310408684469
-103.097 34.6469 -0.000307786007125 0.000269353637643 -0.000806252857115 0.000826580836457 3.91967 4.00907 -2.78596890218 -0.629877937147 -0.294406915678
-114.524 33.7503 6.89470638256e-06 0.000133904981032 -0.000416861048496 0.000324684631342 3.85837 3.84511 1.61498856044 0.136155086193 -0.122108088655
-113.829 33.8142 -5.55393315108e-05 1.6938632537e-05 0.000537950562856 0.00102186686853 3.89771 3.89087 4.02833436038 -0.0886851532545 0.00598756588727
-113.005 33.9383 6.69751230023e-05 0.000250521271953 0.000547390936732 0.000575244516123 3.87105 3.89115 2.80393529263 0.30380835771 -0.257607904776
-112.333 33.9535 0.000477549082519 0.000195771778061 -0.000470234459789 0.000246122022227 3.80507 3.83715 0.44722044825 1.00409316297 -0.359775620282
-111.478 33.8798 0.000823834931415 -7.28407922656e-05 -0.000205500306456 -8.46697327484e-05 3.83356 3.86571 0.289675217432 1.43589558608 -0.20694454431
-110.844 33.6953 0.000745367305433 -2.12005377986e-05 0.000209131206634 -0.000735179153667 3.94851 4.00763 0.979810677295 1.32155602573 -0.198442968233
-110.034 33.7776 0.000606980107819 1.82629015909e-05 -4.81303466706e-06 0.000103262446511 3.86018 3.84742 0.761178326078 1.09996023831 -0.170753819159
-109.254 33.9571 0.000716305984653 -5.73496317819e-05 6.50414525324e-05 0.000132322470956 3.84041 3.82324 0.978381355775 1.28288593101 -0.0892940582658
-108.377 33.9085 0.000400221872443 3.64919330741e-05 -0.000188683397463 0.00014516010492 3.8716 3.85058 0.706071270262 0.73724961184 -0.0995819233439
-106.965 33.937 -0.000325317118291 -0.000119247248625 0.000447554468966 -0.000473252183891 3.88994 3.86703 -0.672976118957 -0.612588114489 0.151408661579
-106.921 34.0739 -0.00036962083596 -1.78353195811e-05 0.000356363497594 4.02745685802e-05 3.8659 3.78732 -0.697698181494 -0.679945520774 0.0539255697421
-106.055 33.9315 -0.000809762137917 7.0735207699e-05 -0.000395224957567 0.000264820474747 3.85513 3.78592 -3.13836971249 -1.45544433521 0.00254057129597
-105.436 33.9257 -0.0014631901451 1.09666956992e-05 -3.06252600121e-05 -0.000241884943168 3.89344 3.87245 -2.97426308328 -2.65486516939 0.0633107818411
-104.693 33.9229 -0.00148047670082 -0.000219543761807 -0.000182007132968 0.000251050641362 3.83587 3.83851 -3.22223272979 -2.69688481752 0.235969628735
-103.825 33.9232 -0.000986806883532 -0.00011866314223 0.000288502294745 0.000347475217105 3.86029 3.857 -2.60066395694 -1.78703241666 0.0682683930504
-103.163 33.8839 -0.000475594177479 -0.000132427692576 0.000366671589279 -0.000286585758229 3.98266 4.01778 -2.47605672347 -0.843051723909 0.0881006600599
-113.657 33.1999 5.40988135508e-05 0.000326555171037 0.000829657110009 -0.00206306778727 4.20375 4.20407 1.15353171965 0.369699421109 -0.316991826264
-112.946 33.3627 0.000204717377846 0.000138584899378 0.00015276887548 -0.000938470804512 3.95583 3.98634 1.50785073226 0.463615706119 -0.208578411
-112.158 33.2893 0.000619213023717 -9.89184847043e-05 -0.000438733711242 -0.000226082127749 3.82554 3.84569 0.742290705671 1.00610112307 -0.139111605168
-111.427 33.341 0.000661113152559 -4.31267742164e-05 -9.87554276675e-06 -0.000429204157582 3.91067 3.90598 0.75551957971 1.1270775918 -0.180303420517
-110.472 33.2969 0.000622326589312 7.73280347651e-05 0.000234204648002 -0.000412927993666 3.88149 3.88143 0.4735878324 1.12407350133 -0.25364369991
-110.036 33.0851 0.000779589742737 4.88890548585e-05 -0.000451175180926 -0.000288964717521 3.8783 3.90563 -0.103144817948 1.36054547731 -0.263357635616
-109.266 33.2921 0.000723881892045 -5.15853299665e-05 -0.000150051708204 0.0003068006491 3.82795 3.80879 0.434671222183 1.24189594165 -0.110125738784
-108.592 33.1132 0.000403088279746 5.40369821433e-06 4.38019318361e-05 0.000115148950955 3.86572 3.84368 1.4533876069 0.699344002798 -0.0726586024384
-107.671 33.3086 3.55436316336e-05 5.71083913996e-05 0.000220011768556 0.000443340514555 3.87625 3.85913 0.574793817373 0.0747732304847 -0.0611080678249
-106.964 33.2555 -0.000373797324346 2.53494820577e-06 8.64270590545e-05 0.000176300725045 3.85278 3.79452 -0.278460139124 -0.650468264403 0.0339303777596
-106.232 33.2621 -0.000820988735889 6.62997971623e-05 0.000137958169765 -0.000213135024032 3.90608 3.9226 -1.58968573918 -1.42028683381 -0.00411536201137
-105.365 33.3298 -0.0010141219698 -0.000186698710211 -0.000400503746825 8.32413599531e-06 3.91246 3.92165 -4.58505487747 -1.79553928354 0.261637278611
-104.717 33.2797 -0.0012242996516 -0.000483354319568 -0.000416637842337 0.000241166363492 3.88158 3.90977 -3.70613674269 -2.15518068433 0.50683517026
-103.98 33.2716 -0.00111345260547 -0.000468992892535 0.000698251390788 -0.000256187332445 3.93152 4.03751 -1.35523255694 -1.89044185612 0.393356225548
-103.215 33.315 -0.000304509389626 -0.000523599837318 0.000475835450517 9.95972127325e-05 3.94464 4.07519 -0.781564343923 -0.419458837096 0.482161876741
