-112.228 32.7006 3.48347075934e-05 0.000810296927028 0.0083534795519 0.0159343469541 2.75839 2.88911 0.402217323906 -1.0144797998 -0.792794819864
-111.704 32.5618 0.00127983885998 0.000645751472335 -0.00150376145462 0.0124685364389 2.72343 2.8125 -6.25825347136 12.2736389447 -0.569980951075
-110.739 32.5716 0.000230421301099 -0.000489119686634 0.00491517582835 0.00147720865731 3.75742 3.6626 4.89958076868 3.4642224046 0.532145248738
-109.97 32.6399 0.000728941705695 -0.00126955049823 -0.00485832757961 0.00491105560766 4.42362 4.0032 -10.3460769211 7.28817025585 1.27220006209
-109.303 32.7663 0.000810975628898 0.000140968032658 -0.00455461975886 -0.000462550201997 3.49837 3.39501 -5.51947486381 7.90989573748 -0.0640296643947
-111.457 32.0022 0.00108747278212 2.08130118807e-05 0.0024977651253 -0.000448543986339 3.73849 3.67952 5.03402095642 10.2956947046 0.257207087387
-110.816 31.7748 0.000208989328556 0.000385175182927 0.00842915640129 0.000493972893489 3.58639 3.53146 15.9638127275 0.182252693379 -0.254218233787
-110.046 31.9737 -1.79766779859e-05 0.000777827759436 0.000816377320033 0.00291837026851 3.91715 3.83486 3.26848532168 -1.9996686974 -0.759711655328
-109.259 31.9989 -3.1900293254e-05 0.000293731532094 -0.00544055364929 -0.00801138249335 4.67445 4.8134 -4.65569988712 -0.631011794902 -0.295458331992
-109.991 31.439 0.000143321215546 0.000228885768616 -0.00488229366504 -0.0109513759866 5.01105 5.20818 -8.21212660514 1.31249154461 -0.222854182567
-109.281 31.3757 0.00101537152112 7.66744109486e-05 -0.00825460378829 0.0112060664502 3.50153 3.53276 -10.6820140982 9.95702749524 -0.0721726418393
-122.707 48.7197 -0.000609482721423 0.0002520248931 0.00154572255811 -0.00504466916101 4.46783 4.44338 2.73119619449 -7.32942262115 -0.317194312167
-122.085 48.9983 -0.000229957515927 0.000478621353368 0.000377502356496 -0.000919794228994 4.30295 4.25468 1.27639464802 -3.1607021794 -0.497475018526
-121.48 49.0983 -0.000796273901045 0.000905109761336 0.00190032282837 -0.000323412467459 4.31064 4.20213 5.22447612105 -10.8610984941 -1.02409181104
-120.384 49.048 -0.000648381842866 4.13684712639e-05 -0.002083941451 -0.0107126237408 5.08789 4.91499 0.209882927914 -7.54741408292 -0.0990985947711
-119.272 48.9534 -0.00135589844109 0.000929458432986 -0.00418016143651 -0.00823934572945 5.03203 4.48762 -0.686888820582 -16.6124704316 -1.0412591573
-118.585 48.9752 -0.00217298311503 0.000589139487871 0.00667199210546 -0.00629840063832 4.12842 4.16905 22.2299801653 -25.4999557103 -1.54576925633
-117.559 48.9813 0.000181700088444 0.000330514856196 -9.67891449018e-06 -0.00118136086136 4.13573 4.32487 4.2332519374 1.35656089415 -0.290650031605
-116.363 48.958 -0.000641860121871 0.000288872727072 -0.0031815850123 -0.00905791316574 4.7413 4.67595 -2.01231025476 -7.7484130661 -0.346292554441
-115.653 48.9339 -0.000912387083995 0.00148659841275 0.00024691544596 0.0127826349797 3.0946 3.237 2.45535690489 -13.5022351231 -1.62377849823
-114.413 48.933 0.000623339987001 -0.000294015063363 0.00470363163912 -0.00651492876827 4.44905 4.42795 12.7523865666 8.01431425546 0.498996502998
-113.422 48.9725 -2.52908847182e-05 -0.000503312135611 -0.00122325651166 0.00122958060026 4.16347 4.16769 -0.388618288076 0.583560288404 0.49392471709
-112.733 48.9777 -4.25069051383e-05 -0.000209084899631 -0.00290852090891 0.00373360549965 3.95589 3.93115 -5.16270708396 -0.316605460632 0.205416015175
-111.597 48.9482 -4.59348990069e-05 -0.000318747851591 0.00212270740852 -0.00351907552109 4.3015 4.29341 2.07129626774 0.254932981233 0.302072007329
-123.504 48.0575 -0.000902881750723 0.000136853596547 0.00127861200951 -0.000567173709279 4.21883 4.16365 4.55205667657 -10.4953281113 -0.255492639663
-122.096 48.2641 -0.00151411424763 0.00094526208736 0.00307033970063 -0.00439264978859 4.84037 5.02821 9.62342798301 -19.5120623187 -1.27309720832
-121.484 48.5183 -0.000971423925319 0.0015001242716 0.00248370773576 -0.00709243712581 5.80334 6.26836 11.2056985878 -15.4411829852 -1.70484646714
-120.12 48.4607 -0.000884193440825 0.000659945160248 -0.000861970223339 0.00245131153309 4.0269 3.93626 3.09744354886 -11.1970070082 -0.778647424817
-119.333 48.3584 -0.00112426207152 0.00207305552165 0.000192375641072 -0.00273455957284 5.36011 6.39483 5.02929432159 -17.147276993 -2.24370833847
-118.149 48.4226 -0.000485790985805 -0.000219533899704 -3.91749657974e-05 0.00219884917646 3.97866 4.07807 2.05435134012 -5.19655679847 0.147524642374
-117.225 48.2995 -2.07460185298e-05 3.9347416927e-05 0.00171574499068 0.000390788233585 4.08546 4.32231 5.25484482615 -0.329102292338 -0.0427981392233
-116.367 48.4366 -0.00126219929083 0.000388653891966 -0.00584795332447 0.00634507810509 3.49402 3.67941 -7.58987717263 -14.5933685025 -0.380784566016
-115.589 48.4694 0.000230635929284 -0.000458379425941 -0.00211311865979 -0.00137583836634 4.23777 4.88577 2.96644761271 3.61064604068 0.493110780943
-114.468 48.3739 0.00118040262395 -0.000158393758261 0.00737796808844 0.00531060993698 3.72195 3.63593 11.9017338111 13.4791814739 0.556825524825
-113.273 48.3609 -5.04978654478e-05 -0.000566148828815 -0.0042229944076 -0.00306666005662 4.805 4.49175 -3.4351896879 0.0560567669129 0.558548887833
-112.562 48.3129 -0.000287198953478 -0.000173365495063 -0.00093292153539 -0.00305372175597 4.67941 4.76996 -1.15499789746 -3.01052146056 0.130241763568
-111.707 48.4128 -0.000101970624589 -0.000342671312145 0.00204929738985 -0.00104497319025 4.39065 4.4735 3.43320019787 -0.233293226346 0.309847354596
-124.566 47.9475 -0.000162967500472 0.000123303077903 -0.000545052996786 -0.00281710096543 4.24751 4.24285 0.837808226823 -1.94884608593 -0.132460152473
-122.972 47.7172 -0.00143838233124 1.99046159683e-05 0.00393141823449 0.0010099523269 3.98518 4.04931 8.06688870042 -16.2000683366 -0.304993856524
-121.689 47.6947 -0.00156800000561 -0.000714282488921 -0.00213347715382 0.00439606917387 3.77625 4.02724 1.95528890634 -17.0054248526 0.544150038368
-120.894 47.923 -0.000370522384727 0.00029936931077 -0.00515970504498 0.00653790181933 3.82307 4.06711 -7.43314137106 -4.08256568518 -0.2806356616
-120.061 47.6902 -0.000996686393195 0.000357733314381 0.00374618276019 0.00486920993571 3.74803 4.13903 4.52102000325 -11.9583221721 -0.518827315097
-119.045 47.7849 0.000257069500072 -0.000473663563161 0.00090801681037 0.00451410582582 3.5395 3.85336 1.39676536347 3.60019882027 0.501667503026
-118.274 47.8006 0.000922997011215 9.98117142759e-06 -0.00225272606092 0.00102561601203 3.9542 4.05487 -4.37883618235 10.6039398804 0.0179070422362
-117.308 47.8192 -0.000255266400897 -0.00112240222362 0.000282418757832 0.00246638209706 3.78148 3.79724 -1.1796370402 -1.6882457493 1.09282952267
-116.256 47.8397 0.000276016096102 -8.14836460364e-05 -0.00185606668797 -0.00269954029418 4.24 4.326 2.17630030454 3.29056979912 0.125720013818
-115.475 47.7092 0.000403644845303 -0.000172497257246 -0.0046933168684 -0.00741479870338 5.34882 5.60549 4.75973336519 4.96652863529 0.255684281474
-114.574 47.6795 0.000874637295262 0.000225361535459 0.00685045795754 -0.00428584312874 4.29914 4.35959 18.9103443027 7.7796636957 0.198652630374
-113.747 47.7687 0.000319321668417 0.00100924494275 0.00434187736891 -0.00442288687946 4.64078 4.48257 13.4417519327 -0.981116853418 -0.814193778231
-112.607 47.775 -0.000640493579934 -0.000520529022101 -0.00628063439258 0.00010946311683 4.34948 4.22232 -10.3836619614 -7.50327755774 0.531679263186
-111.746 47.8012 -0.000117129328367 -0.000578616120964 0.00206215817009 0.00131841289043 4.23283 4.24009 0.811817330542 -0.0903188645793 0.546863663972
-110.763 47.6327 -0.000415040218734 0.000344422421114 0.00196520230356 -0.000538693315178 4.27467 4.43978 2.76960821554 -5.58036162398 -0.430089292848
-123.771 47.1161 -0.00021364174177 6.8527609752e-05 -0.00357650299746 -0.00136023641633 4.48116 4.37042 -4.21587507505 -2.41475388056 -0.0636371940613
-122.803 47.1109 -0.000420830533727 -0.000142448228611 -0.00131024466638 0.00299531710337 3.88932 3.83801 -1.09559470952 -4.72297209223 0.124883759379
-121.989 47.1881 -0.00133933768541 -0.00128521146899 0.00249135883794 0.00624730804335 3.50433 3.5458 4.97969275022 -12.8167700419 1.06189841714
-120.844 47.1935 -0.000985309265457 -0.00141296307733 -0.00220822977865 -0.00231149605436 4.76217 5.22504 -1.49410510308 -10.3521082829 1.35735392109
-119.973 47.1936 -0.00029107645857 -0.00211664751101 0.00176391346768 -0.00172398094042 4.80769 6.40394 4.22404397832 0.641557731939 2.04137932828
-118.921 47.0573 -0.00106522547806 -0.000662258619662 -0.00136965877337 0.0045698826324 3.57288 3.80181 -1.9377749657 -11.6298964431 0.590587930747
-118.309 47.0615 9.73340951501e-05 -0.000309074865399 0.000736536022581 0.00167680284244 3.91331 3.99218 4.80910420694 1.75718825058 0.321891926919
-117.276 47.0547 -9.10688328162e-05 0.000324864192934 -4.83863401224e-05 -0.00182337896748 4.1596 4.04313 4.71122132651 -1.75207899548 -0.336446316864
-116.335 47.0477 -0.00139438830941 1.04476349681e-05 0.00181189063381 0.00100672826864 3.94195 4.12768 12.1975157331 -15.0737809471 -0.473188108747
-115.353 47.0528 0.000548700097104 -0.000166669723815 -0.000629570426389 0.00345443745867 3.82885 3.87174 7.42245017082 6.55841885682 0.304689119419
-114.459 47.0943 -0.000406430049986 0.000674262280342 0.00421482738562 -0.00324340311138 4.59619 4.81009 12.1395882852 -7.05941013338 -0.773721832663
-113.506 47.0816 0.00137859333557 0.00047483877859 -0.00257271321311 0.00277301815307 3.57577 3.74248 -7.1134349421 15.6349525966 -0.433159517241
-112.52 47.0418 0.00153605928366 -0.00073802115289 -0.00321461521944 0.00100540315431 4.24188 4.114 -3.36033037759 18.4158109533 0.895544174166
-111.549 47.0308 -0.000971444013771 -0.000678775459114 0.00266623704298 -0.000790175793525 4.32444 4.05075 5.59374909703 -8.65836067106 0.393550138163
-110.687 47.1523 -0.00103573832467 -0.000690215143622 -0.000394091483099 0.000374997276752 4.37287 4.71281 0.0375957042695 -10.2748921127 0.490136839431
-109.802 47.1961 0.000694005040531 -0.000596922914692 0.000135797141616 -0.00251017557858 4.46413 4.55133 0.76639567079 9.23019477887 0.725483947232
-123.563 46.5459 1.91739706922e-05 0.000333153933504 -0.0033872724497 -0.00077183700372 4.27853 4.16143 -4.59373375644 0.320529895497 -0.33355432836
-122.72 46.5934 -0.000432772736358 0.000122085176935 -0.00155313305674 -0.00331616423996 4.66006 4.47498 -1.78174648683 -4.94528767273 -0.135096666359
-121.761 46.5605 0.000552792885325 -0.000425903787293 0.00166877042398 -0.00393506242657 4.30668 4.05911 10.6169480214 7.28615070858 0.552119041483
-120.979 46.5433 -7.65339767861e-05 -0.000860994579579 0.00321465751977 -0.00218992737629 4.18549 3.76571 7.95348458942 1.26118929908 0.824145867118
-119.855 46.5585 -0.00169582546507 -0.000982359833387 -0.0023341228334 -0.00306466290196 4.76659 4.21973 -5.04193419837 -19.2201348266 0.978596560424
-119.06 46.4911 -0.00149998182936 -0.000355947277125 -0.00499756244293 -0.00532398890034 4.76914 4.81166 -13.0286481172 -17.3982018829 0.546240334479
-118.146 46.5139 -0.000463401076777 -0.000424003997188 0.00508844696671 -0.00134712115809 4.20931 4.33775 9.79748441412 -3.73671963777 0.280334012845
-117.11 46.485 -0.000132754911018 -0.000530578046964 -0.00091193414775 0.000296365966531 4.19317 4.35928 3.27998835963 -0.435487963647 0.499351901568
-116.209 46.3559 0.000444766565056 -4.92476998255e-05 -0.00365452930529 0.000602263574518 4.29466 4.29758 -0.137999133247 5.08126798104 0.104033788263
-115.571 46.4151 -4.65702614474e-05 -0.000393172615065 0.00648071413838 -0.00396405848014 4.30976 4.37597 15.8311553554 1.29403142423 0.342124747142
-114.188 46.4423 0.000998334760219 -0.000509470105417 -0.00503969685477 0.00556450294535 3.59489 3.77577 -3.41044579908 11.8316352135 0.59476677727
-113.493 46.4162 0.00158436741286 -0.00103533067568 0.00134465420168 0.00559487389737 3.49396 3.50035 4.03065319592 20.2207428671 1.36180176137
-112.641 46.4246 0.000557702125645 0.000159387182559 0.0013017262946 -0.00185482355693 4.39996 3.99344 7.44398692349 5.56597907761 0.00812318259661
-111.676 46.5336 -0.000222475381125 5.00855220994e-05 -0.000178432084766 -0.000601979201362 4.37097 4.0653 1.53016721125 -2.60537008812 -0.0930428241023
-110.858 46.462 -0.000619410142559 -0.00107394292546 -0.000471683887355 0.000539955211946 4.16513 4.04149 0.828222669906 -4.57211587764 0.93384518006
-109.914 46.5663 -0.000329589091864 -0.000379786765259 0.00021104814714 0.000193983722041 4.3901 4.32049 1.21948622874 -2.78107616106 0.302362931847
-123.559 45.9306 0.000171384404578 0.00111902241342 6.16115710254e-05 6.89957784774e-05 4.11898 4.20618 0.778802843031 1.09081380665 -1.10521329506
-122.419 45.9325 0.000195809568155 0.000492131577754 -0.000529796333822 -0.000881493786049 4.36807 4.24833 0.632802590408 1.7826347776 -0.476020961284
-121.459 45.8839 -0.000517468929124 0.000683278193822 0.000138397310182 0.00331917844699 3.74535 3.69597 2.24381493227 -6.65919668129 -0.737273059661
-120.782 45.7664 -0.000535564747238 0.00118520455463 0.00423094886304 0.00483595274769 3.53796 3.45988 8.1159756 -8.81988745094 -1.27411405499
-119.928 45.8951 -0.000967446366366 0.000707442222625 -0.000648764953216 -0.00115313839859 4.27128 4.13596 1.39875099664 -11.7416589731 -0.812608795183
-118.777 45.7971 -0.00083042536796 -0.000295183965256 -0.00252888605943 -0.00150539263537 4.31162 4.36366 -4.42641350541 -9.27973563895 0.275558057387
-117.909 45.7087 0.000298414349504 0.000265519093838 -0.000868953069803 -0.00050234301851 4.15824 4.18106 0.299229228256 2.99848886115 -0.229630395587
-117.228 45.9734 -8.60113671525e-05 -0.000658915638 -0.000431087597861 0.0017463503205 3.95182 3.95088 4.46041177653 0.483767024166 0.629921475613
-116.155 45.8883 -0.00039423624585 -0.000116738735605 0.00511743532377 -0.00102023337076 4.13666 4.2666 20.0013871812 -3.35615292368 -0.076963122436
-115.255 45.7565 0.000622272564816 -0.00132312609582 -0.000441834474436 0.00676190620255 3.62986 3.67398 1.42731585973 9.33673381571 1.4057451584
-114.332 45.7893 0.000447915780177 -0.000486789531798 -0.00407139984491 -0.00023886060499 4.2172 4.2366 -6.05407932265 5.28150905989 0.504133312308
-113.37 45.8122 0.00055682503051 -0.000826468546127 0.00141396488026 -0.00439478603307 5.01331 5.15386 9.77808062915 8.96974418822 0.961131214245
-112.493 45.8409 0.000890038835306 0.00113356090595 0.00235437062951 0.00227660381486 3.91336 3.94011 5.90573970682 6.34991888051 -0.858977003459
-111.626 45.7843 0.000143899752073 0.000406966585651 -0.000752328243823 -0.0019971136696 4.50752 4.29775 -0.00539618588622 0.818188405826 -0.376326279046
-110.659 45.9054 -0.000589034220716 9.48271588178e-05 -0.00252714573146 -0.00106383556486 4.32384 4.00592 -1.5334215013 -6.78520988091 -0.184642644387
-109.716 45.9046 -0.00109827941737 0.000739724307387 0.00544354592064 -0.00014398274369 4.14861 4.22603 6.16961230623 -14.4306319065 -1.03024657061
-123.281 45.3153 1.03372010686e-05 0.000142738572868 -0.000490295528853 0.00180439602089 3.95747 4.00525 0.126754928757 0.0235470134062 -0.141906914503
-121.317 45.2422 -0.000800299521133 0.000573173922752 -0.00396418976133 -0.00291439715291 4.46276 4.56424 -2.63146299313 -9.1413506486 -0.596288178319
-120.635 45.2357 -0.000875440480012 0.000774705304052 0.00634504651086 -0.00212655959351 3.80855 4.00761 12.8071882798 -11.9570372913 -1.0021331051
-119.669 45.2664 -0.000556290829105 0.000954498431496 -0.000776183491752 0.00398606844324 3.45156 3.56359 -1.05340631601 -7.00060445364 -0.992664939744
-118.96 45.2904 -0.000155094275746 -5.92772746022e-05 -0.00384290877542 0.00436135762901 3.57554 3.6797 -8.33556931394 -1.76845603483 0.0664525367189
-117.78 45.2781 0.000289912926715 -0.000261543201278 0.0020094889532 0.000657385064325 3.93242 4.12372 3.70549492438 3.71562150444 0.308086423167
-117.12 45.2925 0.00040828041924 -0.000261861656028 -0.00245681921396 -0.00253221726152 4.56125 4.62036 4.98143011059 5.08608943833 0.339187335413
-116.268 45.3997 0.000461766178002 -0.00102677466718 0.00183373999997 0.000151724400354 4.07305 4.10757 11.9427868523 8.69656550721 1.12143108272
-115.326 45.1285 5.03835932504e-05 -0.000254139814966 -0.00114729134852 -0.00566923908668 4.75484 4.69639 5.10689107678 1.18604405589 0.258981243826
-114.233 45.0931 0.000449415466172 -0.000263182122391 0.00184563849237 0.000511092435928 4.2538 4.18106 12.1385172564 5.76652126809 0.403884002101
-113.46 45.2432 0.000197130193179 -0.000607072705062 -0.00272119857575 0.00044150690243 4.3716 4.19361 -3.17115867182 2.8806505062 0.623485552944
-112.489 45.166 -0.000823671157579 0.00034907307876 -0.00132711789604 2.66635949058e-05 4.33302 4.67282 -0.640271698803 -9.76928756852 -0.469801624658
-111.805 45.2285 0.0007144797567 0.000791181693994 0.00379677591758 0.00193675582085 3.90934 3.94325 6.82594205163 5.18130150755 -0.554598206505
-110.74 45.3212 -0.000823665176203 0.000921085778465 -0.00264285635549 0.0008053902009 4.13241 4.05092 -2.17507845223 -10.7000127336 -1.02882397816
-109.563 45.3171 -0.000312652479665 -0.000397318141263 0.00137821459067 0.00219333351122 3.92248 3.89511 0.70930539504 -2.55273599723 0.325517209398
-124 44.6764 0.00031114238546 0.000111631358404 0.000100963115907 -0.00156264612 4.12007 4.0807 1.17831002632 3.36586796263 -0.090036614882
-123.292 44.6765 -0.000256761942203 -0.000363036875215 -0.0007247122374 -0.00249439799303 4.13637 4.10259 0.883089409408 -2.56352292714 0.344029957557
-122.186 44.6837 -0.000245697767944 0.000311756604533 0.00209667327706 -0.000642505776682 3.91185 3.9053 5.97554869498 -3.28283621546 -0.348936898346
-121.227 44.6473 -0.0002603751305 0.000340007972602 0.000628598207779 -0.00358819588606 4.36049 4.41366 1.5734073185 -3.27220823148 -0.365051284634
-120.335 44.7344 -0.000541972122913 -0.000246625197675 -0.00312561417876 0.00461681807193 3.59279 3.70742 -7.27785575732 -6.14976660326 0.269260554608
-119.565 44.5913 -0.000784019019997 -0.000526227158003 5.55490118448e-05 0.00371887969411 3.39786 3.54947 -1.3852232579 -8.30791963656 0.471472302231
-118.67 44.5191 5.29281492972e-05 -0.000842288803348 -0.000330259443539 0.000279146143294 3.9403 4.10906 6.54238793449 2.58144633168 0.834110480868
-117.664 44.6653 0.000874804124818 -0.000771956969481 0.00218220441718 0.00225904340304 3.76105 3.84757 13.4909348815 12.1066359082 1.02344107471
-116.747 44.589 0.000144824229311 -0.0003586730119 -0.000229792534331 0.000307527306004 3.94315 3.78245 7.06332203002 2.53424680335 0.383031855734
-116.013 44.7035 -0.00101210796811 -0.0006620898809 0.0050755078685 0.000688352465795 3.99861 3.92311 15.8074340714 -7.49322289046 0.211055845352
-114.855 44.5494 0.000292891118654 -0.000101530179228 0.00614961209582 -0.00834841692005 5.29897 6.48377 -0.125828800422 3.39641130324 0.14064535206
-114.255 44.5642 0.00139480071373 -0.000272600366046 -0.0207032974521 -0.0026140851619 4.03705 4.07 -46.4606891607 10.3844252047 -0.646779132644
-113.367 44.6165 -1.78743868425e-05 0.000495468948783 0.0144133361225 0.00286688222716 3.7775 3.47158 14.1970228533 -2.35462276113 -0.462963477585
-112.644 44.6173 -0.00132858796711 -0.000511455392783 -0.00503224945627 -0.00232699930759 4.61095 4.38864 -1.50464932793 -13.9794484993 0.327831522073
-111.248 44.7038 3.6076031848e-05 0.000364875924498 -0.000575779742254 0.00225996760738 3.91695 3.99796 -3.35872263388 -0.0743019588995 -0.358202007719
-110.576 44.3951 0.00108413301472 0.00146033544727 -5.6957642151e-05 0.000195036532732 4.1071 4.48464 -0.169677296389 9.04941088211 -1.24440855326
-123.83 44.0035 0.000448307982236 0.00011698500139 0.00515927063249 0.0014222184816 3.73222 3.71015 5.00203119919 4.72810198925 -0.0546826236344
-123.278 43.9726 0.000218397384011 0.000313825802358 -0.00371226636055 0.00237588632718 3.71403 3.64918 -3.18351819671 2.41291072518 -0.313907802284
-121.268 44.1626 -0.000296563228654 2.71764776696e-05 -0.000181742431204 0.00657216624853 3.42815 3.46311 -1.717954122 -3.29438286855 -0.0406017318366
-120.211 43.9437 8.65417415966e-06 -0.000438023773517 -0.000808980752269 -0.0016640493427 4.42036 4.50993 -1.98432349564 0.34359000447 0.437892159568
-119.504 44.082 0.000344497547511 -0.000809511759432 0.000240644625729 -0.0027045341788 4.54141 4.5212 4.85122012318 5.34040719794 0.857648723154
-118.569 43.9104 -6.82458552677e-05 -0.000840247532823 0.000825571531181 -0.00247898299356 4.52185 4.38918 5.66982700174 1.11828007818 0.809655247881
-117.741 43.9733 -0.000175182467008 -0.000500932554067 -0.00278432336333 -0.000806985748464 4.30596 4.20924 6.17698011297 -0.692632828293 0.451093343492
-116.803 44.086 0.000140993690329 0.000447736858667 0.00159743935332 0.00291973141914 3.64359 3.53219 12.3626862573 -0.159424160372 -0.376303964438
-115.958 43.9121 -0.000217023125031 0.000312873910245 0.00549836125243 -0.00181064664115 4.26413 4.12883 17.7672951173 -3.65175031816 -0.375405843824
-115.133 43.7945 -0.000203426039883 -0.000193583280103 -0.00221813962241 0.00836647147608 3.35499 3.27682 1.31271012881 -1.88614934155 0.158869445951
-114.117 43.9146 0.000189253454296 0.000104651948219 -0.000614267212231 -0.00252796084368 4.29302 4.27843 3.86061003635 1.80796438157 -0.0621043452903
-113.452 43.9286 3.99757325533e-05 0.000310732792037 0.000552184460744 -0.00762192648423 5.41446 5.39943 3.23216765373 -0.283649291916 -0.295628999302
-112.485 43.9997 -0.000202654904462 -1.46028772142e-05 -0.00053697385786 0.00101756684516 3.87681 3.80511 -2.54827316096 -2.2225597609 -0.00938775380267
-111.487 43.8756 -8.71966414886e-05 -2.87713853081e-05 0.00230100654939 -0.00303188520058 4.18091 3.8017 0.833778601742 -0.89482313883 0.0120645025381
-110.576 43.92 -0.000238310568795 0.000557417824539 -0.00269450401096 -0.00499950762806 5.10934 5.16275 -4.41899603192 -3.29145299601 -0.579187063762
-109.817 43.7013 -0.000172543358913 0.000198789491426 -0.00257250807966 -5.21901673474e-05 4.13485 4.15964 -2.51684561024 -2.22232788833 -0.221598059911
-123.575 43.3654 -0.000267141514068 -0.00031026813159 -0.000677964390718 0.002304200835 3.73253 3.77459 -0.316265439217 -2.76973276336 0.297488241478
-120.153 43.2515 0.000130768059803 -0.000174204745468 -0.00353165407847 -0.00470256207565 5.09444 4.92053 -2.0916670746 1.52926554521 0.180496209109
-119.311 43.3736 -1.19319296776e-05 -0.000200170007867 0.00147676257541 -0.0017074892096 4.34568 4.20092 4.38481464665 0.245892985596 0.195208724793
-118.474 43.358 -0.000364653850557 -0.000235111678022 0.000443876937557 -0.00150706620537 4.34093 4.08945 8.00083889841 -3.27361011077 0.14059203473
-117.754 43.3471 -0.000376111447842 -8.12517401609e-05 -0.00110485420844 -0.00372262370593 4.5081 4.44914 8.70581281072 -3.7676476923 -0.018994549606
-116.767 43.4275 -0.000221996597831 0.000155116559879 0.00245978545256 -0.00644621853797 4.4964 4.52012 15.1623535886 -2.91118191132 -0.227084369778
-115.828 43.4151 -0.000342490838059 0.000782181571608 -0.0013376029525 -0.000144375075557 4.18829 4.08491 7.1025342851 -5.82227590341 -0.843049775044
-115.098 43.25 0.000102544525886 0.000552710623092 -0.00401857557092 -0.00280743218832 4.24118 4.29475 -0.229640421194 0.315653434833 -0.534319535905
-114.174 43.3979 0.000562953275115 -7.77342224206e-06 0.00559331893736 0.00256740475624 3.57822 3.61933 11.3995839648 5.88518871573 0.197516048435
-113.518 43.3234 0.000272731684541 -4.66384516614e-05 -0.0003357576495 0.0050729805904 3.64915 3.60217 0.544737949081 3.05794891278 0.089920615142
-112.433 43.3998 -0.000715748744602 0.000177836980503 -0.00439039831949 -0.000158947103767 3.97876 4.23888 -7.68780763662 -7.97967198834 -0.198275680935
-111.612 43.2741 -0.00042340631624 0.000901392136531 0.00550129896573 0.00286093282653 3.51348 3.93943 5.80698333595 -7.19835923573 -0.982037916422
-110.712 43.3629 1.99410977053e-05 0.000308228992099 -0.00405948357577 0.00409398213405 4.22464 4.32612 -4.32657194033 -0.135654919447 -0.304482893316
-124.469 42.8088 -0.000111790309887 2.96376569237e-05 -0.000389558516241 -0.00179775244573 4.14026 4.10222 -0.34175737866 -1.23061839335 -0.0337686916311
-123.49 42.7667 -0.000475167945129 -0.000461837411466 0.00109320194819 -0.00389078628667 4.51265 4.43499 2.3416701965 -4.68848995937 0.415316837978
-120.893 42.7258 -8.66173338341e-05 9.74445715952e-06 0.0172394907591 0.0013060732956 3.68709 3.74145 17.6610195447 -0.91580757958 -0.0417176399061
-120.251 42.7991 0.000397551220418 0.000387837915823 -0.00388447773613 0.00325058453939 3.93667 3.93908 3.02408207351 3.72068004687 -0.32946841795
-119.247 42.6912 0.000275277063607 1.84137264335e-05 -0.00308106119193 0.00353468379593 4.0295 4.0241 -0.469627124642 2.97853156261 0.00556827344372
-118.486 42.7308 -0.000167899252735 0.000192765489982 0.00244830910182 0.0018007489014 3.82965 3.80239 6.84542464041 -2.25551008659 -0.225030081271
-117.725 42.6996 -0.000660490967037 -0.000140861667194 -0.00139450781328 0.00416367765519 3.68626 3.64344 4.8941714654 -6.78736020785 0.00973370865179
-116.87 42.7779 -0.000652883166068 0.000197539429359 0.00035079317176 0.00456654136645 3.59727 3.65327 8.26824820694 -7.46922926351 -0.360537704411
-116.032 42.7713 -0.000246275779549 0.00123712597731 0.000844350645791 0.0025004498197 3.53685 3.69219 6.16151232657 -5.77884868021 -1.26048488797
-114.903 42.636 0.000417908881032 -0.000249156452438 -4.00436039472e-06 -0.000673293193034 4.02265 4.25139 2.12356125282 4.98639613139 0.318207391635
-114.084 42.6493 0.000386250112565 -0.00010070065088 -0.00100824451972 0.000232737275509 4.01343 3.95581 -3.18261024244 4.32033760668 0.135282497381
-113.176 42.5452 -0.000733494523541 -0.000563637369315 -0.000721441103892 0.00468387158648 3.59389 3.48966 -2.18804680473 -7.2705835641 0.474183669619
-112.531 42.6852 -0.000905697982061 -0.000815155514105 -0.00249546313178 0.00410154345665 3.85172 4.0217 -0.934364424587 -8.55580567953 0.67547368012
-111.588 42.8321 0.000255009152197 -0.000855708860025 0.00357366267588 0.000564347185709 4.02556 4.35719 4.907356191 5.11245962755 0.892408821319
-123.602 42.156 3.13683927293e-05 0.000263220009892 0.0016502004895 0.000595985964304 4.0932 3.98135 1.3735922805 0.123347741112 -0.260095377109
-119.34 42.0187 -0.000150906276054 -0.000951609361373 -0.00412102818433 -0.00210745751409 4.65044 4.74584 -0.12424806591 -0.682469076686 0.933735540685
-118.344 42.1901 -7.66458553929e-05 -0.000537850058441 0.00148526872042 0.00520884600356 3.86217 4.01058 4.16672636489 0.207924805156 0.515994708337
-117.667 42.0192 -0.000208129606285 3.60611935585e-05 -0.00032512916614 0.000573270673521 4.18156 4.15877 6.48165830726 -2.29169733736 -0.0813563496081
-116.471 42.0773 -0.00169068201206 1.7933312457e-05 0.00159980592229 0.0046654265689 3.58002 3.74827 4.7802207062 -18.0490975489 -0.363298491958
-115.754 42.1669 -4.18353401725e-05 0.000186276731891 -0.00206009634722 0.00101990417606 3.81408 4.16564 7.85669739134 -0.975061782644 -0.190716166169
-115.016 42.146 0.00175761239353 0.000289565103507 0.00425078498652 0.000855535920695 3.7689 3.73066 8.23817602046 17.5421052461 0.208653239932
-113.944 42.0886 0.000756594770239 -0.000155753134011 -0.00358882643012 -0.00276266241464 4.6618 4.46281 -4.62015539088 8.35052690678 0.205902038965
-113.24 42.0343 0.000520354679142 -0.000201806676594 -0.00283309060957 -0.00297784868866 4.68479 4.36516 -1.25711806883 5.92031522203 0.268733621385
-112.386 42.0041 -0.000304173778718 -0.00084352241063 0.0049560150647 -0.00577108796574 4.8504 4.48127 11.6259107085 0.191027739729 0.679032807594
-111.432 42.0149 -0.000842410429342 -0.000583956786262 -0.00205593338546 -0.00516644523565 5.0886 4.85782 2.99904552829 -7.56114844188 0.381896634796
-109.357 42.1012 -0.00090549940197 0.000232858257923 0.00490720209751 -0.00305443715842 4.48526 4.55897 3.92079399807 -10.2626525289 -0.458385634053
-107.369 41.9641 -0.000478076825606 0.000926783425904 -0.00587656228239 0.00772304178369 3.3975 3.47515 -7.03196350654 -6.13849606661 -0.965489142156
-124.122 41.8473 4.16569054827e-05 0.000264149618421 -0.000462553868455 -0.00188758988751 4.1902 4.20406 0.055583672115 0.314165189884 -0.261876524424
-119.171 41.3884 0.000370649225464 -0.000354932750568 0.00706552602505 0.00327033578367 3.85695 3.63932 7.30574909213 4.74394080224 0.428158867954
-118.379 41.4483 -0.00126183820924 -0.00235969859428 4.88759149776e-05 -0.0110139631363 7.6661 6.78537 7.77241919144 -7.19965193697 1.9936363093
-117.45 41.423 -0.00165734087473 0.000221655502053 -0.00250297457579 -0.00490012440267 5.38146 5.80568 3.33864916952 -18.0461197433 -0.500367244034
-116.54 41.522 -0.000334475728298 0.00149674014061 0.00202734768017 -0.00715412491074 4.94732 5.04881 11.7961148813 -8.63739824644 -1.52476710744
-115.791 41.4311 -0.000622876767405 -0.000243491546824 -0.000820097524385 -0.00228933950296 4.00955 4.19516 6.83461697786 -5.88407680676 0.0829240362781
-114.915 41.4157 0.000572853670338 0.000569872695449 0.0035724748889 -0.000298172922889 3.86164 4.03168 11.608010763 3.78710484258 -0.346014004051
-114.165 41.3602 0.000386737903802 0.00129005675658 -0.00282227875741 -0.00334559735714 4.25901 4.3476 -2.18644125813 2.67404175922 -1.24145056239
-113.347 41.503 0.000410689558905 0.000512425357089 -0.00267546242575 -0.00270171463387 4.84884 4.55058 0.898715983596 3.4602343672 -0.436162165794
-112.448 41.4632 0.000174435093592 0.00085995690702 0.00575210878708 -0.00151612298705 4.41296 4.09816 12.044056984 -1.63089597911 -0.73769254804
-111.63 41.3146 -0.000503340243757 0.000510702143127 -0.000291003047768 -0.000410535952751 4.4477 4.02787 -2.62866852721 -6.10822105633 -0.569002169246
-110.666 41.4729 -0.00112068666656 0.000327602204653 -0.00947701577435 0.000394876032852 3.95909 3.81276 -20.7546862882 -11.3495343373 -0.118198019654
-110.067 41.4272 -0.00161829481142 -0.000613477613532 0.00435386953503 0.00343869401021 3.81052 3.83646 2.82529662346 -15.5934060676 0.22089208521
-109.157 41.5047 -0.000119339492732 0.000441216479274 0.0056789290422 0.0017935001266 3.77362 3.77565 8.47811442769 -2.84185599235 -0.455690644749
-108.187 41.4906 -0.000838207151935 0.000260792398982 -0.00557116182376 -0.00229888645363 4.23569 4.27106 -8.59146057569 -9.30022103847 -0.305115756456
-107.364 41.6067 -0.00110474888288 -0.000424441049159 -0.00312836521584 -0.0021162960628 4.20093 4.5765 -6.80674983374 -11.6228421518 0.320595041452
-119.835 40.7484 2.19725705999e-05 0.000984224449996 -0.0197122020025 -0.00188570469516 4.35431 4.60324 -16.5201177727 2.31739601429 -0.969080016369
-118.971 40.7797 0.00307324353059 0.00116783129557 0.0143217519453 0.000759376549261 3.16118 2.97885 31.4334421228 18.7589749645 0.917978966053
-118.134 40.7811 -0.00116213987359 0.00106717794212 0.00286938169222 -0.00290353457167 4.30077 3.02651 9.15114316883 -15.0277845803 -1.33472317019
-117.524 40.852 -0.00670598259886 -0.000134917233336 -0.00570931641817 -0.000942436603039 4.1571 4.50311 -17.0659635422 -71.024860568 1.37306120887
-116.508 40.7186 -0.000849728944271 -0.000556451863539 -0.00232881805781 -0.00971507679016 5.69161 -nan -5.14561615808 -8.92339860265 0.528981526075
-115.736 40.8167 0.000907849298477 -0.000107157374757 -0.00214830653245 0.00140806243835 3.8114 4.16796 -0.959142884346 9.82774654325 0.208554347618
-115.039 40.8522 0.000331503398177 -0.000172721846301 0.00395311626131 -0.00122191650947 3.94184 4.00121 13.1852032661 3.99696391683 0.280024877668
-114.204 40.8556 0.000710076371969 0.000391633182309 -0.00145023782972 0.00258288438462 3.63069 3.80839 4.68426350463 6.50816797031 -0.222376884709
-113.187 40.8513 0.000365848656889 0.000644621527028 -0.00193544154775 0.00166538120272 4.12103 4.21658 1.26578643466 2.66355139256 -0.57036037891
-112.52 40.8903 -0.000143588730018 0.00075868514861 0.00345863696415 0.00295563793382 3.95293 3.93544 3.96989752537 -3.37920545683 -0.771433188866
-111.437 40.8869 -0.000978026273624 0.00112601471223 -0.000505195182816 0.00302997652295 3.67531 3.89427 -6.78117052371 -11.2073020687 -1.1763912017
-110.834 40.9425 -0.000895594776786 0.000678013983523 -0.0063385799551 0.00264451308052 4.09953 4.05777 -16.3203090727 -8.85424172971 -0.578076017985
-109.673 40.9763 -0.00153673141063 -0.00108448117161 0.00449906563443 0.00170376768267 4.0267 4.06231 5.67177989555 -12.6492911797 0.603933122607
-109.177 40.8936 -0.00108315857623 0.00119685881728 0.0066262146954 0.00059655714185 3.60301 3.99969 9.75149616132 -15.5999192177 -1.50384498081
-121.086 40.32 -0.000355710903524 -0.000392843059414 0.00621450639003 0.00660321337181 3.7375 3.80973 4.41963837863 -3.10335793799 0.333788160178
-120.918 39.962 -0.000450019721824 -0.000672835298723 0.00282156827229 -0.00294470846254 4.01056 4.05479 2.91676424368 -3.81692740844 0.609347401836
-119.827 40.165 -0.000662287267629 -0.000362561109625 -0.00354019310377 0.000422853835583 3.98648 4.5195 -2.23659924837 -6.84630430899 0.329083203297
-118.877 40.1614 2.98109651787e-05 0.000963248352979 -0.00110037696217 0.00348824634758 3.79222 3.89823 1.11440666349 -0.8898775797 -0.953074115766
-118.155 40.2903 -0.000617902526485 0.00433926705792 0.00487927414476 0.00940655537019 2.59569 2.63632 5.26794498549 -15.5441920878 -4.37617774709
-117.19 40.1697 -0.00083975325008 -0.000649193659981 -0.00425040313759 0.00576053661856 3.27935 3.40633 -3.14920414755 -8.52427665106 0.59766974117
-116.5 40.2917 -0.000120744848305 -0.00301175514211 -0.00131281668406 0.016974061876 2.7399 2.98616 -2.57127162164 1.18627677234 2.99357403407
-115.657 40.1313 -7.68511266178e-05 -0.0012438542041 0.00217661942741 0.000458056572132 3.98013 4.09482 6.68415142122 2.44715571458 1.18743203974
-114.745 40.2679 0.000209310570514 -0.000685746459393 0.000733359676298 0.00285858698542 3.69728 3.75903 6.78267825156 4.03421946729 0.7164375936
-113.981 40.1314 0.000189699661979 -0.000499826981325 -0.000451829283442 -0.00194426745407 4.08351 4.20105 5.40067903281 3.24497965753 0.530639386663
-112.469 40.2807 -7.97544603159e-05 0.000202092900417 0.00103760374355 -0.000951542449118 4.25091 4.35318 4.04997096032 -1.33154548817 -0.215014038534
-111.502 40.2067 -0.000310328630993 -5.95881964911e-05 0.000629536191587 0.00134522861292 3.94992 4.32583 -1.91720244929 -3.2133540902 0.0165911175914
-110.738 40.1948 0.00234273778485 0.000189581994715 -0.000924676376297 -0.00154512795326 4.51262 4.5675 -9.94229885884 25.1690803288 -0.178961296657
-110.008 40.2655 -0.00080480684133 7.84142908347e-05 -0.00165841197331 -0.0035905982708 4.52947 3.79018 -1.52147837259 -8.6895446729 -0.204530018247
-109.124 40.2982 -0.00461356099539 -0.0017051253554 0.00528698126252 0.00015332550803 3.8418 3.98081 7.41190024699 -41.3420114461 0.152256842488
-119.898 39.6785 -0.00064013429368 -0.00127349910839 -0.00126182149302 0.0019609149599 3.80181 3.92591 -0.178837763439 -5.60734519438 1.21452913178
-118.889 39.5399 -0.000678510786331 -0.00101842684661 -0.00088155852754 -0.00306498763646 4.46108 5.27749 -0.137481580763 -6.11585515246 0.948928154484
-118.08 39.6946 -0.000410007683576 -0.00033750154074 -0.000451819911845 -0.000996886642987 3.81467 5.03523 1.29435671713 -3.85236912824 0.282092614977
-117.14 39.5516 -0.000100444337951 -0.00131707464595 0.00124528905677 -0.00181077265429 4.06063 4.15621 5.5280813733 1.89383420415 1.26651600587
-116.464 39.6202 0.000873240110881 -0.000734192344532 0.00104524188669 -0.00692742327199 4.38794 3.60647 9.01357480961 11.0548767691 0.946488317979
-115.754 39.553 1.28436208474e-05 -0.000423633712026 -0.000418541049304 -0.000955414426898 4.25663 3.97915 4.95875888241 1.09437650674 0.416581977185
-114.908 39.4731 -0.000177033279378 -0.000409540158506 -0.0015330921403 -0.000615912920257 4.12166 4.07616 6.34142928937 -0.754900669207 0.353582945572
-114.016 39.455 -4.22289479322e-06 -0.00203702036288 0.00234076090989 0.00437627137713 3.43568 3.31903 8.66966827901 6.29418717341 1.94644589733
-113.069 39.5906 -0.000171887544882 -0.00113368502676 0.00136552401881 -0.00181768165303 4.26699 4.3289 8.87428877661 1.94072422617 1.02716074811
-111.66 39.6092 -0.000231848948711 0.000136191782924 -0.00266257466785 -0.00188532074202 4.38864 4.30556 -4.37347014234 -2.59755372574 -0.157042802278
-110.74 39.473 -0.000997024809483 0.000167257930402 0.00266048093712 -0.00120080202083 4.53351 4.7387 1.67612978822 -10.7765076759 -0.368631960844
-110.246 39.6279 -0.000410245619166 0.00252125969353 -0.00119511679417 -4.80701003491e-06 4.97845 5.23005 -2.46240284322 -8.09657124375 -2.55381869934
-108.981 39.6333 -0.0005054906604 -0.00163507826819 -0.00218651276611 0.00215804263511 4.10618 3.96492 -3.21744726471 -2.94259785735 1.54951900957
-118.808 38.9383 -0.000438016555393 -0.000565355595571 -0.0016508952371 -0.000607499367161 4.21006 4.12961 -2.15715001482 -4.23318781296 0.537520890777
-117.932 38.8606 -0.000181883294278 -0.000224509459683 -0.00152060822103 -0.00290701995891 4.42557 4.23106 1.36391887815 -1.58680327866 0.198775325852
-117.182 38.834 -0.000240221060303 -8.30691490853e-06 0.00255182341899 -0.00291016187293 4.25161 3.88601 11.2007167584 -2.37912050562 -0.0654392831308
-116.4 38.8247 -0.000800837127045 0.000697834848029 0.000966579183672 -0.000988762017118 4.16792 4.00276 9.51457638498 -10.1696047515 -0.896861668339
-115.654 38.8455 -0.000212172038826 0.000433064644398 1.68657928281e-05 -0.00337278165264 4.79132 4.73648 7.27521352908 -3.32045531207 -0.472748454831
-114.83 39.04 0.00104063998115 0.000229428866106 -0.00454094111832 -0.00175955471324 4.62091 4.31273 0.951104716897 10.4910699671 -0.066576337887
-114.02 38.9551 0.000574253856474 -8.72304594437e-05 0.0025384430232 -0.00401309706577 4.24961 3.71233 12.7363573128 5.99294060822 0.288009029475
-113.277 38.9882 -0.00118419546636 -0.000204376482317 0.00497838070814 -0.00211545994383 3.9619 3.73667 15.4773717696 -10.5352516775 -0.299934686243
-112.379 38.9995 -0.00112562773217 0.000395341230998 -0.00295482565284 -0.001157068711 4.25075 4.3514 -1.54975785556 -12.3780694628 -0.542933343695
-111.172 38.9176 -0.000237593826532 0.00010796816131 -0.00049364748798 -0.00207604541024 4.42212 4.55914 -1.19011256103 -2.66360676949 -0.142847099518
-110.133 39.1025 0.000151922019974 0.000163518453383 -0.00127077485027 0.000568690326484 4.27646 5.17799 -5.82945394654 1.46856209863 -0.150559036063
-109.263 38.9553 7.65337395239e-05 0.000644625978402 -0.00168733157299 -0.00271125148453 4.92864 4.94984 -1.77617894941 -0.294656586007 -0.62404491099
-119.451 38.5226 -0.000215125162337 -0.000167274692487 0.001285165198 -0.000672923817327 4.05634 3.98361 1.69976259339 -2.02081478154 0.139827988641
-118.106 38.3489 -0.000604561424398 0.000151607860987 -0.00122793020396 -0.0034850046072 4.49943 4.43298 2.53188316246 -6.48641839082 -0.240154800049
-117.072 38.2397 -0.000922576112585 0.00108913579965 -0.000161495202915 0.000819038493202 4.04396 4.13817 4.66500710905 -11.6871528037 -1.24878578279
-116.302 38.2886 1.56784026948e-05 0.000923788733892 0.00197474152525 0.000460211395083 3.83713 4.21821 11.3614352463 -2.90074514679 -0.871459891841
-115.585 38.3489 0.000355860416952 0.000578227943135 -0.00151066836716 0.0010599433429 4.03309 4.22023 3.06836864158 2.55840115952 -0.503390060601
-114.608 38.3281 0.000256705650015 0.000577306015371 -0.000441909653253 -0.00161035022612 4.28548 4.35458 6.59296836825 1.07824379487 -0.493888151725
-113.969 38.1802 0.000150895621446 0.00147640767578 -0.000803646347043 0.000145451215673 4.32275 4.15688 4.77636032267 -1.98004921343 -1.40337791259
-113.021 38.2987 -0.000862209149207 0.000755648809789 0.00141021991654 0.00394476172183 3.49926 3.53049 3.9263582787 -10.5960496967 -0.928213013535
-112.277 38.2108 -0.000335191924674 9.93258282626e-05 0.00063336996039 0.000417916418413 3.91455 4.10399 2.07815484955 -3.65892640939 -0.163577087055
-111.483 38.2843 0.000268588755512 7.89456426623e-05 -0.00144595928609 0.00127389051452 3.87449 3.99204 -2.64727868271 2.70298217116 -0.0451002600115
-110.711 38.4187 -0.000141357103453 0.000124331803013 -0.001633564455 0.00161669338265 3.91244 3.9894 -4.57269566331 -1.61304464691 -0.137560056156
-109.894 38.3862 -0.000579079784132 0.000297771581836 0.000578253188058 0.000163104748739 4.09849 4.33729 2.49800758974 -6.6716270607 -0.421557525168
-109.261 38.2916 0.000146463518345 -0.000240033701563 0.00352535850082 0.000440245593498 4.48311 4.58666 6.94294457321 2.25244240902 0.273460934679
-117.225 37.7243 -0.000412275618213 -6.90452719759e-05 -0.000696405329171 0.00377280875402 3.87642 4.10933 1.88020750712 -4.13395613769 0.00789423157758
-116.595 37.923 -0.000289990128956 -0.000364930636871 0.0012375698596 0.00367523470556 3.77521 3.91306 7.16731078619 -2.00735766044 0.283501204094
-115.747 37.6444 -0.000279425168685 -0.000170609864482 0.000280093375752 0.00544436317521 3.54077 3.63536 4.53734015169 -2.47760349044 0.109268951237
-114.849 37.6083 0.000160080163295 5.84277882283e-05 0.00233666493034 0.0035514488511 3.73566 3.83864 8.34447405448 1.4299434514 -0.011389104518
-113.86 37.5808 0.000112462100848 -0.000234158385194 -0.00291195212339 0.000783545550091 4.40832 4.91775 0.771955789978 1.54645317491 0.249125467058
-113.168 37.7601 -4.39199165887e-05 6.77573088865e-06 -0.000117105691437 0.00174732039074 3.7606 3.89937 2.14588802473 -0.463884967913 -0.0150022754304
-112.363 37.6761 -0.000220919880347 -0.000831004260522 0.00279765887603 0.00443256530103 3.51409 3.63031 3.3955825543 -0.349885376051 0.762413439247
-111.596 37.7222 -0.000294132781212 -0.000415703944631 -0.00145835422494 0.00173785339031 3.74444 3.85778 -2.9272094717 -2.54454715335 0.378198558256
-110.802 37.6354 -0.000436749868886 -0.000302283916681 -0.00246956678728 0.00207307488959 3.68221 3.77422 -2.71480689362 -4.12523854129 0.24343904035
-109.995 37.6903 0.000717968849604 -0.000387993125696 0.00182519769622 0.00127556417734 3.82801 3.93599 6.70734155502 8.39700932494 0.583721019583
-109.137 37.7459 0.000316960236357 -0.000117625528108 0.0028277514997 0.00104345604109 4.00752 4.02615 3.8219826064 3.53552827621 0.194997793233
-115.22 37.2408 -0.000296705382062 -0.00011155987141 0.00514581805458 4.00657825699e-05 4.00541 4.03468 14.4937532798 -2.41163760783 -0.00858928276625
-114.715 36.7256 0.000337626108852 0.000229571120908 0.00201113791608 -0.00254193198178 4.52078 4.49992 14.3939321566 2.32078093912 -0.0840296035055
-113.907 37.0195 3.20034329651e-05 -0.000394073303104 -1.51383801904e-05 -0.00153088744961 4.30225 4.13644 1.43172737541 1.02305002058 0.393752989319
-113.084 37.0615 0.000242485405059 -0.000173914829149 -0.00524194745162 -0.0023590591832 4.54447 4.49326 -8.98245449819 2.51069344401 0.173370751418
-112.382 37.0183 -0.000116254188738 -0.000569120775265 0.00493974154919 -0.0023887003203 4.39654 4.21518 7.53523871442 0.549729630632 0.511333966016
-111.506 36.9839 -0.000173232376931 -0.000418714894458 -0.00241060674999 -0.00129572434762 4.19035 4.0984 -3.66030722776 -1.32929107066 0.39805788236
-110.804 36.9969 -0.000406100562766 -0.00109806451738 -0.0020832990113 -0.00243248003702 4.21262 4.07163 -0.328300191113 -2.22020616295 1.01305552691
-109.874 37.1364 -0.000862958236153 -0.000372498736246 0.00363837346499 -0.000865949670051 4.08154 4.06487 9.56023629879 -7.10487283287 0.0517858484419
-109.025 36.8299 -0.000339687486015 0.000461136950234 0.00499205042943 -0.00114508453395 4.0552 4.14088 10.0652355717 -5.02942782392 -0.552653604786
-116.33 36.4193 -0.000428309997408 -0.000123196546498 0.00511154790628 -0.00275442222406 4.07787 4.11341 9.53247592629 -3.85146676625 -0.00407928735366
-115.383 36.423 -0.000916476475867 0.000166058854741 0.00414690714296 -0.00590419274166 4.21721 4.49693 21.2029749125 -9.07217868382 -0.586667999848
-114.539 36.4321 0.000247217080283 0.000618376179945 -0.00323840857313 -0.003776802089 4.66326 4.59881 2.75680211818 1.30590353905 -0.561119196252
-113.965 36.4151 0.000223931378321 0.00110320942224 -0.00171737292825 0.0015578845353 3.90468 3.73521 -0.547491127981 0.739822182098 -1.06253671717
-113.18 36.4182 0.000344583560281 0.000444668807745 0.00296338150118 -0.00173523316382 4.36414 4.30136 8.02742941236 2.07157775702 -0.325915040481
-112.291 36.428 0.000121446364701 -6.96883861764e-05 -0.000345555503113 -0.00272893337359 4.74225 4.63156 -0.178358568106 1.3504006614 0.088037320202
-111.13 36.1428 -0.000266491508422 -0.000206326046295 -0.00477019596519 0.00188461530169 4.38562 4.36649 -5.04196579961 -2.55355724714 0.182878111045
-110.662 36.5996 -0.000438668837488 1.78686522232e-06 -0.00189091156695 0.00224423045123 4.25798 4.11292 1.34631161077 -4.45475372129 -0.0894721827662
-109.87 36.4199 -0.000828159132246 -0.000174860368335 0.00537596677627 0.000674916675258 4.005 4.04855 10.6283811593 -7.33187714243 -0.137219843097
-115.43 35.8384 -0.000696960710485 -7.26569807309e-06 0.00802561863238 0.00575745692066 3.42669 3.47715 12.3702493329 -6.66305817743 -0.230505512773
-114.851 35.7266 -0.000401399517981 0.000477559361419 -0.00028257512069 0.00419516902206 3.54811 3.88339 5.50133891607 -5.10980564053 -0.557402578976
-113.984 35.8522 0.000399689127459 0.00158799524283 -0.00338941614272 -0.00127253943245 3.99652 4.37089 0.509117647337 1.5390465626 -1.50755198055
-113.105 35.6339 0.000727240596279 2.35564414201e-05 0.00258184428804 0.00233095158912 3.79492 3.86801 4.56423627485 7.17011212986 0.145574515166
-112.173 35.8191 0.000391496572758 0.000242994985353 -0.00218855636684 0.00171555063999 4.15359 4.0517 -1.22070314603 3.61943046278 -0.185192718121
-109.933 35.7113 -0.000620314390129 0.000351713261534 0.00407477147226 -0.00315025787223 4.93839 4.6867 12.4099103617 -7.27601601477 -0.566076251847
-109.046 35.7147 -0.000628464478953 0.000438360430822 0.00188340942609 0.00503052453345 3.87666 3.88202 5.13805758782 -7.46620163101 -0.596350024113
-114.87 35.301 -0.000907913397227 -0.00056379474071 0.00186212240404 0.00287969106078 3.60998 3.88125 3.01351754728 -7.97486894962 0.38257635174
-113.885 35.099 0.000515789907252 -0.000244479013892 -0.00193679715234 0.00465120626162 3.30587 3.52221 3.58712533043 5.63341953335 0.346249597948
-113.083 35.2127 0.00133961087952 0.000227155079191 0.00434685556563 0.00199136306438 3.82246 3.88246 10.4438502348 12.0938068841 0.228064088206
-112.267 35.1787 0.000337811738258 0.000235015692898 -0.00098350512321 0.00109712700618 4.14822 4.08306 1.61589354331 2.92275841081 -0.166825525791
-111.532 35.0951 0.000463541419514 0.000198859099197 -0.00539599139636 0.00090305632225 4.47866 4.38829 -4.52092151279 4.51591570642 -0.156203855457
-110.713 35.0789 -0.000653450796651 0.00113650749677 0.00730853061365 -0.00438390793034 4.40814 4.11533 13.8771204716 -10.7962159745 -1.3040995966
-109.736 35.1181 -0.00342070629319 0.00112128012918 0.017941976973 -0.00470472406584 4.48802 5.07326 12.9459421448 -36.5834855344 -2.39851952138
-109.388 35.1118 -0.00211844441125 0.00113835767385 -0.0453394100163 0.000535304412727 3.20367 3.42057 -47.4530125721 -10.4488040549 0.348179614103
-113.83 34.5935 0.000240811823115 -0.00152275474889 0.00301367762956 -0.00212158190904 4.37302 4.52847 10.6584471061 7.32004072727 1.51779209449
-112.891 34.4692 0.000290254028887 0.000314690391417 0.00399292886601 -0.00199293696291 4.41536 4.30543 16.9449153821 1.24805423861 -0.156354946859
-112.237 34.4866 0.000174263312405 0.000291640773015 -0.00307678628876 0.00071405970249 4.27323 4.11978 4.67421702915 0.996210754726 -0.240889869717
-111.441 34.4178 -0.00146316266648 8.78714752475e-05 0.00313678981836 -0.00145577261772 4.57589 4.11013 8.83607964346 -14.2977187448 -0.549593605363
-110.806 34.3371 -0.00264172160147 0.00140551525555 -0.00317580630927 -0.0011649994821 4.58431 5.20876 -3.07541166069 -28.2347712095 -1.71790692207
-109.95 34.5293 -0.000526280417386 0.00213706791669 -0.0039464207662 0.01104600867 2.9426 3.00628 -8.43332140061 -6.14054558585 -2.15518025289
-109.29 34.4275 -0.00035021141245 0.00163190239648 0.00993144548401 0.00470486152482 3.63621 3.91837 8.16730829694 -8.77040307814 -1.65668000006
-114.524 33.7503 -0.000132044292484 -0.000332092401648 0.0023565052457 -0.00504238009214 4.35016 4.23094 5.8581360309 -0.483475460346 0.290649961532
-113.829 33.8142 -0.000825450720948 -0.000188677409104 0.00203663390394 -0.00663249719941 4.51918 4.52368 15.9516146001 -6.74268920634 -0.168862234067
-113.005 33.9383 0.000209078251276 0.000866379807594 0.00104309529864 -0.00329123929143 4.41478 4.60915 11.4669649954 -1.05582633114 -0.739589251045
-112.333 33.9535 0.000501740087152 0.000591355102411 -0.000643892327761 -0.00271922401432 4.74741 4.22158 3.28138495628 3.62896708691 -0.468348748897
-111.478 33.8798 -0.00122106656641 0.000536912247819 0.00259918543724 -0.00324938634485 4.67279 3.87736 0.172842147073 -13.011333708 -0.738831695799
-110.844 33.6953 -0.00331184326682 -0.000662880950817 -0.0103684813348 0.00143414569162 3.5877 4.1701 -22.0689761013 -33.8938717129 1.3366402397
-110.034 33.7776 -0.00182285279789 0.000311811295862 0.00379461041104 0.00538979677727 3.2529 3.80256 1.76845136351 -18.5820600156 -0.692601345851
-109.254 33.9571 0.00190439511386 -0.000504570981511 0.0160296450804 -0.0112909604282 4.60567 6.28175 23.5380779526 18.7235975768 1.4941346505
-112.946 33.3627 -0.000145721457162 0.000703891444811 0.0020536593714 0.00176945663515 3.50475 3.55535 11.7025796113 -3.82999697677 -0.710119062346
-112.158 33.2893 0.000569995585874 0.00172544610967 0.00136031159162 -0.0062511287962 4.31756 4.38397 7.17157818696 0.555598123774 -1.49207759352
-111.427 33.341 -0.000586134265761 0.00115313243569 -0.00123526306058 5.77357363159e-05 3.77801 3.52253 -9.14246002274 -5.97676620001 -1.15932267176
-110.472 33.2969 -0.00130666161041 -0.00141225261261 -0.010268265623 -0.00665177370798 4.49234 4.93803 -20.6994598882 -15.4030354235 1.62529660954
-110.036 33.0851 0.000732673486936 -0.00186147882809 -0.00420127810809 -0.0169541168305 9.65161 -nan 10.2552142809 13.4292137316 2.00032427012
-109.266 33.2921 0.00111001292666 -0.00195426223719 0.0155056494313 0.0161940719441 2.71279 2.70183 5.39089279622 16.1768450314 2.18751529346
