-112.228 32.7006 -0.00130447385148 0.00248664605316 -0.00146977941706 0.000638723766111 3.73839 3.7472 -0.344689279911 -32.5328157316 -2.70070823071
-111.704 32.5618 0.000988887626626 -0.00222847929106 0.00139725483465 -0.000606734786264 3.55849 3.57223 9.111977025 29.12896511 2.12757719347
-110.739 32.5716 0.00177708462863 -0.00241153966429 0.000936408827729 -0.0015545923548 3.51277 3.51676 7.94264649237 36.9006315144 2.88091260787
-109.97 32.6399 0.00120505672172 -0.00136951684228 0.00515750299073 -0.00127529866688 3.38825 3.37947 7.23663895704 22.5444806513 1.79369919933
-109.303 32.7663 0.00130316503652 -0.00182651144795 -0.000721648873039 3.40887972514e-06 3.74379 3.74422 -0.186817882202 27.4825846222 2.21522738352
-111.457 32.0022 0.000308582836594 -0.00120827925911 0.00422076957848 0.000482971799338 3.54244 3.54647 4.98757801966 13.6239536093 1.02596948891
-110.816 31.7748 0.00272284137424 -0.00163173256164 0.00508340874043 -0.00225977166819 3.6601 3.66217 5.26411469701 36.896576923 3.12910758925
-122.707 48.7197 -0.000539071690011 -0.00132694338246 0.00610607377623 -0.00192752206141 3.32354 3.32752 9.46689420431 9.67240856985 0.35140822397
-122.085 48.9983 0.00577427393238 4.31761103358e-06 0.00253145603315 -0.00322526013409 3.32537 3.34291 10.7602142056 42.4159658367 4.75057541888
-121.48 49.0983 0.00319350623862 -0.00036399745381 0.00178592993851 -0.00251733618615 3.56077 3.55162 6.12827941406 29.7193125488 2.7144205438
-120.384 49.048 -0.00141821195666 0.00081320327001 0.00165279303898 0.000156553711981 3.55404 3.55583 3.31935814119 -20.1566847726 -1.60305968255
-119.272 48.9534 -0.00165954120738 0.00066283656537 -0.000425655985074 0.00292205408048 3.51274 3.52851 -0.0946938965825 -21.3405558361 -1.65397474244
-118.585 48.9752 0.00182512799956 -0.000698699757506 -0.00250145599551 0.00315555703198 3.69999 3.71473 -2.85678402513 23.6869775124 1.76428852349
-117.559 48.9813 0.000976700174005 -0.000664022319709 9.73065305026e-06 0.000176428537771 3.58803 3.58557 3.20998887866 14.9737612086 1.17536734274
-116.363 48.958 -0.000255801660472 0.000536135135631 0.00161584618336 -0.000367961628175 3.46906 3.44767 6.24266929755 -7.73370747033 -0.523082604288
-115.653 48.9339 -0.00362955404731 0.00101054480069 0.00240125095479 0.000246265506078 3.48855 3.47125 6.99680726489 -38.7129775959 -3.55056095072
-114.413 48.933 -0.00448135837505 0.00308997559857 0.000978885412514 -0.00374222050274 3.41855 3.44053 12.5153083906 -65.0798571747 -5.41718801976
-113.422 48.9725 0.00144851980703 0.00126903231395 0.00533687890228 -0.00198866550842 3.32122 3.3237 7.76985516942 -3.60519616707 0.517286697082
-112.733 48.9777 -0.00101680491009 0.0013971748338 -0.00196253433279 0.002673989072 3.61877 3.62791 -0.598800270436 -23.1465325696 -1.68550189559
-111.597 48.9482 0.00141917014637 0.000506258305793 0.000910838592326 -3.49239472467e-05 3.7509 3.74604 1.07584119922 6.75089196152 0.784322561539
-123.504 48.0575 0.000276980906452 -0.000896364376562 0.00388151920663 -0.00096518181821 3.45417 3.45363 5.75852262868 11.016210777 0.794083682957
-122.096 48.2641 0.000247012053801 -0.000754322778593 0.0014746463482 0.00119960813986 3.29292 3.29361 4.78345973694 9.43948900679 0.680130900694
-121.484 48.5183 0.000620146181477 0.00131653047487 0.000702160735675 0.00106098360287 3.49976 3.49853 3.08187817638 -7.25121166298 -0.42338146151
-120.12 48.4607 -0.00124352047001 0.000396916690318 -0.00108036319406 0.00145112081838 3.58316 3.58555 -0.0806799666365 -15.039842976 -1.16389169843
-119.333 48.3584 0.00124417570536 -0.00332434863731 -0.00152593898511 0.0012548683934 3.63715 3.63816 -0.14084844379 42.3628990855 3.21274640703
-118.149 48.4226 0.00100499482931 -0.000190381378681 0.000460835236515 -0.00136358851507 3.66772 3.66421 5.27287449667 10.1241808546 0.906813467051
-117.225 48.2995 -0.00168854380548 0.00229219141642 0.00149290881018 -0.00256378070299 3.651 3.63908 7.70405864723 -37.4407988266 -2.70480678453
-116.367 48.4366 -0.00270778177849 0.00459734434668 0.000903278405054 -0.0026291469649 3.56277 3.56119 9.07646300695 -70.378270606 -4.79883056433
-115.589 48.4694 -0.00403480362098 0.00485276258652 0.00339982259226 -0.00258767879482 3.49177 3.49123 10.8089331068 -82.7764561779 -5.97406166388
-114.468 48.3739 -0.00204476911142 0.000318279616557 0.00580707142985 -0.00207086241417 3.3302 3.33841 10.8566167232 -17.6064094917 -1.91815181864
-113.273 48.3609 0.00288054440971 -0.00211587259403 0.000492584506762 -0.000781198849092 3.47729 3.47133 2.40960262648 46.1859573183 3.57085446611
-112.562 48.3129 -7.4479167317e-05 -0.00121752669572 0.000981845367857 -0.00161171973126 3.60339 3.5556 1.8732832133 12.0677370711 0.707721518929
-111.707 48.4128 -0.00144951991039 0.00488105732768 0.00130245519231 -0.00252560108946 3.79499 3.79976 3.01548012852 -64.0893858676 -4.11419461198
-124.566 47.9475 0.000934267814242 -0.00038523585757 0.00469302647771 -0.00158891371897 3.57778 3.57789 5.38088247349 11.5725558221 0.954347392981
-121.689 47.6947 -0.000363091487835 -0.000841316084745 -0.00154669762449 0.000588436218337 3.34748 3.34816 3.35548340186 4.87225772238 0.296883664666
-120.894 47.923 0.00163388222876 -0.000762017981196 -0.00130853441728 0.00129138580491 3.52213 3.5218 2.65358187054 21.5281169021 1.71970639404
-120.061 47.6902 0.000870687533207 -0.00160545339912 0.000337563858573 -0.00051280235185 3.66926 3.66216 5.15228285348 23.2098048094 1.69464373363
-119.045 47.7849 -0.000589709577767 0.000218565567934 0.000680587509997 -0.00258270892852 3.71075 3.69619 6.46439737036 -6.95046956708 -0.599982928345
-118.274 47.8006 -0.00327103995279 0.00246120071211 0.00170540511224 -0.00281115487645 3.66449 3.65833 9.59376763366 -50.6077471923 -4.08902518934
-117.308 47.8192 -0.00291454582171 0.00463803031518 -0.000538968084695 -0.00154936820007 3.80496 3.81344 8.55636035698 -71.7449306973 -5.04077434774
-116.256 47.8397 -0.00226816649052 0.00398744913716 0.00286767610833 0.00159673800577 3.40584 3.41606 10.1066723221 -60.3311611877 -4.0642542524
-115.475 47.7092 0.00170278134644 0.00599179359158 0.000693748488976 -0.00514065016656 3.79273 3.80756 12.5881255863 -57.3511483322 -1.51342889486
-114.574 47.6795 0.00128052975686 -0.000341305230519 0.00325530377789 -0.00498361991591 3.67738 3.68148 9.98882846672 12.8489506738 1.2661396012
-113.747 47.7687 9.86764600118e-05 0.000367988006529 0.00289456380983 0.00143888851542 3.38486 3.38157 2.5418566614 -2.97094910603 -0.155553052687
-112.607 47.775 -0.00417250257029 0.00652681326425 0.00129887145957 0.0035705189301 3.31873 3.32116 0.0380574456574 -102.437238636 -7.43328790411
-111.746 47.8012 -0.000528428341197 0.000866705599317 -0.00250591211685 0.0049620816864 3.61343 3.62058 -4.56056049289 -13.2257925727 -0.987479642528
-123.771 47.1161 -0.000548736039508 -0.000789511075815 0.00139198172563 0.00163964001559 3.53746 3.53628 1.09654116807 2.00741483555 0.182567201921
-122.803 47.1109 -0.000389712470971 -0.00037654471095 -0.000342315120048 0.00118292008681 3.36494 3.36592 4.9605026434 0.31602214491 -0.0433471753327
-121.989 47.1881 0.000788879781522 -0.000998275672118 0.000566356416112 0.000595549267871 3.37205 3.37191 5.85884838368 16.293065143 1.2462838949
-120.844 47.1935 0.000729692575488 -0.00128934797157 0.0016739402037 -0.00132260414344 3.48955 3.4816 7.25059555181 18.8566918969 1.36978873042
-119.973 47.1936 -0.00190978231212 0.00155520699124 0.000618091729265 -0.00223494571262 3.71805 3.69486 7.12665420657 -30.9965377295 -2.46221153693
-118.921 47.0573 -0.00478047529291 0.00529593584323 -0.00124475828305 -0.000347494448837 3.76118 3.77027 9.69553396047 -91.7459397208 -6.94657078809
-118.309 47.0615 -0.00270443217492 0.00382672164616 0.000863397620433 0.000200710676046 3.71459 3.72352 6.05444493258 -60.8367660845 -4.48923898841
-117.276 47.0547 -0.00367478092391 0.00193605287274 0.000874278929075 0.00239504540453 3.56422 3.58172 7.61683365347 -48.6583783026 -4.11065119601
-116.335 47.0477 0.00125332703178 0.00178467822852 -0.000522840894411 -0.00301836760816 3.50056 3.51109 16.8103642823 -13.6555331773 0.329780001704
-115.353 47.0528 0.00190040329225 -0.000427411613615 0.00552100629357 -0.00291394642879 3.42715 3.43519 6.91332657119 19.1946838979 1.79131700531
-114.459 47.0943 -0.00308741615913 0.00339151653471 0.00123788758868 0.000285629895236 3.53989 3.53724 2.52630552882 -60.546349379 -4.54236609872
-113.506 47.0816 0.00127605667408 -0.00277521471852 0.00742617530519 -0.00243936428392 3.35405 3.36227 12.5839283837 40.3983425747 2.46910302488
-112.52 47.0418 0.000432677212527 -0.00276541941739 0.00713919042036 -0.00596823808805 3.33962 3.35407 14.9698597024 35.5572994911 1.61736178563
-111.549 47.0308 -0.000779328281231 -0.00352839549896 0.00270837547436 -0.00596963841733 3.77646 3.78107 8.44727253187 34.2161689394 1.23714780498
-123.563 46.5459 -0.000529117384131 0.000172372931215 0.00137547688558 -0.000399251727246 3.69988 3.69721 3.90676220482 -6.1730430484 -0.504504449116
-122.72 46.5934 -0.00115309626045 -0.000327005778558 0.00106864297145 9.66045019717e-05 3.35797 3.35716 8.2949672669 -5.79980039113 -0.70423276474
-121.761 46.5605 0.00128280927159 0.000561584974251 0.000251452647941 -0.000599668453204 3.41801 3.41258 8.22814539509 4.37035156278 0.669743890308
-120.979 46.5433 -0.00122584142479 0.00190278915109 0.00315596039779 -0.00154780892023 3.49248 3.4817 7.43328796964 -28.8745101997 -2.14003301378
-119.855 46.5585 -0.0016197768681 0.00180875467508 -0.00035823298589 0.00112698432342 3.57245 3.57018 5.41759042539 -31.2394631319 -2.40138262781
-119.06 46.4911 -0.00406272284341 0.0039942007393 0.000612875210308 -0.00173522593049 3.73668 3.75034 8.34644931205 -72.6427882092 -5.63983831864
-118.146 46.5139 -0.00351370637957 0.00424123842971 -0.000741260534254 0.00183517408086 3.47245 3.4869 10.6261151228 -71.0179430482 -5.27475514755
-117.11 46.485 0.00233592615929 -0.000551533606123 0.00440437566334 -0.00984497275327 3.67119 3.68839 20.3568149377 18.6785276194 2.36269879437
-116.209 46.3559 0.000500672983328 -0.000216863482607 0.000791504141883 -0.000351704936093 3.63415 3.6484 2.46181281422 6.42414941626 0.520329765516
-115.571 46.4151 0.00287529469794 -0.00387653892268 -0.00528924740728 0.007369860029 3.49364 3.50515 -6.6262695354 61.5787513342 4.8162042078
-114.188 46.4423 0.00218637665459 -0.000340457675295 0.00607697157129 -0.00844134572378 3.52976 3.53142 12.0868125162 18.4231273913 2.0591788245
-113.493 46.4162 -0.00205760469415 0.00103334323185 0.00144500258684 -0.0086872083486 3.41402 3.41096 16.990420608 -23.908525564 -2.30164904482
-112.641 46.4246 -0.00107194639604 0.00190463227676 0.00410131041208 -0.00352119691489 3.48541 3.48021 13.2917714144 -28.9945726733 -1.84885033026
-111.676 46.5336 -0.000109250946557 0.00122845975518 0.00583653605337 -0.0028129004699 3.61724 3.60706 6.84600799413 -14.3428110664 -0.783419041143
-120.728 40.6183 -0.00223727588295 0.00105389719999 -0.00250973739485 0.00163578753244 3.40045 3.39632 -6.41552840351 -29.9727008198 -2.17436580125
-122.419 45.9325 -0.000949268933241 0.00125738391432 0.00377513629233 -0.00103247267265 3.43465 3.43598 8.42941862082 -19.9859508878 -1.52289623155
-121.459 45.8839 -0.0026253582347 0.00440934586594 0.002324493166 -0.0011932724036 3.48276 3.48824 8.69603122243 -64.9197617317 -4.76325232611
-120.782 45.7664 -0.00274647716337 0.00319622355539 0.000115822833359 0.00343638187161 3.40826 3.40321 2.7506432084 -53.737913441 -4.18878352671
-119.928 45.8951 -0.00364134252621 0.00419071220577 0.00353868884936 -0.000917910838322 3.5202 3.52737 8.97215519332 -70.9379238686 -5.41697575164
-118.777 45.7971 -0.000311974217049 -0.00386336715437 -0.00195334506182 0.00174176637158 3.47815 3.49008 8.51792944809 37.7098763877 2.03568192018
-117.909 45.7087 0.000781449390849 -0.00176905759552 0.00548983459622 -0.00566868408245 3.62914 3.64399 13.4709293282 24.7858202857 1.58028551951
-117.228 45.9734 0.00122648865574 0.000202101471026 0.00542406610013 0.00513312333062 3.39667 3.40193 2.0369408593 8.6950253719 0.776530386333
-116.155 45.8883 0.00217435313353 -0.0027347087663 -0.00611543134562 0.00118786834339 3.76018 3.75755 -4.48438149985 44.8875380397 3.48732019032
-115.255 45.7565 0.00030380108572 -0.0014129274895 0.0118804302563 -0.00876314947841 3.41479 3.41004 13.4037650959 17.9997768645 0.965257610006
-114.332 45.7893 -0.000503987449006 -0.000379045714301 -0.00211692189198 0.00526463841913 3.48637 3.47924 -1.33470188726 -1.02598037354 -0.0984950153269
-113.37 45.8122 -0.000873165343377 0.000221751350274 0.00159757882204 0.00284971590298 3.39415 3.38778 1.16685133776 -9.77004483366 -0.803658783478
-112.493 45.8409 -3.70045495543e-05 0.00277994147486 0.00582064725948 -0.00065965768052 3.55967 3.55973 9.07488009224 -31.1911521516 -1.53674371091
-123.281 45.3153 -0.00123370131843 0.000912365765809 0.0033714437017 -0.00172513711657 3.65137 3.64976 6.00999383151 -18.8713648727 -1.52937394354
-122.478 45.2059 -0.000522391302826 -6.02566162632e-05 0.00244168158878 -0.00100163276488 3.4552 3.45059 7.57001196782 -3.58037339347 -0.366654875903
-121.317 45.2422 -0.00230294858554 0.00412653305411 0.00233741753142 -0.00183130702402 3.47892 3.47107 11.3755089458 -59.6829570045 -4.2474891228
-120.635 45.2357 -0.00512255114247 0.0049813717484 0.00144004549813 -0.00662041305978 3.57593 3.59006 16.7524332819 -87.1280768888 -6.89974672232
-119.669 45.2664 -0.00310952898794 0.00554568800001 -9.23690388177e-05 -0.00105454372417 3.40228 3.42311 16.4048481306 -81.2788224729 -5.40908373121
-118.96 45.2904 0.00222286795281 -0.0024201416661 0.00349689453473 -0.00325349538923 3.60975 3.61072 11.2476943442 41.6544477917 3.19385170091
-117.78 45.2781 0.00113098589227 -0.00356072537234 0.00215431212705 -0.0028795935941 3.51683 3.51379 15.631754626 47.2273507309 2.71067079305
-117.12 45.2925 -0.000484831102687 -0.000792809744719 0.00699834392958 -0.00798985499725 3.43234 3.42454 13.2984343938 5.57330225006 -0.00865602874535
-116.268 45.3997 -0.000389348990218 0.00139232922725 -0.00766614544082 0.00169619393832 3.72481 3.7195 -7.86554272478 -15.1830810531 -1.33341779144
-115.326 45.1285 0.000441318954666 0.000679980168261 0.000828505435294 0.00652253984415 3.34761 3.34236 -2.5837088382 -2.01164410321 -0.182925265975
-114.233 45.0931 -0.00161716852848 0.00241707324112 0.00536712690899 -0.00618512914654 3.41662 3.41242 11.5336289219 -37.998185611 -2.64015156544
-113.46 45.2432 -0.00286825475631 0.00249591744079 -0.00404345037714 0.00558452657377 3.347 3.34885 -7.72422393412 -49.9213819286 -3.75280309902
-112.489 45.166 -0.000491306909492 0.00266978941549 0.00389700757949 0.00362172714427 3.2539 3.25671 2.66273822634 -31.2860415973 -2.07663620709
-111.805 45.2285 -0.00163498820357 0.00280480905541 0.00271871282996 0.00427838497669 3.46021 3.46665 1.82474490301 -42.3270396071 -3.05506838398
-124 44.6764 -0.000167730513616 0.00238422890745 0.00419781838444 -0.000547680784729 3.54333 3.54217 3.38997975974 -22.8025963453 -1.78469887767
-123.292 44.6765 -0.000262994494339 0.000823104379557 0.00264090454822 -0.000688468838359 3.51981 3.51091 6.90046603861 -9.99506018863 -0.733977899464
-122.186 44.6837 -0.0047949286207 0.00478512237998 0.000213867318966 -0.00128830733738 3.44017 3.4447 9.79543788795 -84.5080545846 -6.70918431464
-121.227 44.6473 -0.00483443470132 0.00682893098457 0.00297822268216 0.000576600552793 3.3818 3.41436 13.4418627283 -105.74112664 -7.76893797171
-120.335 44.7344 0.00310750942892 -0.00374288690685 -0.00278976002364 0.00127080431376 3.39679 3.42754 9.56596984812 61.6997642491 4.72104818237
-119.565 44.5913 0.00191723421652 -0.00283679225626 0.00515902748046 -0.00148954949135 3.3594 3.37478 12.1753445977 43.6049066286 3.16246539902
-118.67 44.5191 0.000180064390487 -0.000413128913858 0.00533105803595 -0.00134364554947 3.3855 3.37789 9.57364078411 5.6323216282 0.386988446345
-117.664 44.6653 -0.00312325076716 0.00105948997028 0.00688825211291 -0.0018896080958 3.44903 3.43777 8.34191240211 -34.7444924013 -3.14366853261
-116.747 44.589 -0.00194861744876 0.00130421800658 -0.00926708743438 0.00755573299248 3.51243 3.51635 -14.4170903231 -30.2063211929 -2.12669133616
-116.013 44.7035 0.000609886936375 0.00124608304268 0.00114947755124 0.00451524885796 3.36059 3.36442 -3.16298271433 -5.20516828893 -0.497035817105
-114.855 44.5494 0.000875778675962 0.00135232164039 0.0115504959804 -0.00153698564838 3.29802 3.29646 8.16154254869 -7.77544081835 -0.0661444101335
-114.255 44.5642 0.000461282168116 0.00100709705114 -0.00953461037039 0.00902202157883 3.33234 3.33263 -14.4263285224 -1.95907162845 -0.603044630096
-113.367 44.6165 -0.00116326639604 0.00121662660279 0.00510286314861 -0.00293818222133 3.25965 3.26575 6.25423676611 -21.8613629862 -1.65875574238
-112.644 44.6173 -0.00145203024286 0.00138676288581 0.00192232984722 -0.00167772148634 3.42285 3.43237 3.47228708163 -26.1532833875 -2.00103029629
-111.248 44.7038 0.000944809938597 -0.00191143780141 0.00750775667724 0.00285887318683 3.35655 3.36236 1.7602725772 27.3887002187 1.95267998231
-119.023 36.6801 0.000789573525995 -0.00103591032261 0.00411736403934 0.000657533367312 3.47113 3.47051 3.80711730376 15.7001665464 1.28660199775
-123.83 44.0035 -0.00151586841314 0.00256363174208 0.00236276517809 -0.00193570787562 3.67222 3.62403 4.85450709053 -36.2396719338 -2.85582920481
-123.278 43.9726 -0.00904966370434 0.00639162783574 0.00346529177634 -0.00119116677155 3.33738 3.36514 11.6468463738 -130.842150384 -11.0785396911
-122.411 43.7941 0.00185677017862 -0.00286482981764 0.00194204056234 0.00307659930764 3.32039 3.33092 5.34034601123 42.2140847766 3.29398756662
-121.268 44.1626 0.00128619892318 -0.00495140358857 0.00130959857362 0.000311307498275 3.40171 3.43344 10.4709290821 60.0165109477 3.95347395047
-120.211 43.9437 0.000492320318349 -0.000666589584697 0.00686443720695 -0.00153371240661 3.26487 3.26263 11.3793241357 10.4769015011 0.784283895834
-119.504 44.082 6.07690661094e-05 -0.000282334173414 0.00289540462216 -0.00225685523833 3.44744 3.4307 12.3888317073 3.41966256266 0.205909325362
-118.569 43.9104 -0.00209509878237 0.00433016524201 0.00199953117057 -0.00175255642925 3.46855 3.49539 8.51781216504 -60.1477471434 -4.2725317724
-117.741 43.9733 0.00293153089459 -0.00190236401853 -0.0020165418426 0.00473235378215 3.46301 3.46445 -6.20665884098 44.4630811753 3.32037556985
-116.803 44.086 -0.00174695404439 0.000666666529385 -0.00291623560207 -0.00141039841395 3.63032 3.63481 -3.54687209763 -22.4232490633 -1.66389591347
-115.958 43.9121 0.00357179932656 -0.00205642864421 0.00679819093075 -0.00334321960737 3.34483 3.3421 7.65751526157 48.686265688 4.09437261819
-115.133 43.7945 0.000359635211185 0.00237203040043 -0.00129135828751 0.00035324055639 3.43516 3.42994 1.05374797051 -19.3449736277 -1.34723475859
-114.117 43.9146 -0.00120306977546 0.00126072499351 0.000630456019375 -0.00260456497412 3.42603 3.4134 2.98165125878 -22.607161415 -1.73317211936
-113.452 43.9286 -0.00433598392385 5.37626715468e-05 0.00127144498983 -0.000680626723286 3.27154 3.2795 3.51254516611 -36.5173831866 -3.37821995175
-112.485 43.9997 0.000929283088395 -0.00469443457164 0.00437808418312 0.00374612196722 3.31573 3.32399 -0.0521385478168 53.4646354838 3.86416305859
-111.487 43.8756 0.00118540027631 0.0005857422073 0.00781443672342 4.13414227949e-05 3.15746 3.16078 5.56118299362 3.1258086714 0.601299618513
-110.576 43.92 0.000411859294519 1.13121148752e-05 0.000224529943143 0.00160392411041 3.62744 3.6291 0.049434063673 3.51038473166 0.299700802422
-123.575 43.3654 -0.000345211807753 -0.00175303985169 -0.000227737433652 0.0036759798772 3.29443 3.30603 1.72281506693 12.0040167447 1.02381459834
-122.965 43.3717 0.00131734945384 -0.00239939045905 -1.08976839872e-05 0.00169268129468 3.14786 3.15083 6.02661173951 33.2400480397 2.57667202193
-122.109 43.2406 0.00291311963643 -0.00153686449704 0.0029323229339 -0.000636512268411 3.23302 3.23412 12.0555710708 36.6219874022 3.26693865295
-121.236 43.2843 -0.000471315771856 -0.000322421502239 0.00507609908997 -0.00196797603696 3.46607 3.45327 8.15471968008 -0.527844441473 -0.167159466483
-120.153 43.2515 -0.0021626404264 0.00030080835529 0.00167990060518 -0.000553942405666 3.18393 3.17904 11.3502158603 -18.7010590022 -1.94544037839
-119.311 43.3736 -0.0015721913816 0.00121543969394 0.00614455834246 -0.00166510510552 3.34633 3.34754 7.62644045226 -24.3913988201 -1.9871480353
-118.474 43.358 0.00033929919446 -0.0033867294531 -0.00206463882555 0.00418965297198 3.4436 3.42935 -6.48109776224 29.898486745 2.87634255416
-117.754 43.3471 -0.00289690088307 0.00295795862715 -0.00253477899468 0.000642183863665 3.52899 3.5228 -9.47184535165 -51.9086794233 -4.08890775701
-116.767 43.4275 -0.00351247752538 0.00333894148447 -0.000937447198807 0.00123210706087 3.33892 3.34651 -8.45972124974 -61.6228058131 -4.77836322541
-115.828 43.4151 0.000864919638057 0.00104648595081 0.0057652455077 0.00434113959739 3.17269 3.17359 1.19497272648 -2.23090932665 -0.0831032933077
-115.098 43.25 0.000636397756571 3.20177289334e-06 0.00130876544586 0.00386289443852 3.23398 3.23952 -2.42706236848 5.9142798804 0.436221715054
-114.174 43.3979 -0.00267301386333 0.00376878186142 -0.000821348807218 0.00540558374668 3.41932 3.42858 -4.30934727368 -58.418485638 -4.58810385057
-113.518 43.3234 0.0032287655908 -0.000562641656212 0.00360496299736 0.00195690106408 3.25561 3.26391 2.92758739602 32.7230816025 2.82423084152
-112.433 43.3998 -0.0013772511186 0.00074518129504 0.00281673895755 0.00296854924499 3.33014 3.3332 0.184680950832 -19.3332396994 -1.51803626535
-111.612 43.2741 0.00143340747657 -0.00332085598535 0.00280715264412 0.00340597929858 3.32705 3.3425 -0.440903274536 44.6178175988 3.31177460754
-124.469 42.8088 0.0012140323839 -0.00144614253969 0.00066698447201 0.00122411090172 3.59653 3.59451 2.43884523876 23.1407791878 1.88348840754
-123.49 42.7667 1.34606752769e-06 -0.00296600217558 0.00641087851867 -0.00334457254762 3.5827 3.58026 7.78126687047 28.0540706651 1.91390459805
-121.731 42.6133 -0.000502273999583 0.00290703659496 0.0101822797254 -0.00083683457923 3.22096 3.21213 9.4623839809 -32.4742711458 -2.17551172063
-120.893 42.7258 -0.00124991618388 0.00180369789724 0.000466968353779 -0.0017441537399 3.32738 3.31858 11.2323318763 -27.4553505105 -2.06534721714
-120.251 42.7991 -0.00249416863504 0.00110963952124 0.00372727674414 -0.00235156848529 3.35851 3.3586 6.66906106047 -30.7411476497 -2.62679300226
-119.247 42.6912 0.00089197851883 -0.000644564105358 -0.00504581289118 0.00567295699473 3.36664 3.36273 -9.8348465285 13.8630903738 1.03405374295
-118.486 42.7308 -0.0017815371273 0.00218068743279 0.00178196810596 0.0032976616213 3.25409 3.23647 -5.96604054002 -34.788940323 -2.81555545966
-117.725 42.6996 -0.00555556242653 0.00414966840312 -0.00160662334006 -0.000510150604508 3.52763 3.53803 -7.48621171016 -87.9977624155 -6.66301070905
-116.87 42.7779 0.000350083906429 -0.000574460342851 -0.00175249129568 0.00145772133784 3.54524 3.55243 -5.05561509832 8.12466367366 0.665099890228
-116.032 42.7713 -0.00236041310699 0.0017489558859 -0.0003726597367 -0.00193717045699 3.41783 3.42161 2.87837447965 -36.7982927986 -2.92580250405
-114.903 42.636 -0.000740213268321 -0.00274090893847 0.00273511198353 0.000603175799417 3.2621 3.26967 3.94853110117 20.7655703422 1.20347568593
-114.084 42.6493 0.00154152655885 -0.00130217711213 0.0026059639893 0.00165732089636 3.40925 3.41762 1.88084411296 25.782706769 2.01700579945
-113.176 42.5452 0.00142911130039 -0.000979533549498 0.00251978495763 -0.000983635298558 3.50993 3.50929 5.00486532116 21.4331887835 1.72834844663
-112.531 42.6852 -0.00286825352382 0.00110843153842 0.00593718894634 -0.00459087171403 3.48741 3.48486 9.07506682559 -32.799841142 -2.99722686478
-111.588 42.8321 0.00072290720474 -0.0048710023878 0.00934734451054 -0.00432944118057 3.48554 3.49239 9.25986394728 58.3145526231 3.28523937845
-123.602 42.156 -0.000803318561239 9.94781176617e-05 0.00571755711103 0.000802265446269 3.46538 3.4548 5.48695353295 -7.60517506531 -0.658136654683
-121.891 42.175 -0.00105331500411 0.00513208435341 0.00584802286844 -0.000805112109761 3.18487 3.18959 11.8793014132 -59.4567341478 -3.83678405139
-120.834 42.0472 -0.00197351121996 0.00223642750546 0.00423205843477 0.00114502614318 3.36337 3.36896 3.54329597958 -37.1452287607 -2.97042921378
-119.34 42.0187 -0.000920426653349 0.00184282168529 -0.00367431076642 0.00128565642217 3.55428 3.55372 -6.30819188702 -23.2164678234 -2.02284796573
-118.344 42.1901 -0.0051615754588 0.00414172153134 0.00134761493035 0.000627662839303 3.43554 3.46135 -6.74336075849 -83.4602677251 -6.42740203429
-117.667 42.0192 -2.50119193846e-05 -0.0017027039061 0.000801800158516 0.00369738304837 3.25468 3.26765 -3.55416280576 13.855819424 1.2704038672
-116.471 42.0773 0.00228802517932 -0.00233070810022 0.00334840002017 -0.000621073304844 3.49261 3.49477 4.98708736342 41.4009796393 3.25095558583
-115.754 42.1669 -0.00147893897352 0.000237037028925 0.00310418154318 -0.000247598680799 3.50124 3.50395 3.7797674276 -14.6425680663 -1.27327609356
-115.016 42.146 0.000352378103776 0.00202548802273 0.0036701684819 -0.00444714416489 3.49912 3.48736 8.82760652649 -18.4862468329 -0.890248863062
-113.944 42.0886 0.000874538968174 -0.000722941590041 0.000265888445167 -0.00318368316011 3.47419 3.46155 7.61160622145 14.1566264568 1.13281952083
-113.24 42.0343 -0.00135137084549 0.000713811085105 0.00600975656206 -0.00192898025488 3.32447 3.33029 9.43552877552 -17.4198749642 -1.51888001396
-112.386 42.0041 0.0058190097381 -0.00605387273924 0.00365612080881 0.00181779273936 3.27338 3.28923 2.95572240237 108.550082404 8.35427358123
-111.432 42.0149 0.000474048053723 -0.00424514850722 0.00523516945194 0.00179188060111 3.45511 3.45448 3.63649432416 46.6607426492 3.05414852659
-120.74 38.7552 -0.00329628104881 0.00379750202177 -0.0041771275599 -0.000853201399595 3.82746 3.84193 0.0962728800171 -60.9205180086 -5.02705158404
-124.122 41.8473 -0.0002747867082 -0.000115324262261 0.00392330989193 0.000195646606223 3.62654 3.62395 3.38380263574 -1.38728239454 -0.112365939653
-122.854 41.392 -0.00385538481719 0.00132118979122 0.00944724039732 -0.000757494934159 3.25566 3.26921 11.1261443465 -41.4341159901 -3.87691300367
-122.122 41.2742 0.00316416212448 -0.00250870031611 3.98729984812e-05 0.00479194668215 3.27625 3.28455 -3.56679202042 49.7676574414 3.93669386714
-121.839 41.7826 0.000457836113057 0.00116123507234 0.0072365953616 -0.00254052810231 3.23439 3.2548 11.3794196607 -8.28574187835 -0.313542767624
-121.146 41.3593 0.00223631921827 -0.00163246529769 -0.00146628634671 0.00163352940359 3.36121 3.36129 -5.24046880825 34.2875488915 2.65666368912
-120.477 41.2047 -0.00117299110867 -0.000634308517076 0.000704156839802 0.00437323062039 3.32529 3.32412 -5.42219723396 -6.7363528852 -0.212743667907
-119.171 41.3884 -0.00164927860281 -0.000397892745326 -0.000439197024191 -3.48687204563e-05 3.29102 3.29812 -5.33462016131 -13.1019961535 -0.709672735146
-118.379 41.4483 0.000986466846929 -0.00274923247759 -0.00341737471746 -0.00146434219699 3.67017 3.67371 -4.29190432165 31.5709147419 2.7455016577
-117.45 41.423 -0.00120489199203 0.00239177556409 0.00190014132439 0.000927042763962 3.38418 3.3914 0.747295603122 -32.0815355265 -2.54140138651
-116.54 41.522 -0.00347262953182 0.000436442026698 0.00296142974299 -0.000962236906478 3.43506 3.43192 6.57253826119 -31.7806723218 -2.98518365417
-115.791 41.4311 -0.000688638119115 -0.00074641849676 0.0107328944297 -0.00550381631444 3.28205 3.29555 12.6557057663 3.34880133915 -0.183903795981
-114.915 41.4157 0.00119240519654 -0.00279351789122 -0.00257248897366 0.00488712408928 3.50262 3.49352 -4.3633951383 34.8779578087 2.88925142665
-114.165 41.3602 -0.003664039496 -0.000987810323175 0.00305287718597 0.00103740592444 3.53952 3.54947 6.10757304262 -19.0241412809 -2.27095950536
-113.347 41.503 0.00250832300745 -0.00224679396192 -0.00653994159373 0.00536925375472 3.50182 3.51894 -6.17415407217 43.2661306464 3.33303553617
-112.448 41.4632 0.0052205348939 -0.00579366697168 0.00548659522448 0.000548274066626 3.27917 3.28181 8.05468667028 99.9977969506 7.61358490063
-111.63 41.3146 0.000490288920781 -0.00324992519702 0.00340964608129 -0.00116199914313 3.46229 3.44088 7.81616763815 37.9598600495 2.28345847576
-123.306 40.822 -0.00258639952866 0.00188912381612 0.00727156456738 -0.00301115047193 3.61202 3.6222 6.98463048295 -38.2149719976 -3.18959922475
-119.835 40.7484 -9.68287952624e-05 -0.00181687947764 -0.000418890821533 0.0036139125078 3.40797 3.40837 -3.8498038466 13.3578286515 1.34440534848
-118.971 40.7797 0.00113795975682 -0.000555352127429 0.000464053794427 0.000547171190403 3.41509 3.40335 1.40915804674 14.9300265569 1.1969862829
-118.134 40.7811 -0.00380732470818 0.000732145606733 0.00165155683346 0.00017252567637 3.48724 3.47483 2.559184822 -39.4653451815 -3.26411254819
-117.524 40.852 -0.00271982504841 -0.00159878924318 0.00414678361438 -0.00345862497629 3.60957 3.61288 9.28904600114 -4.20029337924 -1.23358250387
-115.736 40.8167 0.00183911124154 -0.00568017493013 -0.00648179999744 0.0078111466173 3.43624 3.44736 -8.57664444651 61.3594995602 5.66539732372
-115.039 40.8522 0.00209503856113 4.47854183486e-05 0.00731374489737 -7.8786601972e-05 3.29649 3.2999 7.3902543219 15.7118359967 1.63717914703
-114.204 40.8556 0.00178005121475 -0.00586172677425 -0.00309632314507 -0.00317266277115 3.5894 3.60424 14.437973161 76.0918834536 4.47294634916
-113.187 40.8513 0.00402952923155 -0.0041160545249 0.00130520932579 -0.00188926089784 3.51277 3.52369 5.30164791449 73.4550654202 5.71869031673
-112.52 40.8903 0.00254421481456 -0.00313819310201 0.00141039470937 -0.00218814506702 3.49653 3.48005 8.20734384321 51.8512093898 3.89448132662
-111.437 40.8869 -0.000594493025544 0.00119910374279 0.00133274537226 -0.000961711556731 3.43225 3.41878 7.65593951629 -17.0705686692 -1.18213291087
-110.834 40.9425 -0.00348583119514 0.000405146956573 0.00652654805333 -0.00314390077867 3.21947 3.22102 12.1320390348 -27.736841921 -3.1983491524
-109.673 40.9763 0.000279857138181 0.00055292116894 0.00136405586577 0.000460442176236 3.52748 3.52112 2.20286242785 -3.12652793834 -0.145154609002
-109.177 40.8936 -0.00328604452332 0.00330948803991 0.000161760965479 0.000695967264915 3.69522 3.65405 0.229351308059 -60.8671028417 -4.65738795546
-123.82 40.1398 -0.00367422948517 0.000786671086095 0.0097643539275 -0.000966482788222 3.49985 3.50781 5.14407903276 -37.6567223034 -3.2037256351
-122.788 40.1767 0.000761100345725 -0.0010666370216 0.00126960173802 0.00444844674749 3.47244 3.47635 -1.00007504922 15.5233850233 1.30490022064
-121.086 40.32 -0.000757214170287 0.000675090288407 -0.00230703390447 0.00321355172384 3.3562 3.36109 -6.78868593218 -12.4153210792 -0.990169810736
-120.918 39.962 -0.000279991001842 -0.000815085054501 -0.000461454207949 -0.000441396615694 3.48583 3.48394 -2.21432472583 3.84935966798 0.440858672944
-119.827 40.165 -0.00111591099753 -0.000606695493897 0.00197779101195 -0.00306229128448 3.53342 3.52707 3.48776399521 -4.05789232413 -0.391742290914
-118.877 40.1614 -0.00306018077224 0.00315515675161 -0.00104275739015 -0.000177961952855 3.51455 3.51694 3.0403096357 -54.5932085201 -4.39179963613
-118.155 40.2903 0.000805875257969 0.00269982224045 0.00392114772747 -0.00177646272336 3.39289 3.39524 8.35073954613 -20.3988927164 -1.02256943937
-117.19 40.1697 -0.00045392142232 0.000119643553574 0.00280573349713 -0.00286433429875 3.50829 3.50761 9.45193239671 -4.58057370881 -0.436263376041
-116.5 40.2917 -0.000861398089484 4.87055017001e-05 -0.00290920425765 0.00109352946356 3.64708 3.6518 0.165462125087 -8.14033214633 -0.639547877764
-115.657 40.1313 0.000339341343856 1.00341787769e-05 0.00675274093477 -0.00251065308208 3.49461 3.49349 6.59302303189 2.5749696484 0.258666077221
-114.745 40.2679 0.00199414848508 -0.00284823678583 0.000987131550973 -0.000655574429398 3.33328 3.33701 15.9388119754 43.8227097842 3.12268764575
-113.981 40.1314 0.00283609220713 -0.00395139013318 0.000646694787497 -0.00037481535654 3.53306 3.53219 2.13697318659 61.3903574238 4.75968782079
-112.469 40.2807 -0.000379440781494 0.000588371525886 0.00262396646504 0.000869542050241 3.45957 3.45348 4.90684373517 -8.91891842204 -0.66528137849
-111.502 40.2067 0.00157040521297 -0.000125744268626 0.00145111591031 -0.000428952559841 3.26955 3.26943 6.16119996455 13.5664661775 1.3235422356
-110.738 40.1948 0.000281086009448 0.000288748883791 0.00141092165525 0.00226641524936 3.3521 3.34457 1.28944780554 -0.341723243802 0.0156378777387
-110.008 40.2655 -0.00417895045065 0.00204501778425 -0.000522196245336 0.00374314526553 3.34215 3.33765 -3.18378410295 -57.4493246429 -4.36920440784
-109.124 40.2982 -0.00491856654213 0.00765521473785 -0.000649674086236 -0.000130491385897 3.20428 3.22294 -4.64830310773 -114.689904834 -8.96118042693
-120.608 39.3028 -0.00156272859115 0.00147531011375 -0.000853091439279 -0.00104730643189 3.70019 3.69299 1.58269858665 -26.3250866437 -2.14688177027
-119.898 39.6785 -0.00166903667503 0.00206846447059 0.00268589222342 0.00238973127455 3.33561 3.33272 1.71799104266 -32.5381615221 -2.64486225663
-118.889 39.5399 -0.000163095093213 0.000790546885931 0.00438921878794 -0.000450263400512 3.39909 3.41108 7.84947647233 -8.87646160733 -0.623482902139
-118.08 39.6946 -0.000239730927292 0.00110241534019 0.00215171738203 0.000879404931416 3.24653 3.2559 9.53088323384 -12.752349206 -0.853030621685
-117.14 39.5516 0.000537500347894 0.000568946269849 -0.00471225919691 0.00463342199526 3.51539 3.52072 -3.65267330373 0.521853458458 -0.0861545146816
-116.464 39.6202 0.00173564409619 -0.00293703463083 0.00312291597437 0.000651056866112 3.44253 3.45569 5.50090821794 42.1092099889 3.22227290457
-115.754 39.553 0.00222575739489 -0.00233126374108 0.00635288577285 -0.0034916290423 3.30459 3.31668 14.4585809183 39.4936214073 3.10882461206
-114.908 39.4731 0.00366702165423 -0.0046849489013 -3.86022938619e-05 -0.00313537212711 3.67444 3.66951 4.5055801565 74.9031271394 5.8342989598
-114.016 39.455 0.000528726655801 -0.00257857304837 0.00119960496798 0.0021355355413 3.37543 3.36053 0.598804878092 28.0551627699 2.17721077761
-113.069 39.5906 -0.00144385793177 -3.6987613264e-05 -0.00129647144116 -0.000288116589527 3.47627 3.46677 3.16919082456 -11.7561479237 -1.06142198118
-112.279 39.5708 -0.00320737833585 0.0034180153115 0.00504527192099 -5.86507393079e-05 3.18711 3.19462 7.57849628481 -59.4602142301 -4.61175981887
-111.66 39.6092 -0.000707817967756 0.000528727050417 -0.000898491520977 0.000220807310507 3.4414 3.44685 1.17886759387 -11.1280419516 -0.878788312435
-110.74 39.473 -0.00249221299365 0.0036621236205 -0.00203867814152 0.00127052957859 3.38394 3.38479 -5.34089038962 -55.1110291413 -4.39786795781
-110.246 39.6279 -0.00276954034925 0.00521161597252 0.000102695209062 0.00113540752911 3.23909 3.24606 -5.39930744893 -71.2205162343 -5.7433983947
-108.981 39.6333 -0.00119098420443 -0.00189983699406 0.00116884077063 -0.000205030503852 3.61842 3.64442 -0.450567236796 7.35395306629 0.435546386765
-122.015 38.6333 -0.000782327014738 0.000112280673546 0.00103454540193 0.00106000152486 3.64292 3.64256 0.491469133222 -7.93411733529 -0.608660933408
-121.377 38.839 -0.00268570322426 0.000982119328631 0.00436885630051 -0.000705848696397 3.36274 3.36287 4.9683872845 -31.0283054074 -2.63381593517
-118.808 38.9383 -0.00143698222825 -0.000213459799121 0.00706275109148 -0.000721680220752 3.26457 3.27032 8.77790654302 -8.86126566682 -0.998931890721
-117.932 38.8606 0.00325399048513 -0.00536469576589 0.00363561824913 -2.1348805646e-05 3.19229 3.19282 9.44986061348 77.2226528669 5.83136348744
-117.182 38.834 0.000810953516142 -0.00168089157612 0.00205109013563 -0.00097114786893 3.37186 3.37015 7.10588185034 22.5396070775 1.69011441237
-116.4 38.8247 0.00146000530983 -0.00231055178346 0.00171604012989 -0.00400944560005 3.42942 3.43818 16.1620611068 34.0264303634 2.41486749725
-115.654 38.8455 0.00344219051438 -0.00401655522001 0.0016539390237 -0.00100133469389 3.45463 3.45874 4.64120468657 66.1629757427 5.23300267176
-114.83 39.04 0.00209934768682 -0.00105753417639 -0.00256324088744 0.00289124581753 3.50688 3.49355 -2.70191618984 28.5089845571 2.19116043491
-114.02 38.9551 6.14561442621e-05 0.00107895880344 0.00244540142721 -0.00112845386991 3.43737 3.42945 3.27994814469 -9.64912376169 -0.671767988436
-113.277 38.9882 -0.00089713231788 0.000441718182682 0.000694332463054 -0.000577595868829 3.40678 3.40241 2.64179327374 -11.7628215739 -0.962103811545
-112.379 38.9995 -0.00193117703619 0.000319746260246 0.0005320858614 -0.000474588717217 3.29118 3.29462 0.0511839101676 -20.0631445073 -1.60587854209
-111.172 38.9176 -0.000640898854436 -1.72389522964e-05 -0.00221061404823 0.00133226201505 3.28902 3.2932 -4.94825035252 -6.02716711246 -0.408758055291
-110.133 39.1025 -0.00122692881843 -3.39196873917e-05 0.00151336841913 0.00131859360346 3.41746 3.43582 -0.965090487848 -10.738854781 -0.852626842721
-109.263 38.9553 0.00192226350187 -0.00303189884777 0.00434192712251 -0.00159314731808 3.37909 3.38398 -1.51918858798 45.2875133597 3.4989961438
-120.936 38.2571 0.000494834328888 0.000841885161108 0.00203907906561 0.00432624014703 3.38932 3.39862 2.53887104527 -2.90199767164 -0.251848648638
-120.076 38.7028 -0.00141204719088 -0.000398534727486 0.00244722032904 0.001260377823 3.40223 3.41061 3.63681234018 -8.44514458891 -0.742627735193
-119.451 38.5226 0.000350846265023 0.0016359176711 0.00597970138698 -0.00195772252294 3.45855 3.4632 7.53439031273 -12.6721767011 -0.775563917558
-119.047 38.089 0.00200480976269 -0.00191847331469 0.00379179890355 -0.0022669901094 3.43289 3.43855 9.11429010794 33.627488266 2.76134901036
-118.106 38.3489 8.42870367039e-05 -0.00155189670075 0.00325900068177 -0.0027655613404 3.50346 3.5005 9.39241558516 15.8269690458 1.00877155008
-117.072 38.2397 0.00172588739731 -0.00126029427095 0.00482501353237 0.000918438587441 3.0464 3.04804 10.2170767865 25.1909786129 2.13706072926
-116.302 38.2886 0.00448350733245 -0.00273350641804 0.00304404442135 -0.00180850149276 3.55162 3.54752 6.61649551946 61.6161080875 5.19908957031
-115.585 38.3489 0.0017175014824 -0.0015257477238 -0.00235364549172 0.00154618014782 3.53408 3.51865 -2.37421877648 28.6538453522 2.28247971558
-114.608 38.3281 -0.00146268473705 0.000752018834848 0.00273414867625 -0.000840447131533 3.44532 3.43874 2.65507257513 -19.3596452379 -1.58468450282
-113.969 38.1802 -0.000683490445686 0.000854408456036 -0.000109576776179 0.000278979075799 3.46772 3.46843 -0.456849308059 -13.639150113 -1.08874816237
-113.021 38.2987 -0.000121168799352 0.000662942689695 -0.000657574060325 0.0010911425152 3.31529 3.31772 -3.00420200309 -6.75647981162 -0.572485205213
-112.277 38.2108 -0.00111940027002 0.00117127493169 0.00106853232125 0.00277836315449 3.30467 3.305 -1.69093208968 -20.5013555227 -1.62016623136
-111.483 38.2843 -0.00150629604866 8.86716568311e-05 2.14651893315e-05 0.00260491754021 3.36438 3.36082 -1.48337539254 -14.504141316 -1.11533329942
-110.711 38.4187 -0.0030510152334 -0.000556207965788 -8.03631246296e-05 -0.000768674206007 3.47231 3.48052 1.05248903503 -21.3039631656 -1.85878229836
-109.894 38.3862 0.00248157944553 -0.00433369601792 0.00286811714538 -0.00123469080679 3.45476 3.46173 0.421755083887 62.3275269677 4.77533841665
-120.33 37.346 0.00022208416556 -0.00417120726064 0.004146768813 0.000528167466302 3.55367 3.56202 4.75292571706 38.6852343853 3.0142068817
-119.849 37.8817 0.00342116560855 -0.00236871995082 0.00454852947442 -0.000162457072783 3.45146 3.45773 6.16524434443 49.1937812954 4.13265102625
-118.171 37.4993 0.000828542808462 -0.000612200402895 0.0033170370557 -0.000121128654034 3.50449 3.50247 5.01755065316 12.3613945479 1.02540493195
-117.225 37.7243 0.0021192528951 -0.00120553816013 0.00145442720354 -0.00264475962764 3.22809 3.23159 11.5671176912 27.1488818189 2.42745511132
-116.595 37.923 0.00430193508389 -0.000820356107271 0.00124174202624 0.00373820974474 3.19875 3.20446 6.26902300308 42.0052691281 3.82275177007
-115.747 37.6444 0.000410463777723 0.00036570494315 0.000691366301624 0.00193894224998 3.51212 3.49811 -0.5212582203 0.575434571404 0.0168951305656
-114.849 37.6083 -0.00360750340912 0.0022423434445 0.000146998926496 0.000979661134253 3.38543 3.39342 -2.64698754863 -52.1491250798 -4.07334739029
-113.86 37.5808 8.38788830343e-05 -0.000245827560234 -0.00134166200272 0.00123368257861 3.32188 3.32266 -5.24737243646 2.76553263648 0.243152494236
-113.168 37.7601 -0.00108696793073 0.000113598941236 -0.00149420865259 0.00285485597927 3.35228 3.351 -4.03711594326 -11.2601415016 -0.798209700185
-112.363 37.6761 0.000565748981961 -8.79090713375e-05 0.00252673023078 0.00348420942509 3.1987 3.19836 -0.944187420093 5.88316912311 0.45813840402
-111.596 37.7222 -0.00166713916041 0.000992713155265 -0.000572105152942 0.00052362697651 3.31476 3.31855 2.19357288948 -23.5143686792 -1.90149764496
-110.802 37.6354 0.0041751748802 -0.00317161028481 3.04140996519e-05 -0.00168646754274 3.47445 3.48562 3.37522600805 65.2149771882 5.2329148896
-109.995 37.6903 0.00288424985447 -0.00299451927086 0.000884285280529 0.000777130723935 3.44321 3.44146 -1.00821860955 53.084815612 4.15676048465
-109.137 37.7459 8.6824020346e-05 -0.00111876697322 -5.33913924028e-05 0.00182071825227 3.59224 3.58748 -2.72299458664 10.723889537 0.868606138372
-119.709 37.0069 0.000670519316434 -0.00216683802728 0.00576122529599 -0.00145331801658 3.34537 3.34493 9.29831430034 25.6148229404 1.87193789597
-115.22 37.2408 -0.00127302714822 0.00219444342816 -1.22866232146e-05 0.00153408189546 3.42705 3.43425 -3.59438184747 -29.6882807513 -2.49561126383
-114.715 36.7256 0.000609782340977 -0.00306755616993 -0.000382770955566 -3.20035740714e-06 3.43837 3.43306 -2.60903686076 30.8649800528 2.70124366884
-113.907 37.0195 -0.000843351534549 -0.000330816816737 -0.000848804007898 0.00114593218411 3.47495 3.46672 -2.14681334932 -4.99338017844 -0.323659767281
-113.084 37.0615 -0.0034411972559 0.00190466456075 0.000962240292933 -0.0013075900255 3.45252 3.4517 3.40057355738 -46.5116394174 -3.83504239953
-112.382 37.0183 -0.00107227616926 0.00100985127299 -0.00132888192991 -0.00123532957746 3.48142 3.48947 5.62489396987 -18.3558361856 -1.4694302582
-111.506 36.9839 0.00108152600189 -0.000532641022266 0.00444691246772 -0.00401364943959 3.2657 3.27552 10.6544359464 13.2027586866 1.19450447712
-110.804 36.9969 0.00369520932274 -0.00436939548778 -0.00216131876067 0.000136335329855 3.57777 3.57459 -2.43562182618 71.991625701 5.71483977239
-109.874 37.1364 0.000870276800409 -0.000961485957701 0.000463603724032 0.000320804374835 3.52186 3.50985 -2.0260009396 16.4769922 1.29621481158
-109.025 36.8299 -0.000904035648512 0.00114068099073 0.000972060112166 0.00103070559132 3.51573 3.51957 -2.11792520657 -18.4192049836 -1.44840343985
-120.783 36.3627 0.000290513389352 -0.000977025236021 0.000626958696762 -0.00170936752836 3.65201 3.64909 4.17416187638 10.8418530527 0.888696411054
-120.12 36.3356 -0.00117044955384 -0.00190343781703 0.00362210440734 -0.00213984556489 3.57606 3.56964 9.34614789299 9.07560914015 0.276224672139
-115.383 36.423 0.00181011298752 -0.00153641201939 0.000430492574564 -0.000114596700988 3.52803 3.5278 -1.66298739886 29.2638162336 2.35368128273
-114.539 36.4321 0.0001101010727 -0.000258192663088 8.15461660195e-05 0.000670910711634 3.53053 3.52335 -0.640472049721 3.18937889848 0.263137160263
-113.965 36.4151 -0.00409984231281 0.00231793058783 0.000508171961637 -0.00113363093422 3.50631 3.51833 3.40542015999 -55.5558725087 -4.59261175086
-113.18 36.4182 -0.000546170279533 -0.000522988135105 0.000710587761365 -0.000326834447306 3.49386 3.50099 5.79891407986 0.681985487021 -0.0873340281515
-112.291 36.428 -0.000254085953635 -0.00167555176676 0.00364772851767 -0.00377774746769 3.41868 3.42886 10.9605205652 15.5876783958 0.729741524133
-111.13 36.1428 0.00145103837243 -0.00112403713003 -0.000946213700628 0.00230222744026 3.47253 3.47278 -2.45759163342 22.9972984544 1.81049514468
-110.662 36.5996 0.00201929652063 -0.00106186830236 -0.00164999933435 0.000303312745411 3.4815 3.47267 -2.59096459512 27.8348471521 2.15299571408
-109.87 36.4199 -0.000717506706345 0.00104093293486 0.000532970071242 0.000503772029247 3.49842 3.49151 -1.97071267167 -15.7007094118 -1.24799805129
-121.236 36.0214 0.000181814536218 -0.000102953068913 0.00299305018186 -0.000664750613596 3.65284 3.65285 3.2983307631 2.40754527242 0.201122131783
-119.903 35.8667 0.000508447435653 -0.000690867241661 0.00412817185959 -0.000296072087029 3.623 3.62193 5.00122631412 10.2314620724 0.843165373662
-115.43 35.8384 0.00122539089469 -0.000411616685799 -0.00208514420423 0.0005812642567 3.75382 3.74878 -1.17181100229 14.5169964049 1.13079364107
-114.851 35.7266 0.00115042762343 -0.0017431405102 0.00425286873855 -0.00125661812513 3.36786 3.34756 4.24399616674 25.4235865735 2.02089118907
-113.984 35.8522 -0.000535982811583 -0.000497950991124 -3.88068059945e-05 0.000156657085461 3.44797 3.44743 5.15811414152 0.347267987733 -0.0816988196929
-113.105 35.6339 -0.000751223879212 -0.00168090802649 0.00258645685793 -0.00384414091113 3.53477 3.54306 8.51614965242 11.0205882795 0.414330046953
-112.173 35.8191 0.0020007359178 -0.00303314768412 0.000207954601156 0.00280588184584 3.39892 3.40254 -1.28823520591 44.1858530158 3.57753027483
-109.933 35.7113 -0.00163453095678 0.0030480000199 -0.000215109344724 0.000724620389881 3.41382 3.41401 -2.89350126299 -41.2260144575 -3.349810991
-109.046 35.7147 -0.000943605517557 0.00222871075326 0.00196715453359 0.000293555050695 3.44059 3.44403 -0.611600032982 -28.4776890115 -2.24015022791
-114.87 35.301 0.000441796118944 0.00285406523155 0.0017987312889 0.00303640371091 3.49962 3.48658 0.539037926749 -20.5473521413 -1.73705644772
-113.885 35.099 -0.000537258140345 -0.000272226273657 0.003559391623 -0.00250730314322 3.46201 3.46563 9.4079947296 -1.25515960033 -0.26891804274
-113.083 35.2127 0.00184020622455 -0.00304713951765 0.000140336119419 0.00368647930745 3.31891 3.32717 -2.61684151585 42.0973693996 3.49956594661
-111.532 35.0951 -4.47482966105e-05 -2.0437328157e-05 0.000169360573334 0.000962865459761 3.46182 3.45523 -1.76754780539 -0.234092060132 -0.0155871914201
-110.713 35.0789 -0.0027386631869 0.00143645432484 -0.00017630944485 0.0008820215225 3.46656 3.46364 -2.37258901492 -37.4009894849 -2.91262135822
-109.736 35.1181 -0.00368658822925 0.00272304077986 -0.000267764079179 -0.000501796792638 3.52156 3.58072 -0.714305190395 -57.0970932095 -4.52835075117
-109.388 35.1118 0.00289191217668 0.00238977362456 0.00159247081622 0.000733217624244 3.43291 3.44576 -0.638806183597 4.59123814243 0.346016726494
-113.83 34.5935 0.00174618505328 -0.00181549575219 0.00152038403202 0.00356355759985 3.51311 3.51426 -0.246824023573 30.9106971562 2.51893914302
-112.891 34.4692 0.000394539810569 -0.00075248718615 -0.000377138217064 0.000612445017481 3.58602 3.57935 -1.39797384888 9.87306220747 0.820347359828
-111.441 34.4178 -0.00152968204863 0.00137177062988 0.000384280118107 0.00042129629255 3.43243 3.42772 -1.91261916096 -25.5204809722 -2.0455481592
-110.806 34.3371 -0.00236409037713 0.00169398309817 -0.000660869516236 0.000690498452056 3.49548 3.49409 -0.27063082237 -35.7905911743 -2.86559782576
-109.95 34.5293 -0.00275284315159 0.00154406091179 0.000455909262085 0.000790477429568 3.50798 3.51031 1.88539553491 -37.659821334 -3.06673248782
-109.29 34.4275 -0.00336822774588 0.00601387807264 0.00256519993654 -0.00149482444426 3.57542 3.6145 5.43797942808 -85.2798860265 -6.41281521294
-112.333 33.9535 -0.000986232769779 -0.000198386501944 -0.000349846006612 0.000326041785704 3.61093 3.60226 -1.39471573412 -7.25678428931 -0.524709212255
-111.478 33.8798 -0.00195346135129 0.00162547641454 -0.000121936444282 0.000384519457194 3.52245 3.51183 0.232088026712 -31.3370551918 -2.52943396418
-110.844 33.6953 -0.00377417707089 0.00360860805226 -0.000508858082416 -0.000255052569226 3.48462 3.50079 3.40155408711 -64.5854894361 -5.21933384806
-110.034 33.7776 0.000552626923141 -0.00215678739026 0.00639975204124 -0.00254808417962 3.30815 3.31432 11.3732780467 26.1799439474 1.65716133796
-109.254 33.9571 0.00151553955306 -0.0042462131337 0.00312250479876 -0.00158857766335 3.734 3.75493 5.85380665312 53.3068753363 3.84798299836
-112.946 33.3627 8.19304844854e-05 0.000522752173919 0.00021214691389 0.000239947854144 3.71703 3.71075 -0.31096841453 -3.68121192971 -0.322486147188
-112.158 33.2893 -0.00180999774919 0.00104485902479 0.00159307851432 3.11703456911e-05 3.57546 3.56911 1.38320428161 -24.7460654648 -2.02308807729
-111.427 33.341 -0.0046819978139 0.003085962928 -0.0013278514504 -0.00110305921041 3.67654 3.69585 3.19850955605 -67.0850853105 -5.53734187165
-110.472 33.2969 0.00178042184409 -0.00287491839924 0.00298742274197 -0.000555243618705 3.40623 3.41619 8.57277605191 41.7582411347 3.14778841822
-110.036 33.0851 0.00163407311117 -0.00355554545565 0.00297408670029 0.0012415698311 3.34589 3.34978 8.22956504348 47.4248220609 3.44695941836
-109.266 33.2921 0.000765676617249 -0.00243257588241 0.00250524045498 0.000543441645926 3.59707 3.59539 2.79737690042 28.896745474 2.20130948866
