-122.707 48.7197 0.000696061543949 -0.00028979135258 0.00105526287879 0.000118253365243 3.82654 3.82701 -1.3800902681 -4.36601977766 0.232937261478
-122.085 48.9983 -0.00031524338187 0.000405621559164 -0.00174694953977 0.00112246266829 3.92154 3.92177 3.55355380587 0.33306827804 0.151779833055
-120.384 49.048 0.00065113510525 -0.000222714247015 -0.0134561147817 -0.00466660249932 3.98103 3.98136 19.4885179957 -7.17648010935 -0.0190258380505
-119.272 48.9534 0.000545136394903 0.000274838171845 -0.00535946521237 0.000532331799027 3.99593 3.99612 9.06465232835 -7.92194195896 0.489960505067
-115.653 48.9339 0.000896108676894 0.000464837647875 -0.00176158550636 0.000487167307451 3.87834 3.87889 1.05991072961 -13.2252847031 0.85884682317
-122.096 48.2641 0.00218401496693 0.00455589712622 -0.00691933232164 -0.00812628116254 3.65205 3.66616 14.8289276185 -49.6288145923 5.050132228
-120.12 48.4607 -0.00132803029944 0.000183360599272 -0.00425832400162 -0.00200020011683 3.85194 3.85292 11.3038771183 14.5565196111 -0.403804693827
-119.333 48.3584 0.000738041710622 0.00129964967168 -0.0107578744849 -0.00650398336617 3.53346 3.53441 20.8201873491 -13.6943295616 1.44706426454
-122.173 37.1311 0.00110948539538 -0.0018875196329 0.00449072009777 0.014365782219 3.61177 3.61413 -13.6754330192 13.4543601482 -0.105485541325
-124.566 47.9475 -0.00134639746689 -0.000188702826615 0.0016181126859 0.00341704430407 3.84154 3.84243 -4.03613766215 13.8567403291 -1.09016444724
-120.061 47.6902 -0.00129835692736 -0.00106258986052 -0.0138177838181 -0.00154817671076 3.79116 3.79257 15.5829261519 20.8305798012 -1.46149268333
-119.045 47.7849 -0.00173989170198 -0.000240272554409 0.0153261621261 0.0113797245534 3.76368 3.7652 -16.1983069651 16.5017265145 -1.51901543217
-118.274 47.8006 0.0026689525838 0.000638093308709 -0.0148207759602 -0.00158644649439 4.18009 4.18584 20.152547898 -36.0025426718 1.30090865059
-117.308 47.8192 0.000125589675538 -0.00071970408371 0.000501493320772 -0.00178858899792 3.7968 3.7967 1.59734891924 3.68005361714 -0.540383518058
-114.574 47.6795 0.000326606665549 0.00167840410276 -0.00439232109768 -0.00494928261408 3.73172 3.73301 5.34180243224 -13.6168197987 1.65312464878
-122.803 47.1109 0.00312791469674 0.00027900546626 0.00451283246418 0.00611041610156 3.74602 3.75145 -13.4537015276 -27.1778994739 2.67384214729
-121.989 47.1881 -0.00248918478556 -0.0012005330929 0.0010766587645 0.00376330511402 3.81446 3.81875 -6.82552028993 33.774690352 -2.62157701692
-119.973 47.1936 0.000868665950897 0.000819726694461 -0.00767966971215 -0.000317762496123 3.80513 3.80545 12.1269626787 -14.8394233735 1.10859433843
-118.921 47.0573 -0.002179603533 -0.00161820182272 0.000838572049331 -0.00373588748063 3.59158 3.59496 26.7419104997 31.7157529977 -1.94464351165
-118.309 47.0615 0.000298345138606 0.00157984717505 -0.00571304571171 -0.000446915373468 3.74487 3.7458 22.3391005284 -8.49841220001 1.60654460183
-117.276 47.0547 0.000598422424386 0.00223492233171 -0.000598948676457 0.00165686826419 3.77548 3.77808 5.41088300056 -21.1851163615 2.24688406353
-114.459 47.0943 -0.00216383896472 -0.00130533321737 0.00889380083645 0.00747594746786 4.04142 4.04534 -13.8724148597 32.7267055422 -2.45393529785
-113.506 47.0816 0.00241315839007 0.00164012979219 -0.0078553555124 -0.00878196287626 3.67622 3.68035 11.1921619109 -37.6840241505 2.33638526574
-112.52 47.0418 0.000903743230519 -0.000308561641321 -0.000300917945118 0.000479486008962 3.8679 3.86764 1.44043968638 -8.81707454418 0.146826224324
-123.563 46.5459 -0.000180281813602 0.000525513295608 0.0054022128112 0.00746958528811 3.73854 3.73791 -11.7214584418 -3.98749718094 0.177083044609
-122.72 46.5934 0.00330636772426 0.00223488621946 0.00481123200816 0.00638154399369 3.41654 3.42314 -19.0283845066 -47.1624854638 3.98540647446
-120.979 46.5433 -0.00220791161055 -0.000964599569483 0.00303105942705 0.00103033229109 3.72617 3.7287 -4.48031560205 29.8672329516 -2.2054250696
-119.855 46.5585 0.00333300142071 0.0018122050512 -0.0102739830402 -0.00917046171376 3.53906 3.54555 21.521705196 -48.6610923588 2.63711110097
-119.06 46.4911 -0.00184240029648 -0.000528204778412 -0.00429717649797 -0.00440454779881 3.84004 3.84133 20.0838175185 25.3140814511 -1.01969281437
-118.146 46.5139 -0.00083433887562 0.00167978528507 -0.00393481043398 -0.00461014384904 3.49367 3.49452 25.1516684983 6.9680691706 1.50694513206
-117.11 46.485 0.000586707512261 0.00297062135302 -0.000864959258838 -0.00978210353187 3.3427 3.34582 11.4161237219 -22.4880653867 2.96597245701
-114.188 46.4423 0.00112235337104 0.00121114240095 3.44427909191e-05 0.00839738488378 4.30776 4.30849 -12.4970088138 -22.1142466794 1.65106652805
-113.493 46.4162 -0.00247163291956 -0.00100089028005 0.0166047009559 0.0131741450594 3.58901 3.59172 -27.1700322281 29.1949991628 -2.62271991462
-112.641 46.4246 0.00325482546146 0.00161703610913 -0.0130262999887 -0.00145270228217 3.87578 3.8832 9.91874758715 -48.6373923967 2.61210301221
-120.728 40.6183 -0.00404424311567 0.00140827743922 -0.0154798624013 -0.00551664313038 3.56598 3.57438 15.7851574514 42.3530640319 -0.382604840995
-120.782 45.7664 0.00171764507451 0.00261570533272 -0.000611173020691 0.00297821921338 4.01834 4.02392 -5.22295263566 -40.1812787145 3.08014954297
-119.928 45.8951 -0.00481393608095 -0.00307245944925 0.00433511691884 0.00569510537542 3.79177 3.81077 -9.4315452527 73.1957992116 -5.61151982784
-118.777 45.7971 -0.000811892361995 -0.000871740230411 -0.0274720357205 0.00115670772794 3.93893 3.93833 27.48960269 12.4079055404 -0.984252735068
-117.909 45.7087 0.00225304641773 -0.000811230758778 0.0194227478676 0.0243505230296 3.21752 3.21882 -34.4496638307 -0.252622504147 1.83286430731
-117.228 45.9734 0.00230759865379 0.00200948593176 0.00745122950969 0.016771363046 3.9892 3.99425 -25.9429380101 -38.4931250126 2.99861170556
-114.332 45.7893 -0.00248428273751 -0.00137061009571 -0.00700628611143 -0.00874950171483 3.57894 3.58184 9.66363751507 37.9415207263 -2.19556256564
-113.37 45.8122 0.000408916435863 0.00124616881288 0.0222729887748 0.00681527961123 3.37382 3.37344 -24.288166891 -16.9355747828 1.05360624973
-112.493 45.8409 0.00465965190936 0.00254964396362 -0.0138875941266 -0.00173137740987 3.77912 3.79502 12.1396630696 -70.5204584456 3.82153080444
-121.317 45.2422 -0.00100967389109 -0.00346846884047 -0.0168754428251 -0.00862578210195 3.74511 3.75153 17.057048977 29.4665888457 -3.59478614788
-120.635 45.2357 0.00539063145752 0.00633655284997 0.00737712960666 0.00137640277537 3.42072 3.45176 -12.0213180234 -110.18485956 8.19547719594
-119.669 45.2664 -0.000853583850156 -0.00101787641182 0.00812358793296 0.00116218212542 3.65198 3.65198 -7.90439571657 17.5900364148 -1.32296880121
-118.96 45.2904 -0.000522013592816 0.0017112519736 -0.0205355028817 -0.00141792249673 3.83081 3.83185 25.7632079299 2.57388613791 1.5836517673
-116.268 45.3997 0.00154224264571 0.000619303421895 -0.00617717270632 -0.00274929263965 3.79329 3.7941 8.98298116037 -22.2941858815 1.20687568193
-113.46 45.2432 -0.0028603661873 -0.0025647711949 -0.0102832462035 -0.0114791921329 3.54774 3.55455 14.3232399311 47.02877713 -3.26744816766
-112.489 45.166 0.00287036755408 0.0012213647362 -0.00235461887552 -0.00284620658083 3.63267 3.63722 5.28217950561 -42.4364947164 2.29755317331
-123.292 44.6765 -0.00181351040252 -2.29105138933e-05 -0.00198541571161 -0.00353766674822 3.809 3.81016 2.58948082787 18.8548003315 -1.14788455537
-122.186 44.6837 0.00158218053491 -0.00246497380938 0.0111775911589 0.00999720789188 3.48289 3.48626 -14.4695040606 14.376468025 -0.143569414956
-121.227 44.6473 0.00287424578324 0.00224149822237 -0.00423218962313 -0.00555950865156 3.81539 3.82282 9.04467728626 -47.8981447917 3.37896947118
-120.335 44.7344 0.00359965032673 -0.000161539995889 -0.0244184235978 -0.0155338923772 3.48982 3.49548 34.6484523929 -47.6701414906 0.0576059257894
-119.565 44.5913 0.00282242616365 0.00179334688145 0.0174470670116 0.00581050197153 3.49239 3.49744 -11.4602908651 -42.8326457844 3.30537575686
-118.67 44.5191 0.00292962615951 -0.0011481198557 -0.0130622117262 -0.00298029829795 3.87546 3.88206 23.9838751395 -34.999045426 -0.486214068278
-117.664 44.6653 -0.000590841223753 -0.0028948814714 -0.00791615903219 -0.00866508338837 3.67378 3.67934 20.3696745822 17.7495617974 -2.94908880895
-116.747 44.589 0.000691228564819 -0.00277949588845 0.015720158393 0.00931694276571 3.72369 3.72965 -15.4621852249 22.6743792337 -1.26087704403
-116.013 44.7035 0.00323734223933 0.00144068891547 -0.0179737684748 -0.00326258563662 3.75751 3.76665 19.0697718071 -47.212940408 2.20847303225
-121.551 36.3887 0.000117669063181 -0.000573828617998 0.00268722740936 0.0139939252593 4.20745 4.21014 -18.050055518 6.19373776295 -0.176315156849
-121.461 40.8161 0.00383994566219 0.00295309100635 0.0076958198553 0.00676245658541 3.7463 3.76212 -6.13707923222 -64.924077733 4.82165155473
-119.023 36.6801 -0.0039714559049 -0.00122107778133 0.00967717501454 0.00642158044488 3.52776 3.53748 -5.80693372707 51.2255315253 -3.70183425993
-123.83 44.0035 0.00105139627831 -0.00166204764626 0.00649859784942 0.00302099993863 3.46391 3.46651 -8.10079748668 7.8807196206 -0.262730143136
-123.278 43.9726 -0.00138362590263 -0.00217767879493 0.00464029157002 0.00685394944062 3.57931 3.5834 -12.8493057884 34.0498704845 -2.39571956408
-120.211 43.9437 -0.000276490522784 -0.00288486029841 -0.0210131695422 -0.00661276925537 3.59086 3.59567 20.4556327111 15.3425740168 -2.83091055925
-119.504 44.082 0.00364845138422 0.00144866191264 -0.0103758747679 -0.00945407272592 3.50296 3.51082 25.5875764417 -51.8521016996 2.17136307492
-118.569 43.9104 0.00172884727041 0.00114857930211 -0.00928476362341 -0.00202385538661 3.6772 3.67968 20.216054583 -26.6907902582 1.58973927226
-117.741 43.9733 -0.00147405043523 0.000237544896638 0.00206049614825 0.000636770719439 3.68459 3.68562 19.5701303433 18.2165053295 -0.181759951493
-116.803 44.086 -0.00161697081015 -0.000531931093645 -0.00191995112284 -0.00784520832461 3.40748 3.40845 18.5991524164 23.0121703892 -0.959204307147
-115.958 43.9121 -0.000354929283543 0.00143517949278 -0.010162885196 -0.00562735303008 3.46911 3.46971 22.4586003866 0.876054553106 1.33681652018
-122.965 43.3717 -0.00181607864942 0.000401921294983 -0.00204376284579 -0.00581051749145 3.5935 3.59469 3.26566089483 15.7213780147 -0.801849995836
-121.236 43.2843 -0.00562138848761 -0.0049298442779 -0.0242089143183 -0.0171153553025 3.71767 3.7503 16.1851403708 95.2541833489 -6.75651097742
-120.153 43.2515 0.00319340424008 0.00162822078911 -0.0174533830461 -0.00244006744723 3.66956 3.67641 18.9774585559 -47.7725331044 2.60117641338
-119.311 43.3736 0.00250279555224 0.00128305619084 -0.0105362060261 -0.00325314671989 3.49072 3.49424 33.5253220775 -34.85806786 1.45647754361
-118.474 43.358 0.00143770539809 0.00178358918616 -0.00509246524745 -0.000520709927278 3.71454 3.71718 22.2986195992 -24.8198690442 2.08526913925
-117.754 43.3471 -0.00103046121226 0.000538939824363 -0.000140003701171 -0.000824321501417 3.62635 3.62656 16.7648617121 10.7868286258 0.17021547962
-116.767 43.4275 -0.00382459015434 0.000466604921029 -0.0109796531481 0.00138347039862 3.80943 3.81821 18.8166833926 48.190823193 -0.610140595174
-115.828 43.4151 0.00182831170651 -0.000387457656931 0.0145841357774 0.011966620353 3.38471 3.38585 -18.8790575559 -10.877191988 1.22118583653
-115.098 43.25 -0.00040072816937 -0.000838273258411 0.00314788268446 0.00220268004315 3.64185 3.64183 -8.354699465 11.7069464055 -0.893303456406
-114.174 43.3979 0.00176716810675 -6.85837950332e-05 -0.00316724813562 -0.000821699907046 3.78702 3.78846 2.15715208215 -20.5212540749 0.822682201369
-124.469 42.8088 -0.000874842170423 -0.000799729030571 0.00270574728889 0.00284733674399 3.87404 3.87453 -4.04481543885 15.6565847811 -1.18523773116
-121.731 42.6133 -0.000509600830182 0.00029983669759 -0.00490237243693 -0.0141368837834 3.37402 3.3739 13.7474221318 4.31373822396 0.0400703393777
-120.893 42.7258 -0.00295642462961 -9.68776595884e-05 -0.0268750703369 -0.0117931836488 3.5372 3.54134 -319.919528465 39.7480743753 -0.0638759992339
-120.251 42.7991 0.00637477793954 0.00575810078044 -0.0143023278786 -0.0101356775709 3.86922 3.91853 30.3877614515 -96.2937837637 6.62464148517
-119.247 42.6912 0.000248792028369 -0.000110464745207 -0.0161004624938 -0.00450229150676 3.66002 3.65978 24.5601240597 -2.93739594281 -0.0507255128094
-118.486 42.7308 0.00149780267294 0.00218811079156 -0.00764258647718 -0.00463948691472 3.6 3.60351 29.0007816396 -24.2407002446 2.37432750335
-117.725 42.6996 0.000675469713117 0.000775447911345 -0.00106219587473 -0.000689751310525 3.6689 3.66926 17.9815318411 -12.0286321415 0.947525271549
-116.87 42.7779 -0.00508135780598 0.000778559062877 -0.00619198293508 -0.00159302049054 3.5879 3.60169 13.8286957881 60.6737603344 -1.12956429779
-114.903 42.636 0.00194544396268 0.000548953696452 0.0076469056738 0.00265547254843 3.70158 3.70373 -12.485740879 -24.0916241146 1.77495738322
-114.084 42.6493 0.0011915388233 0.000308521918782 -0.000709990977647 -0.000490111484592 3.65817 3.65881 -0.672870127624 -16.0942404041 0.906877488262
-113.176 42.5452 2.06311455672e-05 0.00123632728585 -0.00322641650059 -0.00218412761254 3.79196 3.79269 3.21033855054 -8.30489731266 1.10035774228
-123.602 42.156 -0.000302239613008 0.000782280854207 0.00551686471316 0.00600472294111 3.6789 3.67912 -9.25349856162 -5.68502898603 0.248594547375
-121.891 42.175 -0.000950983607658 -0.00326246123031 0.00643884702648 0.0175937616138 4.33479 4.34527 -26.9463770251 45.4270833733 -2.12192843298
-120.834 42.0472 -0.00410287643506 -0.00178336337013 -0.00254472675632 -0.00196129791099 3.23163 3.23925 4.04624565667 59.104318863 -3.83830255298
-119.34 42.0187 0.000688689279231 0.00033256470471 -0.0118622848173 -0.00290520825437 3.43861 3.43876 11.1625624292 -10.3924174872 0.60860761684
-118.344 42.1901 0.00284546447254 0.00221404747724 -0.0148506408754 -0.00251586086261 3.61777 3.62468 30.8609682129 -41.7825592867 2.50619153886
-117.667 42.0192 0.00258033134703 0.00127987783319 -0.00501227237625 -0.00107547549626 3.57002 3.57423 17.1344594223 -39.08147434 2.05831038229
-115.016 42.146 0.000708349001008 0.00202257695241 0.0107914199293 -0.000490462165051 3.44556 3.44763 -10.4141185362 -26.3714795495 1.94875663177
-113.944 42.0886 0.00108769500081 0.00321457560755 0.00348744866309 0.000153612475013 3.61617 3.62231 -4.80228326628 -38.8570620332 3.21958317638
-120.74 38.7552 -0.00132389876702 -0.00318314851346 -0.00125722316179 0.00334033349547 3.83118 3.83873 -28.0302130478 47.5479040746 -2.3788734879
-122.854 41.392 0.00181726870362 0.000698053345779 -0.00072656632327 -0.00194126531843 3.73097 3.73313 -1.04756448699 -24.2954873582 1.74971299823
-122.122 41.2742 -0.00186400503719 -0.0016798596499 0.00425341967503 -0.00327990258897 3.59343 3.59671 -4.03551056267 33.8407200629 -2.50651875223
-121.839 41.7826 -0.00173307551909 0.00504350759263 0.00610669402008 -0.0054503674386 3.69563 3.71205 -8.76862497791 -36.5656756198 1.95457041838
-121.146 41.3593 -0.00147434211441 0.000253427483173 -0.00869902119462 -0.00786358069365 3.40023 3.4012 11.2734026741 15.8212712379 -0.492151168935
-120.477 41.2047 -0.00509393037159 -0.00218804719736 -0.00927127411325 -0.00264609030878 3.71047 3.72847 5.91175550444 74.1622331423 -4.64681221958
-119.171 41.3884 0.00338709671426 0.000881387648692 -0.00887336152246 -0.00307063461259 3.76447 3.77192 11.1286582508 -46.6638639911 2.3258788283
-118.379 41.4483 0.000481727588074 0.0014318194451 -0.0138574106133 -0.00327217006552 3.61206 3.61328 36.6179188837 -6.84126269328 1.437768552
-117.45 41.423 0.00267849528772 0.00194455019699 -0.000763741645319 -0.000321285682489 3.75144 3.75804 17.6665249129 -43.4228578816 2.70067418423
-116.54 41.522 -0.00104181750256 -0.000729017615481 -0.00200696118751 -0.00467675989681 3.68337 3.68428 16.1285904311 16.8569556912 -1.03145487534
-115.791 41.4311 -0.00483353367844 -0.00208855587299 -0.0147310513437 -0.0100171493305 3.664 3.67964 26.0785736455 70.3258166963 -2.78063623399
-114.915 41.4157 0.00148311054349 0.0019952349709 0.0127369045322 -0.00342740688508 3.36323 3.36592 -10.1279707975 -33.9747524972 2.4667900867
-114.165 41.3602 -0.000740514410534 0.00109603571799 -0.00435459929806 -0.00083598341615 3.86575 3.86691 -2.6796425612 -0.472468059489 0.461920773589
-123.306 40.822 -0.000973116760107 0.000522998871135 -5.72064771889e-05 0.000448752202574 3.82107 3.82186 -0.224517324591 4.82333674268 -0.278285264383
-119.835 40.7484 0.0011981108589 -0.0013736155585 0.0205593756904 0.00510148412437 3.18918 3.19042 -26.0545057599 10.1776347888 0.511223312146
-118.971 40.7797 0.00542068992018 0.00300870127211 0.00110475696898 -0.000569608607774 3.76014 3.78367 7.91707463698 -85.0329873899 5.33318998399
-118.134 40.7811 -0.00101184158192 0.000214570016544 -0.00649182326327 -0.00116482708601 3.5203 3.52085 -322.245111364 13.9455827896 0.221750185515
-117.524 40.852 0.00375445586374 0.00217931147924 0.0023753232167 -0.00404396791573 3.53641 3.54597 20.5817271097 -58.0606857346 3.13459766275
-116.508 40.7186 -6.84768868276e-05 0.000132267913465 -0.00348206995991 -0.000963021121247 3.73179 3.73183 13.8840765335 0.201793858708 0.0974634730689
-115.736 40.8167 -0.00434612470654 -0.000470323781194 -0.0159666869339 -0.000119188992942 3.83712 3.84951 28.1794959468 60.6626052988 -0.965808203339
-115.039 40.8522 0.0030031532761 0.00231873123575 0.0151315286106 0.00616404364645 3.41534 3.42191 -18.6658831488 -50.969766369 3.79406970834
-114.204 40.8556 -0.00115220349921 0.00207330573909 -0.00153530302881 0.00424832520668 3.8624 3.86612 -6.62288736207 -6.1042251162 0.859330104354
-123.82 40.1398 0.000755073550395 -0.00269007760279 0.0170575574054 0.0115948807581 3.29182 3.29501 -17.3928393357 26.7414217859 -0.65303051769
-122.788 40.1767 -0.000429997914485 0.000176582478837 0.00930138042242 0.0131853363732 3.60767 3.60781 -14.3141623622 1.2012683617 -0.262375035792
-122.032 39.9971 -0.00423200395644 -0.00366491823291 0.012083882662 0.0123384599493 3.53783 3.55377 -17.5480567085 72.3719669932 -5.51099531048
-121.086 40.32 0.000797817745865 5.81320161393e-05 0.0237670984451 0.0268893949371 3.72437 3.72477 -37.2646104216 -3.06412686304 0.792210028188
-120.918 39.962 -0.00253555783039 -0.00071307263732 0.00407450372849 -0.007592596385 3.55383 3.55739 -8.44937434245 30.1198389707 -2.38198451965
-119.827 40.165 -0.000988995546817 0.000735331163023 0.0201676558343 0.0228100339535 3.67046 3.67133 -30.8696919567 -4.91059697537 -0.682207288382
-118.877 40.1614 0.00928592727315 0.00620511058068 -0.00126479627541 -0.00779804435865 3.41512 3.47321 13.3742978214 -152.090085263 9.54922447553
-118.155 40.2903 0.000560848054392 9.50145508592e-05 -0.0132923240953 -0.00254827962023 3.70032 3.70052 23.2869577477 -7.82636440973 0.230463749604
-117.19 40.1697 0.00276950510859 0.00171948041263 0.00446729683087 0.00376536389514 3.55865 3.56412 31.8775783005 -40.2281242332 1.94146963879
-116.5 40.2917 0.00175749469012 0.00322195197956 -0.00335396081367 0.00325146447799 3.96957 3.97921 16.4267085715 -37.8718302664 3.6225666793
-115.657 40.1313 -0.00187651187056 -0.00130035369893 -0.00629457562861 -0.00261551618991 3.65524 3.65815 16.5717183285 30.548581679 -1.8258415747
-114.745 40.2679 -0.00228585461356 -0.000855809135905 -0.0199745942469 -0.00450168277391 3.58085 3.58397 25.2372090675 33.3814305475 -1.19045032951
-123.338 39.469 -0.00131962177352 -0.00289981279427 0.0065497214079 0.0109028716456 3.90801 3.91493 -9.39137051195 42.1957955407 -2.80925244465
-120.608 39.3028 -0.00321673416203 -0.00542558969585 0.0118288334587 0.0157013335406 3.58118 3.60219 -38.9375018967 81.4706209407 -4.15305484696
-119.898 39.6785 -0.0027227261218 0.000333375196174 -0.00405716016378 -0.0194921245141 3.13303 3.13567 9.25934446081 30.0067986405 -1.08992802252
-118.889 39.5399 -0.00427866050818 -0.00354511158235 0.0251608135416 0.021222091219 3.38093 3.39461 -38.0354238518 61.3368028215 -4.97960788795
-118.08 39.6946 0.00511898203574 0.0023075240197 -0.0129657228449 -0.00291475126071 3.90741 3.92901 18.8466754226 -77.4873930427 3.84090791938
-117.14 39.5516 0.00216938388987 -0.00104836175349 -0.00437328824671 -0.00330928158142 3.42784 3.43049 29.191005908 -28.0038349333 -0.751878254203
-116.464 39.6202 0.00338282262686 0.00262150663449 -0.000109816346114 -0.00947752787804 3.41829 3.42665 24.6151538839 -53.5018098912 3.23983534251
-115.754 39.553 -0.000330506551951 0.00242449697191 -0.00662897688954 -0.00201397861329 3.76879 3.77242 17.2152600366 -6.1350823316 2.20210750522
-114.908 39.4731 -0.00243179350131 -0.00104925337979 -0.00834041705369 -0.00468119339333 3.52057 3.52403 19.5341488864 36.7801747704 -1.63824502739
-122.015 38.6333 0.00179829063864 0.00119370623424 0.0110524395775 0.0173280555825 3.60014 3.60259 -22.9935238029 -25.2247833241 2.13278966502
-121.377 38.839 3.30928196836e-06 -0.00210849333726 0.00417996363785 0.0148427919749 3.54052 3.54273 -22.3254650166 26.0131180094 -0.926010423761
-118.808 38.9383 -0.00256332522435 -0.000454404008653 0.0164671485305 0.0257242182009 3.46079 3.46396 -35.4337969041 15.7260524859 -2.59051855759
-117.932 38.8606 0.00309630303159 0.00163965401843 0.00682179707506 -0.00431916956637 3.555 3.56126 -1.62520018408 -47.8388864961 3.23631185508
-117.182 38.834 -0.000481431407315 6.14224313823e-05 -0.0232914667209 -0.00277473894272 3.96242 3.96253 20.08755322 6.18366636711 -0.0825730563001
-115.654 38.8455 0.00181470025213 0.00423834984263 -0.0152089773886 -0.00428284045056 3.96669 3.98183 19.8779677795 -40.6147304496 4.57037756535
-114.83 39.04 -0.00190545519716 -2.60539558378e-05 -0.00670599385524 -0.000702406521029 3.81824 3.82048 15.1796086561 25.4458033112 -0.655038275521
-120.936 38.2571 0.000575489700263 0.000422510073381 0.0113846708893 0.00981376803292 3.90728 3.90755 -26.0734608865 -8.45011155263 0.693612157514
-120.076 38.7028 -2.00204907911e-05 -0.00398142058829 0.00693396834943 0.0190592383859 3.33499 3.34166 -25.7933021936 50.4682709146 -1.63423908372
-119.451 38.5226 -0.00190043267573 -0.0031152153545 0.00922549525448 0.0226965868551 3.96324 3.97285 -23.5855735165 50.5147068633 -3.09823883267
-119.047 38.089 -0.0014125533224 0.00100765027837 0.00625245683504 0.0146738756461 3.40517 3.40656 -14.5844292048 0.189351745753 -0.55191702829
-118.106 38.3489 -0.00366001263826 -0.00263073585183 0.0216284748727 0.0334914804256 3.13168 3.13881 -47.1192704437 40.6928657193 -3.8561835847
-117.072 38.2397 -0.000465049513319 0.00451868547172 -0.0154027108825 -0.00566562246286 3.85345 3.8669 13.3331319274 -19.8043929762 3.94029806945
-116.302 38.2886 -0.00192993316694 -0.00228031124632 0.025813628101 0.0103149624199 3.10046 3.10343 -22.2119387672 41.5503950993 -2.83447313739
-121.328 37.5049 0.00071514292933 0.000223873416706 0.0136918645156 0.0297440857605 3.74275 3.74291 -29.4952767907 -6.07863207633 0.749243483297
-120.33 37.346 -0.00172036463547 2.88322886016e-05 0.0176504559978 0.0114388905985 3.92285 3.92467 -31.7422916102 6.67372609167 -1.63567902405
-119.849 37.8817 8.28938524723e-05 0.000589065303557 0.0105604895565 0.0170422214425 3.65076 3.65075 -32.1509215393 -8.16913508472 0.255752873586
-118.171 37.4993 -0.000634977355704 0.00109369519936 0.0127434520068 -0.000939034989698 3.52131 3.52189 -6.55132324122 -4.66480912869 0.316647579186
-117.225 37.7243 -9.94473385726e-05 -0.00054489122161 0.0252136958294 0.028016024595 3.50496 3.50487 -32.4381331467 7.69112165774 -0.278710577262
-121.786 39.2291 -0.000381998905704 -0.00192201891996 0.0113640829968 0.0172286111433 3.95271 3.95502 -32.4536484497 26.7585466137 -0.889990712601
-120.674 36.8953 -0.000412423062108 0.000360781454955 0.0116573665282 0.00696984060837 3.70056 3.70038 -29.6826312526 -2.9350453232 -0.275721255908
-119.709 37.0069 -0.00319911874321 0.000525092473431 0.0147238224369 0.0269621792754 4.01543 4.02272 -27.0323240918 10.2041834123 -2.76028941697
-120.783 36.3627 0.000427209262595 0.00138699612653 0.00372201172016 0.00924408621293 3.57136 3.57208 -30.897901272 -20.3098744269 0.814649801327
-120.12 36.3356 -0.00155177949298 0.000418551459269 0.00943498741455 0.0130058713225 4.03302 4.03437 -27.2513801626 2.45546100513 -1.29301361288
-121.236 36.0214 -0.000501995988486 0.000507015614761 0.00625381916043 0.00982417230849 3.96984 3.96959 -14.368981674 -2.13671616466 -0.14573415637
-120.87 35.636 -0.00146175167748 0.000314152959457 0.0111972732837 0.00465697554252 3.60281 3.60352 -10.7568816025 8.74189942823 -0.983796990076
-119.903 35.8667 -0.00126329994069 0.00167688506061 0.0122412605787 0.00573193848982 3.76433 3.76643 -15.7537057453 -10.198458347 -0.152142384824
