-112.228 32.7006 0.00255902829609 -0.000730956293575 0.00626861019345 0.00117075445894 3.71707 3.72276 11.1179581474 30.741452609 2.34302426242
-111.704 32.5618 0.0020811373624 -0.00274452120006 0.00238050392987 -0.000533287720182 3.62744 3.62387 11.6158603531 45.6031239946 3.40099378756
-110.739 32.5716 0.000436724648685 -0.000841369229118 0.00142463997054 -0.00216481715443 3.58341 3.57661 11.6203218754 12.1823574243 0.896432842715
-109.97 32.6399 -0.000926781302791 0.00110950026801 0.00409166661933 -0.000882728580933 3.61567 3.60632 13.0711893451 -19.3971861867 -1.43119678043
-109.303 32.7663 -0.00100835375852 0.00130848490584 0.00574762993662 -0.00258028112975 3.5925 3.59309 9.17655897264 -22.0329746569 -1.64101090995
-111.457 32.0022 0.000903613227869 5.09303656164e-05 0.00309728079504 -0.000244661732524 3.60148 3.59389 7.383791698 8.48683255617 0.565477706633
-110.816 31.7748 -0.00146835265468 0.000370233584247 0.00612097921545 -0.00180977070557 3.37655 3.37493 11.5128685784 -17.1057100675 -1.31384936599
-110.046 31.9737 -0.0011617012057 0.0020223732242 0.0059816886798 -0.00301455185081 3.74526 3.74845 12.4850698443 -30.3703538202 -2.22689389476
-109.991 31.439 -0.000708715194267 0.000879132384282 0.00320235316996 0.00176682756503 3.47955 3.48304 6.25546795925 -14.7921029674 -1.12860999481
-109.281 31.3757 8.37607039463e-05 -0.000126107273409 0.000244986473989 0.00192596347353 3.70903 3.70986 0.589628496933 1.88351876334 0.151333102459
-122.707 48.7197 -0.000278885816787 0.000549348091311 0.00478165081512 0.000152263082825 3.39015 3.38879 5.63128603939 -8.28328424508 -0.588539295406
-122.085 48.9983 -0.000904379715407 0.000503167555237 0.00578647381221 -0.00130453816191 3.46078 3.45869 7.6572213457 -14.0924925439 -1.0023365813
-120.384 49.048 -0.00191113531479 0.00116280308324 0.00178286684507 -0.000497573454425 3.52683 3.54036 5.28601516022 -31.2325957781 -2.17109455339
-119.272 48.9534 0.00267823037269 0.00125324711776 0.0110966104841 -0.00162315207654 3.17919 3.19021 11.6515273948 9.93832685264 1.31225850831
-118.585 48.9752 0.00284032021459 -0.000294850093737 -0.00300868601107 0.000138596233726 3.53773 3.53729 5.91066485486 31.5690167507 2.24559656084
-117.559 48.9813 -0.00035926824265 -0.000485681337116 0.00934198642973 -0.0007254201733 3.51854 3.51389 8.22106728765 1.83140301364 0.0519471584994
-115.653 48.9339 -0.00236555888628 -0.00100801490564 0.0103327191871 -0.0031141429573 3.64406 3.62611 10.7700933133 -9.82383901417 -1.23228277916
-114.413 48.933 -0.00328682471976 0.00068719181099 0.010373280172 -0.00563613862143 3.74826 3.75814 10.8543053131 -37.4119365163 -3.01806239451
-123.504 48.0575 0.000955423323682 -0.000634192670806 0.00622968299736 0.000264721625375 3.38848 3.38877 6.497358617 15.9077195198 1.12155196699
-122.096 48.2641 -0.00108287630101 0.000636239468154 7.79054444976e-05 0.00240404045725 3.30489 3.30529 6.20201772498 -17.2936722777 -1.21378190717
-121.484 48.5183 -0.000875974214145 0.000249933827068 0.000903417528271 0.00207271515183 3.45183 3.45476 5.05099489991 -11.4737599608 -0.787124314659
-120.12 48.4607 -0.000381158929723 -0.00426932110025 -0.00368742790807 0.00305999728579 3.52227 3.52964 7.03856900332 40.3914851107 2.67563697462
-119.333 48.3584 0.00210833664778 -0.00311454321799 0.00286644422725 -0.00249642201816 3.64818 3.65347 9.56133001962 53.553077374 3.63444983555
-116.367 48.4366 -5.21930386192e-05 0.00322058735621 0.00495885378433 -0.00336441634804 3.33572 3.3322 9.46932517631 -36.1892421202 -2.11398448729
-115.589 48.4694 -0.00447924848726 0.00552062013932 0.0102423157019 -0.00612106664065 3.42648 3.42616 15.0375177801 -102.940267939 -6.80987100828
-114.468 48.3739 0.00038069204939 0.000686799113535 0.0125133425654 -0.00659865706071 3.80153 3.79485 13.8222965856 -4.98528934387 -0.0845633416344
-122.173 37.1311 -0.00250928554827 0.000298911462085 0.00388489998464 -0.00355653993613 3.90701 3.89929 2.73897295712 -28.8754734586 -1.74441572597
-124.566 47.9475 0.000702642702359 -0.000115053700459 0.00523473956915 0.000119957979131 3.48514 3.48573 5.61637775196 8.32201597751 0.564062570734
-122.972 47.7172 -0.000627176970065 0.00120360104336 0.00443199945659 0.00508214807537 3.29663 3.29762 4.20028136598 -17.9634889491 -1.31340997835
-121.689 47.6947 -2.22383147777e-05 -0.00122799532575 -0.00137654347742 -0.000809402965403 3.38137 3.38671 9.43529280683 12.6773402689 0.80885867491
-120.894 47.923 0.00205767719964 -0.00190311864591 -0.000314523790064 -0.000943350948075 3.46018 3.45847 11.5023514242 39.5533238825 2.79905541246
-120.061 47.6902 0.000384412066293 -0.00129096239473 0.00551454829878 -0.00501422550328 3.57124 3.56472 11.6366445802 17.6809181377 1.1177270501
-118.274 47.8006 -7.83108800993e-05 -0.00056472015532 0.00583687572856 -0.00434539589114 3.63966 3.63047 12.5120046635 5.69295188547 0.285889110063
-117.308 47.8192 -0.00274271702699 0.000782328954112 0.00641423729141 -0.00603927774744 3.69027 3.69202 13.819849754 -32.4751724997 -2.67238160533
-114.574 47.6795 -1.35189566522e-05 0.00398668191651 0.0104204503391 -0.0165304236035 3.86769 3.87561 14.9780292439 -47.8243536048 -2.26630256334
-113.747 47.7687 -0.00037022190094 0.000456021310485 0.0132764323786 0.00116659090386 3.16791 3.16961 6.40059952545 -8.53569569924 -0.581381263039
-123.771 47.1161 -0.000875905354224 -0.000987723153044 0.00206482013031 0.00142797573059 3.50203 3.50384 2.46560748412 -0.55705702285 0.197205260348
-122.803 47.1109 0.000577508898349 -0.000631054600312 0.0173515994544 -0.0151059637954 3.47727 3.48361 18.1038605597 11.9125313231 0.832352172874
-121.989 47.1881 0.000998621567765 -0.00233616756026 0.00374766369556 0.000317212894188 3.30304 3.30573 15.221592447 34.8550696517 2.19856742692
-120.844 47.1935 0.000770090988458 -0.000620645969453 0.00680913005036 -0.00235958746838 3.56942 3.56512 10.8873792297 13.7857600122 0.988533113143
-118.921 47.0573 -0.000851519307483 0.000649205339735 0.00245922576099 -0.00571654330264 3.63931 3.62498 16.2125482725 -14.5275912435 -1.06979103364
-118.309 47.0615 -0.00285846082888 0.00300651759104 0.00306288940569 -0.00387330868766 3.74192 3.73481 18.303954135 -58.1573022404 -4.0276817647
-117.276 47.0547 -0.00270801092504 0.00329673003599 0.00699658585866 -0.00858665698696 3.65721 3.65902 24.4693728698 -59.4944100581 -3.88243376975
-116.335 47.0477 -0.00170628086585 -0.000630145178434 0.00665318427781 -0.00515911326864 3.36782 3.37329 9.87158281769 -9.00802012502 -0.890340428893
-115.353 47.0528 -0.00085123109492 -0.00231631819468 0.00469403988464 0.0017752189174 3.23963 3.24794 4.40874876612 14.6068790897 1.05903053385
-114.459 47.0943 0.000526431742044 -0.000943601866106 -0.00264731635599 0.00614934779627 3.43199 3.44842 -0.46443227941 14.593890681 1.06185612545
-113.506 47.0816 0.00073899309649 -0.00223489979559 0.0208360515631 -0.0095068057462 3.32534 3.33113 15.4278969046 32.8893917448 1.86287301684
-112.52 47.0418 0.000950164137149 0.00176426582186 0.00933740242081 -0.00299427818737 3.57824 3.57731 8.05344506305 -10.2460687156 -0.445022401419
-123.563 46.5459 -0.000447261971385 0.000827544397801 0.00306422018443 -0.00166213404242 3.54227 3.54091 6.34643661104 -12.5083821567 -0.907972454419
-122.72 46.5934 0.000246666997993 -0.00133702712823 0.00363300405747 -0.000505386115862 3.02809 3.02702 16.8481366728 17.2588668247 0.979881072029
-121.761 46.5605 -0.000378424904626 -0.000796922881671 0.00906238717812 -0.00218446050681 3.73675 3.72808 11.3222764289 4.9915278481 0.235621354914
-119.855 46.5585 8.03290977661e-05 0.00088308386173 0.0100517942032 -0.00484739709518 3.52824 3.51456 13.3677051916 -9.11787891636 -0.48358001083
-119.06 46.4911 -0.00334954067129 0.00248630296845 0.0029413956383 -0.00578550238939 3.54592 3.53403 20.3146607707 -54.7720813691 -4.15225759641
-118.146 46.5139 -0.00421561634667 0.00370011988741 0.00655802404554 -0.00892843874669 3.63991 3.64562 22.7529416888 -74.8820995103 -5.46721118596
-117.11 46.485 -0.00548376628246 0.00617384468184 0.0132613406021 -0.015281968098 3.97207 3.99751 20.9931566635 -115.495362461 -7.82786589157
-116.209 46.3559 0.00371216029217 -0.00313625522044 -0.00424115137449 0.0083130605025 3.47833 3.51134 -4.73081359039 69.2686935152 4.69069617241
-114.188 46.4423 0.00138428143028 -0.00170922198229 0.00633531225816 -0.00591405181894 3.56983 3.56157 10.773794727 31.7324367241 2.15314673238
-113.493 46.4162 -0.00347937013872 -0.000651241745774 0.0132795740909 -0.00825799283862 3.22285 3.22008 18.0228007164 -18.4967570365 -2.61449051117
-112.641 46.4246 -0.00138804848477 0.00211546686147 0.00236373491301 -0.00497422101175 3.77387 3.78761 9.32404888875 -36.4231175929 -2.42619428393
-120.728 40.6183 0.000526676044198 0.00068096576901 0.00523034879613 -0.00718704593195 3.93424 3.92755 6.97074515038 -1.00042456448 -0.144410856426
-121.459 45.8839 0.00099810114881 0.00145944418578 0.00715114493847 -0.00400468914917 3.90664 3.87368 14.0375836343 -7.35326346601 -0.123876247082
-120.782 45.7664 -0.00288596521493 0.00267495258557 0.00573593986849 -0.00597689949585 3.51823 3.50546 16.1871139483 -54.249209985 -3.90773289513
-119.928 45.8951 -0.00441469001463 0.00490161760579 0.0108638861588 -0.00243942418788 3.59348 3.6038 22.3541976711 -90.8432814158 -6.25936687917
-118.777 45.7971 -0.00400729190988 0.0053780176514 0.0206970171735 -0.0124524664409 3.75265 3.77443 24.7553521426 -93.5012245414 -6.00635580327
-117.909 45.7087 -0.00210188351889 -0.00123920863708 0.0139238411013 -0.0131212418711 3.96914 3.97903 24.0558035624 1.89977606009 -1.29669587407
-117.228 45.9734 -0.00255041984053 0.00305642298645 0.0162359801603 -0.00847794265359 3.55609 3.58414 15.0601858848 -56.553670176 -3.86057979146
-116.155 45.8883 0.00305867831538 -0.00636786124591 0.0116107719847 -0.0108099795758 3.81829 3.82531 16.3519605525 99.7066896705 6.12649231975
-115.255 45.7565 -0.00266994026562 0.000197747184417 0.00661078101693 0.00104128304846 3.25961 3.25659 8.74027444032 -27.6368917543 -2.11913733471
-114.332 45.7893 -0.00189197213616 0.00358689491273 0.0014281431481 -0.0072886797113 3.59902 3.60374 16.7149360116 -57.9493603415 -3.56281970796
-112.493 45.8409 0.000114035614072 -0.00240007189647 0.000476628937597 0.00580319958308 3.46221 3.46276 -2.38163227159 22.5611670911 1.96703599097
-121.317 45.2422 -0.00196947052012 0.00515688350822 0.00832363329072 -0.00496045540914 3.71616 3.731 16.7610088304 -74.5279502013 -4.6192593522
-120.635 45.2357 -0.00154292082515 0.00319484348435 0.0100818263249 -0.012387930783 3.43578 3.44196 27.8067952723 -49.6937020988 -2.73485225932
-119.669 45.2664 -0.00331384569309 0.00524695829906 0.0108193350002 -0.0150163071571 3.56797 3.58213 24.4572051917 -86.9650350317 -5.37299936507
-118.96 45.2904 -0.000101364840349 0.0010246971792 0.0143939094962 -0.00482566273363 3.43431 3.44655 11.3321041917 -11.8952641961 -0.743845907004
-117.78 45.2781 0.0018906684784 0.00142884501622 0.0188677830633 -0.0121957869041 3.28872 3.28757 25.185252646 -6.20735363117 1.05770743099
-117.12 45.2925 0.00116545738477 -0.00367432582361 0.00119344979617 -0.005142232251 3.44294 3.44157 9.42003774655 49.7992734507 3.32412727079
-116.268 45.3997 0.000418696643146 0.00271505029439 0.00658924221408 -0.00266941467889 3.61767 3.60246 10.6029244951 -25.5149849319 -1.44519321028
-115.326 45.1285 -0.00123760934273 0.000246766071004 0.000363162878459 0.00141979716834 3.68371 3.68557 -0.392311318128 -15.9824884914 -0.965336485941
-114.233 45.0931 0.00406986015906 0.00101444412836 0.0100980428508 -0.00788292120835 3.65503 3.66793 9.62198318776 27.3289328462 2.4011067099
-113.46 45.2432 0.00115288136825 -0.00130405621044 0.00753029152829 -0.00175054987927 3.41635 3.41472 8.58402720799 24.9966541955 1.72877582683
-112.489 45.166 0.00119268966675 -0.000980630380296 0.00311202914812 -0.00455886369579 3.85548 3.85052 5.11881778324 22.1380384703 1.53653408301
-122.186 44.6837 -0.00446113177498 0.00370958342202 0.00763183804673 0.000434947693655 3.53093 3.54118 5.42693998594 -80.4904894288 -5.74560016224
-121.227 44.6473 0.000436542396955 -0.00131286052654 0.0180853919616 -0.00476863513699 3.46331 3.47481 18.3195473629 18.5079333339 1.10441849778
-120.335 44.7344 8.57447288421e-05 0.00172096901855 0.0162061963367 -0.00881764785682 3.27904 3.28043 19.4011710653 -19.4776404062 -0.870275319131
-119.565 44.5913 -0.00152341967713 0.00259618636286 0.0216648934819 -0.0150093582237 3.62106 3.63122 20.8282227811 -42.1449488106 -2.65787247839
-118.67 44.5191 0.00100392842069 -0.0030647959907 0.0118222286778 -0.010973458573 3.53726 3.54926 13.364631571 42.3596733341 2.70395932095
-117.664 44.6653 0.00100202082633 -0.00147719458992 -0.00593459333508 0.00739809077237 3.38713 3.39459 -4.84183115107 23.2499746464 1.78478525117
-116.747 44.589 0.00368333553933 0.0024351979175 0.0139949786572 0.00180665019855 3.26722 3.26391 10.5698447929 8.24962252377 1.17759916563
-116.013 44.7035 -0.0040794317728 0.00108664998725 0.00140584293873 0.00910101497708 3.32662 3.32376 -2.78421891862 -55.9464172984 -3.26944592912
-114.855 44.5494 0.00625485162973 -0.000101338089267 0.0142516687222 -0.00435872867831 3.23485 3.22738 13.2574850588 55.8003935614 4.99893663867
-114.255 44.5642 0.000333719531387 -0.000928596420966 0.00640559619768 -0.00102393003931 3.43586 3.4195 8.62127765324 12.9945579022 0.872219363913
-121.551 36.3887 0.0016457158749 -0.000381177981958 0.0088753738148 -0.00582599238607 3.62216 3.61575 11.9675574491 18.6601957026 1.44874718064
-121.461 40.8161 0.00111452807992 -9.25470708504e-05 -0.000355191261214 0.000875328709371 3.39374 3.38381 1.05068063025 12.8972621438 0.738568604992
-119.023 36.6801 -0.000134473662679 -0.000289556873498 0.0114973216675 -0.00649476164645 3.4846 3.48949 12.0988196486 1.58519934043 0.100210354922
-123.83 44.0035 -0.00109927762714 0.00132154232948 0.00533457020461 -0.000354297439189 3.53529 3.51859 6.1454868653 -23.3997448807 -1.71740373108
-123.278 43.9726 -0.00401778784851 0.00189629529957 0.0126740788902 -0.00446595723309 3.33905 3.34117 14.2058914672 -55.3787098407 -4.30494196612
-122.411 43.7941 -0.00346058903218 -0.000879042052794 0.0111469714967 -0.0100308387408 3.89804 3.91803 12.913220634 -21.9257935784 -2.05124790704
-121.268 44.1626 0.000158649688371 0.00372827955052 0.0113329617913 -0.0141163452835 4.64407 4.63462 17.6783228644 -40.901073589 -2.0320238123
-120.211 43.9437 0.00308685420177 0.00295970406071 0.008633346487 0.00116623050886 3.43416 3.43757 7.45539100868 1.70550212477 0.0572508836884
-119.504 44.082 -0.00448984945324 -0.00093957584872 0.00775891767488 -0.000106433839857 3.41408 3.41685 6.47325648249 -36.1273325991 -2.4322712403
-118.569 43.9104 0.00131386451351 -0.00150246376087 -0.00366762691308 0.00269044839008 3.50324 3.49523 -1.92187711602 27.1900394735 1.98659677873
-117.741 43.9733 -0.00145045150667 0.000925948407911 -0.00333224254975 0.00151346634488 3.48157 3.47944 -1.84070408621 -24.1149817806 -1.60134659406
-116.803 44.086 -0.000613982542922 0.00219210053842 0.0239453643862 -0.0189894264032 3.64281 3.65696 23.1567503066 -31.2540156915 -1.59196788386
-115.958 43.9121 0.00326309604498 -0.0028539141325 0.000101358166012 -0.00448196645625 3.49826 3.49158 12.5750272033 60.3482661911 4.33237298618
-115.133 43.7945 -0.000284320497789 0.000987573598171 0.00589173023895 -0.00469592437787 3.4453 3.43175 11.8511103599 -13.3212914573 -0.849837400291
-114.117 43.9146 -0.00154295695502 0.00296768823776 0.00772134710373 -0.00248833919861 3.58822 3.58816 8.72936787708 -45.9103188394 -3.14310040098
-123.575 43.3654 -0.000334477048953 0.000567723184514 0.00917724725587 -0.00492361408652 3.48234 3.48279 13.8866859359 -8.89932828058 -0.621998285764
-122.965 43.3717 -0.00618609548069 -0.000624772876591 0.0163318286022 -0.00489888450914 3.07191 3.07899 16.6455465122 -44.6276781203 -4.54371794673
-122.109 43.2406 -0.000697971856229 -0.00276663771168 0.0260571379828 0.00148630597996 3.07899 3.0899 11.5336407561 21.7560606007 1.341054858
-121.236 43.2843 -0.00141743735357 -0.00059384648938 0.0133785671184 0.00555087351343 3.34432 3.35443 4.14644000738 -9.4946988703 -0.473772752583
-120.153 43.2515 0.00117472102074 5.28092999088e-05 0.00966870303262 -0.00519886345089 3.42523 3.42748 11.0763470509 10.3681904013 0.836344718705
-119.311 43.3736 -0.00193287909968 0.000396445813427 0.0153049653056 -0.00148516301106 3.28319 3.2857 10.3012586797 -22.2503765726 -1.69149062731
-118.474 43.358 -0.00159303381329 0.000335571242999 -0.00822192969451 0.00167033565385 3.52127 3.55608 -3.61818964563 -21.0799382177 -1.16351923084
-117.754 43.3471 0.00449589868294 -0.000502238119634 0.00721910375705 -0.00206845222487 3.45999 3.47225 8.40813572129 48.765103482 3.58002690718
-116.767 43.4275 0.00119505320688 -0.00217043583287 0.00721570922744 0.000805795567724 3.31588 3.31839 9.32202796816 33.749097736 2.35219627161
-115.828 43.4151 -0.000345329662352 0.000869635387763 0.0038898939793 -0.00185745737467 3.4481 3.44264 11.0426385873 -12.4434003057 -0.830324323008
-115.098 43.25 -0.00273874434479 0.00237838588327 0.00294103982638 0.00476131974944 3.32735 3.32615 2.12180150414 -51.1659757941 -3.58530953291
-113.518 43.3234 0.000866034538443 -0.00217115765675 -0.000172185810224 0.00103945355493 3.61032 3.60937 -1.51820281481 28.3870486226 2.25422196573
-112.433 43.3998 -0.0031923422797 0.000880468087772 0.00149095374258 0.000398240114349 3.69594 3.7096 0.459567436736 -43.1412519308 -2.70546387072
-124.469 42.8088 -0.00251756791971 0.00118981386993 0.00612859835524 -0.00294459621475 3.68574 3.68687 5.40748527336 -36.5138728977 -2.54617625382
-123.49 42.7667 6.58912831653e-05 6.24980836185e-05 0.000582046780254 -0.00234723867666 3.98692 3.98491 3.02136089365 0.1683465595 -0.00756099854207
-121.731 42.6133 0.00481875269407 -0.00474606393058 0.00654031236099 -0.00391989532534 3.59128 3.6004 6.23482341133 92.7500266629 6.75386313503
-120.893 42.7258 0.00102136327414 -8.32260495215e-05 0.010635157633 -0.00563720420816 3.40689 3.40918 12.149105476 10.169630939 0.820779365222
-120.251 42.7991 0.00187078670863 -0.000216195168627 -0.0017965331535 0.00130770161385 3.36085 3.36105 0.71439407546 22.3554837482 1.30649068874
-119.247 42.6912 -0.000327870085434 -0.000262901266027 -0.00367850232853 0.00217270659904 3.39913 3.39652 -1.69413422713 -1.61613371673 0.0261492936902
-118.486 42.7308 0.000971373102001 -0.00412051470766 0.00724705484701 -4.69188813055e-05 3.3332 3.33756 8.78745160413 50.4772057557 3.56674212023
-117.725 42.6996 -0.000564297134891 -0.00147543646197 0.00162655669746 -0.00234919015479 3.64637 3.64602 8.05567341982 9.08275187129 0.636367064973
-114.084 42.6493 0.000177964189996 -0.00146401745788 -0.000739154407258 0.00213777576332 3.52745 3.52813 -3.64477037264 13.7667926759 1.30727284889
-113.176 42.5452 -0.00487183990346 0.00340042778432 -0.00500180766721 0.0108597318808 3.27996 3.28471 -9.1711392338 -83.59723347 -5.3426293471
-112.531 42.6852 0.00129720718835 -0.0025883819689 0.0254741626606 -0.00416786836641 3.14014 3.1546 20.589245912 40.9629529168 2.44169785771
-111.588 42.8321 0.00135467401922 -0.00181381810596 0.00450431249568 -0.00834658839219 3.90469 3.91192 11.4248842424 32.2122726585 2.2013848205
-123.602 42.156 -0.00213865826971 0.00352798381116 0.00364458998677 -0.00735463768611 4.17587 4.17123 6.78773075106 -53.7499961616 -4.0498704122
-121.891 42.175 0.00238821659957 -0.0018995803985 0.00162698582641 -0.00493083209984 4.03809 4.04937 4.63427415416 41.7064539105 2.99604538375
-120.834 42.0472 0.00200673248548 -0.00133682977834 0.00161518633204 0.00212314135622 3.29526 3.2922 0.750993884216 33.0198262505 2.27413485996
-119.34 42.0187 -0.00179549701596 0.00230444021082 -9.33985612035e-05 0.00344302395643 3.38761 3.38612 -0.963627299703 -38.6201313684 -2.91891804684
-118.344 42.1901 -0.000105143651653 0.000718460985342 0.00495715413449 0.000684359194369 3.36537 3.34767 9.47002874865 -8.20632266933 -0.571973710191
-117.667 42.0192 -0.000964568456583 -0.000512813809234 0.000648482258581 -0.000782403020505 3.4782 3.47472 7.39900318376 -4.58585108924 -0.308207425785
-115.754 42.1669 -0.00122967083546 -0.000152129136386 0.00107503088715 0.00262047324891 3.50438 3.50535 5.36679832443 -11.1454309419 -0.725530297346
-115.016 42.146 -0.00254754780966 -0.000869910045679 0.0139052684294 -0.00839439612414 3.22926 3.23185 20.1011959069 -8.70909906548 -1.6921337388
-113.944 42.0886 -0.00104796518858 0.00262264650781 -0.00974367516794 0.00158205494936 3.65428 3.65803 -8.4253028315 -30.9902169344 -2.7986668375
-113.24 42.0343 0.00361123294057 -0.0036456444325 0.0167042629049 -0.0126884790188 3.33235 3.35542 27.0814570567 68.0173148294 4.8090441263
-112.386 42.0041 0.00334368914059 -0.00537588715454 0.0136509058566 -0.00316352144843 3.31667 3.3157 19.2319578274 89.4855865061 5.70960130306
-111.432 42.0149 0.000796916766039 -0.00172042818222 0.00540058851854 -0.00266147982396 3.77173 3.76869 8.40419575576 25.5389476941 1.75783400103
-120.74 38.7552 0.00629937565231 -0.00327579478942 0.00842936043607 -0.00477608642679 3.35122 3.36237 19.0505454109 85.2452678858 7.02254543405
-124.122 41.8473 -0.000877550649132 0.00334298039336 0.00364680556531 0.00238264686186 3.66852 3.67432 0.833497763958 -36.2176553634 -3.22026265911
-122.854 41.392 -0.00320400091182 7.11771953229e-05 0.0146146049625 -0.00248876923484 3.50042 3.50924 7.97703973615 -32.2567146568 -2.25083793394
-122.122 41.2742 -0.000489945859223 0.00261594559479 0.0217168278211 -0.00704443838115 3.2474 3.23529 15.09189702 -31.6873187422 -2.03857331629
-121.839 41.7826 0.00393523772769 -0.00554937708158 0.00112559985501 0.00237313317584 3.45138 3.46942 0.463919429418 88.0678208714 6.80220562467
-121.146 41.3593 0.0021978533661 -0.00174959618292 -0.00109822861465 0.00142743894569 3.42507 3.41847 -0.514464436044 38.2543293189 2.6979921736
-120.477 41.2047 -0.00244971424322 0.000867993853729 -0.00012892357727 0.00465299741429 3.31535 3.31179 -0.718507834421 -34.1706524777 -2.12182948661
-119.171 41.3884 0.000275165478801 0.000581387416554 0.00457667989538 -0.00271553922488 3.58758 3.59304 9.87318021123 -3.15128579756 -0.203595593786
-118.379 41.4483 -0.00316343876934 -0.000189145254578 0.0158284721006 -0.00160980253958 3.28953 3.30491 10.2656104204 -27.9261624203 -2.17808032534
-117.45 41.423 0.00284165629063 -0.001762016616 -0.00177040999086 0.00563004217378 3.34203 3.35143 3.52995925923 45.7241101517 3.18223585187
-116.54 41.522 -0.00119544365617 -0.000418156392304 0.00193854303712 0.00154630557823 3.3879 3.38627 7.94567318088 -7.62843710858 -0.549738068179
-115.791 41.4311 -0.00291642697796 -0.00134252706403 0.0278272498374 -0.0110887420428 3.35575 3.36391 25.3207268981 -2.15005686665 -1.96799867842
-114.915 41.4157 0.00235616226535 -0.00137582513866 -0.000920410193104 0.01047739805 3.42288 3.42201 -5.56823771665 38.0611671377 2.4116494497
-114.165 41.3602 -0.00533184208057 0.00331446676066 -0.00583363128696 0.00744829844312 3.45145 3.47042 -10.719920095 -87.4800357785 -5.3642240119
-113.347 41.503 0.0054452103031 -0.00361055154272 0.0140112706446 -0.0104995057754 3.47433 3.47556 23.8326135716 80.943696128 6.50681279278
-112.448 41.4632 0.00147251903074 -0.000573617620748 0.00981099652227 -0.00615599423257 3.38679 3.37761 15.5175991492 18.8319890093 1.52488521531
-111.63 41.3146 -0.00085709945429 -4.2126898719e-05 0.0109541022252 -0.0038205095053 3.72354 3.70726 14.4924434392 -6.87852027398 -0.655126001745
-123.306 40.822 -0.00153711501629 0.0021645201463 0.00175238978021 -0.00157822562466 3.79861 3.81216 1.63289633689 -34.057921869 -2.65410884148
-119.835 40.7484 -0.000736970819288 -0.000333741919384 0.0016240171254 -0.00114828950029 3.32518 3.32652 10.2325932712 -3.68092358208 -0.300441794645
-118.134 40.7811 0.000313307693708 -0.00235891743693 -0.00059136428741 0.000226944089992 3.60476 3.60137 6.29969983603 25.1256956518 1.94682333294
-117.524 40.852 0.000967684004804 -0.00393493987708 0.0107410370579 -0.00757314909039 3.57598 3.57783 15.3801069064 50.883295225 3.18836429683
-116.508 40.7186 0.00157859383059 -0.00433391173129 0.0111057307534 -0.00264216446281 3.41029 3.41458 23.1403633475 62.7198710741 3.54044586749
-115.736 40.8167 0.00136104333629 -0.00221322413327 0.00765214512055 -0.0046665720098 3.49516 3.4978 16.4378553845 35.8741133688 2.41233532446
-115.039 40.8522 0.000209932753745 -0.0023793555403 0.0086267547206 -0.014200900462 3.55947 3.5533 24.8477181383 30.56471265 1.30307314394
-114.204 40.8556 -0.000115363054718 -0.00491491760997 0.0127986638451 -0.0131952778109 3.44952 3.46081 20.1873409945 56.9338465899 2.54272772087
-113.187 40.8513 -9.1085504083e-05 -0.000741059765372 0.00923029029368 -0.00300641415719 3.59832 3.60527 9.56049679336 6.72955284397 0.437672777502
-111.437 40.8869 -0.000897045636955 0.00218587036844 0.0117498977185 -0.000669639101207 3.34367 3.35019 14.5079205821 -32.1124786223 -2.04357170179
-110.834 40.9425 -7.34278689332e-05 -0.00170805524647 0.00676520391378 -0.000208202906462 3.31155 3.31153 7.22970480716 16.4207001466 1.14898592444
-123.82 40.1398 -0.00590192191404 -0.00116459444843 0.00303380136425 0.00660643038796 3.47089 3.48957 -3.08586338873 -59.1929466792 -2.09865305227
-122.788 40.1767 0.00233435833101 -0.000600840295815 0.0068070688909 0.00322161457995 3.26346 3.26947 4.62910092661 29.3504277448 1.9505384962
-122.032 39.9971 -0.000889634665416 0.00166067264159 -0.000698258776748 0.00476216298413 3.3871 3.38659 -0.116322048304 -22.645693407 -1.8707116949
-121.086 40.32 -0.00202721868513 0.00418800257436 -0.00136907342152 0.00361877591385 3.32369 3.33011 -1.72699355365 -54.3451170729 -4.6087384818
-120.918 39.962 0.000870634949452 0.00155101261248 0.00556060735063 0.00113834694808 3.47601 3.48663 8.75737673599 -6.15173339759 -0.507211669313
-119.827 40.165 -0.00169829608689 0.000153300838681 0.000420235853978 -0.00209421692409 3.49426 3.5047 12.2584040338 -17.0069849673 -1.36418347373
-118.877 40.1614 0.00474612931851 -0.00295179205416 0.0199921139583 -0.010108027873 3.395 3.40299 19.5207210902 69.882950671 5.58318704611
-118.155 40.2903 0.00244208415713 -0.000532256386657 0.00271481566816 -0.000388593609961 3.56485 3.55951 10.2447973185 28.3287171873 2.13594632665
-117.19 40.1697 0.00033566289314 -0.00265529698289 0.010314328275 -0.00463836061502 3.59526 3.58716 18.6145417364 32.4965442071 1.7989592245
-116.5 40.2917 4.02114914212e-05 -0.00280474900223 0.0157079183399 -0.00337795986978 3.38405 3.37381 24.7454822404 34.1580346263 1.38168854669
-115.657 40.1313 -0.000782097070111 -0.00208237843752 0.0144177996711 -0.00683973293796 3.67324 3.66669 18.4376348866 17.4115483534 0.548795732746
-114.745 40.2679 0.000311710148159 -0.000193803755172 0.0139385276934 -0.00790874409231 3.71114 3.70675 14.0686130284 4.80639704327 0.364226887402
-112.469 40.2807 0.00224288156859 -0.00235016870735 0.00588441346102 0.00030681779464 3.37659 3.37898 7.48643116594 45.4030037389 3.24786168727
-111.502 40.2067 0.00100266813343 -0.00138488323844 0.00499250881564 -5.39350487504e-05 3.37751 3.37876 6.46987951326 23.6118660118 1.69236340648
-110.008 40.2655 -8.98490320855e-05 -0.000361011420669 0.00039766022371 0.00230922116426 3.54374 3.54038 -1.10383781331 2.03819143119 0.235104762235
-123.338 39.469 -0.00064737578321 -0.000755311520046 0.00307141682061 0.001290981863 3.58462 3.58869 2.26777503786 -0.87156709397 0.216334254549
-120.608 39.3028 -0.000229387837213 -0.00484141957054 0.0050922327455 -0.0147158300206 4.58208 4.59924 11.3707096405 45.2781643029 3.16092048277
-119.898 39.6785 0.00103243772001 -0.00240708337033 -0.000787999118919 0.00546368522693 3.30622 3.31661 9.46769890457 32.9500423076 2.43230036246
-118.889 39.5399 0.000892597887479 -0.00384819414343 0.0108921454459 -0.00115318591479 3.7639 3.77086 12.2091330904 46.9358900612 3.24126698165
-118.08 39.6946 0.00269871782611 -0.00112159397029 0.00874244525439 -0.00364001615736 3.35827 3.36324 21.5816608039 32.6659245791 2.87911708831
-117.14 39.5516 0.00221785071778 -0.000109663513918 0.009366326943 -0.00741338475001 3.68762 3.67952 20.6901981076 17.8552941568 1.91624209971
-116.464 39.6202 -0.000323946218182 -0.000670281396857 0.0108623270266 -0.00780710370526 3.32907 3.31917 19.4872227011 5.10615095145 0.108860105867
-115.754 39.553 -0.00096720315009 0.00142672598179 0.0123013474845 -0.00737466661451 3.62959 3.62749 19.2855177994 -23.694840478 -1.60269765387
-114.016 39.455 0.000379774904945 -0.00298259441564 0.0058324155159 -0.00153108780839 3.4624 3.45581 8.18142234494 32.8564408699 2.37888909058
-113.069 39.5906 0.000708053429196 -0.0022425988527 0.00145061394437 -0.000493733203756 3.43266 3.43298 4.88904268571 28.1243676503 2.1417475769
-112.279 39.5708 0.000381772300775 -0.00167432950029 0.00102686034751 -0.00213885194801 3.31899 3.3199 8.94010526181 20.4938523142 1.43572260705
-111.66 39.6092 0.00173887523872 -0.00081592128117 0.00105759885014 -0.000559352997989 3.39953 3.3988 2.30146454742 25.9672847522 1.73738591888
-110.74 39.473 -0.000794436075265 0.000387525325251 -0.00261515260443 0.00478885501692 3.40649 3.40111 -3.36165154974 -12.2511379449 -0.766096562554
-110.246 39.6279 -0.00182393217998 0.00256083047459 -0.00120477626278 0.0062920634148 3.24742 3.24697 -5.33910291204 -40.8409586244 -3.13907263046
-122.015 38.6333 0.000850415166699 -0.00125943387398 0.00423591212511 0.00115360185736 3.66521 3.65987 5.81793718087 19.5465053317 1.51011574203
-121.377 38.839 -0.00276958029995 0.000690066836052 -0.00245430027713 0.00341038678133 3.29381 3.31553 4.77461420558 -34.4768200307 -2.29824379115
-118.808 38.9383 0.000947033153542 -0.000817397089708 0.0135249340836 -0.00510228422665 3.54645 3.54003 16.0085658465 16.638552372 1.24997590198
-117.932 38.8606 3.52103893785e-05 -0.00123478531434 0.0112817670502 -0.00563747562327 3.24976 3.24141 18.9928975301 13.9528341452 0.742544103667
-117.182 38.834 -0.00110421082229 0.00140776637068 0.0109775413672 -0.00155612804833 3.29928 3.30269 17.0513040558 -24.3459399276 -1.72986632962
-116.4 38.8247 -0.00213538794558 0.00242416280352 0.00691484093744 -0.00592132067608 3.44018 3.45802 19.7792860031 -43.7472584618 -3.12874357686
-115.654 38.8455 0.000518823572861 -0.000649870287781 0.000806502408148 6.84992220226e-05 3.59774 3.61068 7.70307780964 11.2854737391 0.828029918913
-114.83 39.04 0.00174902555449 -0.00113255051416 -0.000472072138462 -0.00367008976814 3.59112 3.58922 8.00078898315 28.070545781 2.03322249321
-114.02 38.9551 -0.000524731306519 0.000803936364211 0.00329731683032 -0.00100035685834 3.44725 3.44282 6.92757244647 -12.8731200432 -0.944351288549
-113.277 38.9882 0.000423668497259 -0.000391898713311 -0.000542426597703 -0.00068486796949 3.48537 3.48311 3.41708929198 7.96983399659 0.572735221275
-112.379 38.9995 0.000184340495206 -0.0012028454261 0.00225558180672 0.000886609258303 3.25564 3.25338 3.5355730407 12.7719883838 1.03486714014
-111.172 38.9176 -0.00120558927716 0.000353131241241 -0.00277649909636 0.000964358559218 3.38462 3.38253 -2.74190130647 -16.6350871158 -0.972131916868
-110.133 39.1025 -0.00286898666738 0.000510895690697 0.00993503060149 -0.00588210218208 3.53016 3.53641 11.8948055017 -31.6183182801 -2.50776033857
-109.263 38.9553 0.00150212491506 -0.00106860705854 0.00124312749308 0.00213539116222 3.43147 3.43664 1.46421858591 25.8162549119 1.77527285864
-120.936 38.2571 0.00290027430084 -0.00123984066011 0.0121205346573 -0.00455142969338 3.70364 3.69964 11.9606323437 38.641518854 2.96175924581
-120.076 38.7028 7.24339283613e-05 -0.00212548870211 0.0116451175624 -0.00309104486169 3.56721 3.54373 11.7815998268 21.5474272049 1.50477008052
-119.047 38.089 -0.00158662668609 0.0017831439846 0.0185564667918 -0.00557307057141 3.36222 3.3584 15.2180717261 -32.0772822728 -2.35925528008
-118.106 38.3489 -0.000609469476961 0.00143596274066 0.0194302580415 -0.00703467605802 3.55835 3.55881 18.1254227603 -20.5138542621 -1.34279062222
-117.072 38.2397 -0.00164495420597 -0.00203603064653 0.0238477440897 -0.0202240203536 4.01636 4.02769 25.0847475707 13.1857237107 -0.439951485952
-116.302 38.2886 0.00285167749926 -0.00107899364355 0.00412425689215 0.00152183759678 3.38005 3.3829 9.06227762065 37.8439381599 2.7772622766
-115.585 38.3489 0.000379003495291 -0.000808501156563 0.00167169008681 0.000101238808586 3.42623 3.42412 5.05710813786 11.1488624743 0.858528270706
-114.608 38.3281 0.00306616741905 -0.00130867410035 -0.00125992395125 0.000201299372559 3.43907 3.44401 1.0288740584 44.2794148447 2.89726216743
-113.969 38.1802 0.00159676792214 -0.000645120957155 0.000805669953887 0.00195245038599 3.38447 3.38142 0.433416856656 22.8465113587 1.47170479755
-113.021 38.2987 0.000191747636391 -0.00132926865522 0.00107470669769 -0.00023331275324 3.3486 3.34553 1.67132029187 13.3959219322 1.16340038458
-111.483 38.2843 -0.00119339181036 0.000416162272393 -0.000505027143046 0.00239594631685 3.31877 3.31844 -1.81514679934 -16.8528147979 -1.02512882559
-110.711 38.4187 -0.00136636973614 -0.000298601300896 -0.00312806201718 -0.000238504187934 3.46364 3.46601 -1.62249813372 -13.0920986298 -0.547361652684
-109.894 38.3862 0.00168057148615 -0.00239721345327 0.00231565449371 0.00146317960269 3.30523 3.30495 7.13023720698 40.1197072929 2.88982164857
-109.261 38.2916 0.000729222392869 -0.0008560473137 0.00325333316528 -0.00172727902821 3.68003 3.67344 6.29939525866 15.6237273925 1.12293368784
-120.33 37.346 0.000477717969902 4.26572077798e-05 0.00924075213202 -0.00342316317273 3.75426 3.74158 9.8328301171 4.1427932099 0.304112918539
-119.849 37.8817 -0.000211886052778 0.000924382283972 0.0104600805561 -0.00339373348972 3.58363 3.58001 13.7055990609 -11.1609145372 -0.770111707539
-118.171 37.4993 -2.95994479469e-05 -0.00204263944797 0.00929154092614 -0.0072498274008 3.70723 3.71356 8.55854088859 18.6823976966 1.45594784673
-117.225 37.7243 0.00150420682699 -0.000354489240788 0.0195026514464 -0.0053081324789 3.32378 3.3234 16.7565484088 16.2373398981 1.40577564836
-116.595 37.923 0.00392276159763 0.000141220941405 0.00207719903827 0.000333960408913 3.50151 3.51381 7.45515575382 37.524461874 2.57716228949
-115.747 37.6444 0.00291783642417 -0.000921278117634 0.000936189608552 0.00205814142108 3.50436 3.50543 0.125929464876 39.4340101683 2.45545858183
-114.849 37.6083 0.00139972700476 -0.00211696572195 1.51379103764e-05 0.00153901574917 3.34883 3.34979 0.170569746659 32.380767871 2.53528640292
-113.86 37.5808 0.00121339893819 -0.000725114002136 -0.000467071752778 -0.000397749614321 3.38839 3.38503 0.290719669353 19.2312344414 1.30331873399
-113.168 37.7601 9.1031230194e-06 -0.000743215534999 0.00142376999228 0.00171191433269 3.32388 3.31973 0.424102177237 6.19333408898 0.601369712064
-112.363 37.6761 -0.00100369447743 0.000419171225264 -0.000714623693372 0.00174487306236 3.38168 3.38191 0.22477551471 -14.5197684312 -0.935069519282
-111.596 37.7222 -0.000383333755678 0.000173296096204 -0.00112998984388 0.00155487069222 3.35808 3.35952 0.811253427027 -5.65545705789 -0.370344359241
-110.802 37.6354 0.000397609594746 -0.00148197556486 0.00112243629235 -0.000261286691045 3.44827 3.44664 7.59619674782 18.2432729817 1.3390529702
-109.995 37.6903 -0.000331613774901 -0.000607281930288 0.0039569740455 -0.00226761361782 3.48564 3.47785 11.2629819711 3.19539390272 0.1590797469
-109.137 37.7459 -0.000631605990759 0.00126017481936 0.00302344155611 -0.00156886430763 3.7004 3.69375 5.75611636115 -18.374733427 -1.3542519986
-121.786 39.2291 0.00118285224569 -0.000723179307854 0.0116268792421 -0.0060612892536 3.56833 3.56039 13.815301287 17.7599044664 1.36596839609
-120.674 36.8953 0.000759359308763 0.000109893864934 0.0103320759504 -0.00468783722989 3.78199 3.77847 12.3604142807 5.83521400758 0.477886028665
-119.709 37.0069 -0.00244175492978 0.00142147395211 0.0113021665993 -0.00531692951702 3.32313 3.32242 20.2524191087 -34.1804518445 -2.81509467675
-115.22 37.2408 0.00205777895892 -0.001099668308 0.00111117323366 0.00180942881659 3.45699 3.45143 -0.566274614125 31.4181471505 2.08314211676
-114.715 36.7256 0.000829397093162 -0.00165371657353 0.000313218612116 0.000437108980946 3.43658 3.43395 0.504423564152 22.2760489641 1.8248936085
-113.907 37.0195 0.000343941532894 -0.000848704437186 -7.29677387671e-05 0.00118870891186 3.42149 3.41762 0.774433056719 10.6515354065 0.886323133889
-113.084 37.0615 -0.0013559838787 -0.000229663418407 0.00035642924063 0.000613877648304 3.40225 3.39752 1.56792652217 -12.766107339 -0.64508873257
-112.382 37.0183 -0.000829407557675 -0.000831455968986 -0.00246455413127 0.000368140932608 3.40854 3.41215 3.03335971684 -1.61633879674 0.120910180643
-111.506 36.9839 0.000992292951639 0.000176791086214 0.000675926744848 -0.00244511546792 3.46597 3.4626 9.16803461594 7.8350337368 0.582921275931
-110.804 36.9969 -0.00113760081479 1.34262807937e-05 0.00437710585762 -0.00114681503595 3.52958 3.51752 12.5368072689 -10.4355172386 -0.8664383648
-109.874 37.1364 -0.00125729814367 0.00388308431405 0.00546794157602 -0.00108645357002 3.59287 3.58355 9.47337929275 -50.7678990613 -3.5993798743
-120.783 36.3627 -0.0012313690678 0.00135907445611 0.00400680638274 -0.00417251700472 3.58929 3.58126 14.8497694674 -24.20720964 -1.82073851788
-120.12 36.3356 -0.00282871117476 0.000542807707574 0.00152389992385 -0.00237937299233 3.76335 3.76839 14.4416441446 -30.0666413658 -2.4856177857
-115.383 36.423 0.00105099626482 0.000198435019212 0.000187034955747 0.000538380393984 3.70075 3.69977 -0.151004674582 10.0374206353 0.443745909352
-114.539 36.4321 0.00060649223103 -0.000588423134591 0.00019511748251 0.00167952613217 3.55458 3.55055 2.19389921366 11.3607536719 0.836485541101
-113.18 36.4182 -0.000201254862315 0.000342242906529 -0.000791566312286 -0.000738257979465 3.52422 3.52145 5.08439324931 -5.1141478761 -0.390524916478
-112.291 36.428 -0.00126656915642 -0.00100825672149 0.00276327481347 -0.00087740974781 3.54886 3.54427 8.7221278347 -2.62961326436 -0.172603929394
-111.13 36.1428 -0.00376286962349 0.00360262208243 0.00593508940023 -0.00213942497915 3.40398 3.40574 11.5896071958 -71.1146901485 -5.20797940123
-110.662 36.5996 -0.00273276495985 0.00424009948549 0.00615903368942 -7.32180230245e-05 3.50215 3.49552 10.351998375 -68.168291009 -4.89866718152
-109.87 36.4199 -0.00249138738256 0.00652520499322 0.00666347355318 6.2923035992e-05 3.54396 3.56693 14.5271599489 -91.3573842362 -6.05236555144
-121.236 36.0214 -0.000359308661112 0.00293062032102 0.00777996674167 -0.00177712364429 3.75034 3.74625 11.7874678422 -30.9144282419 -2.30102623862
-120.87 35.636 -0.000657560849562 0.000869194890178 0.00607340754394 -0.000958270238299 3.60281 3.60724 9.47735032569 -14.1178971815 -1.08323985655
-119.903 35.8667 -0.00023017206646 0.000157078430358 0.00652004200815 -0.00197823835554 3.63257 3.63218 9.63906625963 -3.62752074901 -0.272772905373
-113.984 35.8522 -0.000510254204496 -1.2781683672e-05 0.00350502447595 0.000277746772517 3.58184 3.57755 3.9905671858 -5.21527995894 -0.314022129669
-112.173 35.8191 -0.00113195713829 0.00172074924052 0.00567846408696 -0.0014377219994 3.62164 3.61277 9.22506859199 -27.4227103479 -2.01761687032
-109.933 35.7113 -0.00300946427187 0.00117450532901 0.0166653243446 -0.0114732987817 3.71245 3.73609 15.7748853112 -38.1594095764 -3.09136306457
-109.046 35.7147 0.0027955975298 -0.00193374113895 0.00204620830677 -0.00372315907056 3.87276 3.8922 6.01726089534 46.3532661223 3.31005107722
-112.267 35.1787 -0.0024868993678 0.00366996578723 0.00592376886331 0.000583557272936 3.42977 3.43299 7.83193141266 -58.5631384811 -4.3764878734
-111.532 35.0951 -0.00548795423676 0.00483970738719 -0.00143857196801 0.00111102081744 3.46392 3.4753 9.65037624959 -99.048844547 -7.30433306803
-110.713 35.0789 0.000404119371955 -0.000215187158116 0.0178931179199 -0.00605272130958 3.4132 3.42311 12.9344684678 5.83313037104 0.445452180761
-109.736 35.1181 0.00167659993826 -0.00386563256356 0.00581380910059 0.0021263855299 3.21987 3.22979 15.9449620617 55.6688927568 3.70898132568
-109.388 35.1118 0.000765776180062 -0.00437588189992 -0.00273622366682 0.00183636020283 3.70202 3.71283 6.5384343394 48.1173906607 3.74711541071
-113.83 34.5935 -0.00113369624473 0.000841834860526 0.00157113325048 -0.000955556797681 3.77803 3.76913 3.62617191382 -18.9091512251 -1.3653972277
-112.891 34.4692 -0.00430430719912 0.00353034220794 0.00122704011839 -6.0286230676e-05 3.43134 3.43351 9.5885464355 -74.4807783853 -5.53704802668
-112.237 34.4866 -0.00348363178943 0.00399918136662 0.00601156285375 -0.000615150989081 3.39117 3.40699 12.3866611919 -71.4421934599 -5.26903040008
-111.441 34.4178 0.00356468866411 -0.00574917566459 0.00207193895457 -0.00043919796517 3.53769 3.51723 6.68188947875 87.76267739 6.65758926807
-110.806 34.3371 -0.00279694524086 -0.0010515150968 0.00770163354238 -0.0096858225011 3.71338 3.72527 20.6762317845 -9.32619355718 -1.73354494628
-109.95 34.5293 0.00435264777681 -0.00335525559494 0.00504078085867 -0.00213646566195 3.34267 3.34787 16.649664985 72.3241221106 5.49573413515
-109.29 34.4275 0.00147304222346 -0.00288246788117 0.00388332389158 -0.00165192731137 3.83084 3.8251 8.9772332625 41.8703069921 3.08651909834
-113.829 33.8142 -0.0014742180192 0.00237116414166 0.00144229525761 -0.00126919444933 3.75336 3.75858 4.59902714646 -35.2325848797 -2.76835272559
-113.005 33.9383 -0.00525313759232 0.00405070844451 0.00403931076973 -0.00344129900173 3.55239 3.57667 15.3603571375 -86.6270064261 -6.62913740815
-112.333 33.9535 -0.000386469879364 0.0012858192458 0.00168172092676 -0.00357365510448 3.69737 3.71654 11.5644926783 -16.1004987858 -1.16435717913
-111.478 33.8798 0.00119229274257 0.000884197605838 0.0100493815604 -0.00490246724126 3.43611 3.45664 15.5230176522 0.970907809167 0.361454914763
-110.844 33.6953 0.00362718181572 -0.00406421791764 0.00195126879543 0.00126636500117 3.42444 3.42991 12.0714910636 73.3981752568 5.42251110073
-110.034 33.7776 0.00148120356678 -0.0027097398623 0.00566484976668 -0.000339935883065 3.33499 3.33223 12.6593577608 40.6390922195 2.91467891147
-109.254 33.9571 0.00101240045747 -0.000603821150859 0.00341373730276 0.000155659251372 3.78391 3.77413 6.11450893614 15.7317255437 1.12357427408
-112.946 33.3627 -0.00144042204789 0.000417183197078 0.00990239317061 -0.000651355818665 3.26924 3.27211 13.6118519477 -16.9210077199 -1.35355921863
-112.158 33.2893 -0.000774481538027 -0.000611577559655 0.0040464710415 -0.00784997614288 3.94756 3.96157 12.6426490685 -0.972821401187 -0.157400847021
-111.427 33.341 0.00294981049751 -0.00466900617224 -0.000228293210216 -0.000256407232495 3.58737 3.59655 13.4326512305 73.0965759021 5.30609526052
-110.472 33.2969 0.00259172722157 -0.00208872950023 0.00176953601065 0.000150756371393 3.52316 3.51653 10.9848285755 44.450641957 3.31556948775
-110.036 33.0851 -6.79019011746e-05 -0.000986389853931 0.0046733081918 0.000288508039234 3.46532 3.45293 11.557856177 9.02343120011 0.628229051774
-109.266 33.2921 -4.89495028595e-05 0.00150232177714 0.00601254494805 -0.000495730312442 3.63324 3.63026 8.27811670917 -14.4665447471 -1.12338600481
