-122.707 48.7197 0.00219908643708 0.00207891822779 -0.0013311528593 -0.00902031219624 3.97983 3.9832 -6.78053754533 46.2344239642 -2.97213544996
-122.085 48.9983 -0.00032341672568 0.000269058482391 -0.00213977185676 -0.00847610299769 3.63326 3.61972 -15.5437571873 1.83677178668 0.188333043853
-121.48 49.0983 0.000828707233135 -0.000546681492382 4.22879527308e-05 -0.00366495079243 3.97632 3.99372 -12.0903994214 -1.70210781524 -0.487999884997
-120.384 49.048 0.00345132116209 0.000394993128439 0.00218472921698 -0.00464616068473 3.9687 3.98399 -10.5407650433 31.5801806013 -3.20996864503
-119.272 48.9534 0.00526238222907 -0.000367763747399 -0.00292873403491 0.00133502287763 3.3204 3.33262 -13.4904717447 31.3280028061 -4.54933336452
-118.585 48.9752 0.00391354710348 8.13015134385e-05 0.00176651786791 -0.00179778442934 3.78074 3.76813 -8.03877639167 33.3076104159 -3.36125152665
-117.559 48.9813 0.000889397827623 -1.7165427864e-05 -0.00266629066894 -0.00343140653517 3.64469 3.62972 -9.89172201976 6.74225825736 -0.75823444953
-116.363 48.958 3.63203159536e-05 -0.00017860512202 -0.0044591549778 -0.00814178562892 3.83667 3.83395 -12.9796635542 -2.17764987948 0.0507747752216
-123.504 48.0575 0.00191643560174 -0.00315254861322 -0.00582279861096 -0.0191457981312 3.8374 3.85247 -15.1089638805 -32.4997323933 -0.424132629905
-122.096 48.2641 0.001212731293 -0.000283703803419 0.000123926022585 -0.00779663393202 4.03854 4.06047 -10.7326141664 5.38288742691 -0.920748431244
-121.484 48.5183 -0.00109412160808 -0.000208940490086 -0.00506254776517 -0.00897931002733 3.81099 3.82618 -21.7072540012 -8.43184097935 1.10493765257
-120.12 48.4607 0.00417576824619 -0.000119534310037 0.000163507041931 -0.000765875906227 3.76698 3.79907 -14.2759135929 26.7282478243 -3.70487047176
-119.333 48.3584 0.00356820942716 -0.000376709908531 -0.00105869463032 0.00104696664179 3.71185 3.70888 -14.379512755 19.0849159603 -3.0402355224
-118.149 48.4226 0.00279874506106 0.000751682891027 0.000529157635088 -0.00111280167658 3.91043 3.89752 -15.406366002 28.9902786471 -2.85196016263
-117.225 48.2995 0.00160854924783 0.00068127606795 0.000975624334324 -0.000614936308463 3.88951 3.87256 -12.762148132 20.9755693346 -1.73947128111
-116.367 48.4366 -0.000268218464945 -8.85582876842e-05 -0.00246917723771 -0.00218636370324 3.72339 3.71543 -14.8064914806 -3.04658033873 0.279701121414
-115.589 48.4694 -0.000723800717558 7.62727121444e-05 -0.00554664401642 -0.00456598476435 3.64607 3.6432 -9.54498800856 -4.84011019115 0.575567451647
-122.173 37.1311 -0.00176461281281 -0.00154742725117 -0.010232188125 0.00190235027443 3.5855 3.59048 -7.74023209473 -34.4486428008 2.34691638588
-124.566 47.9475 0.00244873130469 -0.00128344864347 -0.00393458434334 -0.0114295916266 3.51186 3.51444 -15.5229898966 -2.65130064251 -1.70814251832
-122.972 47.7172 0.00111018925503 -0.00237651419084 -0.00609957470257 -0.0165422194578 3.99308 3.99337 -19.0205508938 -28.4653981868 -0.175035611636
-121.689 47.6947 -0.00149515969024 -0.00468326297641 -0.00521172215226 -0.0117364824841 3.80861 3.82447 -29.8798035748 -76.2015822009 2.33372075492
-120.894 47.923 -0.000153857767309 0.00304398478749 -0.00253035211521 -0.0215721385098 4.05611 4.12345 -18.6573950603 43.1669565867 -0.988318253409
-120.061 47.6902 0.00146549154313 -0.000724106112475 -0.00707019742091 -0.0112647854094 3.85062 3.908 -27.2307870246 -5.56311820352 -1.25354315203
-119.045 47.7849 0.002462836564 0.00123258010641 0.00171543543709 -0.00962835431437 4.12296 4.16284 -21.9245403334 30.4858134126 -2.73045446564
-118.274 47.8006 0.0029366252104 0.00100169877273 -0.00200625943459 -0.0027814010906 3.75754 3.7715 -18.8662151957 31.502079486 -3.09708583441
-117.308 47.8192 0.0013667553188 0.000762088605228 -0.0037501630578 -7.42970190524e-05 3.83373 3.82822 -15.7016352801 19.6721499601 -1.56200450464
-123.771 47.1161 0.00206534725039 -0.00120807255817 0.000320021113309 -0.0125508773871 4.16935 4.14173 -16.2588384117 -3.88101404881 -1.38205100054
-122.803 47.1109 0.00271333402885 -0.00058435218535 -0.00161779500439 -0.014166143504 3.6808 3.64984 -36.5032018304 -5.90956571 -2.66147315531
-121.989 47.1881 0.0014473573974 -0.00137279436235 -0.00245382742949 -0.0144206582922 3.82269 3.78368 -25.5418690109 -14.6621874018 -1.03157786674
-120.844 47.1935 -0.00057451912538 -0.00312371145259 -0.00369784721734 -0.0156815163164 3.87626 3.89016 -23.1371541934 -48.9075961393 1.5118188195
-119.973 47.1936 -0.00107562325013 -0.00469483514124 -0.000481083808401 -0.0115484080015 3.83118 3.89043 -36.5037033179 -73.8401457728 1.46592950496
-118.921 47.0573 -0.000712001810143 -0.00362560704947 -0.000755525534102 -0.00103193658766 3.57862 3.6433 -35.3393303714 -56.7568760885 1.10676575731
-118.309 47.0615 0.00293638597521 -0.0021254285571 -0.000779758750207 -0.00529295887949 3.87251 3.90552 -34.5363573623 -26.7280308348 -2.64461145595
-117.276 47.0547 0.00185093226918 -0.00176505253934 -0.00415092370384 -0.00157470700792 3.79604 3.8004 -29.3311439729 -20.1519042525 -1.41791083591
-116.335 47.0477 -0.000479489660764 0.00200829120896 0.00172712776754 -0.0197140963299 4.26162 4.26431 -21.8505168716 26.1898179962 -0.250384044815
-113.506 47.0816 0.000220895280611 0.00154167151289 0.000789667012052 -0.000645100582316 3.83576 3.83557 0.54551957839 19.2109843111 -1.22051222228
-123.563 46.5459 0.00430048551364 0.00477324483586 0.00348555749895 -0.0095371011093 4.51991 4.55178 -18.9788775618 94.5749240507 -5.78712640624
-122.72 46.5934 0.00228299017673 0.00153545583835 -0.00244157030469 -0.0091166782931 3.92209 3.90195 -19.7442168098 35.3672826486 -2.68767141523
-121.761 46.5605 0.00175778518906 0.00156686405333 -0.0024233711007 -0.016642246066 3.70405 3.69156 -29.3312423073 29.5693699802 -2.04903751416
-120.979 46.5433 0.00177742581454 0.00212811536608 -0.0017463301731 -0.0145476705938 3.69198 3.6562 -29.6224853127 38.0005252636 -2.18288173172
-119.855 46.5585 0.00176647090664 0.000313200971731 -0.00249385754808 -0.00682599513891 3.74985 3.68948 -15.7258782198 16.3570419706 -1.72358161646
-119.06 46.4911 0.000219107181909 -0.00140205785309 -0.000268715657061 -0.00711448819728 3.7675 3.73784 -17.1943444759 -18.1388185 0.391854173382
-118.146 46.5139 0.000801559708244 -0.00239106605022 -0.00289366370665 -0.0109103944795 3.71357 3.70917 -26.2516715672 -31.8398113069 -0.110371753756
-117.11 46.485 0.000425031971794 -0.00107208522139 -0.00519746295985 -0.0108805015349 4.2039 4.18521 -28.6718628137 -14.3411861519 -0.156074974401
-120.728 40.6183 0.00105236967537 -0.00137737720288 -0.00685655800613 -0.0119039510018 3.63498 3.55507 -27.4609610601 -14.4683820333 -0.550535489903
-123.559 45.9306 -0.00116594648121 -0.000511795789353 0.000285939607882 0.00345398266599 3.70671 3.70427 1.72148222759 -18.308580588 1.19805609472
-122.419 45.9325 0.0055836520977 0.00586129702306 0.00253816093006 0.0107427455383 3.92235 3.98906 -11.1402422452 122.612794089 -7.79811829826
-121.459 45.8839 0.00125960575547 0.00193018933074 -0.00376338212566 0.00192877582795 3.67195 3.68202 -13.3194794304 35.5628818509 -2.03455671078
-120.782 45.7664 0.00156214119306 0.00151357531187 0.000261201979429 0.00564168622261 3.29727 3.32248 -16.7095796609 31.4822499607 -2.06369055974
-119.928 45.8951 0.00468313605269 0.00403807270278 -0.000443108013744 0.00293245599925 3.54665 3.5861 -24.235533086 81.5226853144 -5.70993311108
-118.777 45.7971 0.00391243024463 0.00167390199268 -0.000317982265566 -0.00145526138155 3.94495 3.93461 -15.7010552246 50.058237657 -4.24578707615
-117.909 45.7087 0.00147394498201 -0.00038050382202 -0.000384408731925 -0.0032871279595 3.80699 3.76305 -13.656730702 5.94795402373 -1.098907918
-117.228 45.9734 0.000172318214536 -0.00011284561349 -0.00279393937489 -0.00329317474058 3.81022 3.78552 -20.5600067973 -0.59234938991 -0.116489012567
-116.155 45.8883 -0.00011631300331 -0.000864713399387 -0.000951415319437 -0.0083843852218 3.74295 3.73157 -16.7700146015 -12.5330053796 0.48894224387
-115.255 45.7565 -0.00053385385655 -0.00165860225983 -0.00168935142862 -0.0056232882424 3.36828 3.36516 -10.1355202419 -25.3682477995 1.35777207095
-114.332 45.7893 -0.00205886976682 -0.00326215667413 -0.00631743258889 -0.00434188191097 3.39729 3.40484 -10.2194526015 -58.0820364262 3.51588803993
-123.281 45.3153 -0.000840447325648 0.00194928620234 0.0115572965944 -0.00806814134766 4.9386 5.04775 -1.55412275103 14.3875992074 -0.637838338543
-122.478 45.2059 0.00459391047593 -0.00214522583193 -0.00426353025837 -0.00981737944297 3.51545 3.5635 -30.4976124476 -17.5894316072 -4.04316349535
-121.317 45.2422 0.0035797742548 5.41055874121e-05 -0.00347002334377 0.00525468271189 3.41342 3.42065 -9.45416823394 30.9789378798 -3.02244957504
-120.635 45.2357 0.000747230658127 -0.00247608625443 0.000309556330537 0.0017621006234 3.82781 3.83463 -11.0741599627 -26.3163794428 0.66871226859
-119.669 45.2664 0.00293238612196 -0.00164294281662 0.00312044406141 0.00431225373499 3.81798 3.85775 -18.6719838953 -4.43520387723 -1.99549976083
-118.96 45.2904 0.00448652845561 0.000978399028953 0.000223099825424 0.000667554188243 3.67224 3.68982 -21.2943226061 39.3595005386 -4.5289224403
-117.78 45.2781 0.00220793843997 0.00291751919235 -0.00176678093636 0.00150318609127 3.71237 3.68643 -12.4089474637 55.3489602386 -3.39339558227
-117.12 45.2925 -0.00012606170769 0.00145107386782 0.00121919596884 0.000285720154389 3.78628 3.75942 -13.6459751078 18.1625080835 -0.611846787594
-116.268 45.3997 -0.000183847268097 0.000665459197563 -0.000539324007831 -0.00156398097162 3.62838 3.61781 -17.3841231256 7.81615652268 -0.128323269661
-114.233 45.0931 -0.00137227568067 -0.000472522943487 -0.00634689707645 -0.00706388607936 3.61399 3.60679 -17.6426879083 -15.5417071648 1.43877179735
-113.46 45.2432 0.000720987870599 0.000488216277147 -0.00656652106829 -0.0101682405757 3.16153 3.16185 -16.7166813557 11.4696293205 -0.865020542421
-112.489 45.166 0.000290694807964 0.0010452032607 -2.12840593615e-05 -0.00190620620101 3.69958 3.69862 -1.91846967028 14.4025978384 -0.921517829287
-124 44.6764 0.00364319960856 -0.00193809196375 0.00115186929377 -0.0082211559337 3.94491 3.9407 -9.49847164401 5.92682725913 -1.97978557513
-123.292 44.6765 -0.00070125739437 -0.00358495048322 -0.000795936595073 -0.0139466397585 4.00327 4.00979 -19.0457540108 -55.1707962889 2.09177601539
-122.186 44.6837 0.000655331567232 -0.00268912024408 -0.00558773480966 -0.016483944212 3.42826 3.42425 -31.9030916767 -38.7381650707 -0.122514478208
-121.227 44.6473 0.0035357631818 -0.000483706155267 -0.00351807634369 -0.0131486524175 3.55668 3.55497 -38.0816263495 -2.52159414207 -3.47800954306
-120.335 44.7344 0.00175390787997 -6.94474380182e-05 0.00067998533013 -0.00788463151136 4.05324 4.01523 -17.0513030144 10.9338957647 -1.54221839036
-119.565 44.5913 -0.00027911780236 -0.00259308681706 -0.00250994240816 0.000209234293818 3.81132 3.79884 -16.0473276367 -37.0810992297 1.44496023519
-118.67 44.5191 0.000131211723455 -0.00112444947485 0.00323077641279 0.00422723930519 3.60797 3.60527 -19.9643541337 -14.843566282 0.333555127472
-117.664 44.6653 0.00242592780519 0.00190633830366 0.000142986681749 0.000143201899962 3.78689 3.81679 -19.683342598 41.4212718243 -2.99341696928
-116.747 44.589 0.00081495581577 0.00209621806349 -0.00678986742521 -0.000636756671514 3.62579 3.62874 -14.1746595918 33.5862103033 -1.75083876408
-121.551 36.3887 -0.000128831980203 -0.00235426237458 0.001114447473 -0.00898437999237 4.18932 4.17043 -9.05900699812 -27.7953012898 1.60996830791
-121.461 40.8161 0.00350620869433 -0.00124558169636 -0.0103639753996 -0.0131951759484 3.76204 3.74506 -26.2656186181 0.287714920707 -2.8748813673
-119.023 36.6801 -0.000386976163684 -0.00281553436104 0.0121277767847 0.0071077828739 3.53962 3.55312 12.36063059 -24.6898023207 2.65558738222
-123.83 44.0035 0.00512327612397 0.00535440924096 -0.0002958082035 0.0018403102592 4.19635 4.22514 -6.48286702485 113.821044646 -7.31249206343
-123.278 43.9726 0.00423335793224 0.00440194172816 0.0027121815268 0.00135334732125 3.91948 3.88983 -6.87801555388 93.502593957 -6.02361827791
-122.411 43.7941 0.00173085093643 0.00167745494883 -0.00143259185659 -0.00543687352142 3.80951 3.80525 -11.0458271465 36.0697340343 -2.36287632544
-121.268 44.1626 0.000783621743024 -0.000289236132923 -0.00849690024674 -0.00943866880242 3.47378 3.47 -27.9334184945 -1.02073677168 -0.67622505325
-120.211 43.9437 0.00369835613604 0.000481771105336 -0.00449202061397 -0.0085781137536 3.3155 3.3302 -31.3724381049 19.457929253 -3.7145085405
-119.504 44.082 0.00203034442281 0.00187118520621 -0.00229839624671 -0.00824750564612 3.7539 3.70825 -17.3981213268 39.2988969581 -2.65267874618
-118.569 43.9104 0.000486679331431 -0.000274057089754 -0.00164377157042 -0.00622689846541 3.76891 3.74168 -16.6896107867 -0.271691600105 -0.304773663387
-117.741 43.9733 -0.000789811992671 -0.00115119608572 -0.00255681035479 -0.00247788103154 3.52841 3.5326 -20.0176708733 -20.7701973957 1.19368885574
-116.803 44.086 0.00173888646129 0.00121176144036 -0.00224706733431 0.000375546798661 3.55026 3.56677 -13.9274269261 29.0276869128 -2.11323863806
-115.958 43.9121 0.00123632986239 0.000221835325449 -0.00252047293571 -0.00187041550808 3.70969 3.70702 -13.134131918 12.5458052146 -1.16962311425
-114.117 43.9146 -0.000410977753404 -0.000681715443793 -0.00506793368463 -0.00396574329323 3.93832 3.93036 -11.7754936419 -11.8537898995 0.717550206762
-123.575 43.3654 -0.000773557164016 0.00107572237643 -0.00650229969175 0.000264652084582 3.65448 3.67789 -4.1070546304 5.08277320857 -0.0956517899567
-122.965 43.3717 0.00623650193159 0.00236623821481 0.00377988414939 0.00220703777088 3.93171 3.98641 0.768925975774 93.3456060809 -6.09252777819
-122.109 43.2406 0.000974848300958 0.000828749115688 0.0021181479713 0.00150592910156 3.78135 3.77528 0.371258184196 19.5134184358 -1.27600918086
-121.236 43.2843 0.00325060952657 0.0027910779722 -0.00119572065838 -0.00116937660115 3.64402 3.63354 -14.7735309415 61.5208861848 -4.20419205829
-120.153 43.2515 0.00064212370844 -0.000436462764695 -0.00292255477549 -0.00842402913122 3.82671 3.7839 -21.9348609719 -2.38268183985 -0.425604478785
-119.311 43.3736 0.00265622646456 0.00162954992621 -0.000315625450215 -0.00904552509643 3.5333 3.5315 -31.8387904489 32.9356828977 -2.94916104878
-118.474 43.358 0.0030201634867 0.0021332343062 -0.00134763308607 -0.00386612441109 3.67436 3.64688 -24.4140959267 46.026910064 -3.57175495036
-117.754 43.3471 0.000901666040057 0.000374372950735 -0.00207900273247 -0.00319798933751 3.72772 3.70287 -20.882641776 10.659741899 -0.976026454255
-116.767 43.4275 0.000637637471902 -0.00193857339154 -0.000399285514292 -0.00513287659662 3.68494 3.6848 -25.9564976343 -24.4272804645 0.0258001692645
-115.828 43.4151 0.00112122911568 -8.26827260931e-05 -0.00246213475738 -0.00338588775911 3.6665 3.66874 -22.5710372039 5.27326092502 -1.00433667365
-115.098 43.25 0.000554589209433 0.000139409109693 -0.00345656579987 -0.00500547185613 3.52155 3.51643 -17.9073171488 5.64887378085 -0.556534190565
-114.174 43.3979 0.000253843597441 1.9471081323e-05 -0.00265200748257 0.00218855862669 3.86448 3.86042 -11.2013757122 2.35898726618 -0.220949517545
-123.49 42.7667 -0.000975686768014 -0.000298069463108 0.00154190822559 0.000462694559178 3.83023 3.84634 1.24323825305 -13.9170361503 0.894758663403
-121.731 42.6133 0.00412119632039 0.00649391856227 0.00978833413235 0.00939242511309 3.60667 3.6694 8.57604075102 109.458096543 -7.67005719719
-120.893 42.7258 0.00668489941068 0.00533718141901 -0.00151133080123 0.000704733159525 3.51737 3.52058 -9.47963763331 124.918171622 -8.53998335774
-120.251 42.7991 0.00252789994233 0.00348997308055 0.000971668940989 0.00214713555248 3.61301 3.58085 -7.62038368931 65.3431228933 -4.12346495602
-119.247 42.6912 0.000614684701525 0.0013756301633 -0.00455261731519 -0.00560783991805 3.58879 3.58759 -19.5853506519 22.7453847516 -1.14610212529
-118.486 42.7308 0.00290465297194 0.00397559099329 -0.00148492056277 -0.000102781718114 3.37915 3.40001 -25.3131037003 71.1474378705 -4.07951432965
-117.725 42.6996 0.00349807667577 0.00344178772718 0.000942035799788 -0.0026965904841 3.74029 3.73806 -18.8752055536 69.6221709336 -4.66285580604
-116.87 42.7779 0.00129786781104 0.00111813655339 -0.000570680627879 -0.00543176259729 3.65341 3.63099 -17.0554441815 23.9442558666 -1.67264862463
-116.032 42.7713 0.000224754490782 0.000179398254709 -0.00255006876987 -0.00320400594376 3.57788 3.55618 -22.2113296744 3.78353120314 -0.27732766814
-114.903 42.636 0.000311210805437 0.000731914087411 -0.00550685739218 -0.00359833527764 3.42788 3.4188 -22.8099757675 11.8073791637 -0.571884051103
-114.084 42.6493 0.000373335284085 0.000467313279784 -0.00249127398189 -0.00271815950733 3.87387 3.87093 -13.2154013501 8.80471679535 -0.566532118329
-123.602 42.156 -0.00136218914114 -0.0016637865178 0.00708760871894 0.00838206438784 3.63093 3.61838 11.411525329 -31.4812070154 2.13985902025
-120.834 42.0472 0.00358253471951 0.00531539301776 0.00164786295937 0.0082640131513 3.37878 3.42343 4.56961127591 93.3508712806 -6.37305380458
-119.34 42.0187 0.00121685976646 0.00197024539665 0.00154724296418 -0.000297646656262 3.7662 3.75756 -2.8520798403 34.2232952613 -2.22987290706
-118.344 42.1901 0.00111470254199 0.00222356186199 -0.00579444976617 -0.00708628701656 3.64587 3.67132 -24.6093276219 37.1451132996 -1.83472607522
-117.667 42.0192 0.0026212102554 0.00386869096813 -0.00227744216601 -0.00436043394408 3.55683 3.57708 -30.1338902979 66.2679697773 -3.56470865676
-116.471 42.0773 0.00290546385903 0.00451005101855 -0.00326608760651 -0.00290982426791 3.65179 3.64 -19.7244080372 79.3537370206 -4.59534574153
-115.754 42.1669 0.00108678142731 0.0029461567662 -0.000108761879545 -0.00542951053654 3.59437 3.57225 -19.176773131 46.3557089653 -2.29624291999
-115.016 42.146 0.000253404255078 0.00262099907841 -0.00350805917664 -0.00228490111558 3.44211 3.43053 -23.0616424402 37.2076701638 -1.25701677442
-113.944 42.0886 0.000659313167811 0.00196342556195 -0.00586268541071 -0.00682341142769 3.96085 3.95828 -20.5009674858 30.3026658191 -1.44738706472
-120.74 38.7552 0.00262281591075 0.00123850681162 0.00221251179695 -0.0110620013716 3.97382 4.00107 -20.0976830936 34.333066485 -2.8984047663
-124.122 41.8473 0.00179582189783 0.000979034419841 0.00962638085915 0.0121736835128 3.72574 3.73404 15.334464072 31.3264925157 -1.73727169823
-122.854 41.392 0.000420461201961 1.81024260343e-05 0.00410821410857 0.00543852807113 3.80757 3.84499 4.94814430005 5.110591844 -0.281293526817
-122.122 41.2742 -0.00163379652939 0.000302552683522 0.00287989778703 0.00784250724135 3.48549 3.51896 6.78920934994 -16.8579258778 0.754168134836
-121.839 41.7826 -4.78317181259e-05 -0.00303486417894 -0.00419200077615 0.0082116790552 3.18065 3.18469 4.1026578425 -30.4803478392 2.33824114777
-121.146 41.3593 0.00153466643253 -0.00636054413475 -0.0163546893857 -0.0130119195223 3.44268 3.53987 -28.2672772331 -84.666454718 0.44829995828
-120.477 41.2047 -0.000680727353499 -0.00463087533931 -0.0144551959483 -0.0149823079921 3.61584 3.70683 -33.76044835 -70.3059705288 1.64248486442
-119.171 41.3884 0.0039322397967 0.00663199155575 0.0116468925201 0.0116587615319 3.57289 3.6744 13.1106720299 101.675521717 -7.71003056841
-118.379 41.4483 0.00241310307126 -0.000782059045964 -0.00253436922262 0.00650840431066 3.63307 3.59718 -15.1300835405 8.48914179837 -1.66928230895
-117.45 41.423 0.00018689759836 -0.000930155743424 -0.00166840406153 0.00416027289526 3.60034 3.61851 -15.9855801555 -10.5783622067 0.305970766122
-116.54 41.522 0.000919647482957 0.00514717750099 0.000119974643154 0.00416738903057 3.47006 3.49538 -27.0563059208 76.6867523746 -2.55865770244
-115.791 41.4311 0.00328898179889 0.00629006068339 -0.000576217414177 0.00536274906122 3.42217 3.46457 -19.3941507874 105.048789544 -5.78612121387
-114.915 41.4157 0.00302883845481 0.00378897309742 0.000817415413541 0.000564533134502 3.72029 3.75604 -16.9517369214 70.6523591846 -4.50466081348
-114.165 41.3602 0.00140200049754 0.00379228748263 -0.00106584332986 -0.00414055509583 3.66453 3.70026 -20.6828673071 59.1435915547 -2.92298440916
-113.347 41.503 0.00152597633312 0.00281955731999 -0.00647236830453 -0.00782566158778 3.40032 3.38539 -20.2408942756 46.9925406285 -2.62370020853
-112.448 41.4632 0.000326455824297 0.00221462960767 -0.00358884938308 -0.0037823196226 3.73004 3.73484 -7.74606828948 28.0984970412 -1.65200881357
-123.306 40.822 -0.00089816022311 -0.00527687917789 -0.0107742221262 -0.0139858416881 4.03782 4.00851 -32.509869338 -81.1244789747 2.10075079795
-119.835 40.7484 0.000558741794235 -0.00383482173712 -0.00427313305153 -0.0185179787558 3.56344 3.56345 -30.9180792913 -53.1571505948 0.480211584096
-118.971 40.7797 0.00196796469682 -0.00291618367777 9.07731723735e-05 -0.0152409938046 3.83973 3.84229 -31.9605555073 -34.8421539036 -1.17863033404
-118.134 40.7811 0.00168314222667 -0.00158652105131 -0.00268936542764 -0.00369239706025 3.63881 3.63818 -22.9818171345 -11.6564530493 -0.910318206235
-117.524 40.852 -0.00064041023552 -0.00106046189903 -0.00279590941181 -0.00215406142936 3.63973 3.61509 -18.1604014587 -18.3802634051 1.06736185411
-116.508 40.7186 -0.000415526677417 0.00313629804086 -0.000901116927072 0.00162266519586 3.69574 3.77495 0.185896102989 27.1741003691 -2.00753494407
-115.736 40.8167 0.000346386504641 -0.00467122252031 -0.00345126584379 0.00384729935607 3.22918 3.26832 -28.5844697476 -63.8439139246 1.13060516549
-115.039 40.8522 0.00156606487896 0.000200014288214 0.000782319740487 0.0029170289463 3.80615 3.81626 -21.1570579699 12.6467059426 -1.49775292898
-114.204 40.8556 0.001247715751 0.00275846959763 0.000798763172056 0.00654311876244 3.61667 3.61769 -16.6667910708 44.1489599846 -2.46991980537
-113.187 40.8513 0.000903578136551 0.00196292044697 -0.00186288407125 -0.00504209074751 3.65551 3.67203 -20.8797303626 31.5456738713 -1.67931455755
-112.52 40.8903 0.00180750924685 0.00234842196049 -0.00582030328144 -0.0122674462218 4.06758 4.0786 -23.2914155671 41.9590468223 -2.60536179969
-123.82 40.1398 0.00192603107041 -0.00170440846287 -0.0012649345275 -0.00303757396434 3.83757 3.82981 -7.84979433726 -1.99796152755 -0.443204504939
-122.788 40.1767 -9.97644109144e-05 -0.00182599927798 -0.00494942293762 -0.00637723329714 3.72497 3.72527 -10.2713515405 -23.1526892316 1.15869585255
-122.032 39.9971 -0.000793483748025 -0.00337254986955 0.00408823113036 -0.0060395847401 3.32581 3.33753 -14.867976579 -49.431388447 2.45045054123
-121.086 40.32 0.0021893607 -9.25130363518e-05 -0.00809938777005 -0.0102194903846 3.63004 3.59371 -31.964665217 6.90577859417 -2.09610074072
-120.918 39.962 0.00233351103191 0.00235124120509 -0.00351870993924 0.00447267760342 3.45149 3.46249 -18.3071405275 47.6198245852 -3.1717930112
-119.827 40.165 0.00120879625973 -0.000870235413898 -0.00497965949437 -0.00835882524225 3.66107 3.63913 -29.1743221335 -6.94871164715 -0.890212910513
-118.877 40.1614 5.49929244799e-06 -0.000422360555343 -0.0031336942542 -0.0122756464666 3.68701 3.66551 -25.3814702955 -5.81872361291 0.149262068322
-118.155 40.2903 0.00135306900882 0.000112627366802 -0.00567336203785 -0.00878309547175 3.64232 3.63682 -31.2426102362 7.00366382733 -1.333627172
-117.19 40.1697 0.00195963869062 0.00173620719189 -0.0027055838035 -0.0156560633635 3.70994 3.73653 -25.6431430679 34.4481552085 -2.45749706112
-116.5 40.2917 0.000126559043421 -0.00260282478441 -0.00031715467439 -0.0139537042262 3.93798 3.97288 -27.1996278039 -35.4829653024 0.763440945693
-115.657 40.1313 -0.00084420088099 -0.00156409371397 -0.00673773821446 -0.0109721250615 3.72076 3.69288 -24.272261773 -25.9891429553 1.38739267278
-114.745 40.2679 -0.000802871395656 -0.000417977725361 -0.00380737340224 -0.0117599351387 3.4522 3.45838 -28.9054952727 -9.51494726262 0.89367581608
-113.981 40.1314 7.74561701322e-05 0.000610519884193 -0.00563346537599 -0.00853865540825 4.06411 4.09705 -19.7873334405 8.41356876086 -0.352177816623
-123.338 39.469 -0.00200474131656 -0.00233161980133 0.0038935089142 0.000494671021332 3.88058 3.89419 3.70734251877 -45.6794597628 3.07415431825
-120.608 39.3028 0.00196760887108 -0.00206514448306 0.00332679107433 0.00471826293232 3.93302 3.91661 -16.2238972925 -11.2843133437 -0.623082702586
-119.898 39.6785 0.00103269003968 -0.000123059434302 -0.00149073610997 0.00595850108437 3.70764 3.70748 -21.7414238533 4.91579556025 -0.881098933096
-118.889 39.5399 0.00184992201989 0.00108629798352 -0.00140592826849 0.00708946764206 3.3745 3.36744 -23.8863848956 25.653868593 -2.12889476829
-118.08 39.6946 0.0011776138894 -0.000438555353576 -0.00743595197051 0.00084094236581 3.52445 3.5312 -20.9494830307 1.88872081187 -0.862081781307
-117.14 39.5516 -0.00228636786456 -0.0062396913465 0.00381150811062 -0.000253192075402 3.80747 3.85193 -5.15243995085 -90.654952617 5.88769484485
-116.464 39.6202 0.00290950502076 0.00148886162452 -0.00515213973063 -0.00164899897546 3.47618 3.43432 -22.9733401835 37.6143547556 -3.26486567653
-115.754 39.553 0.000392105801869 0.00218959500121 -0.000991900813467 -0.00296948921438 3.76832 3.74688 -20.8886940781 31.2325679546 -1.33344869775
-114.908 39.4731 -0.000996863234353 -0.00102737724012 -0.00419984439697 -0.0100133213069 3.64251 3.63388 -22.4879374169 -19.7600122145 1.33974246021
-114.016 39.455 -0.00143388168199 0.000310364404196 -0.00956197030847 -0.00637760971848 3.6937 3.71247 -29.0913149335 -2.43295866876 1.25784207932
-122.015 38.6333 0.00213175728376 -6.52332243043e-05 -0.0116495910781 -0.0124557950515 3.45574 3.46225 -17.5947719436 15.0610005786 -1.81414188312
-121.377 38.839 0.00256019454375 0.00103028088627 -0.00431311336323 -0.00622060484886 3.52813 3.52329 -16.8777440274 32.661446681 -2.72818620393
-118.808 38.9383 0.00117054736071 0.00199139765228 -0.00603485068458 -0.0112606634474 3.29639 3.30422 -20.8578651951 34.0540735331 -1.9416239094
-117.932 38.8606 0.00160777657184 -0.000647084899472 -0.00115659038417 -0.0019331401304 3.73519 3.7188 -21.9594205069 1.71607088279 -1.16629216484
-117.182 38.834 -0.000675333654755 -0.00110070982718 -0.00156049844128 -0.00296850848689 3.68127 3.69279 -20.911762326 -18.8827653655 1.10052252792
-116.4 38.8247 -0.00036307890743 0.000381104535698 -0.000995804979844 0.00280863396603 3.43807 3.49561 -21.8745069358 2.6752763985 0.158834493551
-115.654 38.8455 0.00124782126868 0.00196226712201 -0.0012297882049 0.00547081770367 3.46743 3.53756 -14.8070825631 33.9059139823 -2.11842887993
-114.83 39.04 -4.79345479981e-05 0.00137533467204 -0.000980726730312 0.00505992019471 3.52542 3.51603 -15.3129866525 16.4681500142 -0.702116406902
-114.02 38.9551 -0.00091342263209 -0.00177373795314 -0.00604585454579 0.00659675955577 3.73228 3.73462 -17.6657463941 -28.8757351764 1.68679302616
-120.936 38.2571 0.0012250999514 0.00213110612103 -0.00226575101881 -0.00962770969609 3.94366 3.90316 -18.689801591 36.4802614343 -2.10870510924
-120.076 38.7028 0.00241963494181 0.00176636519869 -0.00387242598362 -0.00985030268433 3.63224 3.6246 -18.2402933421 40.4341978145 -2.9751941193
-119.451 38.5226 -0.000319153195354 0.000854294207273 -0.00760935058157 -0.0137993396298 3.80078 3.75807 -20.443255264 9.0423084989 -0.10931881501
-119.047 38.089 -9.96067802981e-05 0.000659261976466 -0.00953709711074 -0.0134973291888 3.34213 3.34536 -18.9994846804 7.76346809212 -0.233725189624
-118.106 38.3489 0.00107652281402 0.00299180548235 -0.0076470832307 -0.0192990434663 3.54388 3.50704 -27.3169849361 46.6817234219 -2.0653150316
-117.072 38.2397 0.000852887961116 -0.000700155855731 -0.00559718710255 -0.00876264410752 3.87831 3.81164 -27.4155485409 -5.14387030488 -0.548964549532
-116.302 38.2886 -0.00115467037067 -0.00345670858167 -0.000461250708311 -0.0051027424391 3.67104 3.67281 -31.1202242207 -53.0975915017 2.12147440884
-115.585 38.3489 0.000288117383257 -0.00188901019351 -4.5508677882e-05 -0.00802332691844 3.77915 3.76547 -33.4961035146 -25.4798605757 0.203844942083
-114.608 38.3281 0.00110006641608 -0.00124980665507 -0.00866241000228 -0.0018673754856 3.77371 3.75349 -22.4482073494 -9.29343270925 -0.441700384984
-113.021 38.2987 -0.000125518727445 -0.0053144730248 -0.00348816038911 0.00571816155903 3.86691 3.89749 -9.94528437272 -60.7946828153 3.42013444961
-121.328 37.5049 -0.000683383420743 -0.000558765863256 0.0103606537961 0.0135610904099 3.47946 3.49111 15.120575958 -12.7464112952 0.805345628775
-120.33 37.346 0.00103983569657 -0.000590276341949 -0.0155007665215 -0.0231275760013 4.07307 4.08104 -13.4979086205 1.65576686055 -0.513665537762
-119.849 37.8817 0.00270638657095 0.00298774106076 -0.0124210715512 -0.0348030557309 3.83319 3.8529 -31.8589672296 53.4991934385 -3.43686367786
-118.171 37.4993 0.00106582547555 -0.000328878625543 -0.00862100555208 -0.00986007581366 3.50225 3.51503 -15.5061357714 4.46043121697 -0.714369694415
-117.225 37.7243 0.00321269522825 0.00154864140894 -0.0102177800896 -0.010178793858 3.1526 3.16013 -24.3452047236 39.760637503 -3.56508184936
-116.595 37.923 0.000443891390332 0.000399731712958 -0.00324614362183 -0.00578010203316 3.51641 3.46227 -15.416717438 8.40171530435 -0.590008165272
-115.747 37.6444 0.0003406694528 0.000208446475712 -0.000981725413429 -0.00980180100282 3.75845 3.74427 -15.682238235 5.22026686858 -0.399239440745
-114.849 37.6083 0.00103505294166 0.00157135617613 -0.00729662605148 -0.0174889293165 3.44494 3.39021 -28.0939423868 26.4938435619 -1.52357373266
-113.86 37.5808 0.00125957641823 0.000852705636885 -0.00944345346177 -0.0082716631155 3.44854 3.44307 -22.6359567033 19.004359828 -1.50693411181
-113.168 37.7601 -0.000642195341959 -0.0014520862769 -0.00455703382589 -0.0083235034986 3.94785 3.87367 -16.7710224568 -22.5430296144 1.31619670013
-121.786 39.2291 0.00258455698146 -0.000200406784543 -0.00846658668465 -0.00259065442634 3.72954 3.73819 -17.476000467 16.569344119 -2.14555664673
-120.674 36.8953 0.00027251715017 -0.00120573806372 0.0100388261549 0.017997465322 3.12988 3.14926 19.3219084859 -2.91268049965 1.01645501796
-119.709 37.0069 -0.000300892691156 -0.00262347843296 -0.00294840582918 -0.00859247638867 3.96865 3.98569 1.60550500043 -27.9638139841 2.21117005726
-115.22 37.2408 0.000327540593309 0.00217698102 -0.00920893671435 -0.014218675987 4.03248 4.07512 -21.5206108354 30.0453189815 -1.29352458082
-114.715 36.7256 0.00257043043512 0.00158403885962 -0.00635349575298 -0.0131012096809 3.98984 3.96387 -24.4999869165 36.097820155 -2.99766267246
-113.907 37.0195 0.00173498055842 0.00392849467759 -0.00594954086888 -0.016848706979 3.55947 3.56487 -41.1185492394 59.2266103403 -2.27059403671
-113.084 37.0615 0.00214965179771 0.00242676509645 -0.0062560166949 -0.0139369068386 3.55606 3.55921 -27.3493024854 43.6238258965 -2.90050552864
-112.382 37.0183 -0.00051277880617 0.000538595249408 -0.00398755902816 -0.00599115518217 3.65086 3.64326 -9.13970500234 1.13580456574 0.043379263564
-120.783 36.3627 -0.00308736971247 -0.00349334314682 -0.0103717133432 -0.011683536771 3.63673 3.64787 -19.9874879849 -66.8164645502 4.39525307868
-120.12 36.3356 0.000338881903355 -0.00349703901806 0.0108980737593 0.00466655276162 4.07993 4.09619 18.3884931761 -15.0259871937 3.10036514054
-116.33 36.4193 0.000863359270564 -0.00132227547707 -0.0180357213344 0.0115329342218 2.82099 2.82614 -4.00394455703 -4.56765930935 0.332214648901
-115.383 36.423 0.00672246789337 0.00574435640206 -0.00196613650732 0.00063764333417 3.62412 3.70276 -14.7494711925 122.762400786 -8.79576221898
-114.539 36.4321 0.00268643860567 0.00262847860634 0.00246336473665 -3.82146942754e-05 3.91224 3.94662 -6.77835128619 53.7324114706 -3.75677434591
-113.965 36.4151 -0.00104471152954 0.000556181863813 -0.00393118960834 -0.00236215835961 3.62752 3.6185 -13.6395682665 -2.30741969681 0.520567434955
-113.18 36.4182 -0.00304658678615 0.00164910693518 -0.0143409055681 -0.013333030154 3.61005 3.60947 -28.4425564655 6.23980953337 2.24600745108
-121.236 36.0214 -0.00228736647106 -0.000196130486659 -0.00507549370662 -0.00464434994993 3.87541 3.85935 -9.07853987495 -23.837695537 1.87500665821
-120.87 35.636 -0.00286215961205 0.000735267409354 -0.0119579845609 0.00316736895746 3.37118 3.37584 -7.70797695748 -19.8414320985 1.64581888673
-119.903 35.8667 0.00126794027661 -0.000384747649909 0.0057915333191 0.00372690026309 3.99887 3.99323 7.13496700309 12.320523659 -0.379032574446
-115.43 35.8384 -0.000471656566053 -0.00269677338893 -0.00561637981181 -0.0167873411998 4.20259 4.19371 -20.0154419019 -36.8936505884 1.74430975142
-114.851 35.7266 -0.0013624458988 -0.00360560843161 -0.0169346358518 -0.0281812331359 4.27481 4.23191 -40.1565805666 -53.9936583807 1.94614529796
-114.87 35.301 -0.000502900141588 0.0023464528997 -0.0018858449118 -0.00017524744984 4.25277 4.18994 -11.7201111027 21.7932417609 -1.05871198949
-113.885 35.099 -0.000675738568766 -0.00138175521809 -0.0164775631006 -0.0124135375125 3.29132 3.30623 -21.8667119112 -21.7697743936 1.25030109794
-113.083 35.2127 0.00513595824477 0.00231023430942 -0.000982561244767 0.00211609084578 3.6679 3.70483 -5.97923928547 73.9945584711 -5.29180555979
-112.267 35.1787 0.000624576597112 0.00149398386269 -0.00302322778483 -0.000401665614945 3.69105 3.69038 -4.75040190249 21.0029760532 -1.50392884064
-113.83 34.5935 -0.00232320851201 0.000903398288495 -0.0101407356616 -0.0267423651455 4.5303 4.55205 -26.5570274682 -1.61233829114 1.75877010499
-112.891 34.4692 0.00170003992626 -0.00409265992928 -0.0179930176478 -0.0142889589253 3.1467 3.16452 -22.1534869649 -39.2094244361 0.452785757648
-112.237 34.4866 0.00290595528571 0.00191877903328 0.00852534988557 -0.00135515915744 4.14898 4.1672 1.14860813466 48.6368701392 -3.30536224724
