-114.58 32.5356 -0.000459836031739 5.99002675142e-05 0.00282272204086 -0.00449152387992 3.75817 3.74204 4.92418056179 0.779649723536 -0.42956250794
-113.767 32.7683 -0.000787437543289 0.000123517429437 0.000561194435774 0.00136271151819 4.2051 4.29268 4.05647832722 1.02907849904 -0.73157604337
-112.883 32.7513 -0.000480500490718 -0.000366402521946 -0.00519873298107 -0.000755287499064 4.71024 4.58522 10.1661965824 6.90598700304 -0.580274340366
-112.228 32.7006 4.87545731879e-05 -0.00104502667215 0.00196704078505 0.00133258516861 3.73658 3.74839 0.316114069074 13.654551576 -0.16356545686
-111.704 32.5618 7.85124905976e-05 -0.000729680608737 0.00287896375931 0.00136989804764 3.51211 3.45258 -2.41088021554 9.57112464341 -0.0390460919588
-110.739 32.5716 0.000247755586223 -0.000920729783204 -0.000740809867218 0.00211922098436 3.81811 3.81004 -4.18933559 11.9373367808 0.116532017226
-109.97 32.6399 0.000293406449835 -0.000254571193233 0.00140754381313 0.00271662905418 3.9749 4.0071 -3.94985735819 2.82550960055 0.250876676175
-109.303 32.7663 -0.000131434365804 -0.000761055998523 -0.00249215984682 -0.0022826425031 4.27167 4.22438 8.14394141843 10.3915572778 -0.40053635417
-108.633 32.5466 -0.000685603525324 -0.000646842277426 -0.00292193333442 -0.00219057135262 4.12311 4.16957 7.00741664097 11.6892182696 -0.869411625496
-107.785 32.5324 0.000319535933899 -0.000716835659585 0.00347756143388 -0.00166699964841 3.47673 3.53805 3.89648582155 8.08556002904 0.0815447131098
-107.001 32.6995 0.000574738387609 -0.00143533546931 0.00233116941365 -0.0010626705363 3.94628 3.95102 0.933061842114 17.0936017576 0.163603872954
-105.454 32.7001 -0.000811943403207 -0.000440737116059 -0.00615395880507 0.00188565349944 4.76885 4.50046 -6.18226601107 8.05055129564 -0.874676652273
-104.657 32.6588 -0.00152211776806 0.00010073192253 0.00304682397586 -0.0012147669902 3.5518 3.56621 -2.46300936789 3.8208394172 -1.45274648611
-104.02 32.6462 -0.000325596310254 0.000183257793607 0.0018925034153 0.000521972202425 3.53683 3.66277 -5.42008708299 -1.63322386558 -0.282661017925
-103.357 32.6764 4.04520965722e-06 0.000192722566738 -0.00236709262821 -0.00175115037074 4.03394 4.08126 1.43851001684 -2.62281585258 0.0660463559899
-112.812 31.9559 -0.000107158505112 -0.000392881536712 -0.00503041314717 -0.00350475553246 4.28388 4.32817 6.28549098857 5.4685782928 -0.216335868754
-111.457 32.0022 0.000190627242862 -0.000235294575289 0.00145797988934 0.00127989618189 3.88068 3.87292 -0.297197871344 2.63161672808 0.141650563535
-110.816 31.7748 0.000126029520786 -0.000444266699606 0.00139775525369 -0.000635187842902 3.74674 3.72327 -0.523543665233 5.60524073043 0.0376310194653
-110.046 31.9737 -5.14761548817e-05 -0.000190358472993 0.00135522893157 -0.00257710397944 3.66901 3.6133 3.593653596 2.69922992305 -0.101650283181
-109.259 31.9989 -0.000125875028468 -0.00051383047353 -0.000670675966106 0.000965490671687 4.05708 3.98089 -1.24232515908 7.27475301046 -0.226529534407
-108.527 31.9041 -0.000315509459401 -0.000716106888701 -0.000790299222176 0.00187937031095 4.1393 4.09068 -2.98152700563 10.5237336567 -0.438109821775
-107.778 32.0094 0.00056415003044 -0.000862446541353 0.00190489091575 0.000952766447027 3.81787 3.85892 -1.04843834844 9.95628592756 0.359586795551
-107.101 32.1046 0.000629031274378 -0.000366955427828 0.00160082811234 0.00218368122186 4.15845 3.93912 -3.72692756318 3.41719689406 0.550703053039
-106.428 32.0062 -0.000246257498441 -0.000113966857153 -0.00221861181732 0.0035382853656 4.90249 4.69604 -1.54830063208 2.34307831685 -0.265757087236
-105.523 32.076 -0.00108216659004 0.000202397857116 -0.00385426697304 0.00266921423848 4.72714 4.41178 -6.06376716565 -0.339856079036 -1.03497725779
-104.823 32.1101 -0.0016940286405 -0.000152024220783 0.00302917262842 -0.000251581238751 3.5319 3.6543 -4.48130412435 6.86837439161 -1.69053353347
-104.101 32.0618 -0.000641000922367 -0.000167554805935 0.0030583703719 -0.000362139306297 3.39058 3.56811 -6.65316654651 3.89358612583 -0.660110583789
-103.292 32.012 0.00014852626008 -0.000286105783235 -0.000660272527159 -0.000821332961349 4.03122 4.09595 -4.70654376067 3.54954758325 0.084523619021
-109.991 31.439 0.000143435146683 -4.2700212012e-05 0.00192398312891 -0.000446779757995 3.86139 3.86802 0.757327268569 0.136694486717 0.130465166112
-109.281 31.3757 0.000166835349283 3.53460587588e-06 -0.00377587972432 0.00204276310889 4.60684 4.54863 -1.47747856771 -0.483721789855 0.164476856094
-108.528 31.3369 -9.34740688697e-05 -0.000218400010792 0.000714916512547 0.00129032624598 4.05564 4.02605 -1.51848861568 3.21943865337 -0.134639537899
-105.483 31.4425 -0.000756856073395 0.000387551171933 -0.00467796606495 -0.00324779077377 4.47675 4.4358 5.09828456455 -1.47241583588 -0.577875271218
-104.971 31.3711 -0.00107729967133 0.000307980557149 0.00343376486018 -0.00140246615302 3.68097 3.67612 -3.01399331677 -1.02316174018 -0.987331651886
-103.979 31.3165 -0.00019555806109 -0.000421617048319 0.00100274495329 -0.00193107195322 3.70761 3.64838 -4.4966113129 6.44779577345 -0.275214692354
-103.492 31.3691 1.16703174485e-05 -0.000222791662176 0.000145670183484 0.00204130901041 4.23864 4.2779 -13.1699757586 3.17369989197 -0.000539232607013
-104.986 30.7862 -0.000330178960119 0.000225382033597 0.00576117408159 0.00385270844853 3.75702 3.7728 -2.10443390269 -2.08699987523 -0.272405752016
-104.029 30.6689 -0.000176017107893 0.000712306287316 0.00129970899398 0.00432130387442 4.26402 4.14959 -12.6206242816 -10.0379215004 -0.141295285024
-103.402 30.8498 -0.00028602993738 -0.000217459473932 -0.00465585897967 -0.000313425280394 4.99033 5.00395 -7.19098820629 3.70601801244 -0.315877375637
-102.685 30.7263 1.08786848121e-05 -0.000427773805849 0.000225948502078 0.00733505895175 4.22011 4.20171 -14.8295326522 6.1542495162 -0.000714706631283
-104.09 30.0609 0.00104880641257 -0.000212630310798 0.00447648282248 0.00262223172457 3.71809 4.00517 -4.64071131083 0.32251733039 0.99421618885
-103.612 30.1456 0.00143126357463 -0.000250229284506 0.00175968760723 0.00120997917435 4.04311 4.13023 -4.55648811092 -0.294304360181 1.35968179876
-102.788 30.1615 -0.000158630474792 -0.000257033502281 -0.00927170291362 -0.00130380378092 4.90313 4.75607 1.09798846701 4.20963077842 -0.226716048123
-104.133 29.554 0.000325565661453 -0.00111215155378 -0.00125508476583 -0.0143883245615 3.86489 3.88861 13.3431475557 11.8954566898 -0.231063117381
-103.389 29.4528 -0.000137525633951 0.000109277462508 -0.00312657083185 0.000350348213996 4.63178 4.53357 1.0265318109 -0.968350478831 -0.102275346074
-102.888 29.4862 -0.000334419611335 0.00011497457262 -0.00126660289757 -7.11286323817e-05 4.26522 4.26136 2.17804816314 -0.136708501366 -0.284598926406
-122.085 48.9983 -0.000657844374582 -0.000145713875587 0.0018939644365 0.00303673072906 3.89857 3.88452 -3.27880653559 2.97313607712 -0.672216543611
-121.48 49.0983 -0.000668662506891 -0.00012552621343 -0.00154292576093 0.0013985291533 4.14721 4.23503 -2.58569108835 2.92433322575 -0.680269388476
-120.384 49.048 3.15204607747e-05 -0.000867967091898 0.000377543580027 -0.000970203242086 3.93584 3.95035 0.819892051388 10.3430641137 -0.1803584386
-119.272 48.9534 -0.000284802754977 -0.000475076122848 6.57061803949e-05 0.00227622669283 3.94808 3.99982 -5.46383903862 6.39557197093 -0.353015032925
-118.585 48.9752 0.000120373697186 -8.82540699136e-05 -0.00019857868082 0.00554487664229 4.08447 4.1712 -9.34177491016 0.960314166559 0.111630537562
-117.559 48.9813 -0.000138174238958 0.000150778839827 0.000838899540535 -0.000130983759324 3.89168 3.89265 -3.54311462079 -1.49651383336 -0.103827996862
-116.363 48.958 0.000339102583815 0.000846490456041 -0.000452596299281 0.00354268277417 4.06706 4.27902 -5.61271816483 -11.3568789146 0.49314971222
-115.653 48.9339 0.000889318195326 0.000399409736744 -0.000640450743606 -0.0127776067348 3.73593 3.87077 15.0759566345 -10.3366914708 0.965416074464
-114.413 48.933 0.00034972430659 0.000247811776398 -0.000589916136602 0.00434722776713 4.41666 4.28706 -4.3286627705 -4.15645698052 0.398801932549
-113.422 48.9725 0.000390495293681 0.000249566203328 0.000697019148728 0.00229487142604 4.47026 4.30689 -3.5514000624 -4.44199785326 0.44290024811
-112.733 48.9777 0.00010591680707 0.000408169318708 -0.00364764385323 0.00036918569951 4.66335 4.48287 -0.687422949729 -5.43897653024 0.232551981011
-111.597 48.9482 2.12379581256e-06 0.000456494108488 0.00281241513777 -7.5763267689e-05 3.82029 3.80233 -2.00801428844 -5.64071086005 0.147397144149
-110.699 48.9448 0.000559796412326 0.000621877398191 0.000219574721283 -0.00950450649063 3.69103 3.69334 8.87852803844 -10.7119577684 0.796815468842
-109.846 48.9198 0.000331791588732 -8.95953718105e-05 -0.00381841438621 -0.00397681935967 4.08547 4.01265 5.75116937104 -0.995585238259 0.251497277234
-121.484 48.5183 0.000145912335061 -0.000956872340863 0.0022299478678 0.000849491097281 3.84546 3.91915 -4.86167437519 11.4760388508 0.0232239692649
-120.12 48.4607 6.58344531728e-05 -0.000707191601002 0.000535764710996 -0.000564531675967 4.04145 3.98793 -1.58348198554 8.44521185146 -0.0783086158174
-119.333 48.3584 -0.00088078958697 -0.000665377773489 -0.00396074749636 0.000396951666914 4.70418 4.64478 -6.39079581945 9.66532258331 -0.959505951655
-118.149 48.4226 -0.000477704196232 0.000171128813585 0.00181696845693 0.00335377065434 3.88106 3.93202 -13.7292833868 -2.03715003989 -0.474363272266
-117.225 48.2995 -0.000361381607632 0.000827217446993 -0.00174112774876 -0.00129746212275 3.8975 3.93022 -9.13611097086 -9.88561169575 -0.267087626248
-116.367 48.4366 5.37919013722e-05 5.03639667534e-05 0.00420124661446 0.00323435017407 3.31434 3.46726 -10.8071145739 -0.702025067284 0.0583603449105
-115.589 48.4694 0.0012451250318 0.00012927409707 0.000711853193986 0.00326906446401 4.07198 4.23367 -3.84915772676 -5.20689386387 1.24200605653
-114.468 48.3739 0.000451872742392 0.000738767495112 -0.00434375845462 -0.00123252040518 5.17183 4.88329 -1.67947709471 -10.7238225255 0.639770453108
-113.273 48.3609 -0.000220271793065 0.000935428216691 0.00102805583042 0.00133825761344 4.37764 4.35674 -4.79161752164 -11.0325772684 0.0137018776505
-112.562 48.3129 -0.000252131137304 0.00114506570354 -0.00281112916921 0.0023471082124 4.41363 4.65042 -8.16469292234 -13.9280429959 -0.0233161154058
-111.707 48.4128 -0.000148324884294 0.00054478346695 0.00471365618131 -9.74434610009e-05 3.48848 3.52942 -4.81172900567 -6.32866595861 0.00181187418113
-110.799 48.2921 0.000602092817779 0.000805286350057 0.00275744086708 0.00182415471808 3.76596 3.78319 -3.8770426157 -12.396624711 0.812034708559
-109.777 48.3943 0.000418708590015 0.000668278109939 -0.00701047626519 -0.00152807144032 4.42181 4.35155 5.68657167207 -10.3481345795 0.680571341598
-120.894 47.923 -3.46546844603e-05 -0.0013448913593 0.00317928174011 -0.000944250288912 3.78483 3.72949 -1.84416846177 16.458402129 -0.280512556089
-120.061 47.6902 -0.000205477225806 0.000156762030898 -0.000234777090943 0.000590565851089 4.26787 4.15648 -4.19059592476 -1.53870820958 -0.179120270944
-119.045 47.7849 -0.000729683215955 -0.000219843690249 -0.00398333636496 -0.000661866555632 4.81172 4.70336 -0.672901922702 4.76239701151 -0.760569968884
-118.274 47.8006 -0.00134169280882 -0.000412706780291 -0.000608644394695 0.000353972927892 4.09204 4.22698 -4.50808583617 8.03242262745 -1.39282919742
-117.308 47.8192 -0.000307046179864 0.00099045697296 0.00197085233233 0.00890352803513 3.55765 3.7428 -23.1625531237 -12.946690168 -0.440405203379
-116.256 47.8397 0.00100687502549 -0.000310682076344 0.00246301652405 -0.00397161879354 3.58226 3.67964 -0.0787132661395 0.257661332537 0.881758982222
-115.475 47.7092 0.000897334702739 0.000437686778993 -0.00199732480335 0.00297086038411 4.24993 4.14211 -10.985009179 -6.71416036478 0.93653795098
-114.574 47.6795 -0.000797727573708 0.000902921938965 0.00179737479484 0.00307276270374 4.18864 4.08252 -10.0900641517 -10.1963872975 -0.675506262608
-113.747 47.7687 -0.000527593504458 0.00115094100088 -0.00187950817402 -0.00220400760537 4.66756 4.88101 0.977828312535 -11.79909695 -0.120624424252
-112.607 47.775 0.000424345059935 0.000370015280556 -0.00211839131624 -0.00266934179708 4.18447 4.37245 0.920213791312 -6.40594921464 0.525550918975
-111.746 47.8012 7.26725617074e-05 0.000367640509595 0.00374165124942 -0.000822593184772 3.52928 3.54799 -5.64243491783 -4.8832133789 0.160959380116
-110.763 47.6327 -1.9950314533e-05 0.000527659318062 0.00236946402537 0.00340695950125 3.84502 3.82023 -11.149226616 -6.78701640746 0.067510672762
-121.989 47.1881 0.000348280598622 -0.000492131777668 -0.00206636450137 0.000990427017125 3.96052 3.91892 -2.38010774431 5.33024388881 0.268120032266
-120.844 47.1935 -0.000581915388239 -0.00059364685509 0.00243091203448 0.00179266847192 3.86706 3.80412 -4.35281896912 8.28019445208 -0.657180119063
-119.973 47.1936 -0.00143302904112 -0.000224173028619 -0.0012697124808 0.00185328118033 4.39844 4.63624 -3.45587055748 5.67714860899 -1.45040092468
-118.921 47.0573 -0.000232021584206 -0.000467711462124 0.00560630213959 -0.000893501262585 3.99889 3.76849 2.60149840308 6.45277488251 -0.353527592745
-118.309 47.0615 -0.00141857221348 -0.00105905859141 -0.0114404009751 -0.00243054703419 5.64947 5.82101 8.52115107319 19.1985187069 -1.71697198179
-117.276 47.0547 -0.000616981669499 -0.00123747248015 0.00442220591271 -0.00502398755627 3.19068 3.35805 4.52919857142 17.3976912834 -0.994370841265
-116.335 47.0477 0.000712974137985 -0.000629905572901 0.0114653645933 7.09904524527e-05 3.0576 3.09241 -10.9496816302 7.24635963606 0.658204418779
-115.353 47.0528 -0.000114123562413 0.000422422826313 -0.0111293114998 -0.00378497647946 6.04813 6.28475 -2.11256586488 -4.88017439636 -0.00543674221949
-114.459 47.0943 -4.6023795772e-05 0.000210541546008 0.00339089853334 0.000123881295266 4.00687 4.22739 -8.44126336365 -2.58875641259 -0.013145487807
-113.506 47.0816 0.000299849330763 -0.000393251596078 0.00344690864111 0.00064778605459 3.74399 3.96186 -9.96685824391 4.49513241963 0.241484890462
-112.52 47.0418 0.000424857437381 -2.02598515908e-06 -0.00307992495818 -0.00282436853181 4.48608 4.48424 -0.276427228006 -1.73911355572 0.402035665208
-111.549 47.0308 -0.000382700380342 0.000620831606694 -0.00144448204895 0.0019970377379 4.15697 4.09914 -9.87018748103 -7.15493916659 -0.271245900263
-110.687 47.1523 -0.000245681265804 0.00124873661829 0.00198052885969 -0.000899624388063 3.63829 3.59771 -5.72133883103 -15.0546763607 0.0806263771101
-109.802 47.1961 1.8839416444e-05 0.00116378372172 0.000367813505982 0.00343977705059 3.96267 3.9967 -4.92256057689 -14.8221155484 0.345637874297
-123.563 46.5459 -0.000182734316577 0.000345520501175 0.000922555461553 0.0113294421668 3.96878 3.97642 -13.1573931236 -4.34579661025 -0.202603253714
-120.979 46.5433 -0.000529112138276 0.000415830521207 0.000272558227187 0.000565733860436 3.9591 3.88605 -2.90101967264 -4.08388236849 -0.458382628259
-119.855 46.5585 -0.000691522227926 -0.00015652294214 0.00236164358585 -0.00263040244937 3.76413 3.86727 4.70202420194 4.45074092107 -0.706692129825
-119.06 46.4911 0.00040013725872 -0.000113313887736 -0.00208696372089 -0.0031458189592 4.4341 4.45524 5.57391438642 -0.278153473149 0.342008741988
-118.146 46.5139 -0.000636987172961 -0.00030638190029 -0.00161876432488 -0.000509770608475 4.34075 4.153 2.15179825924 5.95668200898 -0.69712331228
-117.11 46.485 -0.000590242581763 -0.00175524752489 0.00300321367664 -0.00307809382782 3.69586 3.64674 6.76000738005 23.4960931631 -1.19494356567
-116.209 46.3559 -0.000402525977108 -0.000650088071663 -0.0035670104277 0.00685532073572 4.40859 4.28326 -14.7341439861 8.37435529606 -0.411269303624
-115.571 46.4151 -0.00054841731493 -0.000743841345247 0.00228799433238 0.0061116563247 3.8834 3.912 -11.9029683247 10.020983644 -0.600797700116
-114.188 46.4423 0.000203003444944 -0.000733306972337 -0.0017242983847 -0.00158463208232 4.47633 4.64223 0.64824588111 8.2164580414 -0.0314567745064
-113.493 46.4162 0.000112345493314 -0.00120626752168 0.00071397583729 0.00109331757253 4.26558 4.12481 -6.6337389072 15.0752334438 -0.122457484061
-112.641 46.4246 -0.000548549756206 1.8104687939e-05 -0.000710359771418 0.00582078963436 4.24539 3.98538 -15.0995421381 0.184558865363 -0.546538266985
-111.676 46.5336 -0.00123799323979 0.000753233436762 -0.00419845737501 0.00147426995451 4.41376 4.35098 -5.60781450071 -5.73893214425 -1.02394406812
-110.858 46.462 -0.00076554106308 0.00115723651648 0.00279501394073 0.00166626451118 3.36652 3.52691 -10.3639598792 -13.3343458399 -0.56127505453
-109.914 46.5663 0.000281733992802 0.00105269384922 0.0057365234881 -0.00268864164395 3.45187 3.5195 -1.42828943026 -14.3714420677 0.615742601932
-123.559 45.9306 -0.000559731735575 -0.000391817224804 -0.00280694539675 -0.00435765032748 4.1419 4.13214 2.28388462551 6.09955806728 -0.628384038674
-122.419 45.9325 -0.000903644126813 -0.00017782006679 0.00204475980045 -0.00159686806553 3.70999 3.74912 1.97104397811 4.53586310007 -0.920737245047
-119.928 45.8951 -0.000492848203321 -0.00107832646437 0.00141770685379 -0.0019952844174 3.92494 3.90456 3.8689243139 14.675789081 -0.774669743512
-118.777 45.7971 -0.00013001007125 0.000825219573801 -0.0034355477155 0.00505606168056 4.83526 5.23477 -8.17498358675 -10.2129284993 -0.0568797169662
-117.909 45.7087 0.000265495946448 -6.44629598319e-05 -7.69865256654e-06 -0.000384477745612 4.09029 4.12156 7.90128305791 -0.488949211202 0.222654668212
-117.228 45.9734 -0.000139335666292 -0.000463733954854 0.000433518866904 0.00534564152923 4.1843 4.16156 -4.66059672771 6.11099813826 -0.21669857633
-116.155 45.8883 -0.000391329717486 -0.000295002763756 -0.000647848806053 -0.00347557530543 4.00361 4.0624 5.64348962204 5.31709449562 -0.471023052987
-115.255 45.7565 -0.000313038496446 -0.000803393846687 0.000886442322682 -0.00102654707866 3.92868 3.98793 1.00543294101 11.0620888665 -0.53438486434
-114.332 45.7893 0.000327649924 -0.000918823799397 0.000260580407017 0.00154760599518 4.20719 4.14348 -4.4673208752 10.707714696 0.124363164507
-113.37 45.8122 -0.000449413928207 -0.000428759545798 -0.00165092649333 -0.000371613206788 4.43545 4.20466 -1.01990062617 7.00906962726 -0.552914064327
-112.493 45.8409 -0.00140850874609 0.000641928635494 -0.00099540683979 -0.0018821780181 4.13159 4.27689 0.0717304867892 -2.15800077289 -1.1343038531
-111.626 45.7843 -0.00115430232542 0.000149424951993 -0.000163073388007 -0.00105896625977 3.697 3.86279 -0.573023307342 2.92962379434 -1.04790320558
-110.659 45.9054 -0.000663070293755 0.000252786771912 0.00359858984315 -0.00352297818039 3.24045 3.42836 -2.93112398781 -0.641453232681 -0.56063118852
-109.716 45.9046 0.000433918665919 -1.89070062713e-05 0.00290154296345 -0.000864417079139 3.67337 3.86142 -5.43131861518 -1.27170650925 0.413680691557
-122.478 45.2059 -0.000217355801989 -5.44005160662e-05 -0.000481278179213 -0.00504461989327 3.83081 3.81659 6.34543129407 1.40382762073 -0.223857541916
-120.635 45.2357 0.000300426724974 -0.000334885659777 0.00206852766416 0.000699216625154 3.69506 3.69537 0.169794233219 3.32791892697 0.226099063658
-119.669 45.2664 -0.000744406640568 -0.000405223194601 -0.0028504821502 0.00482090508906 4.57487 4.45499 -5.22021930028 6.19726574063 -0.788729346256
-118.96 45.2904 -0.00173586454823 -0.000602384016949 -0.00286561531656 0.000320778862237 4.8277 5.37432 3.21019725632 13.349503542 -1.83479691085
-117.78 45.2781 0.000229046878333 -0.000171143976311 0.00498357207261 -0.00106309037034 3.65203 3.66747 5.57274867703 1.08562601345 0.159378215345
-117.12 45.2925 -0.00019656188773 -0.00105286737836 -0.00298288335812 -0.0058497745598 4.07334 3.94225 15.8766702013 12.8525522173 -0.699279741882
-116.268 45.3997 0.000135319493204 -0.00103644703479 0.00239741868838 -0.000202043959231 3.75742 3.78231 7.94574741293 11.5380467307 -0.280001200331
-115.326 45.1285 -3.17255046794e-05 -0.00102482854121 -0.000686684848648 -0.00169111950125 4.32009 4.30154 8.41039608375 12.2184532583 -0.446903792892
-114.233 45.0931 -0.000409753777235 -0.00121504949907 -0.00195864023146 0.000233415308279 4.41154 4.34238 1.24152360558 16.620515582 -0.76084456489
-113.46 45.2432 -0.0011453710485 -6.10002981971e-05 0.0007094181485 0.00149959813829 3.95589 4.00021 -1.29211140771 4.85382693497 -1.11815578124
-112.489 45.166 -0.00113213944215 -0.000747408579281 0.00266348768946 -0.00176970669542 3.59501 3.82719 3.75270505882 14.5761137925 -1.32838314692
-111.805 45.2285 -0.000399157581283 -0.000654833181177 -0.00305595341221 -0.00336529739397 3.95781 4.20482 7.55907847938 10.0352932837 -0.646743331146
-110.74 45.3212 -0.00027106647783 -0.0011578633732 0.00290447715104 0.00222750178564 3.58157 3.74037 -9.70210394283 15.6885673404 -0.464207515268
-109.563 45.3171 0.000452980888996 -0.000569890413203 -0.00133175783247 0.00703836854439 4.23735 4.38495 -14.1109500617 6.86405616612 0.386815262868
-122.186 44.6837 -0.000248991055948 0.000343703387889 -0.00180464433516 0.00661648290397 4.18338 4.16996 -5.19032138107 -3.96626873937 -0.218242380755
-120.335 44.7344 -0.000106548471754 -0.000483012031525 0.000261185462038 -0.00204164447322 3.95299 3.90565 3.29059774672 6.18023628788 -0.226969307029
-118.67 44.5191 -0.000272700291624 -0.000648629913282 -0.000931906579352 -0.00321345313162 3.92717 3.94822 5.05528299778 8.8603447406 -0.45812748978
-117.664 44.6653 0.00166694079011 -0.000194535854016 0.00438322189616 0.000733884442195 3.46706 3.53039 -1.73254658303 -1.94019641508 1.59124971786
-116.747 44.589 0.000142863292138 9.30005152634e-05 -0.00105579603761 -0.00358395824677 4.05418 3.74251 7.21029741004 -1.77586272077 0.167005111276
-116.013 44.7035 -0.00150076747606 -0.000822661818958 -0.000521634439019 -0.00132941588108 4.62376 4.5157 9.69102136771 17.6271528692 -1.70702323786
-114.855 44.5494 0.000279882774377 -0.0010640410103 -0.000308328891709 0.000758049329773 4.58322 4.30477 5.11444354375 11.5682180178 -0.117628191894
-114.255 44.5642 -0.000689115938385 -0.00102604752279 -0.00252826430068 0.000381986517968 4.44758 4.21792 5.65645729872 15.6913736832 -1.02211974611
-113.367 44.6165 -0.00118966661672 -0.00113262416076 0.00185663455867 -0.00132701874219 3.66455 3.89252 4.28766930651 19.3973469072 -1.51952078036
-112.644 44.6173 -0.000629238594496 -0.00159456092895 0.0029795060162 -4.29929045761e-05 3.67158 3.84777 0.316959125313 22.4088117292 -1.08860051807
-111.248 44.7038 -0.000358882047665 -0.0015559784999 -0.00486448683316 -0.000978818599347 4.73098 4.8835 2.84031631154 20.8417424324 -0.906481235853
-110.576 44.3951 -0.000569703135837 -0.00150850393194 -0.0052985145873 0.00128952492472 4.63989 3.99248 2.47731251744 21.3828496294 -1.08566565293
-119.504 44.082 -0.000214911815743 -3.55060378907e-05 -0.00253884505921 -0.00213447725764 4.09772 4.04458 1.14428306525 1.04783184476 -0.217369072312
-117.741 43.9733 5.03146357884e-05 -0.000319557423767 0.00204761144793 0.00224604991756 3.75995 3.8048 -5.04898880997 3.93405668922 0.00426155166347
-116.803 44.086 0.000737419453565 0.00192642479486 0.00130382480101 0.00499742322285 3.99876 3.93052 -6.8632787205 -25.6344187267 0.971548571336
-115.958 43.9121 0.000968329850065 -0.000466177731078 -0.000585022148337 0.00122809259906 4.34666 4.18724 5.08108517077 1.45364137922 0.75486715265
-115.133 43.7945 0.000189000444217 -0.00054518308657 -0.00225805909931 0.000966527486515 4.51915 4.27472 6.9228148236 5.61343276938 -0.0300351485285
-114.117 43.9146 -0.000290970773474 -0.000513257718978 0.000401844087157 -0.000769119625458 3.9903 3.89859 6.26507743456 7.61419078455 -0.464000086187
-113.452 43.9286 -0.000823214644704 -0.0010400034767 0.00161310523523 -0.000282608182338 3.76822 3.75248 3.09390362613 16.4087310988 -1.12524387227
-112.485 43.9997 -0.000570405436019 -0.00162441665922 0.00131283775396 0.000779161653845 4.03978 4.00348 1.18225702549 22.6063281945 -1.05803016059
-111.487 43.8756 -0.000830466797166 -0.00138944758369 -0.000930442607942 0.0017211525916 4.52682 4.54314 -1.61832953879 20.7195006652 -1.19117307142
-110.576 43.92 -0.00127782203809 0.00140492650353 -0.00150690194336 -0.00612733678436 4.08859 4.33089 11.3428887445 -7.5703106481 -0.396228323833
-109.817 43.7013 -0.000162416634097 -0.00108053236069 -0.00324913199224 -0.00321716734139 4.29552 4.35575 -1.87693445354 14.4033772361 -0.480405424701
-118.474 43.358 -0.000282004801825 -0.00014844235615 -0.00470846641288 0.00266117027871 4.46476 4.45549 -0.703064290742 2.56971858034 -0.306264581704
-117.754 43.3471 -0.000206906617912 -0.000344265569126 0.0025777568386 0.000329318017912 3.70642 3.77116 -0.325449201347 4.85667727678 -0.277167736112
-115.828 43.4151 0.000624784053521 -1.75926045373e-05 -0.00102443584194 0.000560812568504 4.13769 4.04371 4.15228028045 -2.35579080449 0.586489193349
-115.098 43.25 0.000223634319588 -0.000190424960096 -0.00119794977105 -0.00204864495633 4.24201 4.07568 9.98043253128 1.01584298555 0.122537990109
-114.174 43.3979 -0.000214899519582 -0.000552046532227 9.76152410869e-05 -0.00026384446058 4.18793 4.10303 7.56934083192 7.70862455143 -0.415809369668
-113.518 43.3234 -0.000107620335538 -0.000812845734917 0.00120088260559 -0.000426253349985 4.04957 3.96785 4.67833692428 10.4300551993 -0.390504016489
-112.433 43.3998 -0.00031562089661 -0.000957610873004 0.000405622210311 -2.26568753459e-06 4.22089 3.91748 1.7300036264 13.2640206796 -0.60811764308
-111.612 43.2741 -0.00237679757968 -0.000570626564278 -0.00217770020967 0.00189269178781 4.6111 4.13084 -0.992144415388 16.2711609262 -2.44046631525
-110.712 43.3629 -0.00211302314868 -0.00114558051488 0.00259622425322 0.001519594381 4.56612 5.57982 -3.19175145142 22.0952674742 -2.34043190605
-110.02 43.2112 0.00101859318071 -0.00054862145726 -0.00109548937234 0.00248217756224 4.21678 4.53273 -2.68644370466 3.21548331347 0.823819424564
-116.87 42.7779 0.000210485152931 -0.000127749200147 0.00434842697953 -0.00102048627323 3.52285 3.59726 0.0383155326233 0.967987109599 0.175133214892
-116.032 42.7713 0.000860195668888 0.000258305678184 0.00106151194898 -0.00369180800374 3.7766 3.81921 7.15574948863 -7.10854054154 0.895443344689
-114.903 42.636 0.000791463126366 -2.53221841949e-05 -0.00380983897521 -0.0003931752377 4.52789 4.38521 8.02094930501 -3.68362471093 0.719675695554
-114.084 42.6493 0.000124796719279 -0.000464972459409 0.00124280361611 -0.000122637933631 4.16445 4.00493 4.37328312425 5.15679697693 -0.0402045668784
-113.176 42.5452 -0.000653060738785 -0.000468603468418 0.000760996554207 0.00066532850217 4.18817 3.99768 2.23067764715 8.53398519533 -0.767286230654
-112.531 42.6852 -0.000891519503573 -0.000308745807589 -0.000386467240255 0.000993430199905 4.54538 4.42243 3.53461860967 7.87307574163 -0.94329083731
-111.588 42.8321 -0.000860807025316 0.000138136571653 -0.000768141691985 -0.00130045271582 4.4141 4.39431 6.60624132013 2.98596283259 -0.729299999665
-110.92 42.7507 -0.00120069819193 -0.00283673798303 -0.000338395548928 -2.50006780363e-05 4.47686 4.57818 1.75587135949 40.8908281504 -2.08868396179
-110.042 42.6372 -0.00181798534707 -0.000573079897926 -0.00471309574624 0.000937791474171 4.35405 4.4497 3.62891963898 16.2998397064 -1.89955164217
-108.847 42.8247 -0.00125082714953 6.01956947228e-05 0.00145041193773 0.0117943026957 3.68527 3.78713 -13.6389363637 0.979399893277 -1.23738839003
-108.342 42.6579 -0.000619184363355 0.000375543996496 0.023958740575 0.00938859357351 2.91361 2.95883 -11.5327684052 -3.77534759385 -0.556734967164
-116.471 42.0773 0.000325608187143 -0.000312396409847 0.00830700471526 0.00257462666897 3.32867 3.40062 -6.011542555 3.4546876285 0.28308767193
-115.754 42.1669 0.000914558503375 0.000254232007642 -0.000582576349277 0.00205791663863 4.05703 4.10909 -1.64408419206 -5.72794835639 0.947706586133
-115.016 42.146 0.000870703109131 0.000599998290385 -0.0029734089929 0.00105812868345 4.87299 4.60746 2.92844142036 -10.8211810872 1.01030818033
-113.944 42.0886 0.000372632486446 0.000206566459177 -0.000100270525987 -0.000226425619649 4.31274 4.00713 5.51818121866 -4.25521028801 0.421684932845
-113.24 42.0343 -0.00045263029417 0.000157409629704 -0.000646953167636 0.0005721190349 4.26724 4.06068 3.60347430705 0.023348914269 -0.374705891501
-112.386 42.0041 -0.000806044994893 -0.000262269099461 0.00248570280763 -0.000559363177335 3.98413 4.00261 5.98523986849 7.26094718015 -0.845145786278
-111.432 42.0149 -0.000327863131909 -0.000309370281218 -0.00192774137871 -0.00124164446532 4.75182 4.71516 12.2792011765 5.71894862071 -0.437642627355
-110.873 42.0995 -0.00082007129663 -0.000329901484973 -0.00178216589184 0.00180578898824 4.702 4.05402 5.57575893058 8.35121507597 -0.883698446317
-110.036 41.9243 -0.00213252194603 -0.00077428775336 0.00274966738225 -0.00207520303555 3.97071 3.76509 8.72266861738 22.197819345 -2.25172821005
-109.357 42.1012 -0.00195397014057 0.000249457333613 -0.00758204720092 -0.00611399867868 4.08589 4.28832 9.2495340067 9.43335893889 -1.60516567988
-108.34 42.0073 0.000528070553045 0.000131918917358 0.0137449948858 -0.000509648958322 2.50329 2.5153 -10.0090510168 -2.95798228298 0.542725581467
-107.369 41.9641 0.000132698474062 0.00196279573699 0.00567313821616 -0.00942973844706 3.95282 3.33463 -8.24816086021 -26.4723384888 0.544681661897
-106.434 42.031 -0.00131987883397 -0.000293438230315 -0.044970101749 -0.00368413319431 10.3847 13.1344 64.4653395235 18.2904018156 -0.390641221769
-116.54 41.522 -9.70170049067e-05 -5.08502545919e-05 0.00193671836488 0.000469819169787 3.88391 3.85114 -2.16008425608 0.879193433236 -0.104865644646
-115.791 41.4311 -2.40725225405e-06 0.000124075924002 -0.000103619954945 0.00155858958502 3.97766 4.24437 -4.21294159806 -1.58024803451 0.0177421150034
-114.915 41.4157 0.000971180322954 0.000422462790065 -0.000108169436596 0.00133017803579 4.02198 4.20277 -2.45492166738 -7.95768216802 1.03681582827
-114.165 41.3602 0.000714318840085 0.000579791141308 0.000299405027097 -0.000326201308945 3.97339 3.97551 2.83761109359 -10.0517625122 0.856014754335
-113.347 41.503 -2.41453544146e-05 0.000362123672144 1.8383975517e-05 -0.000615708236933 4.05238 3.99562 6.6196637923 -4.29241518649 0.113559545353
-112.448 41.4632 -0.000502146860479 -0.000194620414727 0.00106369165134 -0.000539036849442 4.07424 4.09205 7.95919463075 5.05476504072 -0.537864684243
-111.63 41.3146 -0.000712868222926 -0.00129470886075 -0.00160447471574 0.00162206669357 4.62976 4.59091 5.38222559734 19.5006076183 -1.14662140294
-110.666 41.4729 -0.00089059299809 0.000590898486352 -0.00126031807502 -0.004320190225 3.97812 3.99841 14.1145918823 -0.485403227143 -0.448655598406
-110.067 41.4272 -0.00221101508487 -6.07396067841e-05 0.00316163554991 -0.00184148027017 3.66705 3.58684 7.4030633381 13.4301238875 -2.02407259744
-109.157 41.5047 -0.0021879905525 0.000211470147046 -0.00437889534068 -0.00166705034342 4.38917 4.80062 7.73776892776 10.5886652533 -1.8645277045
-108.187 41.4906 -0.000106228730258 -0.00125947898335 -0.00364581935465 0.00289123155959 3.73887 4.07897 -0.665789520707 16.6222291942 -0.50717999696
-107.364 41.6067 0.000489056557419 0.00757240778693 0.00687871104578 0.0231938475105 2.46238 2.4841 -66.0193438265 -67.138450352 -5.0850682411
-106.596 41.4033 0.000394341208769 -0.000922401942142 0.0134605241706 0.00336428989626 3.37962 3.52996 -4.58387506709 10.6177970371 0.121738991242
-116.508 40.7186 0.000233294978144 -0.000710101450538 0.00279134682718 -0.00298011906654 3.76432 3.94943 3.0270893097 8.0091674228 0.0324492498029
-115.736 40.8167 0.000491415311886 -0.00103694504288 -0.00212074367766 -0.00133207407456 4.24725 4.28513 0.233343983457 11.5852867171 0.235368692429
-115.039 40.8522 0.00030297861149 -0.000228306597674 -0.00116717020312 0.000161383933301 4.06629 3.96829 0.114580679055 1.93577928508 0.239077813107
-114.204 40.8556 0.000399138718551 0.000371922188266 0.00249733221362 0.00137223785682 3.69078 3.67751 0.34746214674 -6.04263906809 0.480877691015
-113.187 40.8513 0.000257781306756 -0.000114716162288 0.000843283328141 -0.00127911579266 3.86232 3.8332 5.20719527033 0.231461610116 0.201557345812
-112.52 40.8903 0.000211124980922 -0.000706886830031 -0.000895306075164 -0.00101466489296 4.26449 4.22422 8.54961813633 7.37448899231 -0.0983671207423
-111.437 40.8869 -0.00134946752887 -0.000959199098417 -0.000657294503018 -0.00149022371563 4.10331 3.81548 7.07683098062 18.9096121026 -1.6209219261
-110.834 40.9425 -0.00228078169513 -0.000846002497783 0.00315831051987 0.00115723756175 3.94121 4.12495 5.99804959852 22.3463653137 -2.42988280474
-109.673 40.9763 -0.00223749100846 -0.000533398059365 -0.00231416500783 0.00235348803203 4.83224 5.33458 10.4505703358 20.6564349557 -2.22128297897
-109.177 40.8936 -0.00114017071608 -0.00172242667978 -0.00361102218903 0.00404967257433 4.59899 6.22305 6.36731127173 27.5545029619 -1.75604249482
-108.263 40.8338 0.000325413470204 -0.00164959313962 0.00292656497386 -0.00237784519629 3.46445 3.77371 3.79360118212 18.9181190514 -0.340624407141
-107.52 40.76 2.38203260445e-05 -0.00226066521912 -0.00277285222105 -0.0147646152634 3.61186 3.73963 13.2919108624 25.7024409279 -1.20806600771
-116.5 40.2917 0.000420383638162 -0.00125622647505 -0.00221361159827 0.00191482345861 4.22354 4.21977 -1.87917407356 14.9540836741 0.182243871105
-115.657 40.1313 -0.000372887666737 0.000611398039915 4.95434268192e-05 0.00259778239331 3.98609 3.8794 -4.05017667047 -7.09240342663 -0.273117355353
-114.745 40.2679 -0.000191161060992 0.000390724514859 0.000652388249801 -0.00300857599375 3.58534 3.60454 2.98648038274 -4.16956677458 -0.0705762573679
-113.981 40.1314 0.000890712549404 0.000963458181295 0.00230639380702 -0.00403429132375 3.52985 3.54611 8.18977343399 -16.1577305341 1.19096529889
-112.469 40.2807 0.000459567043784 -0.000659923383119 -0.00155565543808 0.00111282921294 4.41337 4.18775 2.02152566905 6.51245210994 0.240168549651
-111.502 40.2067 -0.00061993967095 -0.000543259237253 -0.0016928538124 0.000335116319688 4.64955 4.31124 6.63068766788 9.87876622962 -0.781937638528
-110.738 40.1948 -0.00188547017138 -0.00117918669286 0.000279865672005 0.00218110820429 4.33766 4.27734 2.73233553669 23.3094763161 -2.17064246855
-110.008 40.2655 -0.00160012017595 -0.00161157883465 0.00195671915041 0.000741143336903 4.00427 4.19658 5.69479053492 28.3739525952 -2.10311819689
-109.124 40.2982 -0.000526149904057 -0.00239311453836 -0.00222210129219 -0.00620712307971 3.86447 4.07824 16.964290218 30.5869206987 -1.80413129497
-108.242 40.1348 -0.000147109348274 -0.00213301716972 0.000579642319283 -2.90890473858e-06 3.86936 4.00408 5.09732523586 27.3574996677 -0.993826348136
-107.47 40.2149 0.000401035914447 -0.00233736307368 5.47669798543e-05 0.00273898875556 3.99292 3.92594 0.771177203491 28.1012056138 -0.426369161562
-116.464 39.6202 -0.00119269949525 -0.00072685190731 -0.00353402440322 -0.00110042269792 4.28615 4.12591 0.79461851214 12.6283552306 -1.3254263977
-115.754 39.553 -0.00113328803551 -0.000143148752101 -0.00342544072959 -0.000796022009223 4.20848 4.54941 2.88117699832 5.7387911806 -1.13022134906
-114.908 39.4731 -0.000344062130544 0.000295460142448 0.00700127543524 0.00187338785185 3.18926 3.35397 -5.3143420221 -3.20649131537 -0.300118236131
-114.016 39.455 0.00125810325054 0.000545267677123 0.00031834300805 0.00105156869812 3.8151 4.3747 -2.1823956957 -10.3701241754 1.34246179195
-113.069 39.5906 0.00131572568933 -0.000134222590089 -0.00491273694147 0.00121343967667 4.76868 4.78349 2.04095928767 -3.2927287405 1.2218561979
-112.279 39.5708 0.000253705931651 0.000579695850305 0.00188757047125 0.000434937781522 4.23095 3.97352 1.33983111498 -8.34458195183 0.408363541472
-111.66 39.6092 -0.000163737589932 0.000185144942467 -0.00178404893476 0.000363898127222 4.39607 4.17114 2.66052573256 -1.6557853167 -0.0970745345212
-110.74 39.473 -0.000347037829285 -0.000395480535586 0.000902444094195 -0.00232991019913 3.94485 3.78348 6.08144519784 6.68110746501 -0.471576471189
-110.246 39.6279 -0.000936476772954 -0.00110603354809 0.0025441877501 -0.00146418209461 3.83563 3.70989 3.45973687128 18.3220576658 -1.26140819445
-108.981 39.6333 -0.000470906152561 -0.00211247662088 -0.000334159553354 0.00145222436964 4.13578 4.20895 4.29815420506 28.9404067398 -1.23020771568
-108.391 39.4998 9.69815642498e-05 -0.00244837779 -0.00051583971556 -0.000310301165955 4.37818 4.34493 5.56859673441 29.9761311529 -0.896336501364
-107.449 39.524 -0.000111178986013 -0.00178133997862 -0.000920107531473 3.09484364276e-05 4.27806 4.25009 2.29283484319 23.2789990295 -0.748109281077
-116.4 38.8247 9.72737606358e-05 -0.000426919184025 5.69434566888e-05 0.000504482140571 3.99866 3.77023 -2.41030178156 5.25264963543 0.0260369308014
-115.654 38.8455 -0.000960327167626 -0.00132236672294 -0.0017638703869 -0.00149165768648 4.04234 3.79981 0.454717248135 19.5716349401 -1.22998908202
-114.83 39.04 -0.00117292861155 -0.000423130338294 0.00253886093731 -0.000224411188063 3.58568 3.94764 -2.42259248576 8.27825800251 -1.23088576036
-114.02 38.9551 0.00114826422264 -0.00173885576775 0.000202534883228 0.00251249326755 3.77781 4.1189 -12.1364971991 22.4897978031 1.10338643825
-113.277 38.9882 0.00116405737136 0.000408707693622 -0.00059956683294 0.00119970816696 4.13628 4.123 -3.46241832133 -8.16743477794 1.21969968897
-112.379 38.9995 0.000168451249034 0.0005065413638 -0.000322161848661 -0.000961747964 4.29723 4.29989 1.4858851596 -7.09337012468 0.303956053232
-111.172 38.9176 0.000148680976475 1.10874066799e-05 3.27410769746e-05 -0.000858976307892 4.15926 4.12487 3.51664549895 -0.795479058677 0.144057987501
-110.133 39.1025 -2.47418094505e-05 -0.000507605916153 -5.57080487613e-05 0.000953900729205 4.24543 4.14158 1.0170960166 6.62367727227 -0.176986061723
-109.263 38.9553 0.000231989961573 -0.00111165550495 0.000627747112016 0.00116996827226 4.20381 4.07694 0.851641498248 13.3609894182 -0.122976332308
-108.296 38.9541 -0.000276070526819 -0.0011814274022 0.0003557162976 0.000270315645944 4.28667 4.07171 0.918114248416 16.4646320635 -0.642436834828
-107.574 38.8347 -0.000570317184229 -0.00113254617505 -0.00189514703892 0.00103954920071 4.63524 4.34061 0.187746632672 17.1979059797 -0.901465136379
-106.91 38.8627 -0.000574613595229 -0.000726210312569 -0.0006893175472 0.000373796148909 4.198 4.17965 0.801482971697 12.0707727372 -0.786095678616
-116.302 38.2886 5.24458373425e-05 -0.000210394567138 -0.000558534550714 -0.000119644823796 4.03862 3.92464 -1.92288128007 2.57739820697 0.0161708685581
-115.585 38.3489 -0.000505176950917 4.72908059708e-05 -0.000996320034373 0.000908292761592 4.00888 3.84425 -3.52218985339 0.381502796211 -0.492312351638
-114.608 38.3281 -0.000238624796257 -0.00103088263759 0.00125976939843 0.000526798088937 3.67535 3.66198 -4.49095522922 13.8439021363 -0.386041188708
-113.969 38.1802 0.000106219578029 -0.00100464533763 0.000895981508891 -0.000924719776044 3.83828 3.91864 -3.60492853227 12.8254279142 -0.0633053546413
-113.021 38.2987 0.000233279109379 -0.000238814757369 -0.00154749896272 0.000482542847056 4.24639 4.37394 -4.8013139078 2.63337779233 0.192212130895
-112.277 38.2108 0.000406123037497 -4.16285626191e-05 0.00110184159995 0.000326353857528 4.05082 4.0989 -4.08259364152 -0.430212712242 0.391961385202
-111.483 38.2843 0.000541496326201 4.39407500843e-05 0.000454445343082 -0.000815135961001 4.04874 3.98541 0.647354952238 -2.53381208833 0.533110887883
-110.711 38.4187 0.000237423487227 -0.000258364877485 -0.00069293046497 0.000264418787015 4.3016 4.21257 0.475551626442 2.4455851842 0.15581847085
-109.894 38.3862 -2.69704004228e-06 -0.000516217665543 -0.00086785550311 -0.000272506877055 4.31632 4.27436 0.58496608362 6.68940536778 -0.152826615422
-109.261 38.2916 0.000126982894934 -0.000168048519489 0.00191638566068 -0.000679338826056 4.07863 3.97084 0.758503730941 1.65714561598 0.0705119440341
-108.379 38.1888 -6.33691542044e-05 -0.000184059443823 -0.00136909194537 0.000248145908416 4.52519 4.32867 1.10475103552 2.65829901421 -0.118429316513
-107.55 38.3685 -0.000371406231823 -0.000351678645486 -0.00202055409753 0.000708814953617 4.48856 4.33135 1.82419204545 6.27360589918 -0.469097612057
-106.756 38.2289 -0.000302344943252 -0.000309372755691 0.00118043591542 -0.000713080772155 3.97786 3.9385 1.43899429211 5.43902681732 -0.390229780885
-116.595 37.923 -0.000135945959836 6.79067025655e-06 -0.000413547900694 0.000579942994982 4.03669 4.02629 -3.68368305489 0.145156611427 -0.133863410832
-115.747 37.6444 -0.00040418290127 0.000244082669791 -0.00180731943219 0.000393550479159 4.16367 4.20182 -4.6357031352 -2.51087936853 -0.371060942725
-114.849 37.6083 0.000261455090501 -8.27336015725e-05 0.00188245198901 -0.00149596748661 3.73707 3.70031 -2.33973722855 0.475115990155 0.243175642479
-113.86 37.5808 0.000299835057253 -0.000576121130825 0.000402634279221 0.000265398025732 3.93604 3.80217 -5.12652412354 6.99677268381 0.218173399388
-113.168 37.7601 -0.000105147794863 -0.000678312082383 -0.00233347338257 -0.00144527163828 4.23986 4.167 -3.47500287148 9.10254525159 -0.222517008429
-112.363 37.6761 -0.000115680232371 -0.0001523033279 0.00144193916013 -0.000151778080481 3.90574 3.94884 -6.6582246363 2.21397354942 -0.134455712729
-111.596 37.7222 0.000539855328213 0.000398184159167 0.00110038830595 0.000695055558104 4.04154 4.06995 -4.16831626069 -6.56690801696 0.603494707206
-110.802 37.6354 0.000453885209802 0.000307240980579 -0.00187355246794 -0.000136669179784 4.43011 4.30035 -1.00998563832 -5.51280105376 0.5154244862
-109.995 37.6903 6.88079448423e-05 -6.46552962551e-05 0.000298841964178 0.00106474893446 4.26125 4.13544 -2.73821231535 0.641124049005 0.0523482834242
-109.137 37.7459 -4.13057256441e-05 0.000198445436509 0.000700023630456 0.000914242566674 4.22557 4.14544 -1.65178813682 -2.46562391913 0.0110118029113
-107.792 37.662 -0.000175184140837 0.000122414265245 -0.00167609224446 -0.00172070278829 4.21627 4.16529 3.35635195007 -0.71428575901 -0.120144276486
-115.22 37.2408 0.000143610721824 1.61674941054e-05 0.00223300089437 -0.000537759282497 3.78891 3.86822 -4.42087928863 -0.453798279871 0.144494928595
-114.715 36.7256 0.000360429333095 -0.000328549947471 0.00316810104164 0.000385125988999 3.61872 3.69303 -4.66563744342 3.68688342345 0.315894639077
-113.907 37.0195 0.000453052463632 -3.78519466903e-05 -0.000640711765359 -0.00110763888806 4.11714 3.93359 -3.2483302093 -0.485533542908 0.440767945841
-113.084 37.0615 -0.000419285012527 -3.17379805064e-05 -0.00195041938855 0.0018491317247 4.4841 4.20726 -8.99255962615 0.834985104466 -0.420484242521
-112.382 37.0183 -0.000757861574685 0.000321331115285 0.000260659931392 0.0016172590378 4.06826 4.1236 -7.65691388914 -3.19588965228 -0.719619379885
-111.506 36.9839 0.000248436322039 0.000708287496201 0.00184473030372 0.00116393930439 3.77279 3.89462 -6.31827006208 -9.88337108259 0.344776178975
-110.804 36.9969 0.000766021173886 0.00076225193674 -0.00161428719579 0.00190509144058 4.30284 4.22278 -5.10878404586 -11.8811623851 0.88392680085
-109.874 37.1364 7.38796107232e-05 0.000661288809011 -0.000132519363624 9.54276750216e-05 4.23018 4.08624 -0.437779408543 -8.91929833474 0.244366969313
-109.025 36.8299 1.17296121925e-05 0.000364369091095 0.00127044600121 0.000519292252726 4.08025 4.03246 -2.51055154888 -4.87147100272 0.096695557856
-116.33 36.4193 9.59332296661e-05 6.14359039741e-05 -0.00175189093088 0.00273284831836 4.16208 4.16178 -4.26556261078 -0.934874750776 0.102210298807
-115.383 36.423 1.3457806236e-05 -6.34778689346e-05 0.000807463643552 0.000403633282579 3.75238 3.7541 -5.68625158174 0.81048119033 0.00714660381209
-114.539 36.4321 0.000182328988749 -0.000558079230405 0.00380167093365 0.00150795694968 3.6438 3.61264 -9.07557514501 7.22699476087 0.154508982919
-113.965 36.4151 0.000271884964447 0.000335884490776 -0.00303854189412 0.00194600113385 4.66426 4.61668 -6.84773707971 -4.76487765191 0.302537097044
-113.18 36.4182 -0.000433976357342 0.00021819177553 -0.00271668195309 0.00136786022407 4.48601 4.3522 -7.22921249357 -2.32379987715 -0.410582631341
-112.291 36.428 -0.000750137896584 0.000377399188909 0.00283233790808 -0.000794565591754 3.64951 3.69546 -4.35503968482 -3.39633036528 -0.680956678631
-111.13 36.1428 6.91249927237e-05 0.000570727966858 0.000280644129264 -0.00318861961099 3.79445 3.90271 0.35324482193 -7.68464276789 0.209516045114
-110.662 36.5996 0.000368086504986 0.000944762623192 -0.000392134834795 -0.00222359163815 4.03837 4.07425 -1.10665424447 -13.5774949617 0.580054864879
-109.87 36.4199 0.000414602349573 0.000758294323195 -0.00162871148663 -0.00220079470763 4.31857 4.52283 1.87588646706 -11.5009545544 0.618778795727
-109.208 36.2925 0.000389622107069 0.000282612642839 7.62641915825e-05 -0.00131515163299 4.10282 4.16197 0.876461937701 -5.20523910477 0.45373015184
-108.52 36.3758 -2.19986144199e-05 0.000386368201091 0.000821823882323 -0.000194426957262 4.0742 4.02683 -3.43402913819 -5.09866100315 0.0635142939579
-115.43 35.8384 -9.86321082048e-05 0.000114686515687 0.000768919766468 0.00165262376019 4.03915 4.05211 -2.5662738714 -1.29800573011 -0.0807472154846
-114.851 35.7266 4.01374294029e-05 1.25015559662e-05 0.00304424082865 0.00268398298887 3.81751 3.77817 -11.0124896567 -0.167510315812 0.0402054484078
-113.984 35.8522 0.000184902606096 0.000295729126512 -0.00144699890546 -0.000900506828585 4.17192 3.98707 -2.45640970723 -4.26683220394 0.231269998551
-113.105 35.6339 -0.000443886438492 0.000571528957095 -0.00340017466877 -0.00156278334832 4.31663 4.10118 -3.3798575806 -6.58710757541 -0.348205087099
-112.173 35.8191 -0.000716707484578 0.000336704181428 0.00554709626673 0.000804098424042 3.52604 3.51638 -5.55552207122 -3.19506081719 -0.665569914235
-110.794 35.6218 0.000379647160638 0.000335896077865 -0.00375312093655 0.000369899524588 4.26398 4.37824 -4.0046742761 -5.36961698583 0.432384285194
-109.933 35.7113 0.000429758958756 -0.000168583910751 0.00136198289574 0.00386141623321 4.24211 4.25754 -8.7818611694 1.67747013885 0.410067683473
-109.046 35.7147 0.000215347718063 -0.000105695085323 -0.000923600322427 -0.000549661597418 4.52578 4.44827 -1.44876835625 0.696153271505 0.183668885783
-108.466 35.7992 -0.000117004378279 0.000213244118519 -0.00360358772869 0.00232734224667 4.80896 4.79782 -7.14876202374 -2.65158120116 -0.0835372567857
-107.638 35.8054 -0.000229414438905 0.00035353363616 0.00559308825976 0.00459055009219 3.83184 3.81754 -7.46978810077 -4.32569031178 -0.171579359109
-114.87 35.301 0.000116097405539 0.000130676974376 0.00540483257161 -0.00316575133813 3.58494 3.55318 -0.000467118340211 -1.98370557848 0.139062526739
-113.885 35.099 -6.61078268868e-05 0.00201972524987 -0.000675558760385 -0.0024594361772 4.11623 3.97659 0.222145043765 -26.0447510516 0.350230723308
-113.083 35.2127 -0.0005786020298 0.00137188042332 -0.00466880423407 -0.000568904861163 4.5905 4.26257 -0.590349112515 -16.3619065982 -0.289842309979
-111.532 35.0951 -8.19063932895e-05 0.000639039161707 0.00449515693894 0.00463109571149 3.5877 3.64561 -10.3929644844 -8.54727935108 -0.0502886225509
-110.713 35.0789 0.00102591677083 0.000988458189705 -0.00325062140754 0.00308099102656 4.38439 4.48371 -8.37856762911 -14.6413836378 1.1143305834
-109.736 35.1181 0.00186908805017 0.000216973474887 -0.00300509789307 -0.00141219234772 3.99114 3.28274 1.59659093764 -9.90051288532 1.85607180859
-109.388 35.1118 -0.000636952440525 8.77820626828e-05 0.0056845404024 0.000642301642577 3.62195 3.33486 -3.74060870073 0.480472325173 -0.608567650135
-108.5 35.1259 -0.00091675129722 -4.18540655322e-05 -0.00647514445764 -0.0014420646434 4.85236 4.9389 0.0844686048511 3.91034411722 -0.894781745496
-107.648 35.117 -0.000751547959471 0.00083078043908 0.00415731386864 -0.000213695877326 3.74761 3.73673 -4.29723077018 -9.1411170872 -0.56788648598
-106.867 35.0719 -0.000223738774936 0.000707347505291 0.00125507429105 0.0021461096864 3.8502 3.8357 -6.97119878175 -9.17279372879 -0.103401191908
-113.83 34.5935 7.3111212012e-05 0.00122284338594 -0.000522585943105 0.00268476501422 4.32327 4.72351 -15.58608758 -16.1293559755 -0.0165175743456
-112.891 34.4692 0.000272066023735 0.000828760463279 -0.0013402725443 0.000393382516836 4.27494 4.11442 -3.82012185805 -11.4841526979 0.386423805669
-112.237 34.4866 -0.000863525582366 0.000246500076766 0.000321818508202 -0.000231205757554 3.8358 3.77528 -3.42503336222 -1.46340436411 -0.814584147
-111.441 34.4178 -0.000675998378376 0.000725621387942 -0.00139440514731 -5.558265881e-05 3.74575 3.96019 -2.27810405989 -7.95055225557 -0.530926712926
-110.806 34.3371 0.000694120559479 0.00108243808276 0.00412069662217 -0.00286767637606 3.26886 3.44611 1.65155795752 -16.6073291996 0.949347372937
-109.95 34.5293 0.00142737732093 0.000987099634902 0.00170745782212 -0.00260162388083 3.93925 3.92653 4.90308468097 -19.0269118941 1.66992137248
-109.29 34.4275 0.000698705097858 0.000501374979621 -0.00385509598252 -0.00131341680287 4.92468 4.39533 4.26851560034 -9.56263227198 0.82226311003
-108.498 34.5421 -0.000807347092743 0.00074633757889 -0.000929944715639 0.00101936901226 4.43844 4.06836 -1.45968776313 -7.38575649596 -0.610311284412
-107.786 34.4457 -0.00143317379581 0.000682847942179 -0.00127092637608 -0.00208505776015 4.10199 4.17062 2.01151722616 -3.0664368527 -1.16253435581
-107.01 34.5058 -0.00053965199831 0.00125009447929 0.00112091950601 0.0135847767242 3.90236 4.08798 -12.8158810128 -16.920492022 -0.46871338937
-114.524 33.7503 0.000137767988087 -0.000110167986708 -0.00564629962185 0.000749281203902 4.56758 4.51072 3.41476663496 0.977813217964 0.107278563428
-113.829 33.8142 -0.000631555004526 -0.000756381667137 0.00056062811905 0.00132847112059 4.12944 3.98746 0.441644737727 11.5229289436 -0.768638778542
-113.005 33.9383 -0.0001235545094 0.000610310896285 0.000631821013949 0.000840500106629 3.91943 3.93161 -1.44184143915 -7.74415538742 -0.0143599639774
-112.333 33.9535 -0.000356476886127 0.0008178496941 -0.000550834657862 -0.0012110812116 3.70109 3.64931 0.817530879782 -9.64844519609 -0.16592715485
-111.478 33.8798 -0.000971341769358 0.000434617858717 0.00222219478359 -0.00419726020012 3.27464 3.5236 4.38577170187 -1.79789933504 -0.802771070201
-110.844 33.6953 0.000912209635597 -0.000114053519044 -0.000313345345776 -0.00110339852681 3.90013 4.17803 3.00093871756 -1.89254638034 0.846377546834
-110.034 33.7776 0.00123606527667 0.000254406293844 -0.00135220959872 0.00278214099386 4.45706 4.46999 -1.57018926443 -6.86741599028 1.26196320662
-109.254 33.9571 6.44293427738e-05 0.00130839490011 -0.00321192524137 0.00327943630876 4.68018 4.40715 -3.46591568983 -17.7937117534 0.304546477904
-108.377 33.9085 -0.00105037798671 0.00121002056422 -0.000609712799696 0.00050589271162 4.16189 4.20922 2.49680781652 -11.6688864504 -0.646542356066
-107.674 34.0087 -0.00116122043024 0.000830193614619 0.00178791189589 0.00096443180414 3.53996 3.61087 0.0778702986473 -6.84578367203 -0.900942592491
-106.965 33.937 -0.000400777430108 -8.29295434428e-05 0.00395084943244 6.78303567834e-05 3.23552 3.36722 10.3565767142 3.4848473975 -0.396503862141
-106.921 34.0739 -0.000330404875356 0.000756553688883 0.00172304954327 -0.0140617447428 2.91449 3.04675 23.1891144059 -5.28894130526 0.219260092149
-106.055 33.9315 7.54961530531e-05 -6.81370810639e-05 -0.00522235839502 -0.00589365041059 4.14135 4.2044 6.06397049035 0.479152035764 0.0438427008535
-104.693 33.9229 -0.000323506967482 -0.000130503269268 0.00433771022267 0.00717619024999 3.91469 3.93062 -9.64281974674 2.4360614544 -0.33804584221
-113.657 33.1999 -0.000592738966097 0.000880850185545 -0.00124076282304 -0.00552963695216 3.99904 3.96013 14.7262169416 -7.20592993225 -0.156620835585
-112.946 33.3627 -0.00125484389001 6.74910850781e-05 0.000435226157956 -0.000765859308592 3.89251 4.23242 3.25625693349 3.34135110899 -1.19776850777
-112.158 33.2893 -0.00054499247474 0.000353328187895 0.00121034150829 0.00057315643717 3.5303 3.83193 -1.17490448121 -3.33119471141 -0.470961924556
-111.427 33.341 0.000365471369406 -0.000525615223804 0.00185989350283 0.00138699460491 3.56761 3.70013 -3.62341283839 6.28948219845 0.282507571234
-110.472 33.2969 0.000868004508652 -0.000208027341842 -0.00133717261988 0.000815344448961 4.05722 4.13369 -1.22343894938 0.391939446189 0.808250733239
-110.036 33.0851 0.000290632200466 2.13103228721e-05 0.000287932507987 -0.00194273029782 4.1151 4.06955 2.81730245766 -1.36318011009 0.285424917288
-109.266 33.2921 -0.000150411553069 0.000559991905474 -0.00301561786906 -0.000987623378642 4.49813 4.7882 6.58305596421 -6.49794220182 0.0526278721395
-108.592 33.1132 -0.000175432099664 0.000361207083234 -6.6428416378e-05 -0.00112792573045 3.78561 3.94448 4.6341474068 -3.9477645749 -0.0508212527961
-107.671 33.3086 -0.000542630175882 0.000142119220111 0.00174111748959 -0.00115858539924 3.43589 3.56557 3.98924946031 0.552850160774 -0.468143398065
-106.964 33.2555 0.00049618539982 -0.000934754635575 0.00516282137286 -0.00227553405784 3.52736 3.65985 0.619887883323 10.6443804848 0.222203022545
-104.717 33.2797 -0.000697383079451 -9.22279959075e-05 0.0011993646268 -0.000989578459296 3.73711 3.74488 -4.66259946204 3.35448877776 -0.70114190964
-103.98 33.2716 -0.000334284710616 0.000147474749557 0.00479169031025 -0.00137587267226 3.37558 3.4223 -1.87056260442 -0.748768222897 -0.282681928894
-103.215 33.315 8.34835239701e-05 0.000121445079066 -0.00633784407113 0.00313084045332 4.38336 4.41446 -1.83781113443 -1.99562462642 0.113958199488
