-114.58 32.5356 0.000392422517141 -0.000135775666963 -0.00128738051934 -0.00314219533599 4.09284 4.10872 4.27534992639 0.482408998598 0.34768775552
-113.767 32.7683 -0.000439346245472 -0.000172703145995 -0.000541390761787 0.000669027879743 4.15839 3.85957 2.67162569042 3.56819858899 -0.467042444608
-112.883 32.7513 -0.00201026691525 -0.00040928554147 -0.000482950403222 0.000262104633737 4.0458 4.06121 3.08309339536 11.8673757446 -2.04949610794
-112.228 32.7006 -0.000471573699159 -0.00045713603281 7.64337168838e-05 4.11113542287e-05 3.77872 3.89387 -0.449989422335 7.24854549606 -0.549508309607
-111.704 32.5618 0.000243886662126 -0.000426712898738 0.00183069467149 -0.00167780560531 3.54529 3.48189 1.84524992441 4.8452343714 0.137968269023
-110.739 32.5716 0.000337915040308 -0.00113484980551 -0.0023674815145 0.00287772900137 3.9716 3.98279 -5.25340643348 14.7736338833 0.197569831569
-109.97 32.6399 0.000629579911515 -0.000472465498386 0.00333839240429 -0.000432297688507 3.51197 3.59806 -0.824929847998 4.53992822873 0.518107579893
-109.303 32.7663 0.000787160824284 -0.00116646256039 -5.24267753627e-05 -0.00176779802436 3.91294 3.98025 5.21657683654 11.7614411323 0.376037910124
-108.633 32.5466 0.0003948003966 -0.00115004100248 -0.0027482047978 -0.00273177651384 4.20579 4.06234 8.05803651585 12.7430709401 -0.0575548909408
-107.785 32.5324 -0.000131457349026 -0.00140517834207 0.000971982400908 -0.00251764193885 3.87906 3.80843 7.39769273636 18.8123473233 -0.638687266781
-107.001 32.6995 -3.11932863969e-05 -0.00167135647754 0.00139874296232 0.000940350212089 3.98992 3.95668 -0.224458282477 22.6708604958 -0.451218080546
-105.454 32.7001 -0.000564759578455 -0.000922491486575 -0.00127469863484 0.000695110247021 4.20519 4.03298 -4.60585302418 14.3026223386 -0.734461345016
-104.657 32.6588 -0.00106304134519 -0.000813186731735 -0.000195703873735 0.000154259661243 4.12086 4.07657 -6.54786093144 13.9298995311 -1.1869051788
-104.02 32.6462 -0.00119229424485 -0.00036686157057 -0.000267939434934 7.57568368055e-05 4.03969 4.08682 -8.64260206475 7.59363807698 -1.23258215757
-103.357 32.6764 -0.000391078905468 -5.5181125135e-05 0.0019384159999 -0.00139932870388 3.90841 3.98949 -4.76234726204 1.98993510632 -0.393679303182
-112.812 31.9559 -0.000307974469255 -0.000374662834821 0.000952109093904 -0.00219572110409 3.84278 3.90206 2.57657157888 5.84102441083 -0.38499892903
-111.457 32.0022 0.000340377848841 -0.000480958807565 -0.000779790455127 0.00296004667844 4.03583 4.06988 -1.88206974699 5.66604154332 0.255968130378
-110.816 31.7748 0.000225965956178 -0.000559466070047 -0.00184956824976 -0.00141814848928 3.99285 3.98813 1.36451175284 6.729450898 0.0937861468873
-110.046 31.9737 0.000164024790689 -0.000889933000444 0.00308302533289 -0.000302068784619 3.45883 3.47348 0.46837290804 11.3847096541 -0.0367786763889
-109.259 31.9989 0.00112031410035 -0.00099435187379 0.000293973740471 0.00092334834818 3.85308 3.82183 -2.22139344061 10.6110549301 0.918085521043
-108.527 31.9041 0.000620150788002 -0.000410787447333 -0.000912198164066 0.00268977073624 4.15165 3.91137 -3.81080643861 4.19798854646 0.544384606391
-107.778 32.0094 -4.83257014934e-05 -0.00070416987039 0.000392264266863 0.00162656012316 4.15085 4.05255 -0.199216826752 9.66886849716 -0.212759579886
-107.101 32.1046 -4.65825178221e-06 -0.000706252894538 -0.000653486228656 -0.000561179484991 4.35697 4.21567 1.98701469409 9.47755624181 -0.202988048522
-106.428 32.0062 -0.000367873694933 -0.00041947161962 -0.000595778211685 0.00129374893462 4.33216 4.28003 -0.16271574732 6.98939343379 -0.461546309257
-105.523 32.076 -0.000838614956379 -0.000536727692455 -0.000158226328531 0.00274380673723 4.29219 4.20431 -6.46577854442 9.31359790734 -0.911815270529
-104.823 32.1101 -0.00106818183718 -0.000734676451288 -0.000652991221536 0.00110936491792 4.15293 4.18646 -4.45004232917 13.2060603985 -1.19293385297
-104.101 32.0618 -0.0010679701107 -0.000920624141136 0.00115743592716 -0.00032518721966 3.84336 3.93255 -4.80597005881 15.8869344025 -1.23115469933
-103.292 32.012 -0.000509349121798 -0.00098696843691 0.00139064203718 -0.000197851271174 3.93646 3.99576 -6.36890946578 15.2157429719 -0.68178443296
-109.991 31.439 0.000371933235043 -0.000617940200665 0.00448886547193 -0.00135883850841 3.53079 3.52903 0.492660631166 7.16687951964 0.22945778327
-109.281 31.3757 0.000460659527459 -0.000456425169469 -0.00269310454245 0.0025407554016 4.30504 4.27281 -3.2618728432 5.19801394423 0.382216074003
-108.528 31.3369 0.000149395582502 0.00022096005002 -0.000422516827943 0.000421010704065 4.19301 4.18236 -2.07980845697 -3.39248051009 0.188127394236
-105.483 31.4425 -0.000460467174948 -0.000287597666449 -0.0026076421541 -0.00256120349991 4.30148 4.19726 3.01021305221 5.87130471938 -0.526766695549
-104.971 31.3711 -0.000616998988534 -0.000629352766876 0.00147835913402 -0.00224897291433 3.88449 3.78416 2.2801867293 11.141444552 -0.778084259922
-103.979 31.3165 -0.000808993155359 -0.000861402937685 -0.00109614295287 -0.000140119686404 4.23595 4.1006 -1.38921683818 14.7907796283 -0.999286017905
-103.492 31.3691 -0.000841920384262 -0.000837005546829 0.00169123405195 0.000927300445622 4.04376 4.05207 -7.22676083747 13.726514235 -0.963463815519
-104.986 30.7862 -0.000258056638266 -0.00014405692039 0.000584217150599 -0.000241200734847 4.06384 3.99457 1.33282538695 2.98248142993 -0.287961138613
-104.029 30.6689 -0.000768523841651 0.00010136555318 -0.00219170508952 -0.00107107088098 4.46862 4.27793 1.05536324326 1.72012828405 -0.708342995493
-103.402 30.8498 -0.00118927303007 -0.000727406891543 -0.000575802810173 0.000304090076998 4.37086 4.39765 -2.47369255259 14.1161697603 -1.32621789429
-102.685 30.7263 -0.000506660836876 -0.000541148464901 0.0011346909701 0.00370616379945 4.08636 4.12166 -7.7147375718 8.80417511312 -0.582423751917
-104.09 30.0609 0.000364437550376 -7.00861479773e-05 -0.00148672471078 0.00228339191623 4.50051 4.64514 -3.22555352348 -0.0723549898952 0.342733909251
-103.612 30.1456 0.00015466392437 -0.000391475743602 -0.00168836343563 0.000316830761697 4.46635 4.37298 0.475856753356 4.79846510181 0.0425300197345
-102.788 30.1615 -0.000714941054143 -0.000699043526191 -0.00060260555697 -0.000676180038846 4.15678 4.13923 0.322816371982 12.5459540932 -0.8814717173
-104.133 29.554 2.52019554527e-05 -0.000567336297706 -0.00198124795355 -0.00214733158403 4.18745 4.18383 1.98305029943 7.6798493428 -0.136564528959
-103.389 29.4528 -0.000534748413852 7.53158935538e-05 0.000660055915942 -0.00117994087221 4.12598 4.08882 1.6874036781 1.15607836315 -0.491017586937
-102.888 29.4862 -0.000635496862286 -8.06768188308e-05 -0.00238554343771 -0.00132375392065 4.2201 4.18452 3.11624286587 3.99318258281 -0.628526827197
-122.085 48.9983 -0.000393612049485 -0.000254700917648 -4.74359863979e-05 0.00178223686599 4.04219 4.02746 -1.82535353563 3.92075228431 -0.431948549204
-121.48 49.0983 -0.000420220521577 -0.000629084978522 -0.00150729045138 0.00230918599837 4.21329 4.2708 -3.29968442339 8.46873795907 -0.514197065844
-120.384 49.048 -5.99495040897e-05 -0.000468621550159 0.00108917715527 -0.00174230962877 3.82688 3.84229 0.763889063816 5.81685759969 -0.171606853168
-119.272 48.9534 -0.000162601450694 -0.000258920522581 -0.000625956976062 0.00321611915447 3.92433 3.97974 -6.00628698513 3.48494724235 -0.197492925102
-118.585 48.9752 0.000354206589472 7.45831247487e-05 0.000469180634019 0.00448027418548 3.93135 4.00213 -6.94974164188 -1.52310990592 0.361022554943
-117.559 48.9813 0.000368039679945 0.000422016031503 0.00115995003437 0.000622805347715 3.93557 3.94977 -2.32222106799 -6.23633846219 0.454761979756
-116.363 48.958 0.000658699844366 0.000394770384415 -0.00228976222098 -0.000513829531279 4.29811 4.27203 2.64820350554 -7.47300208015 0.751800588122
-115.653 48.9339 0.000476354374918 0.000734835586432 0.00148570800104 -0.00655464658517 3.85901 3.81315 8.657750658 -11.0644095233 0.748398601021
-114.413 48.933 -0.0002466473413 8.35895096734e-05 -0.000862852688167 -0.0011391741458 4.38774 4.25284 2.2212969743 0.096178266605 -0.20212057145
-113.422 48.9725 -0.00071222542495 -1.00070786773e-05 -0.000871731790102 0.00265062346005 4.62137 4.53935 -1.78164655131 2.8427473824 -0.683215557897
-112.733 48.9777 -0.000780107019697 0.000174664225225 -0.00162142918643 0.00222520834951 4.35113 4.33169 -2.64594858898 0.783068086621 -0.695207829893
-111.597 48.9482 -0.000418001860072 0.000481222506844 0.000993798252151 0.000878237330293 3.74489 3.81737 -3.44942484954 -4.38293655427 -0.257723539152
-110.699 48.9448 0.00049395019882 0.000232364605994 0.0019561091752 -0.00521064199854 3.44865 3.5096 2.37609784955 -5.38157033305 0.545699495082
-109.846 48.9198 0.000331564818011 -0.000278149178769 -0.0011534792697 -0.00057553606918 3.97701 3.96511 0.0351083017076 1.74321036308 0.202316759783
-121.484 48.5183 -8.37298148385e-05 -0.000633984219479 0.00174153037816 0.000484776066765 3.91847 3.91056 -2.11563699795 7.87850548715 -0.192988161564
-120.12 48.4607 -0.000248459894924 -0.000656842630604 -0.000204911976552 0.00036350319599 4.05151 4.03879 -0.818666179566 8.63867824662 -0.383848076084
-119.333 48.3584 -0.000511834938362 -0.000436174043842 -0.00283697660359 -0.000322990830071 4.32129 4.33757 -4.07090606161 6.45287727498 -0.578350370081
-118.149 48.4226 -0.000319151220913 0.000611482950168 0.00145236898433 0.00309196296545 3.81062 3.8642 -10.2353060896 -7.34349481425 -0.26926365907
-117.225 48.2995 0.000269018968083 0.000980266037528 0.00136128847012 0.000527795577937 3.6896 3.69205 -5.93927831763 -12.7874461183 0.428499676997
-116.367 48.4366 0.000200005164518 0.000542024397861 0.00135271570595 -0.000788073564496 3.75594 3.78288 -1.0859239817 -7.30918123586 0.335179333753
-115.589 48.4694 0.00045122672171 0.000667893905869 0.000856426988659 0.000319768409219 4.22055 4.27323 2.0083287663 -9.92653517222 0.643777940557
-114.468 48.3739 0.000133979758338 0.000599065773291 -0.00270156122816 0.00202266743399 4.95628 4.80453 -2.99767721441 -7.87399544323 0.283089642868
-113.273 48.3609 -0.000863130182298 0.00021398237817 -0.000691621200153 -0.00189150182741 4.36327 4.31175 4.08723235951 1.8019375574 -0.711406960184
-112.562 48.3129 -0.00121923833586 0.000353275575322 -0.00146774068179 -0.000171781529289 4.11645 4.28174 0.500950543689 1.08704210744 -1.02561409627
-111.707 48.4128 -0.000375410031277 -0.000157854146827 0.00291795002408 -0.000625128206682 3.48758 3.63425 -1.78620778674 3.49802759196 -0.406065713132
-110.799 48.2921 0.000652699996636 -0.000242637660533 0.00212157396233 -1.13847185244e-05 3.71349 3.76055 -3.61405294524 0.48543486771 0.550713613936
-109.777 48.3943 0.000386644753937 -4.01650913924e-05 -0.00389085353672 0.000941909416511 4.34549 4.31366 -2.50432706991 -1.19129212164 0.351366271687
-120.894 47.923 -4.3392180484e-05 -0.00066295276031 0.0019394592015 0.00108169181667 3.87111 3.8433 -2.03240094161 8.1759218818 -0.162024373658
-120.061 47.6902 -0.000198971056269 -0.000378701441703 -0.000371099481354 -1.63530450483e-05 4.15658 4.08615 -0.875501468509 5.1316942499 -0.273942009086
-119.045 47.7849 -0.00113391430648 -0.000326365761101 -0.00326533084847 -2.75856906294e-05 4.55846 4.49504 -0.511821553191 7.25068339975 -1.17859975191
-118.274 47.8006 -0.000955091057271 -2.18280901196e-05 0.000319667955916 -0.000547992764779 3.8132 3.92433 -3.91230229578 2.46988964301 -0.942948468385
-117.308 47.8192 0.000351837155214 0.00136890212446 0.00319275291784 0.00207430934086 3.52891 3.67525 -8.82233674744 -17.7091268067 0.502964564657
-116.256 47.8397 0.00115421433896 0.000415381372325 0.000795244947651 0.000943601670229 4.14275 4.20583 -5.35140520321 -7.93965701251 1.21151959741
-115.475 47.7092 0.000442763800988 7.85794156284e-06 -0.00410880186482 0.00352038760276 4.8952 4.7972 -7.34235920549 -1.02099799851 0.4381348713
-114.574 47.6795 -0.000436564762199 0.000528086113442 0.00209377649671 0.00160039651284 4.10912 4.06503 -5.10778626234 -5.43135376919 -0.313607160459
-113.747 47.7687 -0.000415060244556 0.000449692511492 0.00145359878922 -0.000823412111289 3.97759 3.98914 0.401254997117 -3.79487970512 -0.250110615958
-112.607 47.775 -0.00048406440464 -0.000331625518966 -0.00290883751238 -0.00266822164192 4.21186 4.28674 7.34689321575 6.66038047529 -0.581170657675
-111.746 47.8012 8.11670000513e-05 -0.000666515432108 0.00293357279882 -0.00210659433039 3.65952 3.71711 0.431900569235 7.78779660848 -0.15544183437
-110.763 47.6327 7.8161340658e-05 -0.000208213391102 -0.000126999273547 0.00241704930791 4.08987 4.04325 -7.90547351504 2.43886460113 0.0302644954505
-121.989 47.1881 0.000216537267588 -0.000145899983465 0.00715871246494 -0.00277394892894 3.59669 3.57894 0.81097869696 1.20028914175 0.181231831194
-120.844 47.1935 -0.000263815572488 -0.000551786967268 -0.00231591181269 -0.00257441533163 4.05565 4.00761 4.78048093503 7.50466002182 -0.413162474492
-119.973 47.1936 -0.00060571253563 -0.000201663482649 0.000289204162034 0.000597761701584 4.13286 4.06553 -1.2915815612 3.97875323622 -0.633837271401
-118.921 47.0573 -0.000785583858698 -0.000657254816127 -0.00110802415692 -0.00100059804422 4.22312 3.89357 3.07524186509 10.7397327882 -0.941377051265
-118.309 47.0615 -0.00232976040376 -0.00105535994867 0.0012817914039 -0.00179969303701 3.89943 4.08391 1.30982899726 20.6314185271 -2.5266036023
-117.276 47.0547 -0.00131163310729 0.000368565815007 -0.000449706304815 -0.00401149524373 4.02297 4.54749 4.56185085444 1.15054346023 -1.11316641764
-116.335 47.0477 0.00229244296228 -0.000345831094347 0.00143226673587 -0.000551056099883 4.00925 4.07359 -6.56363359725 -0.294269594175 2.20828642374
-115.353 47.0528 0.000329619190065 0.000183969460161 -0.00254020156053 -0.00267328986821 4.40265 4.30285 -2.54321936772 -3.3085615696 0.364292551658
-114.459 47.0943 -0.000240839956834 5.88505010079e-06 0.00115725614106 -0.00215411018651 3.9789 4.06999 0.133782072719 0.855816194379 -0.228047426953
-113.506 47.0816 0.000240906573141 -7.42491160671e-05 0.00267167976432 -0.000490377429409 3.84512 3.90461 -3.64196362893 0.154332177815 0.214826932563
-112.52 47.0418 5.35652253628e-05 -0.000495554209904 -0.000916486206332 -0.0017040831083 4.22776 4.15489 1.62545949838 5.80062047085 -0.123335414155
-111.549 47.0308 -0.000734551935314 -0.000309672873238 -0.00282803080457 0.00271752762549 4.52883 4.4066 -5.10889759492 6.34448727134 -0.788847862784
-110.687 47.1523 -0.000263363244981 0.000664897613142 -0.000100079184613 0.000445668769044 4.03079 3.95865 -3.98168307354 -7.39905355412 -0.0636479472483
-109.802 47.1961 -7.62546005334e-05 0.000540415931215 0.00175679577233 0.00207827364795 3.85733 3.85164 -3.83042217225 -6.50885004622 0.0892131410546
-123.563 46.5459 -3.26486566217e-05 0.000489602556689 -0.00124081288264 -0.0186145275641 3.6043 3.60353 21.7596205595 -4.88904340897 0.228499310926
-120.979 46.5433 -0.000136648109963 0.000140597705556 0.00302213871982 0.00185194883118 3.85657 3.81619 -1.87003565798 -1.42674180039 -0.110344440442
-119.855 46.5585 -0.000126556188194 8.21116144262e-05 -0.0023820601333 -0.000954405387122 4.33804 4.31857 3.17294683585 -0.554839323692 -0.0992905692068
-119.06 46.4911 -0.000158932594504 -0.000237696714451 -0.000303523496899 -0.0023767006835 4.15935 4.05621 4.13763563886 3.44639733398 -0.222827357735
-118.146 46.5139 -0.00109337624141 -0.00041369295944 6.4962262512e-05 0.000861712667583 4.10553 4.01602 -0.677547645943 8.27018176387 -1.15934271024
-117.11 46.485 -0.000227674298225 -0.00234721378389 0.00119413683626 0.00328128227917 4.01601 4.23484 -8.38568381638 29.9589124021 -0.490083831884
-116.209 46.3559 0.000503982031866 -0.000547129057258 -0.000980926251292 0.00250630958347 4.26622 4.27013 -5.94663566045 5.823585394 0.406100615412
-115.571 46.4151 -2.89927845719e-05 -0.000527898769819 -5.79655407188e-05 0.00196846689977 4.17905 4.08903 -5.51546452318 6.72235588452 -0.125036798416
-114.188 46.4423 -6.65063689588e-05 -0.000651341328309 0.000672370747448 0.000971408077941 4.09401 4.13894 -4.78759609471 8.40496932131 -0.204901277479
-113.493 46.4162 0.000397505023076 -0.000401987866497 0.000369554348689 0.00212565097622 4.22299 4.13038 -8.36607613404 4.30416044251 0.326593492166
-112.641 46.4246 -0.000380825153095 5.14738058966e-05 -0.000495015357015 0.00427659464094 4.36985 4.09057 -10.3587028718 0.0359898248034 -0.369756207429
-111.676 46.5336 -0.00117880364548 0.000673655207485 -0.00454912819783 0.00142968904516 4.66305 4.47803 -1.73764164433 -3.74481367109 -0.920029901229
-110.858 46.462 -0.000844283544873 0.00100059350189 0.00218624679362 0.000897420815329 3.60312 3.72461 -2.94779359 -9.33631784111 -0.513981310175
-109.914 46.5663 0.000124688878208 0.000801626587228 0.00482080398039 -0.00271593763698 3.45813 3.49302 3.02642943417 -10.3637395613 0.438488812931
-123.559 45.9306 -0.000215242143888 1.29929904776e-05 -0.00434192562764 -0.000704731894774 4.45038 4.49115 8.40571883079 0.662388317015 -0.200695528647
-122.419 45.9325 0.000115481123522 -0.000635359280351 -0.00706665939455 0.00456972661369 5.40651 5.47529 -3.69856195034 7.60561751674 0.0398735157888
-119.928 45.8951 -4.59065143817e-05 -0.000674045915635 0.00303495954511 -0.00207662266937 3.87477 3.82298 2.32317830932 8.30240202633 -0.21532745079
-118.777 45.7971 -0.00057522009094 0.000401944297543 -0.00318589383291 0.00298170585021 4.596 4.63095 -3.91941643751 -3.82590197896 -0.502664330324
-117.909 45.7087 -0.000500000485757 -0.000761593800738 -0.000366170756694 0.00076507281691 4.40335 4.59773 1.58807848998 10.9865317854 -0.684882427621
-117.228 45.9734 0.000110690823738 -0.000847202287136 0.000456996950828 0.00259592636022 4.09414 4.131 -4.04484687863 10.3337999977 -0.0452128433834
-116.155 45.8883 0.000557478811141 -0.000349516718254 0.000486871132962 -0.000967713105605 3.9819 4.05104 2.26503686091 2.1048289747 0.425638645599
-115.255 45.7565 0.000269120748312 -0.000603311272894 0.000288795101889 0.000725112337546 4.10164 4.04884 -0.108318653569 6.51661281141 0.0935683203242
-114.332 45.7893 -0.000517484349243 -0.000817022664324 -0.00103876722467 0.00121563067995 4.44883 4.39463 -3.96908770627 11.7869764619 -0.685633628739
-113.37 45.8122 -0.000709991222202 0.000148920504699 -0.00114922539451 0.00177130849965 4.40269 4.37942 -6.14344171301 -0.0695608593389 -0.666430917078
-112.493 45.8409 -0.000984538255519 0.00101619495683 0.000761680923141 0.000896885163243 3.88661 3.98416 -4.70620803043 -9.88198929456 -0.718008264229
-111.626 45.7843 -0.00113055510647 0.000220424918034 -0.000763213125541 -0.000883761286081 3.74776 3.855 0.640582681778 2.26367938001 -0.990710539347
-110.659 45.9054 -0.000185954412951 0.000307515064946 0.00293448601171 -0.00392606645362 3.27786 3.42069 3.65078754463 -2.7420705547 -0.0477621509674
-109.716 45.9046 0.000458439471891 -6.66330754295e-05 0.00152179849261 -0.00112714386748 3.70081 3.79661 1.97352597032 -1.52637252798 0.397427771785
-122.478 45.2059 -4.6651369636e-05 -0.000580636155542 -0.00931371216601 0.000850727147752 4.80849 4.78302 0.652101757562 7.14034203931 -0.154577398891
-120.635 45.2357 1.13989025899e-05 -0.000262535129126 0.0087923658206 0.00344261233149 3.39566 3.39128 -7.00566472609 3.25260827532 -0.00946521774555
-119.669 45.2664 -0.000464597139016 -0.000361555606298 -0.00275387720163 0.00249588844296 4.29261 4.24053 -3.83799113459 5.34489305457 -0.512794056082
-118.96 45.2904 -0.00128527450152 -6.68802624413e-05 -0.00297851811941 0.000407114409985 4.87269 5.06304 0.900302744262 4.67248551601 -1.26425658467
-117.78 45.2781 -0.000153752548908 -0.000955038692737 0.00167212933048 -0.00126174399927 3.83438 3.87494 4.49476019601 12.1188495479 -0.445518279975
-117.12 45.2925 -0.000126340134285 -0.000922152429902 0.00113639760008 -0.00444859453151 3.63084 3.6255 8.7227954207 11.4403656612 -0.477040003615
-116.268 45.3997 0.000574944848969 -0.00103143936374 0.00114811228254 -0.00176336269305 3.86601 3.91986 6.79193896828 9.52070770389 0.150315828037
-115.326 45.1285 0.000237042832991 -0.000791485370646 -0.00193614990491 -0.00247236701322 4.42221 4.27382 9.69599106893 7.90485354235 -0.124696652604
-114.233 45.0931 -0.000905280386805 -0.000903144469781 -0.00162761148875 9.67789328823e-05 4.43915 4.33114 0.608672234045 14.6443606414 -1.13109936973
-113.46 45.2432 -0.00157480878156 -9.88143697989e-05 0.000669094294127 -0.000864678508558 3.82776 4.00983 2.76942163317 8.2146325887 -1.51374606681
-112.489 45.166 -0.00051385174437 -0.000264276054917 0.00220373232854 -0.00312149874141 3.43765 3.64986 4.98531989382 5.80974017112 -0.576232844127
-111.805 45.2285 9.7872991522e-05 -0.000574960633645 -0.00153266378331 -0.0031301046717 3.79173 3.92228 4.62451120264 6.43808904745 -0.136478347973
-110.74 45.3212 -0.000273366207531 -0.000835439534978 0.0029559339529 0.0020918266182 3.59759 3.68043 -5.1363209723 11.592143452 -0.472112131082
-109.563 45.3171 0.00031324415709 -0.000117338314746 -0.00197905612656 0.00337119130094 4.21437 4.29742 -5.13044537585 0.401114808979 0.270962160851
-122.186 44.6837 -0.000274356311353 0.000315057358993 -0.00571098446425 -0.00897398606438 4.1766 4.10908 9.23370652398 -2.54732112319 -0.154131269164
-120.335 44.7344 -0.000271221949205 -0.000480869053475 0.0051702922945 0.00249311795816 3.69048 3.68361 -2.64989128904 6.46759608588 -0.342609616333
-118.67 44.5191 -0.000215910531338 -0.000552424085813 -0.00234748960458 -0.00263215546879 3.97075 3.98036 3.0397766193 7.46209588522 -0.358214827556
-117.664 44.6653 0.000490621123088 -0.000369464969091 0.00270898719055 -0.000546432031216 3.60235 3.60312 1.20146803933 2.94722985974 0.379902820011
-116.747 44.589 0.000457074844448 -0.000344304231262 0.00121918574506 -0.00111432377766 3.84989 3.78048 3.4430269288 2.41371128342 0.330521111739
-116.013 44.7035 0.000105146082905 -0.0008117738393 0.000330900873438 -0.00072081361802 4.28634 4.21946 5.17828560972 9.32487381647 -0.180138295483
-114.855 44.5494 1.59253038449e-05 -0.000811719590842 -0.00267490235622 -5.75105615012e-06 4.78391 4.26369 7.43344972822 9.56841205927 -0.30504684217
-114.255 44.5642 -0.00164572494097 -0.000776477469444 -0.00230748854808 0.000341729572818 4.46031 4.30577 5.97943639596 17.4076086252 -1.81715609796
-113.367 44.6165 -0.00166951682215 -0.0014813950617 0.00359256358198 -0.000691042712664 3.42615 3.7263 3.27887570479 25.6697058514 -2.07924473613
-112.644 44.6173 -0.000294301512784 -0.00184093645598 0.000767888704237 -0.00059595933847 3.7191 4.06741 1.65831092522 24.0383291556 -0.884193751969
-111.248 44.7038 -0.000280563965583 -0.000841062290843 -0.00370994485941 -0.000297902735524 4.39007 4.45523 0.0446620865375 11.7039175984 -0.536698620573
-110.576 44.3951 -0.000483529088809 -0.00101215175771 -0.000196659955523 0.00145651643493 4.03073 3.69566 0.120988914368 14.788083113 -0.79053862506
-119.504 44.082 -4.69718430685e-05 -5.45061383839e-05 -0.00024441775532 -0.000410235081128 3.95555 3.92997 -0.699821288964 0.788123874726 -0.0566991848502
-117.741 43.9733 1.77011005817e-06 -0.000197097335823 0.000472332136651 0.00113825158274 3.80859 3.84686 -3.01120202941 2.464456506 -0.0332652302292
-116.803 44.086 0.000703006967462 0.000389559931792 0.00181575476437 0.0029546185875 3.85627 3.82767 -4.30910360242 -6.43038662574 0.758625074182
-115.958 43.9121 0.000895165605664 -0.00010318246724 0.000353562218131 0.00152638638376 4.15491 4.04342 2.2584196239 -2.06813585198 0.826821549094
-115.133 43.7945 0.000248478575637 -0.000394649329267 -0.00261359893245 0.000446243622511 4.41573 4.23006 7.83401455785 3.44166139906 0.0744033142833
-114.117 43.9146 -0.000355779473358 -0.00100625470986 -0.00043081992188 -0.00112627780009 3.97822 3.92265 8.07057488379 13.8393372323 -0.735794818664
-113.452 43.9286 -0.000632982148285 -0.00153732090628 0.0028888508041 -0.000859227789834 3.64138 3.60616 3.74500091335 21.6986981232 -1.12746629825
-112.485 43.9997 -0.000944237911061 -0.00198370894352 -0.000410751030668 0.00114102976348 4.1269 4.08669 -0.292766810426 28.5437087048 -1.4856517746
-111.487 43.8756 -0.00137214377127 -0.00126844499833 -0.00246129353831 0.00403296211019 4.41514 4.58171 -6.30619943643 20.1189531355 -1.6029881441
-110.576 43.92 -0.000809686178247 0.00156358211877 0.00367500690678 -0.00397823859848 3.52544 3.69872 3.64954715999 -15.0528302133 -0.148117065031
-109.817 43.7013 0.000178283614517 -0.000913584312838 -0.00196432660579 -0.00216665313541 4.08904 4.13389 -2.50271686606 10.9732778535 -0.0951306423615
-118.474 43.358 -0.000402220741801 -9.09854841239e-05 -0.00234884628346 0.00192756514264 4.23207 4.22641 -0.676829070068 2.1677783991 -0.41231922375
-117.754 43.3471 -0.000275607085388 -0.000207517744208 0.000400373785782 0.00168292944284 3.85983 3.90739 -1.65789322704 3.28070008365 -0.310916491208
-115.828 43.4151 0.000857058113976 0.000224251947016 0.00100031211968 3.22816371191e-05 3.87757 3.87854 2.03447665453 -5.90895794718 0.885457467021
-115.098 43.25 0.000802689989525 -0.000176723072539 -0.00145954765351 -0.001102025783 4.21667 4.14159 6.89233222072 -1.74320399496 0.679331504288
-114.174 43.3979 -8.33890157348e-05 -0.000880144321821 -0.000625760129958 -0.00065562262912 4.15714 4.01714 7.72049077619 10.9450345325 -0.426909225343
-113.518 43.3234 -0.00044190082761 -0.00109033832148 0.00182771013005 0.000262350934637 4.03054 3.88003 3.1611015903 15.3647601168 -0.778703431034
-112.433 43.3998 -0.000815139697442 -0.00102504164493 -0.00139208485017 9.99795701367e-05 4.43195 4.12108 1.42856421132 16.196283515 -1.09889592145
-111.612 43.2741 -0.00292548385211 -0.000934591686898 -0.00254707670529 -0.00152024791655 4.4536 4.22279 3.96592355776 25.7771044785 -3.06378802451
-110.712 43.3629 -0.00170812197145 -0.000850441883708 0.00159397472861 0.00139780333942 3.80395 4.3354 -7.20011797767 15.5285930963 -1.84158821396
-110.02 43.2112 0.00134609056826 -0.000474350306072 0.00248819082231 0.00303288746998 3.87153 4.10438 -7.6460780487 2.6784123295 1.2266681955
-116.87 42.7779 7.94399389028e-05 -0.000194618390101 0.00316838026068 0.000337624037114 3.59212 3.64873 -1.12903533016 2.22349088876 0.0363809921722
-116.032 42.7713 0.000985560888952 9.585425072e-06 0.00165009910496 -0.00124204123822 3.66548 3.7171 1.83503431719 -3.5863483033 0.950771186369
-114.903 42.636 0.00116130944426 3.15511176772e-05 -0.00219093373752 -0.000112614876424 4.30105 4.15954 4.3431551826 -5.33306895796 1.10742585777
-114.084 42.6493 0.000344086609457 -0.000191300092425 0.000380216334073 -0.000260555093818 4.24832 4.02322 3.83941736106 0.873812303988 0.261622397967
-113.176 42.5452 -0.00066436665906 -0.000273063627217 5.94058694325e-05 0.000690951758655 4.26474 4.04734 2.48993208419 6.17659338941 -0.71675120365
-112.531 42.6852 -0.00132863428325 -0.000434527626488 5.72180695448e-06 0.00060308107907 4.34366 4.20762 2.25990133001 11.0926906168 -1.39774016214
-111.588 42.8321 -0.001440413881 -0.000376547945857 -0.00108027862969 0.000121522185521 4.31009 4.30589 4.50070140097 11.7677236573 -1.47657685613
-110.92 42.7507 -0.00142315391325 -0.00306816627327 -0.000559763535793 -0.0017177189685 4.21933 4.48145 2.48886264509 44.8339680801 -2.40685402168
-110.042 42.6372 -0.00133467773354 -0.000760721667773 -0.00150604443328 -0.000498574725818 4.04029 4.21063 -2.35973289945 14.7636398488 -1.49444231284
-108.847 42.8247 -0.000590204902767 0.000220695618944 2.82741638863e-05 0.00773182646308 3.88267 4.03479 -10.0309480701 -1.58931149224 -0.544603993268
-108.342 42.6579 0.000265388644833 0.000421233004187 0.0114131516549 0.00358614481777 3.39842 3.44553 -6.51098526925 -6.36642216233 0.356627465536
-116.471 42.0773 7.19857836103e-05 6.37317321072e-05 0.00400233659023 -0.00133817932984 3.51419 3.55215 1.06130546964 -1.02540063433 0.0855761834276
-115.754 42.1669 0.00069912269733 7.49640758966e-05 0.00170307818992 0.00111825699549 3.71796 3.7481 -3.97674884124 -2.5166821973 0.701561511888
-115.016 42.146 0.0011355810146 0.000620947538344 -0.00237138932807 -0.000531551976527 4.52487 4.40681 0.871050698414 -11.6835899608 1.25942976221
-113.944 42.0886 0.000315148087818 0.000597044623949 -0.000500787732005 -0.000478013134059 4.27604 4.05236 3.42703149712 -8.71751327039 0.48989148962
-113.24 42.0343 -0.000215622897436 0.000262514955806 0.000144203803381 -0.000190513135311 4.20494 4.07941 4.43021434375 -2.25726072673 -0.11162944803
-112.386 42.0041 -0.000594688671715 -0.000564395790547 -2.04638745783e-06 -0.000106154773771 4.27753 4.23273 5.72821032193 9.86456641159 -0.763665084289
-111.432 42.0149 -0.000830369343511 -0.00074007872943 -0.000193572638831 0.000637492699431 4.40684 4.33077 4.67759562114 13.2285513978 -1.04628033575
-110.873 42.0995 -0.00127156237845 -0.00105585533215 -0.00037948249055 0.000541593770289 4.30594 3.9797 2.01180616074 18.950873274 -1.55299134715
-110.036 41.9243 -0.00197276064074 -0.000835482060084 -0.000463035518061 -0.000739109937541 4.18876 4.01729 1.56810164593 19.486141351 -2.13918525872
-109.357 42.1012 -0.00160182654638 -4.07883497675e-05 -0.00246027136437 -0.00119414163361 3.91021 4.06733 -2.09884446048 6.74769596989 -1.54524036439
-108.34 42.0073 0.00078429901012 0.000328477050211 0.00693313721151 -0.000580267545902 3.04682 3.06438 -7.76804479445 -6.53519329371 0.835204705027
-107.369 41.9641 0.000433413468962 0.00162520199291 0.00130288145103 -0.00228426712827 4.15366 3.6555 -5.93529115777 -22.8747914843 0.82700460558
-106.434 42.031 -0.00088327708228 0.000291024060421 -0.0176416512317 -0.00336328195754 5.71101 5.8429 13.3732376651 3.59209094988 -0.561164205326
-116.54 41.522 5.06518224894e-05 5.64643243596e-05 -0.000386577185438 -0.000896530566939 4.08067 4.163 -1.74249719857 -0.841221165002 0.0607239725393
-115.791 41.4311 0.000319597835631 0.00010619009113 -0.00266972165979 0.000859263297815 4.36643 4.53585 -5.32725152709 -1.95228248132 0.331493505266
-114.915 41.4157 0.000577128103189 0.000647430259352 0.00168436867764 0.00344893218651 3.83686 3.92864 -11.6132839141 -8.75900682572 0.605683623638
-114.165 41.3602 0.000980546922129 0.000832814529421 0.000896732701904 0.000467654581412 3.8763 3.93393 -0.776800032582 -13.6667321182 1.15244984469
-113.347 41.503 0.000520817088052 0.000111409057822 -0.000147558448374 -0.000681484843311 4.11227 4.02948 4.1929966147 -3.67808881512 0.527985143814
-112.448 41.4632 -0.000331931042225 -0.000501828570804 -0.000225688060691 -0.00105462261195 4.22447 4.13514 6.65035217809 7.8133252425 -0.50018346769
-111.63 41.3146 -0.000896007705957 -0.0013966211721 -0.00128391706287 -0.00183136392251 4.41547 4.25368 10.1420731473 21.9321056385 -1.42946996665
-110.666 41.4729 -0.00126329386578 -0.000207822445206 -0.000824193348778 7.5200250693e-05 4.37776 4.27083 3.77620138841 8.71115070219 -1.25259702489
-110.067 41.4272 -0.00230669643751 2.15534256242e-05 0.00144949262038 0.000578892778655 3.92496 3.86736 0.948737927472 9.74426922503 -2.1753671038
-109.157 41.5047 -0.0017517303298 0.000364148859594 -0.000902816786476 -0.00281564910747 3.86146 4.06346 2.17472426065 3.83677401566 -1.50659006464
-108.187 41.4906 0.000145088714137 -0.000773274584135 -0.00166542921768 0.00240793997149 3.77278 4.01495 -5.68702614505 9.70854468874 -0.0437565359726
-107.364 41.6067 0.000615111375814 0.0058274955641 0.00275180283302 0.00672914165884 3.66622 3.61826 -37.5045843301 -73.2822495562 -1.1414119133
-106.596 41.4033 0.000348649045826 -7.45208926924e-05 0.00672605812574 0.0025572806092 3.70951 3.82691 -4.54498697369 -0.353110040943 0.313967613533
-116.508 40.7186 -0.000201017944587 -0.000893456333258 0.0011100491798 0.00343046634411 4.07263 4.0229 -7.70211564426 11.7140725749 -0.277664202362
-115.736 40.8167 -0.000183789072322 -0.000465896328839 -0.00442280087366 -7.99809409078e-05 4.69465 4.71429 -7.45560509188 6.25301888083 -0.230173727342
-115.039 40.8522 0.000262939623273 0.000382576323875 -0.000107582631203 0.000572597122432 3.89548 4.02919 -5.94566699585 -5.40531716189 0.312879600391
-114.204 40.8556 0.00093663072215 0.00042156682942 0.00397188127079 7.8785733629e-05 3.39931 3.49677 -2.6984038644 -7.90102924315 1.00284723562
-113.187 40.8513 0.00109793072208 6.5043780874e-05 -0.00194673940901 -0.000769712568261 4.11088 4.08147 2.12219915977 -5.12853730767 1.06744096949
-112.52 40.8903 0.000252915953474 -0.00039278695523 0.00204061786322 -0.000315749098823 4.15659 3.87856 2.74473797959 3.86712916799 0.115317842515
-111.437 40.8869 -0.00125248302975 -0.000619391307401 -0.00125547004021 -0.000274222223878 4.557 4.062 4.73614335336 13.7458023349 -1.39194582977
-110.834 40.9425 -0.00265222459298 -0.000234485954411 -0.00251359672778 -4.19994851333e-05 4.77073 4.90859 7.47183981787 17.5750922706 -2.50992034416
-109.673 40.9763 -0.00303131740054 -0.000197289996175 0.00248053727532 0.00200909290285 3.99622 4.28681 -0.128719675986 15.0492622933 -2.94547893581
-109.177 40.8936 -0.000737573988596 -0.00145898215525 -0.00110518267123 0.00339049929452 3.98921 5.32346 -1.91460992447 21.7055804084 -1.1203565301
-108.263 40.8338 0.000287362106426 -0.00148438685229 3.97818973386e-05 -0.00135604686139 3.73291 3.98126 -0.280211983367 17.8202665824 -0.205650591987
-107.52 40.76 -6.54199009358e-05 -0.00125467703698 -8.38510072242e-05 -0.00680371292265 3.74461 3.83031 3.29622572509 16.1051054731 -0.548651014579
-116.5 40.2917 6.51724738975e-05 -0.000348523008543 -0.00655948921164 -0.00238848048064 4.62968 4.36928 2.83395431256 4.12056885827 -0.029152293456
-115.657 40.1313 -0.000666383101346 0.000500325430842 0.00192628651645 0.00482945012387 3.90039 3.85057 -10.6199349286 -6.13400057354 -0.644938623584
-114.745 40.2679 2.09481620368e-05 8.41250174664e-05 0.00306910193237 -0.00368189677454 3.225 3.28329 1.34124523677 -1.13242899257 0.0421229565406
-113.981 40.1314 0.00123400687063 -0.000386851684708 0.000920489800416 -0.0015306469645 3.721 3.77643 1.68694082266 0.437388933484 1.08044256701
-112.469 40.2807 0.000317682437983 0.0004071196286 -0.0016624379146 0.00147084917788 4.41669 4.2046 -0.964419557513 -6.27674524466 0.409446388749
-111.502 40.2067 -0.000799873040903 0.000231230948315 -0.000141000890868 0.00201066269763 4.56728 4.27266 0.231003585119 0.0500346089435 -0.7021838772
-110.738 40.1948 -0.00195786918607 -0.00049341890433 -0.00153939604453 0.00025723651991 4.48273 4.42066 5.23693328165 15.9413720336 -2.00029199912
-110.008 40.2655 -0.0014640216888 -0.00143933273496 0.000327850840091 -0.000215708473742 4.0922 4.30234 5.5530317981 25.498979918 -1.90860906744
-109.124 40.2982 4.33079144328e-05 -0.00200505241428 0.00155301845326 -0.0033890509558 3.69436 3.79786 5.56440271492 24.6088109202 -0.763598335147
-108.242 40.1348 -0.00034403873344 -0.00180978351892 -0.000880798063478 -0.000444595742234 3.96203 3.96452 0.85880890273 24.7621611239 -0.928834557187
-107.47 40.2149 -0.000133924962758 -0.00161190615914 0.000590922819935 0.00116084670236 3.97281 3.95586 -3.04909678153 21.6477247369 -0.580236321779
-116.464 39.6202 -0.00094790634775 5.38306787695e-05 -0.012270244336 -0.000462498577127 5.25747 5.25659 4.23990959238 2.7983177739 -0.894041330973
-115.754 39.553 -0.000820326913988 0.000182475363895 -0.000822939087402 -0.0023147816923 4.02958 4.21566 6.91944779704 1.33771264514 -0.711782750309
-114.908 39.4731 0.00113383110115 0.000422236335372 0.00696081308462 0.00121669159532 3.03358 3.04384 -6.0894918896 -7.31820497423 1.17750329237
-114.016 39.455 0.000777980892751 0.000478916882695 -0.000942534220476 0.000570385310365 3.88584 3.7389 -3.40991987564 -8.04832106363 0.851982418738
-113.069 39.5906 0.000107158991035 0.000644887582495 -0.003543077444 0.00151237562991 4.57273 4.39313 -1.93598550239 -8.62983672406 0.246324106749
-112.279 39.5708 0.000293465858251 0.00122636626255 0.000669675122003 -0.000265867235137 4.20164 4.12782 0.481772845386 -16.7438747443 0.614310391649
-111.66 39.6092 2.56371743537e-05 0.000630240805019 -4.20398620358e-05 -0.00109329975758 4.14282 4.04234 2.02023611859 -8.11161878283 0.216267561985
-110.74 39.473 -0.000225042334706 7.81719975472e-06 0.000373904241098 -0.00198649932697 4.01605 3.9043 5.85902059405 1.04297602864 -0.205435364669
-110.246 39.6279 -0.000658928029681 -0.000964875074238 0.000664083828667 -0.0024754471291 3.93313 3.81811 7.07330815743 15.4585105298 -0.992944413971
-108.981 39.6333 8.1119105512e-06 -0.00129654975722 0.000923889199446 0.00140754736444 4.09307 4.01238 1.40501634113 16.5664532499 -0.418281841089
-108.391 39.4998 -5.99982813647e-06 -0.00130516980101 -0.00159791590923 0.000811051475827 4.38138 4.21131 1.16301197597 16.7906581518 -0.437469572329
-107.449 39.524 -0.000532977116498 -0.00106330575202 0.0015019553741 -0.000291281024539 4.02613 3.96043 -1.3987801248 16.0734909129 -0.828322987895
-116.4 38.8247 0.000278431265471 9.7693144742e-05 0.00121315188675 -0.000792414233422 3.91121 3.75105 -0.084649150024 -1.97490757809 0.29249287063
-115.654 38.8455 -0.000646954900137 -0.000625409215746 -0.00334297399736 -0.00471568526165 4.06407 3.90561 9.43306524932 10.6936069847 -0.832993233968
-114.83 39.04 -0.000254645573574 5.79980935601e-05 0.00427273207784 0.000228829048252 3.41891 3.53203 -4.52765567925 -0.256117849859 -0.243218858973
-114.02 38.9551 0.000682229119055 0.00127648761406 -0.000242906325735 0.00312081942233 3.86516 3.99088 -12.0093046159 -17.0422936963 0.717466440691
-113.277 38.9882 0.000266980906628 0.00118975951261 -0.00130636751892 0.00146347962751 4.16425 4.18403 -4.62755901827 -16.0982881404 0.460365178927
-112.379 38.9995 0.000106481473242 0.000810111902257 0.00113826964075 -0.0010379671917 3.9714 4.03322 -0.0100377660045 -10.7757630755 0.310125429469
-111.172 38.9176 0.000235961657901 0.00055107323923 0.000454773826144 -0.00100305117211 4.06381 4.05749 2.24248023014 -7.99913746824 0.394108832091
-110.133 39.1025 -3.30088540759e-05 0.000103403296491 -0.000284727302369 0.000321978377252 4.25089 4.10829 3.04316874898 -1.16365087745 0.00362117515183
-109.263 38.9553 0.000130731630672 -0.000681686398401 -0.000700052193699 0.000174454663366 4.33585 4.216 2.47316659534 8.10966901436 -0.105829365109
-108.296 38.9541 -0.000357307410448 -0.000344966752226 -0.000295895201312 0.000627731292726 4.2146 4.04239 0.375555506105 5.99525113868 -0.447469331592
-107.574 38.8347 -0.000970418959588 -0.000181654063257 -0.000137078903168 0.00231347748284 4.1392 3.97105 -4.37720802813 5.63478491417 -0.985523301148
-106.91 38.8627 -0.000747683059919 -0.000368883822796 0.00167911482311 0.000967112978898 3.86692 3.88483 -1.43219796202 7.93178883371 -0.824009721743
-116.302 38.2886 0.000139505943836 0.000334147378633 0.00342179762435 0.0011671418112 3.75492 3.69463 -4.89473479997 -4.52104495167 0.177804214848
-115.585 38.3489 -0.000337781527447 0.000266959638994 -0.00197031644002 0.00102396063309 4.17709 4.0439 -2.18482687444 -2.66486458692 -0.28634795904
-114.608 38.3281 -0.00072570352709 -0.000267811447713 -0.00185308843116 0.000855490728271 4.21973 4.22431 -3.42768319766 5.02837818956 -0.759768833376
-113.969 38.1802 -0.000225832034642 2.81440041455e-05 0.00262218938353 -0.000190340430462 3.61029 3.74084 -4.62483705349 0.0787766740082 -0.219075563944
-113.021 38.2987 0.000454531996036 0.000125711196471 -0.000124165171744 -0.00118110822378 3.87134 4.12051 -1.68889841651 -2.91199900262 0.470873371164
-112.277 38.2108 0.000577057461946 0.000141707985758 -0.000567368601316 0.000527325704445 4.05994 4.13143 -3.49496096936 -3.31836738386 0.593481760712
-111.483 38.2843 0.000394879057689 0.000388478989122 0.000859733297247 0.000641871558512 4.0089 4.00049 -2.96425888036 -6.19794555346 0.467687492265
-110.711 38.4187 0.000134496274531 0.000260161123997 -0.000681749211735 0.000860001744097 4.23474 4.20754 -1.30977709378 -3.84071684187 0.195093142356
-109.894 38.3862 0.000282593379846 4.12348074652e-05 1.59119473904e-05 0.000236528539521 4.2217 4.22517 -0.666263319201 -1.56909961961 0.283227855711
-109.261 38.2916 0.000377291396957 0.000213458578776 0.000672346719266 -0.000628162649237 4.16601 4.05168 1.29561559331 -4.34377363901 0.424869956132
-108.379 38.1888 -0.000438527545308 0.000245592255961 -0.00238735157386 -0.00059537834104 4.4346 4.32104 3.04099046751 -1.0547664552 -0.325343892521
-107.55 38.3685 -0.000620877581574 0.00027175306233 -0.000476313236056 -0.000472033051193 4.05146 4.03367 2.31343295061 -0.519552784184 -0.486920403558
-106.756 38.2289 -0.000174331996804 -0.000232936475902 0.00410986186018 -2.23113573903e-05 3.7311 3.72702 -1.40534370292 3.78062597981 -0.235564858974
-116.595 37.923 0.000185257826084 0.000293022891808 0.00266096925204 0.000652741547036 3.85855 3.87603 -4.62072581734 -4.05167265328 0.217898880023
-115.747 37.6444 -4.68598867713e-06 0.000330897219375 -0.00156163684648 0.0021995495822 4.1726 4.18211 -6.82951245939 -4.29592312263 0.0234656606654
-114.849 37.6083 -0.000318266507439 2.95999011973e-05 0.000151576350836 -0.00141177116964 3.87433 3.89251 -0.964633073074 0.441033154268 -0.306219559589
-113.86 37.5808 0.000207100657611 -0.000559047697204 0.00111850508712 -0.00184997546628 3.68204 3.73596 0.736778012092 6.52460551552 0.0685071920964
-113.168 37.7601 0.000225862216008 -0.00101408548862 9.42312563973e-05 -0.000862898987318 3.9155 3.96603 -3.49380251305 12.7187693221 0.0447933808816
-112.363 37.6761 2.2921678705e-05 -0.000156522779136 -0.000953975837439 -0.000318632902345 4.10621 4.1218 -4.72134177726 2.00949949412 -0.00291903442874
-111.596 37.7222 0.000269429523215 0.000329537741813 0.00105945621994 0.000139929902159 3.99398 4.02181 -3.9037486638 -5.01338550745 0.326345600866
-110.802 37.6354 0.000279968713668 0.000236824183999 -0.000406959238249 0.000715729954498 4.19279 4.1544 -3.57751795417 -3.88547824234 0.322006839746
-109.995 37.6903 0.000167604988647 0.000176550090847 -0.00038749155788 0.000868654583185 4.25647 4.20518 -3.54344243973 -2.81853959664 0.201381514078
-109.137 37.7459 -9.75938753632e-05 0.00059970664748 0.000403520091856 0.00142501965385 4.18336 4.12828 -2.99082960801 -7.62316350177 0.0454521666806
-107.792 37.662 -0.000276604977344 0.000295982713835 -0.000436690798505 -0.00370457658914 3.93323 3.92541 5.22987532553 -2.28035575833 -0.140805463812
-115.22 37.2408 7.7193855072e-06 0.000219856722439 0.00180856343142 0.00032456124193 3.80233 3.80899 -4.61167577268 -2.86994774033 0.0354197471024
-114.715 36.7256 0.000214020555859 -0.000104003690247 0.00361644913891 0.000483004565096 3.56977 3.61324 -5.02003264789 1.01884771855 0.199919587713
-113.907 37.0195 0.000612954768155 -0.000290412836078 -0.000316962729341 -0.00093330639811 4.00412 3.85558 -1.38166211217 2.18057205729 0.544334320661
-113.084 37.0615 -9.98237726864e-05 3.5756235087e-05 -0.00232734443638 0.00176422564745 4.36657 4.08765 -6.07544318032 -0.305621770013 -0.0945706292228
-112.382 37.0183 -0.000957355008053 0.000304948270034 0.000710915261697 0.00190515416047 3.97957 4.0257 -6.92356044764 -2.52820852287 -0.914473903363
-111.506 36.9839 0.000212512885376 0.000576796537304 0.00145466028192 -7.54835328234e-05 3.85024 3.93793 -4.09088190918 -8.1294091465 0.311694914163
-110.804 36.9969 0.000505029977414 0.000696581791011 -0.00167234843894 7.99396615268e-05 4.23745 4.1609 -1.93303896686 -10.6805324455 0.647943427008
-109.874 37.1364 -0.000106720691976 0.000689181884665 -0.000416566103102 0.000784276081986 4.20316 4.10588 -2.61140064395 -8.78292524926 0.0510176020852
-109.025 36.8299 -0.000172432914249 0.000734816902394 0.00268611069129 0.000143030174372 3.88009 3.90892 -2.53662659147 -9.19996809189 0.00402084390582
-116.33 36.4193 0.00014395909201 2.41873865763e-05 -6.44824934516e-05 0.00117416049479 4.07311 4.07829 -2.60794762174 -0.575573312874 0.145930172592
-115.383 36.423 9.97529861757e-05 -0.000423132212479 -0.00140638489084 -0.000698082630319 3.90371 3.89311 -3.49010537904 5.31485203888 0.041080430305
-114.539 36.4321 0.000154175259908 -0.000180072145819 0.00376194877893 0.00208225730326 3.5275 3.51321 -8.53956306403 2.24957516723 0.143321906525
-113.965 36.4151 0.000150214257915 0.000479551305356 -0.00123401076291 0.00163250756724 4.14962 4.07437 -5.81934273296 -6.52780091123 0.20333216062
-113.18 36.4182 -0.000354251665149 0.000639281369763 -0.00314301235626 0.000871248129041 4.45036 4.34153 -4.77714244085 -7.75679726211 -0.261132241458
-112.291 36.428 -0.000490704784702 0.00030312345286 0.00264613388938 -0.000843322997183 3.7596 3.76538 -2.15754922625 -2.68927837371 -0.42177273893
-111.13 36.1428 -7.78276218653e-05 0.000392816200173 0.00012196455406 -0.000960260884636 3.93941 4.00495 -1.98060034426 -4.95790515941 0.0064764309043
-110.662 36.5996 0.000198776604236 0.000998234165958 -0.0012414544233 -0.00128263227711 4.14084 4.15363 -1.18981479124 -13.7422185516 0.426739883099
-109.87 36.4199 6.87110089041e-06 0.000536706269001 -0.00171495488944 -0.00313368383692 4.22193 4.33816 2.13333932287 -6.98894266063 0.166282037264
-109.208 36.2925 -0.000200010094517 0.000373713319484 0.0005543427496 -0.00100161286526 3.90133 3.9595 -0.81926457106 -4.2360458924 -0.0981719625545
-108.52 36.3758 -0.000119474378603 0.000325405984712 0.00100451037998 0.00110397074809 3.95812 3.95904 -5.56181224977 -4.08290490027 -0.0577128145278
-115.43 35.8384 -0.000151531960606 -5.23030896115e-05 -0.000366417060919 0.00224503305233 4.11605 4.0032 -2.34285056686 0.977133142367 -0.157677752042
-114.851 35.7266 -0.000764469932101 -6.6337388426e-06 0.00199032044004 0.0034992846651 3.84736 3.79263 -9.90970518008 0.336293653754 -0.764400135804
-113.984 35.8522 -5.75887968872e-05 0.000676387358903 -0.00025404298469 0.000998949488495 3.9348 3.88802 -4.54392307067 -8.782269374 0.0303980682644
-113.105 35.6339 -5.97854726161e-05 0.000780996083257 -0.00175024193572 0.000140576125745 4.07928 4.01969 -3.95514989602 -10.174035983 0.0562804754817
-112.173 35.8191 -0.000361651958842 0.000418081204632 0.00362750377498 0.000237314665492 3.70387 3.69451 -2.20953037929 -4.57645820361 -0.275338576947
-110.794 35.6218 0.000224040436332 0.00017566792787 -0.0040321934347 0.000458146406629 4.34056 4.32977 -0.964020502433 -3.00062260568 0.257981207208
-109.933 35.7113 -0.000109327975291 -0.000253892298463 0.0025021269627 0.00599391933285 4.06818 4.08325 -12.6786533676 3.50358185698 -0.118236999651
-109.046 35.7147 -8.8054263441e-05 4.25207830977e-05 -0.0014050863327 -0.00188473793227 4.39168 4.37729 -0.508667211466 -0.253883120066 -0.0742341529052
-108.466 35.7992 -0.000333612286827 0.000208336335712 -0.00295462126778 0.00202309661742 4.37786 4.42543 -6.15546695426 -2.05072935463 -0.293924995878
-107.638 35.8054 -0.000218581658055 8.86745639417e-05 0.00642073669855 0.00502898719188 3.66835 3.66783 -8.20233464563 -0.779533051866 -0.203650225327
-114.87 35.301 -0.000268718131323 0.000394783694099 0.00256405490259 -0.00538555069097 3.66899 3.65176 3.89172571003 -4.10933608506 -0.157535911733
-113.885 35.099 -0.000240840847437 0.00174946469618 0.000129889347221 -0.00390696901061 3.85055 3.87757 3.7739075822 -21.5278172156 0.232598549892
-113.083 35.2127 -0.000142932989919 0.00108370726854 -0.00267187089873 -0.00192044180396 4.19985 4.14439 1.1254162237 -13.6209962888 0.111315938533
-111.532 35.0951 0.000208963397818 0.000655638742441 0.00479668477651 0.000822400730784 3.66941 3.71237 -2.95137230762 -9.19640363503 0.322492820012
-110.713 35.0789 0.000952080440081 0.000970332198766 -0.00555689978676 0.000745483160058 4.7987 4.74046 1.50281483094 -16.0824332127 1.1741155565
-109.736 35.1181 -0.000176866087073 -0.000230362188196 -0.00890350434214 -0.000428562448537 4.15108 3.44602 4.4657976259 3.75382366178 -0.24207987638
-109.388 35.1118 -0.00227406779327 -0.000100132699938 0.0145284497427 0.0012119225541 2.72067 2.70539 -4.62599115532 6.79498685847 -2.25640782485
-108.5 35.1259 -0.000490353932849 -5.69557082158e-05 -0.0114646028245 -0.00200105201496 4.98165 5.2816 4.23672216141 2.99805379742 -0.481047996123
-107.648 35.117 -0.000303202444039 0.000462280246382 0.00528796127357 -0.000653280514261 3.61723 3.62361 -4.21441658441 -5.40022769021 -0.202641343909
-106.867 35.0719 -0.000288897962797 0.000567756566521 0.00304029585664 0.00202525364292 3.68549 3.68126 -5.40247421777 -6.96419937632 -0.17408596415
-113.83 34.5935 0.000160726152773 0.000223605114259 0.000526827112323 0.0024086103622 4.11953 4.39165 -8.83710030848 -3.0625234897 0.170533949486
-112.891 34.4692 0.000307612287809 0.000378185963208 -0.00384508259373 -8.00151201456e-05 4.4485 4.29349 -1.11163065782 -5.73950954988 0.373194911766
-112.237 34.4866 -0.00068077224629 0.000228502074085 0.00232257285255 0.0012973999999 3.69122 3.68252 -4.12044358535 -1.72226048129 -0.640845235924
-111.441 34.4178 -0.000356848650474 0.000462396618146 -0.000214488133999 0.00169501104188 3.75002 4.00105 -3.59944308994 -5.38441517371 -0.277589535219
-110.806 34.3371 0.000988053049303 0.00107246198678 0.00261652624004 -0.00216757426149 3.55023 3.66245 4.84536969568 -17.9882005853 1.27246511567
-109.95 34.5293 0.000770995447367 0.000911884415601 0.00147069483176 -0.0057900307002 3.69375 3.56724 12.4909661822 -15.8120861587 1.09653279144
-109.29 34.4275 -0.000152030477888 -7.82669615216e-05 -0.00343760146433 -0.00224917514963 4.52517 4.218 11.2051749143 1.86531045116 -0.170921237081
-108.498 34.5421 -0.000718852678166 -4.82890410201e-06 -0.00142398144496 0.00144149899047 4.32924 4.19985 -1.09852123236 2.43959590783 -0.698984228226
-107.786 34.4457 -0.00134991449206 0.000236345068255 -0.000562181108128 -0.00118971825045 3.96278 4.07914 -0.381546530495 1.69159065074 -1.24221729199
-107.01 34.5058 -0.00042540382795 0.000757709419115 0.00181320198789 0.00869689625137 3.7675 3.9361 -8.22898252404 -9.62758051621 -0.318620599867
-114.524 33.7503 9.38615175472e-05 -0.00038982326032 -0.005132578601 0.00144101014965 4.44592 4.4419 2.66162288745 4.74318317951 0.00276663757068
-113.829 33.8142 -0.000150582741841 -0.00101543736813 0.000423953681693 0.00172700000402 4.10015 4.17002 -2.30284506485 13.6539290294 -0.301746612912
-113.005 33.9383 -0.000162910716894 0.000293005772102 0.000938104865787 0.00154806684841 3.91496 3.90994 -3.05324788768 -3.55272060716 -0.117747891972
-112.333 33.9535 -0.000371409917518 0.000314459517244 -0.00198525034987 -0.00244100558294 3.85389 3.77889 3.48582734198 -2.73718804647 -0.273860447558
-111.478 33.8798 -0.000813749431771 5.25313553015e-05 0.00256047336381 -0.00179244985831 3.37901 3.47166 1.2384792194 1.92883795352 -0.777834315643
-110.844 33.6953 0.000237624844907 0.000185926008237 0.000579882587172 -0.000506574196644 3.67628 3.84468 3.01099395613 -3.30918068579 0.279390306566
-110.034 33.7776 0.00109846948291 0.000713385149808 -0.00103189619718 0.00334052413555 4.26951 4.36617 0.620916780888 -13.0848705228 1.23890611108
-109.254 33.9571 9.83942608012e-05 0.00114961964714 -0.00192176952952 0.00297078676265 4.42497 4.1998 1.63928597756 -15.5370037661 0.406362959689
-108.377 33.9085 -0.000746810656855 0.000336572001197 -0.00233311210025 0.000391879194484 4.38101 4.36899 5.94232506889 -0.719473371022 -0.580555227114
-107.674 34.0087 -0.0010353895494 -0.000164712246224 0.00123130143282 0.00101391027889 3.65946 3.72489 0.605074633308 6.10643985987 -1.04105341539
-106.965 33.937 -0.000437068913306 -0.000881007474815 0.00316062604 0.000504709238122 3.34514 3.41951 4.33601353084 13.6004519004 -0.712234146549
-106.921 34.0739 -0.000341849714199 -0.000437453488938 0.00186626196067 -0.00850764898039 3.19473 3.33629 13.4917797436 7.63611286656 -0.512186653072
-106.055 33.9315 -6.93825430687e-05 -0.000303270761315 -0.00191686517813 -0.00281069029676 3.79951 3.85082 1.70444882409 4.3366718445 -0.159867692932
-104.693 33.9229 -9.79799361049e-05 -0.00025033959521 0.00306995761669 -0.000615044024015 3.77304 3.82688 -2.11949690305 3.77298440846 -0.160201786814
-113.657 33.1999 -0.000630307164045 -0.00129769524768 -0.000253367904346 -0.0024360634299 4.0228 3.92985 6.08815850926 18.9888522813 -0.978779465029
-112.946 33.3627 -0.00101411939982 -5.74153935066e-05 0.000592789452324 -0.000811028802959 3.77265 3.96785 1.06005265369 3.65224023544 -1.00297405804
-112.158 33.2893 -0.000499516946252 0.000697402846317 0.000757542718894 0.000718066886067 3.6013 3.80595 -1.45436357079 -8.0383341561 -0.366950937286
-111.427 33.341 -0.000242031331867 -0.000194735095365 0.00150677879662 2.45486607831e-05 3.56368 3.64507 0.165067850467 3.27711512142 -0.278235725475
-110.472 33.2969 0.000383786199974 -0.00014453356347 -0.00164266990649 0.00239119694661 4.13995 4.32657 -2.18035666666 0.966272594216 0.350379965742
-110.036 33.0851 0.000358511608891 -0.000169628650745 0.00121992141038 0.000475021281956 3.97451 4.12282 -0.230673422853 1.17661124963 0.312105442868
-109.266 33.2921 0.000511389070216 0.000582370513602 4.60635285424e-06 -0.000962160677061 4.01496 4.29017 9.01793253681 -10.0826592251 0.696379290241
-108.592 33.1132 0.000626505879719 -0.000553471594168 -0.00274847433918 -0.000775797865525 4.16859 4.34399 7.72281540831 3.89355164781 0.377165642833
-107.671 33.3086 -0.000589269528859 -0.000708260863385 0.00177397827839 -0.00116039767673 3.65566 3.70661 4.96382397232 12.0061529929 -0.793742211556
-106.964 33.2555 -1.49228119953e-05 -0.00129126641381 0.00241914130457 -0.00199394223365 3.71886 3.90484 0.820301908475 17.3514615784 -0.371136095497
-104.717 33.2797 -0.000222546419018 -0.00091280211685 0.000870059470275 0.00145284708109 3.89169 3.94234 -8.21882962644 13.2290461847 -0.356922206705
-103.98 33.2716 -0.000262323841306 -0.000119522507903 -4.47862710949e-05 0.00342200435042 4.06329 4.13915 -7.03755464242 2.33860140776 -0.279518454458
-103.215 33.315 -0.000361523577075 0.000334923097008 -0.00123798685773 0.0040741046678 4.22565 4.25784 -5.002580619 -3.49813193903 -0.27706997564
