-122.707 48.7197 -6.04997630474e-05 -0.000484813812583 0.00315518672691 0.00305640883012 3.68423 3.75697 9.26546000883 0.230381758875 0.468319588412
-122.085 48.9983 0.00115033101404 -5.3067328923e-05 0.00107892427337 0.00449425716445 3.65689 3.79799 6.89816470275 13.3493808991 0.201498588454
-121.48 49.0983 0.00216296847783 -0.000110930753738 -0.000605288589378 0.000479805110907 3.95833 4.00896 0.914901468153 25.2157414836 0.179001142759
-120.384 49.048 0.00130964203668 -0.000346761597993 -0.00120188829893 -0.000530739565203 4.04917 3.9992 -0.182021637416 15.3360915439 0.377406169876
-119.272 48.9534 0.000149171306197 -0.000350628364489 -0.00084050338911 -0.000776260462475 4.08785 4.01988 1.59354802389 1.9994553681 0.359668069328
-118.585 48.9752 -0.000498743110925 -0.000198330499919 0.000375454604313 0.000218942105508 3.95355 3.91687 7.54944256246 -5.30828999733 0.107606456155
-117.559 48.9813 -0.000301604710994 6.56291660724e-05 0.00114414491781 0.000658101981994 3.9039 3.90675 9.18751231682 -3.59347728081 -0.128640660152
-116.363 48.958 -0.000565232742794 0.000384104905436 0.000862187001804 -0.000568512041128 4.0483 3.96219 8.18209671514 -7.37041216744 -0.493577194855
-115.653 48.9339 -0.00124028358927 0.000187365606525 0.000429646574133 -0.00161024772744 4.13466 4.07363 4.52230330214 -14.6080143474 -0.374765922735
-114.413 48.933 -0.000970993700189 3.29483497685e-05 -0.00168990666666 0.000535826837344 3.99325 4.06132 0.365016604689 -11.3015470452 -0.123407327975
-123.504 48.0575 -0.000274204194854 -0.000540961333736 0.00100858323963 0.000244372553219 3.8978 3.91921 6.48886661862 -2.46867539912 0.508161014654
-122.096 48.2641 0.000908103674873 -0.00118109901298 0.000763205193898 -0.000260773563595 3.84347 3.95933 9.8395538091 12.7745158695 1.32526387663
-121.484 48.5183 0.00194660441857 -0.000850672636164 0.000448931686758 0.00141225876217 3.76101 3.84812 6.08464847091 23.5713757518 1.08062644536
-120.12 48.4607 0.00109260467984 -0.000408591385524 -0.000796528574513 -0.000269814782341 4.11416 4.07559 1.44602879312 12.8871543668 0.467491180266
-119.333 48.3584 0.00010484643332 -0.000409493181296 -0.00130342130959 1.80356781818e-05 4.2215 4.13949 2.61915400008 1.60080820295 0.416769112891
-118.149 48.4226 -0.000642422219526 -0.000324255537262 0.000485317258232 0.000186702405524 4.13874 4.08521 7.53662495948 -6.64192995758 0.20350568206
-117.225 48.2995 -0.000872480044228 6.73189966048e-05 0.00160546887526 0.000738412201291 3.96342 3.96801 9.44712600761 -10.0144662873 -0.258900790283
-116.367 48.4366 -0.000675798091188 0.00053300155587 0.000368912760316 -0.000293305019734 3.96777 3.99817 7.93418434646 -8.92663440495 -0.659773695994
-115.589 48.4694 -0.000517933492519 0.000236269102141 -0.000303828526516 0.0013817125238 3.88619 3.91619 2.68665259508 -6.29388051696 -0.297506674979
-114.468 48.3739 -0.000269625621544 -0.000492244784339 -0.00025854565911 0.000663768394055 3.96449 3.98468 0.399697849926 -2.58013622388 0.464989756961
-122.173 37.1311 -6.59434996452e-05 -7.8482775703e-05 0.0030604316781 -0.00129340067922 4.0714 4.06617 4.35068866897 -0.609732283376 0.0726608879312
-124.566 47.9475 -5.22301581723e-06 -0.000202374080509 -0.000227796273374 -0.000234000061332 4.02481 4.02269 0.87500879041 -0.0611294093244 0.202376249778
-122.972 47.7172 4.62919026526e-05 -0.000668052121352 0.00181826045214 -0.00135970324098 4.04669 4.07855 10.2984117926 1.89866306642 0.665535916897
-121.689 47.6947 0.00105206435108 -0.000850745571176 0.000230388130494 -0.00121102695963 4.13564 4.15372 8.28078137686 13.4729727162 1.00555843228
-120.894 47.923 0.00144917372664 -0.000538055255855 -4.49990613544e-05 -0.000187029006313 4.10064 4.06695 4.89095710433 17.2525034327 0.689389222231
-120.061 47.6902 0.000750615578498 -0.00061025233898 -0.000323751738469 0.000425437670872 4.07819 4.01996 3.70714144963 9.24811637381 0.678329354189
-119.045 47.7849 -7.90718925432e-05 -0.000285511021913 -9.00781013823e-05 -0.00155221349803 4.30906 4.20003 5.07528628033 -0.480961755784 0.27301465768
-118.274 47.8006 -0.00088097668462 -0.00012699330166 0.000199749477491 -0.00229353343179 4.38506 4.313 7.16427925033 -9.73609257675 -0.0263986352403
-117.308 47.8192 -0.0008604942633 0.000179204396845 0.00218845765345 -0.00206790179002 4.27564 4.28395 7.72832755446 -10.1195498455 -0.340446053646
-114.574 47.6795 6.5694992539e-05 -0.000576015240079 -0.0012833704247 -7.31313359177e-05 4.12136 4.16068 1.34312706842 1.469541568 0.579741766516
-113.747 47.7687 0.00020509750852 -0.00056125950033 0.00214110889467 0.00162611111037 3.91239 3.92422 3.54900706216 3.33665754433 0.586224504183
-123.771 47.1161 -0.000178159686487 -0.00055221576689 0.00202368996627 -0.00116134161931 4.1957 4.19257 5.74785452477 -1.4427483356 0.533358870505
-122.803 47.1109 7.36224255686e-05 -0.000276824448391 0.00081283594655 -4.42371283156e-05 4.01127 4.03705 10.6928506073 1.41929721168 0.285721171927
-121.989 47.1881 0.000895447299306 -0.000241624352582 0.00083506946308 0.000528518033874 3.93962 3.9504 9.52708924342 10.5627982699 0.395161889313
-120.844 47.1935 0.00135740630996 -0.000338233093389 -0.00111744831018 -0.000855373176262 4.16866 4.12027 3.88375048148 15.8043783867 0.45833836378
-119.973 47.1936 0.000509034599668 -0.000559464693562 -0.00016190196851 -0.000595286140676 4.26511 4.13997 3.49288728511 6.38169705005 0.603654521628
-118.921 47.0573 -0.000565591932975 3.94978470348e-05 0.000715456188729 0.00146666766443 3.8094 3.69624 5.81257942387 -6.45958922133 -0.119469553888
-118.309 47.0615 -0.00131967138223 0.000350471584777 0.00010814785199 0.000829819182162 3.94555 3.94574 5.41726929395 -15.4932155865 -0.533494801109
-117.276 47.0547 -0.000976488574257 0.000865949000778 0.00138547507146 -0.000362189383716 4.02622 4.05992 5.66983230062 -12.5678788616 -1.00766547859
-114.459 47.0943 0.00016338533623 -0.000810639232033 -0.00266197764668 -0.00112027135809 4.35175 4.3445 -1.00597171219 2.50025326536 0.819906741795
-113.506 47.0816 -0.000250166627767 -0.000892621568316 0.00113403807244 -0.000109854677837 4.17827 4.17123 3.60738005798 -1.21651833129 0.841974180595
-112.52 47.0418 -0.000169448192726 -0.000406646366578 0.00304232419141 -8.14218082354e-05 4.0248 4.02518 3.91786242342 -1.10711870254 0.371247660259
-123.563 46.5459 -0.000306485444912 -0.000160748520787 0.000199901528356 0.000312063079507 4.17794 4.1251 3.33344241101 -3.38087556677 0.144397758569
-122.72 46.5934 -0.000282771652324 -5.72334090311e-05 0.000600101031733 0.0016358441546 3.90643 3.91678 8.93137821276 -3.07055103279 0.0117935685926
-121.761 46.5605 0.00109441399777 -7.22625893044e-05 -0.000534820860925 -0.000616261593222 4.02736 4.08739 9.31632305629 12.3880800928 0.261883017711
-120.979 46.5433 0.00172517670787 -4.01922410317e-05 0.00203488511416 0.000226157659694 3.9584 3.90274 8.85921259062 19.3808272312 0.339988520233
-119.855 46.5585 0.000296887576336 -4.01725288548e-05 -0.0027492122394 -0.000796588426351 4.23482 4.0595 -0.5697656607 3.38340785167 0.0466200869717
-119.06 46.4911 -0.001145483748 -0.000663531614981 0.00192946031567 0.00189379928296 3.87859 3.77951 1.6712614037 -12.4637508443 0.58318750935
-118.146 46.5139 -0.00173623155103 0.00011224966238 0.00112696600293 0.00177254264243 3.67475 3.67413 7.82716505556 -19.6305535324 -0.430456751832
-117.11 46.485 -0.00105628830658 0.000632659350229 -0.00043434422 0.00288521929759 3.50382 3.62409 6.0513829639 -13.0239209993 -0.797393995791
-116.209 46.3559 0.000421238014741 0.000568610189818 0.0029483381475 0.00163359901282 3.83399 3.95607 9.95341379103 3.09771005157 -0.451142881935
-114.188 46.4423 0.000872331671424 -0.000124901148074 -0.00178301535792 -0.00133609974951 4.34417 4.28485 0.551392337629 10.0174484851 0.209689525072
-113.493 46.4162 -0.000107358974154 -0.000192218298994 0.000133631346407 -0.00173922419014 4.31859 4.17732 1.02696801587 -0.966738550831 0.178851795093
-112.641 46.4246 -0.000457892279875 -0.000651366688047 -7.60504193802e-05 0.00022403029418 4.01029 3.98371 0.0392861417872 -4.41210317095 0.600033531133
-120.728 40.6183 0.000359155578427 0.000800313153245 -5.05956306775e-05 0.000354038298889 3.87966 3.93933 6.78713872735 2.60227120673 -0.741893963413
-123.559 45.9306 -9.05758694544e-05 0.000599564948169 -0.000841979583547 -0.000156954838299 4.13817 4.13137 2.96875915419 -1.33526924002 -0.603116737366
-122.419 45.9325 0.000323520447025 0.000125482744301 0.00168395947907 -0.00108330146868 4.12481 4.10596 11.7021836874 3.27723867164 -0.0552247539444
-121.459 45.8839 -0.000567183741295 -4.20515540886e-05 0.00250592497513 0.00262849520322 3.83066 3.90685 2.24944614271 -6.36652507075 0.0109159876934
-120.782 45.7664 0.00106411662826 0.000306636600068 0.00194510355366 0.000493073025738 3.89732 3.94267 8.91091151862 11.1976241746 -0.113545543074
-119.928 45.8951 0.000440941410085 0.000600468121647 -0.00093142829584 0.000326888447929 4.00434 3.95726 1.802197338 4.54680885456 -0.571828066815
-118.777 45.7971 -0.000709001295438 -0.000246252699664 -0.00180135701865 -0.00147677296759 4.20085 4.14809 -1.45527707034 -7.95199423432 0.234168475466
-117.909 45.7087 -0.00161359403012 -0.000830444278813 -0.000435581958816 -0.000276659371831 3.91948 3.96155 2.11335225527 -17.3042002322 0.685525613406
-117.228 45.9734 -0.00163918203713 -0.00103176774714 -0.000680898483054 -0.000282709961611 3.78437 3.96444 7.48018921727 -16.0240673454 0.706397215862
-116.155 45.8883 -4.53253048005e-05 -3.23504005676e-05 0.0025249399487 6.3323841464e-05 3.67761 3.83275 12.1260656571 -0.391269355535 0.0185515688764
-115.255 45.7565 0.000950034851508 0.000182529473008 0.000416783449574 0.000493934550491 3.90886 3.9778 7.03354612885 10.1066264403 0.0101622453725
-114.332 45.7893 0.000784066350364 0.000411844759302 -0.00130112998274 0.000665690268211 4.06616 4.04278 -0.883421444103 8.50972847176 -0.354893778869
-113.37 45.8122 0.000356936897335 -4.9175720547e-06 -0.000574217884886 0.00167379402258 3.95367 3.90678 -1.81008908893 4.03380301075 0.02800905319
-112.493 45.8409 0.000182016538378 -0.000589822018718 9.46906825472e-05 0.000364228196969 4.01629 3.97227 -0.31271169495 2.71548258252 0.605001241502
-123.281 45.3153 3.21174999436e-05 0.000800759086591 0.00288001476542 -0.00194221934402 4.0722 4.11164 7.98907689598 -0.868064582347 -0.788905330466
-122.478 45.2059 0.000531833183561 0.000417366197758 -0.00159919813377 -0.000334624278331 4.01422 4.05159 6.23674037123 5.39067881252 -0.354058614498
-121.317 45.2422 0.00113573467673 0.000148642103471 -0.000717123472443 -0.000329893121356 3.91624 3.98374 6.03455016454 12.4405169698 -0.00901195659689
-120.635 45.2357 0.00126549274786 -0.000152506245581 0.00105440503165 0.00100272701364 3.8258 3.89484 6.74799313756 14.2941489601 0.329487551343
-119.669 45.2664 0.000597460202314 -0.000132900220727 6.00010375009e-05 -8.87582852493e-05 3.92569 3.91945 3.14822851533 6.81038731694 0.185100321592
-118.96 45.2904 -3.31125027084e-05 -0.000499569247812 -0.00152665123356 0.000779393065221 4.03242 3.97345 -0.72003544757 -0.21501334343 0.498449947045
-117.78 45.2781 -0.00109273687308 -0.00126753012661 0.000218634516852 0.00018864122469 4.13769 4.09163 3.32296082861 -10.6308366212 1.13960198259
-117.12 45.2925 -0.00167650307745 -0.00141649944678 -0.000575426343457 -0.000168023521738 3.98538 3.9854 6.95060217603 -15.6787210714 1.09319267459
-116.268 45.3997 -0.000725846237878 -0.00069304763261 0.0023026335148 3.84090306571e-05 3.71401 3.82012 11.1357777295 -5.87064761077 0.481634661048
-114.233 45.0931 0.000961717984957 0.000143470074791 -0.00175640571258 0.000183456257769 4.01773 4.05995 0.397357654491 10.599076686 -0.052101327804
-113.46 45.2432 0.000806498428387 -7.53409533488e-05 -0.00110495067003 -0.000404048062669 4.05771 4.03062 -1.36835750636 9.11142355385 0.132666267886
-112.489 45.166 3.7992527009e-05 -0.000155522926444 0.00212855045246 -0.00110013962874 4.06765 4.0279 1.58069644323 0.654777186381 0.159178420171
-124 44.6764 -0.000361712282351 0.000188888054459 0.00199050232518 0.00118046567778 3.72936 3.7598 4.41930931857 -4.16662477123 -0.212775005281
-123.292 44.6765 7.47764897407e-05 0.000425377778197 0.000899594245469 0.00249429625182 3.54524 3.60644 8.24084817522 0.158795219345 -0.410642721464
-122.186 44.6837 0.00105611617057 0.000250221601266 -0.000747601359003 0.000291741765187 3.82986 3.91457 6.6194214312 11.3448480683 -0.117926911211
-121.227 44.6473 0.00154713141861 -0.000467860744043 -1.60804453569e-05 -0.000448917480056 4.01649 4.05765 6.73973025762 17.7976976619 0.672468984585
-120.335 44.7344 0.00112503851803 -0.000404555910426 0.000876380705698 -3.36299665899e-05 3.98011 3.95002 5.86741825052 13.0343228251 0.546038512299
-119.565 44.5913 0.000677712980516 -0.000934914221364 -0.000219391322416 0.00039354140372 3.98184 3.961 3.58648425171 8.52841865732 0.996131995276
-118.67 44.5191 -0.000127825408219 -0.000712580199109 -5.5761834036e-05 -0.000689763914944 4.17793 4.06468 2.6424252181 -0.709837182563 0.698324845211
-117.664 44.6653 -0.00108623624327 -0.000924737862646 -0.000412375660874 -0.000396630543516 4.2399 4.10277 2.34413729718 -11.1003486438 0.818447968491
-116.747 44.589 -0.00207089011199 -0.000662679810803 -0.000118319285174 -0.000296242028227 4.03589 4.0245 4.95128360883 -21.7557256381 0.348281811989
-116.013 44.7035 -0.00132405425769 -0.000488928474739 0.00116860022163 0.000465996525201 3.77498 3.88083 9.66788973034 -13.086625186 0.162315156261
-114.855 44.5494 0.000618458535893 -3.35395384362e-05 0.00150386261769 0.00200042375391 3.64716 3.73462 9.54334019808 6.78586961184 0.184189424087
-114.255 44.5642 0.00107285181282 0.000159059561492 -0.00179594720948 7.67812958865e-05 3.99739 4.00154 0.441254727645 11.761954598 -0.0567040422166
-121.551 36.3887 -0.000117106669296 0.000199489678151 0.00227802266831 -0.000115828849304 4.03302 4.02557 5.00968067169 -1.399581388 -0.210356040233
-121.461 40.8161 0.000794120477771 0.000412781024199 -6.99866897468e-05 -0.000272462035945 4.11209 4.09072 8.11980234095 7.71956754938 -0.283518570031
-119.023 36.6801 9.71918711805e-05 0.000315152655256 0.00103334440464 0.000566132875565 3.90896 3.91597 4.03391522634 0.638339978993 -0.302634695499
-123.83 44.0035 -0.000558814027904 -0.000165549653927 -0.00352775552666 5.00860838866e-05 3.84392 3.86871 -2.11834906492 -6.26696606335 0.190587874717
-123.278 43.9726 -0.000348714600307 -0.000116987585179 0.00189764992028 -0.000422957926723 3.73579 3.83739 9.3857128562 -3.60384192494 0.059516223237
-122.411 43.7941 0.00116736021836 -2.10204685019e-05 0.000348735697502 -5.78152217722e-05 3.72921 3.80056 11.9281337366 12.6592957086 0.268628915891
-121.268 44.1626 0.00152361572006 -0.000142578179426 0.000435563970201 -2.83027486912e-05 3.99819 3.97972 7.59513861749 16.9536092933 0.368553862257
-120.211 43.9437 0.00146462352733 -0.000339529043078 -0.000301398790116 0.000268003365085 3.9817 3.94796 4.8772833322 16.5400635178 0.502510635871
-119.504 44.082 0.000670226669821 -0.000450270526276 -1.11773987719e-05 -0.000273264740686 4.07625 3.91836 3.8907422048 7.90705627488 0.51669024077
-118.569 43.9104 -0.000143465133317 5.80034486636e-06 0.000875946625232 -0.000411056930392 4.11706 3.98206 4.70457017018 -1.58434070767 -0.0238259350496
-117.741 43.9733 -0.00116523861274 2.82286608295e-05 -0.000329539819904 -0.00157241000814 4.27267 4.12177 2.2817675237 -12.8910352091 -0.135454181536
-116.803 44.086 -0.00198137119497 -0.000308054142881 -0.000786277426628 -0.000730047121077 4.18108 4.19371 2.75609317918 -21.4899327135 0.0889409420076
-115.958 43.9121 -0.00119111490822 -0.000490096006178 -0.000466665828694 0.00012628755011 3.8135 3.89226 6.07540846898 -12.0496689599 0.273763947526
-114.117 43.9146 0.000210202509363 0.00016398115484 0.00304902073655 -0.000258808154859 3.82773 3.87387 5.50455224669 1.95975526908 -0.122649911832
-123.575 43.3654 -0.000397469332446 -0.000466481874246 0.00197668216117 -0.00187793875705 4.07414 4.16204 5.49153639692 -3.89437797084 0.428763586308
-122.965 43.3717 9.24067489827e-05 -0.000489572879543 -0.000686902923606 -0.000104550825458 3.9127 4.01279 8.2265223806 1.78023784575 0.497767468288
-122.109 43.2406 0.00114497094615 2.87779614315e-06 0.000553699644162 -0.000358436964002 3.81059 3.87989 11.5670173866 12.3016186313 0.236822178993
-121.236 43.2843 0.00180172837162 0.000365914319996 -3.97358678009e-05 -0.000522456965839 3.949 3.95758 8.45357210725 18.8858085256 -0.0646611920302
-120.153 43.2515 0.00128225952648 6.2251122206e-05 -8.41521373023e-05 -0.000161423901297 4.08504 3.98617 5.80231430866 13.8946197139 0.10407140639
-119.311 43.3736 0.00021140276742 0.000138333275174 0.000446092220364 0.000304084580055 3.99962 3.88994 4.83973521844 2.12686838828 -0.111749332539
-118.474 43.358 -0.000697819604255 0.000250348607467 0.000177104586266 0.000993227042158 3.91774 3.8669 3.49208823908 -7.93461863607 -0.322782471017
-117.754 43.3471 -0.000998715302772 0.000514471149526 0.000574174589066 0.00151461072239 3.81555 3.78226 2.61786076892 -11.5029847571 -0.609619262315
-116.767 43.4275 -0.00145007924217 2.42665220645e-05 -0.00119576361175 -0.000142035051837 4.0084 4.00394 0.28421627076 -15.9755612654 -0.121254331597
-115.828 43.4151 -0.00108585168834 -0.00045353554155 -0.00140624939526 -0.000451932147279 3.90627 3.955 2.88733644184 -11.284177998 0.318350164304
-115.098 43.25 -0.000366240621038 -0.000602599823051 0.000796870009632 -0.00142179560434 3.99202 4.04339 8.86675029614 -2.3915147512 0.50162408346
-114.174 43.3979 -3.23569404843e-05 5.58167386472e-05 0.00518702056079 -0.000579264350659 3.74476 3.76572 8.04399116008 -0.487370885776 -0.0616870268782
-124.469 42.8088 -0.00022051132872 -0.000374788046092 -0.000120432422977 -0.000146686161291 4.01193 3.99317 1.0732856881 -2.39616025884 0.373844472658
-123.49 42.7667 -0.000316514151782 -0.000785274395359 0.000699313894658 0.00257553059714 3.76269 3.76895 5.91161060803 -2.60176384069 0.750369296915
-121.731 42.6133 0.000925738628283 0.000431932967257 0.000297736782444 -0.000193552352645 3.51531 3.65042 10.4032434491 9.01151295402 -0.245086886362
-120.893 42.7258 0.00200490596957 0.000321740025478 0.000430888284325 0.0006997464038 3.80566 3.84571 8.91353192381 20.9696674583 0.0354609546288
-120.251 42.7991 0.00139748237117 0.000517385308256 -0.000134470345377 -0.00116057487805 4.08754 4.00419 5.54887037229 14.4785320788 -0.340234590494
-119.247 42.6912 0.000370281282763 0.000425926396722 -0.000613273323471 -0.000403283367761 4.05276 3.96742 2.96156447186 3.61981466428 -0.391320281139
-118.486 42.7308 -0.000600017622883 0.000178021560719 1.87718038792e-05 -0.000756148044902 3.98935 3.92096 1.71812958696 -6.69427912231 -0.222398022036
-117.725 42.6996 -0.00115264267982 0.000207393333209 -0.000376961361293 -0.000282377894887 3.86922 3.86465 1.20738798353 -12.7473502103 -0.291459504952
-116.87 42.7779 -0.00109276279122 0.000203546077875 -0.000129888281196 0.000645992046016 3.79632 3.82105 2.9985959097 -12.148483718 -0.325693292221
-114.903 42.636 -0.000636190105761 -0.000107912104004 0.00125165684996 0.000535261247358 3.75596 3.7389 6.27792056094 -6.61962395836 -0.0140868160762
-114.084 42.6493 -0.000788965451321 0.000100165006632 -0.000390014165474 0.00189167716654 3.64719 3.66577 3.83278967576 -8.71249253687 -0.2209640161
-113.176 42.5452 0.000297067693691 -0.000315731971042 0.00222257516567 0.00222274847296 3.75941 3.80044 2.19648052685 3.6921991785 0.353002265739
-123.602 42.156 -0.000301325101182 0.000106374735325 -0.00254251098154 -0.00122725095722 4.12297 4.02793 1.99100347796 -3.30824233675 -0.115038207909
-121.891 42.175 0.000435871099161 -0.00216409978079 0.00072669487237 0.00702664390796 3.19019 3.3298 9.31601431286 8.73617893948 2.20686491961
-120.834 42.0472 0.00123234090741 -0.000255227644192 0.00365065618993 0.000841489415142 3.68439 3.69994 13.6188379772 13.6494264669 0.562634001924
-119.34 42.0187 0.000384323185485 0.000345556023562 -0.00123526651041 -0.000159710454006 3.9602 3.90569 2.28222333531 3.87697064086 -0.315301300254
-118.344 42.1901 -0.000562786217807 0.000294577444806 -0.000101395192716 0.000862187425057 3.8342 3.76978 0.594431017392 -6.29759813167 -0.32593756351
-117.667 42.0192 -0.000976576615613 5.17657453956e-05 -9.57886293132e-05 4.38077037552e-06 3.86032 3.82698 0.426479593847 -10.6290228777 -0.110566696345
-116.471 42.0773 -0.00103848653858 -0.000266199298616 -2.75678807666e-05 8.65284773854e-05 3.78904 3.83339 2.23502250996 -10.939337368 0.157244282632
-115.754 42.1669 -0.000572352819604 -0.000271374755572 -0.000696966854171 0.000537229147403 3.81708 3.85418 3.16212852079 -5.81121483341 0.196700204205
-115.016 42.146 -0.000357605665142 -1.03154952659e-05 -0.000412551358542 0.00208575231558 3.56166 3.58164 4.65303546079 -3.82910929548 -0.0468927983785
-113.944 42.0886 -6.39249636694e-06 -0.00137366346878 0.00286542166715 -0.000659333519024 3.79958 3.91211 6.70636787306 3.00390543152 1.34311944676
-120.74 38.7552 -0.000205914390407 -0.000334538865862 -0.000153075163361 -0.000848593402242 3.96158 3.98324 6.12251710449 -1.6909642193 0.305216498946
-124.122 41.8473 0.000273775058157 0.000388804422962 -0.000305753592554 -0.000197581138883 4.0628 4.07058 1.29512994811 2.91824622469 -0.385600122006
-122.854 41.392 0.000730383795058 0.000758805787139 -4.61131263807e-06 -0.00325569906527 4.25214 4.15 4.53822192593 7.1930472998 -0.697410698365
-122.122 41.2742 0.000804060165707 -0.000212796997841 -0.000431804796053 -0.0022083125811 4.37439 4.19176 7.58254416998 8.89997459479 0.323787214171
-121.839 41.7826 0.000333573424042 -0.00194989855795 0.00129806707357 -0.00580090698946 4.76891 4.65792 12.2068370331 8.22730157491 1.97520966189
-121.146 41.3593 0.000699925897184 -9.58699667278e-05 0.00111891619247 -0.00238019293926 4.13211 4.01798 11.0294177229 7.59814683166 0.240300029204
-120.477 41.2047 0.000354106924001 0.000332133713474 0.00110133691923 0.000249709056263 3.87199 3.67994 8.35263509406 3.14998267052 -0.267102320453
-119.171 41.3884 0.00022921475008 0.000544042309361 -0.000857927899541 0.000601484781202 3.84808 3.75643 1.42379776574 2.10052127345 -0.528581769683
-118.379 41.4483 -0.000426319818278 0.000391118097666 -0.000501474835636 0.000133731717361 3.97077 3.90832 -0.633241731176 -4.74939934485 -0.405691659684
-117.45 41.423 -0.000704214850001 -3.90937899911e-05 -9.28845462714e-05 0.000989459769703 3.78445 3.7358 0.700784662381 -7.56267082727 -0.00827602348068
-116.54 41.522 -0.000782672538201 -0.000293482232614 5.0808905676e-05 0.000635342747274 3.80329 3.80421 2.80671900462 -8.05618576687 0.20340900543
-115.791 41.4311 -0.000468186916805 0.000119420205606 -0.000772869329268 -0.000741059226661 3.9345 3.90519 4.25406993515 -5.19650672897 -0.186066954284
-114.915 41.4157 0.000929668608844 0.000110621221108 0.000119971684574 -0.00227139076545 4.02519 3.91586 8.23181990387 9.54078304914 0.0982865461541
-114.165 41.3602 0.00083477508339 0.000485791259263 0.00386538118852 -0.00141166210208 4.00597 3.84027 5.16326324791 7.96016847319 -0.330837890403
-123.306 40.822 0.00098679997096 -0.000167297151983 0.000852983673383 0.00135082578193 3.83894 3.88851 8.96674671308 10.7326437188 0.316306588124
-119.835 40.7484 0.000488878418231 0.000466981997469 -3.70995278788e-05 0.000579315864382 3.82343 3.83553 5.279370672 4.58427899357 -0.403198898052
-118.971 40.7797 0.000362456064284 0.000804691984633 0.000469646067155 -0.00131494920339 3.94174 3.99056 2.55720550965 3.14522035431 -0.771216917987
-118.134 40.7811 -3.84492302095e-05 0.000361028217194 -0.000102588162977 -0.00260689451441 4.22789 4.1937 -1.332483728 -0.50885657245 -0.361873512931
-117.524 40.852 -0.000558354562884 0.000109244559419 -0.00150759107884 -0.0018237619722 4.05457 4.04542 -2.56949757562 -6.00750466558 -0.114438796571
-116.508 40.7186 -0.0011404455038 -6.52660371544e-05 0.000207530802839 -0.00126507828073 3.95264 3.95146 3.49342778499 -12.0544656368 -0.0775762247684
-115.736 40.8167 -0.000855703121432 0.000921139966437 0.000792158574231 -0.000256948239628 3.84497 3.93401 7.80034964982 -11.0403674225 -1.07793280927
-115.039 40.8522 0.000101220515948 0.000640588468981 0.000273843140692 -0.000267205599699 3.95003 4.11854 6.29028685687 -0.221032947564 -0.610293103547
-114.204 40.8556 0.000412465777228 0.00159109357713 0.000914237302013 0.000293870258499 3.79343 3.85453 1.69854604364 2.41855650719 -1.53237943919
-123.82 40.1398 0.000437960654009 -0.00118171671163 0.000593019349007 0.000124472224904 4.0912 4.1197 3.1574043125 5.2514464234 1.20103832451
-122.788 40.1767 0.000190004884657 -0.000854753513449 0.00237170343155 0.000981749368825 3.91342 3.91714 9.33551662443 3.49332777221 0.87435962317
-122.032 39.9971 -0.000276253639344 0.00015202892882 -0.000550664092526 0.00122384306094 3.90319 3.90646 6.88347196717 -3.12197058107 -0.186509278683
-121.086 40.32 0.000348314748985 0.000417260909645 -4.09310779636e-05 0.00175883179078 3.68829 3.75624 5.8348321221 3.15273589329 -0.372228683771
-120.918 39.962 0.000235643815129 1.49166024587e-05 -7.29728161997e-05 -0.00112791970047 3.8653 3.91549 5.81848951913 2.46702584155 0.0139184682888
-118.877 40.1614 0.00039753821655 0.000123173537805 0.000989070726912 0.00139420377462 3.69632 3.72325 3.93674906751 4.06819716516 -0.079000459397
-118.155 40.2903 0.000144257395861 4.64856340847e-05 -0.000571542847665 0.00142151545095 3.67946 3.69324 -0.358536779884 1.51797309934 -0.0404410462262
-117.19 40.1697 -0.000535330814997 -0.000501543057983 -0.00146265693525 4.92138881632e-05 3.86027 3.81238 -1.46806892459 -5.53711969671 0.48428879018
-116.5 40.2917 -0.00154673454443 -0.000174061729392 0.000353684246351 0.00103151157359 3.84897 3.87257 2.6879015574 -16.2160076753 0.00149043298282
-115.657 40.1313 -0.00110478648561 -0.000300296526052 6.45570254238e-05 0.000720913338828 3.72342 3.85173 6.21585045894 -11.0193607068 0.096588025215
-114.745 40.2679 0.00047716120245 -3.52422428238e-06 0.00257042261224 0.000119239205739 3.76543 3.84623 4.75080597406 5.038953026 0.0815394173631
-123.338 39.469 -7.18123770299e-05 -0.000344121949593 0.00302108892791 -0.00135117924001 4.1177 4.11558 5.47394127782 -0.420636955123 0.336035501504
-119.898 39.6785 0.000536068261283 0.000304302191558 -4.14654529236e-05 0.000700541320877 3.76365 3.79077 4.46546050214 5.29985950612 -0.244395596712
-118.889 39.5399 0.000562889575411 -0.000338927728676 -5.70081243599e-05 -0.000450109290773 3.89568 3.89711 2.01121823176 6.21489785039 0.380535810151
-118.08 39.6946 0.000323376767557 -0.000314481340276 -1.01499266437e-05 0.00127527058254 3.71376 3.69533 0.424086161859 3.61217320094 0.33208545378
-117.14 39.5516 -0.000495468322318 -0.000251473306695 -0.000415535826605 0.00101819271406 3.90159 3.81865 0.0675501617623 -5.08458499387 0.22181918843
-116.464 39.6202 -0.00164374724303 -0.000448170960127 -0.00026604851884 0.000460534002979 3.91353 3.9416 2.82066200565 -16.7865784003 0.258811050075
-115.754 39.553 -0.000925635270345 -0.0013745557063 0.00100732263096 -5.72302452119e-05 3.90608 3.97482 7.34760274283 -6.7303546473 1.16364289282
-114.908 39.4731 -0.000274694174311 -1.62958402537e-05 0.00166223143337 0.000447520228165 3.77239 3.7905 4.07118976026 -2.85340373328 -0.0251465255326
-122.015 38.6333 -0.000100690579922 -0.000420000287848 0.00116207305154 0.00139340422487 3.76597 3.77599 4.86790766385 -0.634090195784 0.40858747764
-121.377 38.839 -0.000301089334031 -0.000289529058232 0.000555743101109 0.000554315903967 3.82958 3.82431 8.01717302173 -2.6519952428 0.239227385656
-118.808 38.9383 0.000842224212064 -0.000167218672683 0.000149226923698 -5.89267121231e-05 3.94866 3.87826 2.06062126029 8.97193863292 0.231796794882
-117.932 38.8606 1.45855863019e-05 -3.03436582002e-05 -0.000177629884238 -0.00112221279582 4.08688 3.94696 1.44447205869 0.176946114334 0.0313536674211
-117.182 38.834 -0.000445569310042 0.000286119606982 -0.000728475773267 -0.00213428248096 4.2453 4.08698 2.0989100969 -4.94828324841 -0.326671826343
-115.654 38.8455 -0.00110287398207 -0.000662455798177 0.000843916384136 0.000259488191268 3.96242 3.92157 4.14229034891 -10.4847042572 0.496594396087
-114.83 39.04 -0.000451176634965 6.68506231267e-05 0.00138200689161 0.000518817891109 3.81796 3.85126 3.28001667721 -4.81390085968 -0.128136394177
-120.936 38.2571 8.71549088469e-05 -0.000572553196864 0.00194420522108 0.00129361689475 3.79779 3.95767 6.7404592317 1.72411960701 0.579099710405
-120.076 38.7028 0.000762906330609 -0.000236557317565 -0.000713438685168 -0.000534365533777 3.89097 3.97776 4.04744335856 8.21199202135 0.311203552144
-119.451 38.5226 0.0011361923118 -0.000261120779281 -0.000185143624416 -0.000470961271339 3.89182 3.89323 4.32732733889 12.1300391527 0.384882514003
-119.047 38.089 0.000496382580142 0.000134184806859 5.04192598672e-07 -0.000596743818072 3.99379 4.01769 3.88792387298 4.99734114144 -0.0804830867886
-118.106 38.3489 6.37110105642e-05 0.000206677629772 0.000765834306161 -0.00127934551092 4.16367 4.26544 3.69831705171 0.418910223735 -0.19819527356
-117.072 38.2397 0.00034285088291 0.000463086948188 -0.000612174998595 0.000670362460946 3.94893 4.09824 1.19041039323 3.18976184875 -0.434525859131
-116.302 38.2886 -0.000307321986373 7.32350604412e-06 -0.000439365633343 -0.00127525028732 4.13738 4.0725 1.41267155095 -3.20907567587 -0.0350916975377
-114.608 38.3281 -0.000554996595459 -0.000299383674084 0.00184183183302 -0.000416971358882 3.97499 3.98286 2.93298148404 -5.34505677618 0.222724125784
-121.328 37.5049 -8.52248195789e-05 -0.000185366006408 0.000839110638717 -0.000895118529176 4.00758 3.99272 5.27520797752 -0.669377274401 0.175035126139
-120.33 37.346 -0.000118468219964 6.73892519109e-05 0.000374425935393 -0.000558828566922 3.99658 3.98713 5.40102358048 -1.30009468086 -0.0811546408493
-119.849 37.8817 0.000433346563472 -0.000175637087996 0.000654407033652 0.000506861371044 3.83501 3.82429 4.99184876882 4.69178841665 0.225524592573
-118.171 37.4993 5.64946022116e-05 0.000413934035557 -0.000566277409212 0.000996755979263 3.939 3.89798 1.90384947051 0.237429516036 -0.4080247759
-117.225 37.7243 -4.54228317083e-05 0.000178382282292 -0.000224572461855 0.00112740678493 3.89699 3.86843 2.63472024902 -0.660009817685 -0.182102605452
-116.595 37.923 0.000219615976617 0.000697096367015 -3.89605937126e-05 0.000310844752473 4.00947 3.99179 3.20782699714 1.40981254722 -0.666090430784
-115.747 37.6444 -0.000211493583745 0.000150858199159 0.000916581946604 -0.00111779196321 4.09352 4.05249 2.26910080554 -2.3584110277 -0.173341425331
-121.786 39.2291 -0.000164928342897 -5.62876027805e-05 0.000692695464699 0.000104719896437 3.72582 3.73715 5.63552752242 -1.66364695098 0.0377676488088
-120.674 36.8953 -0.000318357252733 4.44430039036e-05 -0.000267372777637 -0.00121259195735 4.04617 4.03407 4.90448927279 -3.30641829208 -0.0786768922278
-119.709 37.0069 -0.000237922023552 0.00037122609943 0.000354533591708 -0.000495816912419 3.92897 3.9278 5.03225595021 -2.89321637366 -0.397091390214
-120.783 36.3627 -0.000325981872859 3.51637333767e-05 -0.000506648883366 0.0018641202434 3.76831 3.76883 4.7200409634 -3.35461501294 -0.0689002614737
-120.12 36.3356 -0.000157193226341 8.33828435797e-05 0.000873021207909 0.000382361106443 3.92523 3.95143 4.33468161141 -1.68798558404 -0.0992584847304
-121.236 36.0214 -0.000117343161789 0.00012409719063 0.000718677942973 0.000975008226416 3.92444 3.91985 3.1549855511 -1.2845390022 -0.132271197231
-120.87 35.636 -9.15370396472e-05 3.87757041708e-06 0.00094285797813 -0.000942385413688 4.02738 4.03095 2.95113179155 -0.929574168957 -0.010501482576
-119.903 35.8667 -0.000179252571067 3.14659351261e-05 0.00155886526295 0.00117746023394 3.89534 3.89886 3.77763736799 -1.84688636643 -0.0485832150218
