-114.58 32.5356 -0.000216650843568 -0.00152055992197 -0.000784868008969 0.00490342923734 3.90319 3.90787 -4.00756707942 21.4293388646 -0.954502000432
-113.767 32.7683 -0.00127174140887 -0.000667656052385 0.00122141782553 0.00820046969575 3.74689 3.7557 -13.3528494901 16.5605524328 -1.42925181351
-112.228 32.7006 0.00133014322638 0.00347585028597 0.00335816093033 -0.00232295177497 3.66498 3.67687 -8.38784884244 -56.2103428341 2.82934897362
-111.704 32.5618 0.000713073125757 0.00169695963686 -0.00281609083479 -0.004956058725 3.85443 3.84321 -7.73761794636 -27.9356687794 1.45908254832
-110.739 32.5716 5.84394439226e-05 0.000210769025448 -1.32353404111e-05 -0.0012586083956 3.86911 3.85915 -19.4761598172 -3.35252309127 0.123824416586
-109.97 32.6399 -0.000807730501538 0.00151599148329 0.00375125230312 -0.00444700608882 3.68269 3.64978 -17.1118073227 -16.895986623 -0.172718294274
-109.303 32.7663 -0.00116172152951 -0.00103447226964 0.00472774343872 -0.00987031645723 3.79428 3.78526 -22.3068264807 20.7336034346 -1.42413042996
-112.812 31.9559 -0.00226583619484 -0.00270459890664 -0.000343142241631 -0.00335496986861 3.68239 3.70324 2.96520203381 53.7666976269 -3.45849781563
-111.457 32.0022 0.00284354342388 0.000905248711083 0.000142004131431 0.00417579963749 3.92788 3.92717 -7.83050889429 -33.4799023934 2.92242720984
-110.816 31.7748 -6.05465411246e-05 0.000516660777892 0.00045153844857 0.000456280455868 3.70231 3.70737 -4.95946321153 -6.1930429231 0.22826454291
-110.046 31.9737 0.00063666660739 0.00277657750625 0.00209241976231 0.00286096685436 3.58149 3.61356 -14.2219220151 -43.1124784514 1.73049652822
-109.259 31.9989 0.000118699836851 0.000264927781837 0.00107421642743 0.00307041715318 3.94061 3.93503 -9.78256874289 -4.47851043235 0.23484297484
-109.991 31.439 -7.7114410905e-05 -0.00250338388556 0.00307771067998 0.000960702997047 3.5935 3.60384 -4.19877299535 32.780940808 -1.46725177363
-109.281 31.3757 0.00180229578955 0.00214070403361 0.00421692646639 0.00223614913358 3.70757 3.7161 -8.7302295597 -42.8745372101 2.63647869882
-122.707 48.7197 0.000723856880135 0.000502863468305 -0.0233715913288 -0.0152209163166 4.16762 4.15398 30.3204306002 -11.6125871625 0.746496138329
-122.085 48.9983 -0.000432204649484 -0.000860228737443 -0.0182529236737 -0.00740994062163 4.30552 4.25218 27.7266808538 10.1661932383 -0.962258196285
-121.48 49.0983 -0.0107402657508 -0.00368525366837 0.00641595218197 0.000469088025566 3.68175 3.75732 4.82278185881 135.033761947 -10.3835829306
-120.384 49.048 0.00228895639592 0.00091714610333 -0.00151735363049 -0.00154907624367 3.86506 3.83456 6.01050839718 -30.7733466786 2.26574252888
-119.272 48.9534 -0.00431022374094 -0.000871957098953 -0.00648235281845 -0.000891131856067 4.30889 4.28479 8.58564799899 52.0202208435 -3.49802812443
-118.585 48.9752 -0.000628317054876 0.000552154112853 0.00783121867832 0.00447792181812 3.67225 3.70808 -5.8231759953 -1.2473080888 -0.197320391675
-117.559 48.9813 -0.00131503108409 -0.000807355520695 -0.0148068849029 -0.00404556483939 4.22348 4.24662 13.6835968008 21.157104681 -1.40886096032
-116.363 48.958 0.00930108466513 0.00345505035153 -0.00559266595619 -0.00938908468428 3.73744 3.74741 18.9995986433 -135.709191155 7.39618250119
-115.653 48.9339 0.00230863737119 -0.000145295090667 -0.00694941260629 -0.00158346619371 4.08427 3.9777 16.4156950025 -26.7567436115 1.01615078936
-114.413 48.933 0.000689217960566 0.000369819997898 -0.00321300017753 0.000270102477544 4.09237 4.07948 10.6962411686 -10.8139166682 0.692316832282
-113.422 48.9725 0.000603641913699 0.000450370130221 0.00389705751863 -0.00088417674148 3.65519 3.64848 -1.08244882151 -10.3999413775 0.744782892989
-123.504 48.0575 -1.81577130635e-05 -0.00011528011352 -0.00546198519842 -0.00034701977837 4.14411 4.14346 9.99920066232 1.26134220773 -0.0949270499241
-122.096 48.2641 2.36602314052e-05 0.000795461433489 -0.0207629886781 -0.0137588617673 3.61667 3.6005 31.0327218631 -4.32578369663 0.746400936692
-121.484 48.5183 -0.00514143842263 0.000646479109421 -0.00859370266906 -0.0110315317731 3.47986 3.48109 18.9556418237 53.3437542968 -2.28595486614
-120.12 48.4607 0.00410895772795 0.00470437323914 -0.00219730295866 -0.00247856091336 3.79338 3.85201 13.6318983369 -83.3688139235 6.23234556636
-119.333 48.3584 0.00078713255827 0.00358061735197 0.00120456021052 -0.0014095619635 3.83263 3.80174 7.68771295248 -41.023609865 3.17116427349
-118.149 48.4226 -0.00373537940984 -0.00167649573368 -0.0149870976319 -0.00640537874579 3.78991 3.764 23.3394307551 56.2246218552 -3.12654874821
-117.225 48.2995 -0.00564683918049 -0.000391861234738 0.0121927270508 0.00683429068118 3.59171 3.64712 -11.964394902 43.6165967925 -5.0869907201
-116.367 48.4366 0.00856581493804 0.000261328196682 -0.0623098777679 -0.0325272724488 2.90714 2.9544 -301.758909424 -115.55227266 -1.40153567414
-115.589 48.4694 0.00500189620986 0.00388704285194 -0.00958346920033 -0.00788139601445 3.58968 3.58245 23.3238704593 -84.9070505879 5.52780787063
-114.468 48.3739 0.000267373386622 0.00183199456948 -0.00426350716145 -0.00364723545893 3.61538 3.61442 15.3617463236 -15.896864093 1.72355001286
-113.273 48.3609 0.00289164118719 0.00296682917152 0.00172766283582 -0.000120008270508 3.70727 3.71234 0.990605523171 -57.9312172976 4.1415523547
-112.562 48.3129 0.000857771597535 0.0001609282543 -0.000690284802617 0.000712222932238 3.86534 3.83186 0.508003170225 -10.4039266782 0.698379255605
-124.566 47.9475 -0.00042856289778 0.00119331189983 0.00572529771712 -0.00072743160368 3.52105 3.52289 -0.10386172989 -9.96980194585 0.318280277749
-122.972 47.7172 -0.000514172001924 -0.000112431642302 -0.0146966334557 -0.0132394652888 3.80381 3.79204 18.0742224117 6.50563386938 -0.393747878525
-121.689 47.6947 -0.00251747517254 0.000578991120695 -0.0164662298144 -0.00771283630285 3.30534 3.30199 26.9683044857 27.3092858283 -0.580765390456
-120.061 47.6902 0.00233300245826 0.00164231302197 -0.00793873092164 -0.0160567469797 3.39111 3.41617 14.7554198697 -39.0191144955 2.70832415303
-119.045 47.7849 0.00652565268895 0.00284042946731 -0.0109081791977 -0.00961169126736 3.58142 3.59991 23.7193028941 -97.6023641581 5.45210922375
-118.274 47.8006 -0.00201234976697 0.00126367474953 -0.0106932124709 -0.000134864407478 3.89767 3.85799 22.1688852924 16.684152018 0.202930392132
-117.308 47.8192 -0.00459736857677 -0.00120670289098 0.00636765894314 0.00107201563771 3.77108 3.81187 0.576610238159 55.0601745831 -4.21656362755
-116.256 47.8397 0.000406317655005 -0.00585703771906 0.0123363703645 0.00689282776604 3.64645 3.69944 -11.8447552855 66.8916654968 -2.65820094414
-115.475 47.7092 0.00272264991803 0.00189405205969 -0.0225563872135 -0.0129326536566 3.65222 3.6527 28.533264485 -44.239107598 2.64167168612
-114.574 47.6795 0.00266433516329 0.00198879676331 -0.0166668710948 -0.00903034517694 3.72984 3.73269 27.9979791883 -43.9230804049 2.69972707358
-113.747 47.7687 0.00200279535971 0.000219062318799 -0.000837210406969 -0.00468358071387 3.58726 3.59149 11.4363927677 -25.1915728786 1.27921659303
-112.607 47.775 0.00345249168887 0.00214592025648 9.26531422323e-05 0.000716273291114 3.8104 3.8109 -0.00308147530069 -56.1001360753 3.93059573643
-111.746 47.8012 -0.000168771841562 0.000960001230611 0.00047883592496 0.00163368453389 3.77831 3.76679 -0.818806919032 -7.54563418707 0.584199428001
-123.771 47.1161 0.000338323212035 0.00285341196003 0.000325308662783 -0.00485896751279 3.26573 3.29301 9.34348402554 -30.8302164381 2.22863670452
-122.803 47.1109 0.00255008307588 0.00307621028162 0.00255386176774 -0.00912621531603 3.30694 3.3158 13.2530536596 -53.4520465619 3.99456219356
-121.989 47.1881 -0.000906202194326 0.00106440499471 -0.0179569764323 -0.00988840308393 3.58054 3.55777 26.5451696852 4.4348929151 0.538790007596
-120.844 47.1935 -0.00461942112067 -0.00033701114776 -0.0427853126054 -0.0159138740266 4.11543 4.17146 37.8443923602 62.2854099079 -1.48132541795
-119.973 47.1936 0.00554215863741 0.00164638603186 0.0109178204479 0.00974711870336 3.78109 3.84349 -8.56768454949 -57.5673661427 5.62318778661
-118.921 47.0573 0.00580438652906 0.0035694491387 -0.013062757118 -0.00978427901811 3.67222 3.63022 28.0048464086 -92.780042431 5.51494575599
-118.309 47.0615 -0.000741636099726 0.000754848534708 -0.0114891261077 -0.00426607973531 3.91911 3.89665 31.7889754661 6.52104018975 0.488282698743
-117.276 47.0547 0.00442300385035 0.00164233321382 -0.00695831757529 -0.00457466748114 3.98235 3.99054 15.7731070096 -63.9382109788 3.78498487628
-116.335 47.0477 -0.00182063529622 -0.00110499182437 0.00922944087199 0.000455697299607 3.44857 3.47014 -2.52747311788 28.0647978532 -2.10657170005
-115.353 47.0528 0.00841984632182 0.0044522756908 -0.00490433641637 0.000253135791958 4.25414 4.30138 14.4538458299 -132.895746081 8.25928924588
-114.459 47.0943 0.00132274514608 -0.00077694525358 -0.00976204279605 -0.00533838510099 3.83253 3.81096 22.5035064225 -12.7634368621 -0.192276238831
-113.506 47.0816 -0.00059097041497 0.00207440494156 0.00109455537103 0.0024985971493 3.93603 3.92985 21.1757018222 -4.03402553088 1.66602863943
-112.52 47.0418 0.00194258229686 0.00340401802664 -0.0046849563988 -0.00193596466302 3.80827 3.82003 9.12095084582 -49.9327059356 3.90551642338
-123.563 46.5459 -0.00263513265463 -0.00836267579055 0.00575524609984 0.00792609378197 3.7164 3.80698 -20.7584385319 118.523965771 -4.56803429852
-122.72 46.5934 0.0011392071036 -0.00224028518101 0.00974749873207 0.0127152615854 3.69306 3.75288 -14.0280284148 22.6668302874 0.239614600978
-121.761 46.5605 0.00190163118938 0.00253102970043 -0.0120675319815 -0.00268063945649 4.22395 4.19141 19.7141557671 -40.8172866425 3.16126113738
-120.979 46.5433 -0.00674763420884 -0.000615358457416 -0.00897596696193 -0.0100748605874 3.46041 3.45905 21.6285009072 83.488523528 -4.01871860129
-119.855 46.5585 -0.00158993041449 0.000516439252011 0.00612367824358 -0.00502658786684 3.36627 3.40789 0.0283715218682 8.01540839455 -0.925952829286
-119.06 46.4911 0.00268061109854 0.000492316423663 0.00693217760279 0.00775471903709 3.89019 3.94018 -3.31637385241 -27.1941070773 2.46217936611
-118.146 46.5139 0.00200396416736 0.0017104878755 -0.0137334615992 -0.0118621881031 3.70796 3.70265 20.9542994047 -35.8237643207 2.46727245132
-117.11 46.485 -0.00441811845968 -0.000350465427576 -0.00994598392362 0.00142342183266 3.62911 3.6191 35.6836054704 61.0682588894 -1.34945290403
-116.209 46.3559 0.000725413154348 -0.000145942498776 -0.00230599913301 -0.00456372655255 3.74479 3.76741 26.0831616674 -8.65876456686 0.135335207502
-115.571 46.4151 0.00191406866382 -7.2509255114e-05 0.00957262424088 0.00901065877253 3.7078 3.72829 -7.85542940071 -14.5141558191 1.52919573041
-114.188 46.4423 0.00192237825533 0.00270378372564 -0.00305004534114 -0.000571606618278 3.78381 3.7513 10.4934613224 -44.1662963124 3.31751958813
-113.493 46.4162 -0.00431738109406 0.00130640907411 -0.00525695076876 -0.00227569154609 3.90255 3.91204 21.1646582548 48.3626443774 -0.553068786095
-112.641 46.4246 0.00053470253915 0.00494970357677 0.00333621843685 0.00103706787555 3.32383 3.37144 19.7064805423 -35.9206742133 4.72862396657
-111.676 46.5336 0.00208787886712 0.00244377936809 0.00038877886463 -0.00535979442526 3.52042 3.53558 5.1520294508 -44.7997353548 3.21069033224
-120.728 40.6183 0.00109531700053 0.00360130655083 0.00386320542731 0.00109814222559 3.53238 3.56272 -14.5346857799 -53.0475769577 2.23639295978
-123.559 45.9306 0.000468022132642 -0.00321110006598 -0.000958816663723 0.00123135275371 3.8905 3.8826 -11.8881144618 37.878322314 -0.794565560484
-122.419 45.9325 -0.00235065428663 -0.00486455679761 0.0100788486227 0.00606712918486 3.44043 3.47433 -15.098014878 73.4468321707 -3.89652274008
-121.459 45.8839 0.0055723119211 0.00809925129169 -0.0115649297294 -0.0102614516778 3.43592 3.54056 28.0568408033 -116.908529149 9.71090178733
-120.782 45.7664 -0.00336417981276 0.00409095680876 -0.0130242962166 -0.0159373289762 3.59053 3.65884 23.4382681287 12.4885375145 1.89779684972
-119.928 45.8951 -0.000576916538245 -0.00194245569507 0.0218798887712 0.0126540616661 3.18381 3.20495 -21.9055352533 27.987520263 -1.09026328403
-118.777 45.7971 0.001910058167 0.000695008588508 -0.0141552451832 -0.0134815080975 3.73152 3.74147 18.1817879588 -27.5298018696 1.61864230464
-117.909 45.7087 0.00454623024503 -0.000831441659694 -0.00698008442461 0.00436421143884 4.38654 4.37624 12.6882250572 -43.2971271686 2.10347460083
-117.228 45.9734 0.00103537680627 0.000469979073138 -0.0202464438533 -0.00926930427064 3.80617 3.78618 25.4620061821 -15.8819086275 0.847991922518
-116.155 45.8883 -0.000102805455353 -0.000951664884725 0.000946961510202 -0.00132566547688 3.72176 3.74427 0.199187964951 10.8921342176 -0.713245248998
-115.255 45.7565 0.00637947710542 0.00010234252837 -0.0195799533278 -0.0104000531237 3.32755 3.35391 37.1215464967 -88.7776504829 1.2290621677
-114.332 45.7893 0.00105756802381 0.00435303766785 -0.0160996507779 -0.00593263512195 3.52436 3.53038 28.7246728366 -32.8588502773 4.46919458412
-113.37 45.8122 0.0014386342948 0.00159573884674 0.00204272578457 -0.00137710500267 3.55721 3.55206 7.70489763921 -30.0033713734 2.14186468263
-112.493 45.8409 -0.00119585051044 -0.00208164887268 -0.00507215766425 -0.00056133759037 3.57693 3.58383 13.763385184 29.725364037 -2.40055318033
-123.281 45.3153 -0.000983705256022 -0.00269381028935 -0.000330362297493 -0.00277588222761 3.97086 3.96147 -11.2262384795 39.0630729593 -1.96072029906
-122.478 45.2059 -0.00214857703736 -0.00353413526518 -0.000496621120692 -0.00522794215342 3.8802 3.90151 -13.8859204086 55.7688313277 -3.27821245057
-121.317 45.2422 -0.00123946258188 -0.00733666269354 -0.00365954881063 0.00335608508898 3.85095 3.95013 -16.7801592667 100.962155201 -3.60568449907
-120.635 45.2357 -0.00292155804115 -0.0055799081192 0.00316173362863 0.00909676506095 3.62222 3.65207 -23.5486059804 84.2956026132 -4.12688767897
-119.669 45.2664 -0.00458358247859 -0.00311259890109 0.0042340660878 0.00660723769697 3.73446 3.75598 -26.7835520928 54.5630733146 -5.09519922887
-118.96 45.2904 0.00223930122576 0.000878755577789 -0.00965668639904 -0.0106801128986 3.4946 3.52659 18.1594971738 -32.7566916287 1.96325520158
-117.78 45.2781 -0.000970661063046 -0.000168755689039 -0.0145991327169 -0.00810261235695 3.7249 3.71147 23.2193149892 13.1665770651 -0.59118031074
-117.12 45.2925 -3.46435228116e-05 0.00210852927677 0.00432277963351 -0.00315841357463 3.70224 3.68489 13.4758969368 -17.0138148555 1.68412050086
-116.268 45.3997 -0.00150245617509 -0.00105595801447 -0.00368947158688 -0.00665651440558 3.50982 3.50389 19.8871630842 25.6709069627 -1.6476853655
-115.326 45.1285 0.00080669655295 0.000323580517854 -0.0138564714659 -0.00769348112486 3.75951 3.76187 18.3960530499 -12.1869655009 0.677328661406
-114.233 45.0931 0.00308138127551 -0.000297842991239 -0.0122718013982 5.69120470708e-06 3.37935 3.39982 37.5868082213 -42.5782630437 0.187383140388
-113.46 45.2432 0.00318846556881 0.000605787876829 -0.00803788000479 -0.00368149570813 3.40606 3.4088 24.7540241193 -45.491169862 1.70327897701
-112.489 45.166 0.0013008200775 -0.00122924517967 -0.00533800913034 0.00147863952927 3.78687 3.76716 11.8979565459 -6.14494261889 -0.330837458409
-124 44.6764 0.00308912237034 -0.00362594874781 0.00544760830331 0.000333237892433 3.3355 3.34842 -23.144570179 41.2579877567 2.4034832029
-123.292 44.6765 0.00255499684069 -0.00223069137712 0.000416453705002 0.00306400443612 3.82541 3.81321 -17.9001155525 19.6644488917 1.83882718875
-122.186 44.6837 -0.000804890152131 -0.00358988253507 0.000544543309213 0.00550330000371 3.77713 3.76786 -18.1180792251 50.4503456046 -1.81382386323
-121.227 44.6473 -0.00232732987689 -0.00402903943119 0.00679788193369 0.00350399798907 3.63469 3.60231 -14.7799784574 63.5152511239 -3.62479002369
-120.335 44.7344 0.000973739375222 0.00291580738339 -0.00741085101409 -0.0120249560425 3.62663 3.57486 13.1237882671 -36.3330854503 2.85948239604
-119.565 44.5913 -0.00239363366787 -0.00397634280765 0.003648222405 -0.00161648171694 3.49052 3.49102 -10.0753680299 64.5011055841 -3.95885374649
-118.67 44.5191 -0.00239031094103 -0.00381473141355 0.0041857546177 0.00599617075245 3.80456 3.84454 -11.6341842227 62.6904152833 -3.85340502321
-117.664 44.6653 0.00302418926382 0.00397648700293 -0.0149032595199 -0.0127589600711 3.58187 3.62603 23.8990524028 -62.9236762721 4.90895699675
-116.747 44.589 0.00566461966947 0.00570220070098 -0.0122567378303 -0.00837825796004 3.95917 4.0289 23.7421291074 -106.88488847 7.5992567711
-116.013 44.7035 -0.00102738194021 0.000477107061098 -0.00236666169785 -0.000112561004425 3.87906 3.85301 9.57148082983 7.00719704282 -0.278330133038
-114.855 44.5494 0.00563806185255 0.00284428334817 -0.00408673692215 -0.00959621742091 3.93522 3.87461 17.3527808897 -89.5894794481 5.29467358794
-114.255 44.5642 -0.00115991754666 -0.00131108050401 -0.0114101515141 -0.00582678645463 4.01483 3.94209 28.7616447326 21.5189119769 -1.60706305196
-113.367 44.6165 0.00336131518612 0.000496702584888 -0.0109701802017 -0.00342225270065 3.85917 3.84457 31.5974885144 -48.3078260944 1.31201977468
-112.644 44.6173 0.00173460408129 0.0021743612275 -0.00546703918103 -0.0018355407256 3.85648 3.8218 15.1528432758 -37.1044177877 2.75002842932
-111.248 44.7038 -0.000401356397819 6.00012933336e-05 0.000223888765727 -0.00366956974877 3.61065 3.60472 5.76236116578 4.0430013368 -0.198186168361
-119.023 36.6801 -0.00367921111571 -0.000493480140683 0.0113113349586 0.0115668795496 3.80628 3.81369 -12.2561382293 25.6322326654 -3.61387792777
-123.83 44.0035 0.00061168682615 -0.00265319757531 0.00405509207943 0.00734662628911 3.75213 3.73825 -18.6646018893 33.0864210581 -0.067562787723
-123.278 43.9726 0.000396337139007 -0.00177961643847 0.00111971486738 0.00430355014264 3.70271 3.68816 -20.9844761522 22.6505895924 -0.00118134145994
-122.411 43.7941 -0.00029748688968 -0.00198299704077 0.00206219570364 0.00698741684147 3.7647 3.74925 -17.3120469904 27.3560933897 -0.864227289119
-121.268 44.1626 -0.00145021579529 -0.00158883403977 0.00406607855342 0.00404764831523 3.60039 3.60615 -23.0012704934 25.8539369887 -1.76252348006
-120.211 43.9437 -0.000787560576359 -0.0033203317786 0.00284334544718 0.0073381684791 3.6539 3.67068 -19.6717084599 47.434367856 -1.71781370652
-119.504 44.082 -0.00272025595594 -0.00412321125786 -0.00181357509238 -0.000737612645765 3.81305 3.81845 -12.1835450913 68.2562616871 -4.21493781056
-118.569 43.9104 -0.00187899355884 -0.00401620823434 0.000616080412242 0.00611655800993 3.63267 3.64297 -25.1753423853 60.8512664266 -2.73499550471
-117.741 43.9733 -0.00172797988955 -0.00369782193241 -0.00144027847638 0.00878408475707 3.89049 3.93998 -14.072263696 57.47317389 -3.1288366438
-116.803 44.086 -0.00316712032632 -0.00511254642703 0.0140693735576 0.0254970352196 3.50306 3.60146 -31.9220276277 77.881322397 -3.86305039221
-115.958 43.9121 0.0060215296248 0.00806971101999 -0.0206613574117 -0.00964358798277 3.90137 4.08061 26.711291533 -122.662643754 9.7550851377
-115.133 43.7945 0.00035891968281 0.00232862243052 0.00215741815192 -0.0064637824937 3.59334 3.66177 6.11391761906 -26.076679386 1.9665764972
-114.117 43.9146 0.0071810754303 0.00342836183842 -0.00684158083865 -0.00760277521048 3.64115 3.68371 19.7308295879 -113.761840516 6.34841228619
-113.452 43.9286 -0.00250144566031 -0.000199740165592 -0.0159568398468 -0.00822027802059 3.5637 3.51918 25.9307016316 34.6116309589 -1.06177857026
-112.485 43.9997 0.00297789408217 0.00622713044772 -0.00929118952971 -0.0045686889902 3.43973 3.47206 22.0907587086 -74.6924549599 6.89668421847
-111.487 43.8756 0.000961224810401 0.00145148787195 0.00221946636665 -0.00803321070499 3.07636 3.09739 10.4425263111 -23.2223423497 1.74088849621
-123.575 43.3654 0.00118196317454 0.000315091274015 0.00420235489549 0.00164704280341 3.62939 3.64099 -17.2349762306 -8.5694929755 1.22312300444
-122.109 43.2406 -0.000208137593172 -0.000607504265533 0.000233169017788 0.0042006743249 3.73476 3.71725 -15.64556736 8.89267801414 -0.391439170838
-121.236 43.2843 -0.00144782327615 -0.00175204880074 0.00165178328346 0.00645401138054 3.50367 3.49461 -18.5510828837 29.0977933722 -1.8883290006
-120.153 43.2515 -0.000377788229015 -0.00182655836323 0.00136500418983 0.0039139621124 3.50821 3.50076 -21.1820841224 26.0249914661 -0.838562615357
-119.311 43.3736 -0.000856883056271 -0.00126537295161 0.000845422133808 0.00631989676523 3.7032 3.68412 -15.8918039217 20.8916157647 -1.25700136057
-118.474 43.358 -0.00243365837429 -0.00305223254353 -0.00110492857708 0.000373715476493 3.53803 3.5219 -15.4073954676 52.8228523556 -3.41827720593
-117.754 43.3471 -0.00175962181801 -0.00252355194414 0.00507251416604 0.0026993022274 3.55064 3.54124 -18.6752256989 41.9967860637 -2.51715806019
-116.767 43.4275 -0.00200511130833 -0.00343824498435 -0.00502173216398 -0.00106506725676 3.96185 3.97836 2.50924255229 55.2013220444 -3.79644589142
-115.828 43.4151 -0.00142935038548 -0.00390513245858 0.0119895793422 0.0173521296746 3.50017 3.54103 -28.9638809406 58.587604018 -2.196380283
-115.098 43.25 -0.00391715795445 -0.00545274149322 0.0140792444024 0.0153007420089 3.3357 3.38657 -24.9986612398 90.598587605 -5.29885522455
-114.174 43.3979 0.00135174211702 0.00180074372264 0.00398322557014 0.000569613332949 3.65701 3.6984 0.0345396513182 -32.1311797055 2.21343749694
-113.518 43.3234 0.000960973626962 0.00531327860503 -0.0156089544391 -0.00678084549635 3.65929 3.70795 21.3768940429 -45.3249534753 5.21060682308
-112.433 43.3998 0.00292570872888 0.000973105771694 -0.00882025604051 -0.00571060919795 3.28791 3.29439 28.9098325087 -44.5070253884 1.77179034536
-111.612 43.2741 0.00298747227965 -0.00218974869385 -0.00117540424932 -0.0107524010223 3.04435 3.03851 13.2161914044 -20.3191430489 -0.304390484519
-124.469 42.8088 -0.000190746676433 -0.000737930592645 0.00452203552309 0.00845561331042 3.66402 3.66355 -14.9989934102 10.4438451984 -0.395981927817
-123.49 42.7667 0.000826033133988 -0.0014877202895 0.00169450893305 -0.00202353454863 3.51562 3.5168 -21.3622331346 17.8669588808 0.517353832746
-121.731 42.6133 -0.000640472287417 -1.16400844033e-05 9.52065396733e-05 -0.0018487641952 3.71452 3.7151 -16.638168288 2.85727525997 -0.613827233667
-120.893 42.7258 -0.00115323076061 -8.07683645538e-05 0.000410476477571 0.000778465091026 3.42862 3.42672 -19.1143774358 5.53876594339 -1.13055609134
-120.251 42.7991 -0.000417898995364 -0.000629973332334 0.000889322590994 0.000584043976819 3.58599 3.58211 -16.949324723 10.2392782454 -0.599448964233
-119.247 42.6912 -0.000784853340698 -0.000404474703599 -2.67160144322e-05 -0.00151415535856 3.59463 3.59089 -18.1150967999 8.92906056774 -0.873041014907
-118.486 42.7308 -0.000298755845027 -0.000184027366261 0.00196376044309 0.00120985696522 3.47979 3.47991 -17.4467848841 3.89163319004 -0.343843293679
-117.725 42.6996 0.000704580595389 -0.00127533160063 -0.00113703606296 0.000298469511987 3.68634 3.68216 -14.9185730618 12.6153283278 0.139645105066
-116.87 42.7779 -0.000314215797269 -0.00293931987682 0.000570859177338 0.00493980562958 3.66435 3.64957 -14.2404560167 39.7622754886 -1.52820310512
-116.032 42.7713 -0.00307888130986 -0.00297546225456 0.00195461351706 0.00230258104045 3.6426 3.63904 -17.8921345806 55.9445345636 -3.97622485998
-114.903 42.636 -0.00266723809126 -0.00488716220416 -0.000193633886988 0.00138003922381 3.53995 3.55172 -22.2825850527 78.7787803448 -4.11135146045
-114.084 42.6493 -0.00162900901385 -0.00443450579308 0.00259576551041 0.00909020107631 3.58825 3.63808 -25.4450576488 67.9111262254 -2.8347314879
-113.176 42.5452 -0.0015577158134 -0.000284192523064 0.00903262164201 0.0204743207941 3.50689 3.51864 -27.5074850222 10.0059407344 -1.57684313916
-112.531 42.6852 0.00609126687647 0.00203681013076 -0.0123746397599 -0.00514279780709 3.95849 4.04117 15.8397554054 -91.1081393201 4.83084304493
-111.588 42.8321 0.00229139804 -0.000182986166805 0.00755094050556 0.0138685675524 3.91361 3.89641 -12.3182211607 -15.7532127663 1.82943360843
-123.602 42.156 0.000514964294433 -0.000212556940589 0.00423111230544 0.00676318952899 3.53052 3.51536 -15.0742486701 0.70467469806 0.429235991837
-121.891 42.175 -0.000588299221988 -0.00200419007196 0.00214013192083 -0.00192556913566 3.74626 3.74401 -20.3751711841 29.0594816886 -1.04022408336
-120.834 42.0472 -0.000962576470146 -0.000260950116185 0.00156251480762 -0.000473139317901 3.40969 3.40824 -20.6677085487 6.84519899467 -0.997168492207
-119.34 42.0187 -0.000764435899764 -0.00149299162765 0.00359969736822 -0.000395364573073 3.61974 3.62252 -16.3798718333 23.4830710042 -1.22721587409
-118.344 42.1901 -0.000491285938526 -0.001166533479 -0.00197637265817 -0.00419822954811 3.52883 3.54898 -19.9551318054 17.8512612992 -0.81836865348
-117.667 42.0192 0.000983192719468 -6.02506345506e-05 0.00123032335545 -0.000152342380122 3.6075 3.61704 -17.055829707 -4.19446744804 0.896802005121
-116.471 42.0773 0.000132545794167 -0.000866456730316 0.000910106006941 -0.00244805545214 3.63678 3.62178 -13.9208219165 10.3837110383 -0.250970443489
-115.754 42.1669 -0.000683238915345 -0.00251802705717 0.000274271972881 -0.00451865705111 3.55046 3.53662 -12.44280993 36.519670054 -1.77278881864
-115.016 42.146 -0.00181786633868 -0.00395875126633 0.000778789153256 -0.00446145200715 3.53892 3.53568 -12.612096363 62.5273398583 -3.47380792282
-113.944 42.0886 -0.0020491117683 -0.00408847713303 0.00391095841289 -0.00308255227998 3.47627 3.47826 -18.296111972 66.0031163684 -3.51740011808
-113.24 42.0343 0.000205327418746 0.00555433367643 -0.0144764445692 -0.0234070496321 3.23578 3.26668 20.1708673075 -39.3874399112 5.03634724073
-112.386 42.0041 0.000244770300933 -0.00393595115477 0.0155845059698 0.000197745975838 3.09873 3.12882 -18.5946161992 50.3977324035 -1.44268122434
-111.432 42.0149 0.00234294892153 0.00351947019374 -0.00454137581766 -0.00536373629072 3.70659 3.72869 6.09437757627 -59.0228478116 4.20808048395
-120.74 38.7552 -0.00110341510321 -0.000398077586078 0.000544092585772 0.0063485575361 3.96877 3.91911 -19.0155746251 9.25421697042 -1.1666357324
-124.122 41.8473 0.00100279000514 0.000990321461734 0.00494729250397 0.00617534330504 3.66598 3.66689 -12.6401650622 -17.4119803638 1.26998590887
-121.839 41.7826 4.04903904301e-05 0.00110454936002 0.00395776424191 0.00730699960427 3.75748 3.71314 -13.8177115191 -14.6898641864 0.41377549866
-121.146 41.3593 0.000917512604128 0.00178090917839 0.00916140647752 0.00667544478662 3.51457 3.52106 -15.0949080813 -27.8212079922 1.44789067246
-120.477 41.2047 9.42575778238e-05 0.00168574240582 0.00250423742691 0.00819418346477 3.57442 3.56119 -17.5459678014 -23.0861452185 0.58651401369
-119.171 41.3884 4.0590869891e-05 2.74331563893e-06 0.00207419566846 0.00814801036097 3.70862 3.66799 -22.2141855087 -0.175465885809 0.0400660860359
-118.379 41.4483 -0.00145912208826 -0.00109290381558 0.000246220837803 0.00817889323598 3.65356 3.65026 -20.7801766006 20.6836255468 -1.70527429145
-117.45 41.423 -0.000253695128612 -0.00175428384227 0.00097909596134 0.0038730942704 3.65066 3.64767 -26.6969230873 25.2736138581 -0.587857157257
-116.54 41.522 0.00103889927082 -0.0013738868729 0.000932677681439 0.00329004630381 3.61587 3.63211 -22.444355535 14.6846824765 0.608875976956
-115.791 41.4311 0.000685480954881 -0.00140028525409 0.00248066778501 0.00542957364871 3.74006 3.72046 -22.2507649921 16.2945772877 0.237677882174
-114.915 41.4157 -0.000850118197087 -0.00173109518528 0.000646612785003 0.00376004531471 3.726 3.68782 -20.480999586 27.6901228229 -1.39098917737
-114.165 41.3602 -0.00200761097394 -0.00285251681134 0.000793130063669 0.00374113377232 3.79135 3.76543 -20.9325987096 48.8702146716 -2.87326031605
-113.347 41.503 -0.00232692262025 -0.00566973762128 -0.0011744736567 0.0121145002535 3.61161 3.67012 -33.8920388964 86.4291615159 -3.12487367837
-112.448 41.4632 -1.42106321147e-05 -0.00577595842647 0.0044929739059 0.000937453788135 3.70981 3.72983 -26.1838883939 80.6439550675 -1.70396482733
-111.63 41.3146 -0.000994729680875 -0.00486876707236 0.00654887907378 0.00812169297974 3.86998 3.86921 -25.9918710169 72.3405760877 -2.45269800611
-123.306 40.822 -0.000491424371849 0.00129757218007 0.00343144668379 0.00665334334419 3.94312 3.94571 -11.4122830626 -14.5527521578 -0.00998358974478
-119.835 40.7484 0.00122199835317 0.00348274682664 0.00035751241296 0.00796638449613 3.69209 3.70353 -14.7142660466 -52.2598001554 2.35472183196
-118.971 40.7797 -0.00013112995143 0.00444707545215 -1.30569604535e-05 0.00762602442538 3.72797 3.73366 -20.7717048878 -60.5531363598 1.03364027751
-118.134 40.7811 0.001013420664 0.00383647187443 0.000580673565126 0.00891277421337 3.52918 3.49129 -22.0490559695 -56.6436250446 1.95305758063
-117.524 40.852 0.000262911031927 0.00124631790016 0.00149818474999 0.00797938100182 3.69177 3.65862 -18.0920709168 -18.0767612356 0.660231449069
-116.508 40.7186 0.000693911209099 0.00097836179558 0.00222090240696 0.00972011602536 3.8141 3.6866 -26.0461922952 -15.8816354546 0.886612480279
-115.736 40.8167 0.000231824216485 0.00143841046966 0.000274656502986 0.0109238281992 3.68125 3.6432 -25.0937592615 -20.9464248703 0.576128135343
-115.039 40.8522 0.000198752843276 0.00134890386105 0.00116242403817 0.00931350599268 3.64221 3.61114 -23.572524638 -19.5407458581 0.571917001724
-114.204 40.8556 -0.000421148163126 0.000928828558236 0.000590224969621 0.00832218486183 3.79232 3.74526 -21.1301152467 -10.6307878473 -0.0824034481464
-113.187 40.8513 -0.000264392237882 -0.000724421437512 0.000929272543231 0.00881729843663 3.54725 3.51836 -17.2447630857 11.2143403536 -0.543346604488
-112.52 40.8903 -0.000971621149091 -0.0022659063575 0.00209789688184 0.0096935120619 3.60749 3.56809 -25.5520300436 35.8698204243 -1.59818166157
-111.437 40.8869 -0.0020596800732 -0.00288953189771 0.00154298753126 0.00616563619892 3.74647 3.71276 -25.3513364899 49.90304145 -2.87409385724
-110.834 40.9425 -0.00278652452304 -0.00334235295129 0.0076278484415 0.0111950940788 3.38364 3.40736 -28.6168705866 58.6591634986 -3.60263335819
-109.673 40.9763 0.00480931986548 0.00295306158022 -0.00433217225764 -0.00168133106458 3.93404 3.98005 4.60034581997 -82.7126648335 5.33325354826
-109.177 40.8936 -0.000545483819475 0.00269067511652 0.00179352879825 -0.00649648057056 3.63566 3.60238 2.53201216691 -20.010644481 1.6765301751
-123.82 40.1398 0.00051662939562 0.000102352289836 0.00220485832851 0.000984916364694 3.70898 3.71095 -4.07662370946 -4.51081449023 0.507330413206
-122.788 40.1767 -7.39727192884e-05 0.000877575135248 0.000820551372311 0.00751964466415 3.80071 3.80604 -11.3906514684 -11.1407888767 0.237236219374
-121.086 40.32 -0.00099725425743 0.000772239979554 0.00133945843806 0.000684847277717 3.55976 3.63109 -12.6969912492 -5.17408086456 -0.657279548824
-120.918 39.962 -0.000910101286934 -0.00542820908253 3.29534518e-05 -0.0084141304294 3.61634 3.65268 -16.1958536781 77.0856152497 -2.48126831581
-119.827 40.165 -0.00085995408871 -0.000838781928308 -0.00142770406256 -0.00874372776424 3.66264 3.70462 -13.3570135779 15.5320492617 -1.10592469782
-118.877 40.1614 -0.00189234126646 0.00139866164884 -0.000780213653519 -0.0101705538723 3.56588 3.63711 -10.7573653421 -6.76697864545 -1.12976161687
-118.155 40.2903 0.00118878465277 0.00553260880771 0.00094566235247 -0.00779676937154 3.42923 3.50716 -13.3242785897 -79.4823351683 3.26231978885
-117.19 40.1697 0.00263273482331 0.00549809910556 -0.00323576700759 -0.000131512352651 3.79122 3.84484 -12.8395605571 -87.6408138339 4.67321452457
-116.5 40.2917 0.00107301084629 0.00786179993917 0.00184060492388 0.000616596781611 3.7856 3.78666 -21.6782795444 -113.100072925 3.2509260822
-115.657 40.1313 0.000244518560063 0.00605757871742 0.000578500784318 0.00437816752178 3.69176 3.72287 -21.5522788255 -84.8202208332 2.03629567623
-114.745 40.2679 0.000240206200656 0.00442880739485 0.00235728657079 0.008099967132 3.6759 3.69088 -26.5216783837 -63.4279749558 1.2600574973
-113.981 40.1314 0.000566117791138 0.00426430651946 0.00334000725376 0.00836260098602 3.6231 3.62202 -24.6453640565 -62.0984399308 1.71997737635
-112.469 40.2807 0.00101134208782 0.00261094376031 0.00308189738126 0.00790641086518 3.84309 3.81875 -22.9767061741 -41.0808929702 1.82226193181
-111.502 40.2067 0.00107648770152 0.000506791451823 0.00293250155332 0.0080714893782 3.65787 3.6311 -24.5441645713 -12.2093002611 1.18259375482
-110.738 40.1948 0.000233393610413 -0.00081986036184 0.00423330963667 0.0106703595917 3.39972 3.38145 -25.6048590873 10.3810895192 -0.0416831303221
-110.008 40.2655 -0.000435080591494 -0.00139926121612 0.00579699233218 0.0108184418633 3.52812 3.51787 -23.1597716144 21.6565877175 -0.92807157946
-109.124 40.2982 -0.00108984465255 -0.00289578181525 0.00336344339584 0.0139991242951 4.26159 4.26164 -23.3742579916 46.0040820679 -2.12934690644
-120.608 39.3028 -0.000527000737496 -0.00408688233513 0.00469674523774 0.00389000296895 3.64838 3.63517 -20.3360205491 58.2182785746 -1.43391970846
-119.898 39.6785 -0.00120805848058 -0.0012766597322 0.0020261091744 0.0109890986598 3.54556 3.54242 -11.194214586 23.4440889302 -1.61190536255
-118.889 39.5399 -0.00167875193562 -0.00849923424981 0.00128983834956 -0.00239096272753 3.51491 3.59715 -19.0783336183 123.467603456 -3.97036480432
-118.08 39.6946 5.30412225302e-05 -0.00563772510609 -0.00127869669599 -0.00742851116538 3.59441 3.70987 -8.52143558966 71.3668415034 -2.56217532651
-117.14 39.5516 -0.00155199091193 -0.00583019533274 0.00150329056568 -0.00661935093058 3.52517 3.58699 -11.6599455083 85.6031275063 -3.89382741321
-116.464 39.6202 -0.00203131106525 -0.00367281076785 -0.00179440422984 -0.00856300276464 3.57793 3.69441 -5.07616534013 60.5916062504 -3.69049899524
-115.754 39.553 -0.00466760913189 -0.00359030666489 0.0015122456752 -0.0038075651771 3.64513 3.731 -6.26979891706 80.1744423401 -5.86202745196
-114.908 39.4731 -0.00118844837636 -0.0014843883721 -0.00137261358163 -0.00734250903994 3.64414 3.69749 -5.60947253351 27.6170259693 -1.8114179865
-114.016 39.455 0.0002373557717 0.00618162225905 -2.90914494503e-05 -0.00701999944649 3.38025 3.46062 -11.6181411729 -81.1646413785 3.16209279854
-113.069 39.5906 0.000138537527379 0.0036244865025 0.000989169155877 -0.00284368058436 3.66678 3.69481 -16.0411405182 -49.0356972363 1.67082386149
-112.279 39.5708 0.00379230977739 0.00630334391344 0.000546594981286 0.00565335674609 3.39041 3.42065 -24.1401158731 -105.666852831 5.55453156246
-111.66 39.6092 0.00370563370471 0.0039990733869 -0.000578919686561 -0.000648686482791 3.51561 3.50695 -14.9813369763 -77.8568903622 5.14546368467
-110.74 39.473 0.00172326998031 0.00348321936648 0.00304076488676 0.00658558892592 3.557 3.54741 -21.4750038459 -57.5614384251 2.91754923983
-110.246 39.6279 9.68836611378e-05 0.00319861920921 0.00715950693164 0.0071923939701 3.50602 3.45882 -27.4848952074 -45.8951899528 1.02763002645
-108.981 39.6333 -0.000464789071305 0.00108402947482 0.00266509191465 0.00817846959269 4.17995 4.13975 -17.2392022828 -10.8675297798 0.113294145633
-122.015 38.6333 0.00183004704934 -0.00138469628116 0.00413205920623 0.00334327717697 3.42098 3.42626 -6.03224015256 6.49838013688 1.05362730178
-121.377 38.839 0.00176078104404 -0.00110161467698 0.00467880555485 0.00754771061157 3.36966 3.34347 -14.599811867 7.27522883001 1.3419425082
-118.808 38.9383 -0.000130802864607 -0.00220632811234 0.00548574900189 0.0147538363976 3.52194 3.50398 -19.9711303877 31.0770756038 -0.693536161802
-117.932 38.8606 0.000201172586869 -0.00425905537195 0.000869680811071 0.00662883800947 3.6576 3.643 -25.9990383887 60.0338731198 -0.518346007225
-117.182 38.834 -0.000336794502362 -0.00366442507186 -0.000417221786046 0.00533399332252 3.75196 3.73289 -20.1058656892 52.2569711175 -1.35288219809
-116.4 38.8247 -0.000773643060301 -0.00403775007655 0.00119760829517 0.00511752866203 3.51394 3.51089 -21.600178223 59.5065819366 -1.83211993176
-115.654 38.8455 -0.00117327591102 -0.00409122628097 0.00166373866384 0.00233548156569 3.76925 3.75646 -15.6960437877 61.6547696493 -2.6384893543
-114.83 39.04 -0.00347187484321 -0.00519789233675 -0.00215995644397 -0.00316433700571 3.84734 3.91119 -13.6359769415 90.390352995 -5.3641474988
-114.02 38.9551 -0.00228773879537 -0.00447102427377 -0.00358697584242 -0.00405745091099 3.77437 3.83831 -13.4374061922 73.7033593214 -4.0358040856
-113.277 38.9882 -0.000528649274947 -0.00357129063083 0.0048186985889 -0.00592409976057 3.22437 3.26883 -17.4277374191 51.3911561061 -1.89343919489
-112.379 38.9995 0.000189189548531 0.00200885354553 -0.00133220364131 -0.0122276334483 3.39525 3.4418 7.65613679199 -21.4849067964 1.64617057773
-111.172 38.9176 0.00138312588504 0.00177191035309 -0.00403125611512 -0.00983906514332 3.52683 3.56364 -5.54980493519 -33.4087129921 2.17481448855
-110.133 39.1025 0.00108889224803 0.00555631729257 0.00415005552336 0.0040595440719 3.71074 3.73068 -23.6169158016 -83.274356227 2.97690925869
-109.263 38.9553 0.000592726102981 0.00338330508521 0.0125731448464 0.00863825877542 3.72745 3.74179 -22.7049623789 -50.2265833675 1.84006683207
-120.936 38.2571 7.56588544908e-05 0.00166123584557 0.00249949896421 0.00743766260051 4.10029 4.09154 -20.4528595416 -23.3650603267 0.416702993338
-118.106 38.3489 0.000712368849863 -0.00111762548923 0.00746020709477 0.0127271530607 3.70009 3.68444 -23.5510671622 13.734003193 0.472788010944
-117.072 38.2397 -0.00078074400247 -0.00162813613671 0.00294803069038 0.00668643178019 3.68207 3.64753 -24.4100692766 25.4449899984 -1.09518711027
-116.302 38.2886 -0.00115165462814 -0.00215045650425 -0.000906984800282 0.00386641910385 3.63307 3.61262 -24.2031249391 34.256465333 -1.59772502439
-115.585 38.3489 -0.000379507994144 -0.00173516520072 0.00197538767916 0.00453304963021 3.78117 3.76701 -24.2058897361 25.949936789 -0.774844755243
-114.608 38.3281 -0.00046511264997 -0.00346825128889 0.000603405631794 0.00537575739826 3.7892 3.77555 -17.4199244675 49.914755712 -1.69468832227
-113.969 38.1802 -0.00149145106558 -0.00422918134572 0.00284647679633 0.00423558786143 3.62432 3.62644 -16.8226802914 65.982852085 -2.99649382766
-113.021 38.2987 -0.00210010457856 -0.00676844768556 0.000381691862771 -0.0013958673895 3.38602 3.39059 -16.7154207264 104.141782188 -4.64547224643
-112.277 38.2108 -0.00130128916699 -0.0061826104928 0.00344815785134 0.00194218201374 3.37027 3.39086 -24.0245672449 93.3953027835 -3.06829863105
-111.483 38.2843 -0.00099368627953 -0.00444568289574 0.00242791325679 -0.00158860014812 3.65179 3.67363 -16.9510070226 66.2072708701 -2.79086255123
-110.711 38.4187 -0.000994259469292 -0.00217926687809 -0.00488005879859 -0.00885357549908 3.75923 3.78162 -4.3255299747 34.6633218415 -2.1399968382
-109.894 38.3862 0.000589266581154 -0.0011176983994 0.00401115564368 -0.0079089364311 3.42457 3.44056 -6.34963124545 7.86019048881 -0.21666091743
-120.33 37.346 -0.000442128197901 0.00059387083531 0.00890775307257 0.0104025349874 3.95216 3.93884 -26.7028471134 -7.85288573942 -0.381876584118
-119.849 37.8817 0.000336725477198 0.000729875337911 0.00587560337651 0.0161382172875 3.72809 3.72598 -20.765314144 -11.2581728779 0.48535095912
-118.171 37.4993 0.00161128708323 0.00160934811278 0.00783304033164 0.010053106634 3.35501 3.35994 -13.0751854453 -30.2319474843 2.08804415238
-117.225 37.7243 -2.60671826476e-05 0.00132167926808 0.00204658764414 0.00871552664388 3.48833 3.47207 -15.5135801852 -17.9159861209 0.429802968572
-116.595 37.923 -0.00143842479648 0.000377631959945 0.00129915645451 0.00963802516284 3.54539 3.53505 -17.9064904823 1.42806482846 -1.244431209
-115.747 37.6444 0.000433415070886 0.000359601347606 0.00110480603715 0.0102394566523 3.749 3.74918 -20.5408928376 -6.85669103874 0.51780791767
-114.849 37.6083 0.000199496541943 -0.000687380883489 0.00251637636171 0.00750560284422 3.64385 3.62403 -23.1295316584 9.02425856764 0.0166341356046
-113.86 37.5808 -0.000298786717126 -0.000899963985936 0.00284644450288 0.00417279079229 3.57077 3.53428 -22.708015462 14.0107601556 -0.539434851628
-113.168 37.7601 -0.00106739669433 -0.00225334466017 -0.00023756325764 0.00578114006572 3.62508 3.5886 -20.5513570088 36.7458135579 -1.75336887417
-112.363 37.6761 -0.00107385674639 -0.00215955443365 0.00119903800818 0.00992072961954 3.61581 3.57743 -20.7353968429 35.656926491 -1.74705655585
-111.596 37.7222 -0.00139682094648 -0.00349340050356 0.00316292262616 0.0110416415979 3.575 3.54976 -28.570171944 55.5005421385 -2.14847281582
-110.802 37.6354 -0.000908006763359 -0.00353614389654 0.0028243885771 0.00502125911535 3.66639 3.6744 -24.4203449214 54.5968476543 -1.95708267933
-109.995 37.6903 -0.0011285630857 -0.00355993709919 0.00375455611449 0.00114914947364 3.55624 3.57496 -16.7030849496 55.4291039838 -2.60776937972
-109.137 37.7459 -0.000710022449658 -0.00278028938291 -0.00266775289177 -2.65776615987e-05 4.25567 4.26885 -9.9581946396 40.6255581616 -2.1595192134
-119.709 37.0069 -0.000547256850802 -1.71780073854e-05 0.0145619800934 0.0126312056857 3.70269 3.69911 -23.5776307631 1.49103693951 -0.543085362283
-115.22 37.2408 0.000703745976075 0.00131838155107 0.00550972364307 0.00770837486189 3.82503 3.79533 -20.5877316334 -21.5591210448 1.05365964306
-114.715 36.7256 0.000856107235788 0.00235077701681 0.00225652332209 0.00613958047126 3.73211 3.71304 -24.003335502 -36.7481338652 1.38041764597
-113.907 37.0195 -0.000106128743832 0.00148659746537 0.00219568268107 0.0044891487137 3.56888 3.55363 -24.2316080392 -20.9587905507 0.264895291505
-113.084 37.0615 -0.000333567993988 0.000634178481634 0.00241384372392 0.00597972823265 3.69227 3.67634 -23.902518914 -7.75515260965 -0.151110156235
-111.506 36.9839 0.000327077838344 -0.00087053090565 0.00207722088978 0.00977076774879 3.64881 3.62872 -20.6215002769 10.4975561129 0.000905951999315
-110.804 36.9969 -0.00131012802828 -0.00211603966992 0.00393470132011 0.005903962388 3.62143 3.6048 -28.2251187192 35.5750817986 -1.77510544087
-109.874 37.1364 -0.000673685580328 -0.0026708494053 0.00652551658716 0.00852456369459 3.7073 3.69451 -30.5402451187 41.5282378796 -1.23982070174
-109.025 36.8299 8.70394910899e-05 -0.000668026343698 0.00739659644741 0.0151091209721 3.93104 3.89305 -18.9442182444 8.62530760838 -0.202917442376
-120.783 36.3627 0.000792379636651 -0.000145753264717 0.000740986411867 0.00592597749487 3.67072 3.66443 -10.001939434 -2.16667787503 0.685927994063
-120.12 36.3356 -0.000655658824209 0.000833653441639 0.0014116449679 0.00175093360293 3.57808 3.56429 -14.6986923912 -8.70096093666 -0.381195626133
-116.33 36.4193 0.00203017305196 -0.00134158926085 0.00284785831131 0.0176977120384 3.68356 3.67847 -13.3460514135 6.95322846563 1.37133405361
-115.383 36.423 0.00184627748715 0.00410479099757 0.00177433727876 0.00418383723776 3.65162 3.65901 -21.7336157641 -65.531273071 2.83518573598
-114.539 36.4321 0.000637650766023 0.00380633592491 0.000427380243025 0.00591081426094 3.66383 3.6603 -18.618204782 -56.4295599671 1.83204979671
-113.965 36.4151 0.00022809800034 0.00327315812267 0.000829929054547 0.00283298226652 3.51037 3.49424 -22.155168552 -47.704496819 1.11542779619
-113.18 36.4182 0.000922513478571 0.00174514194383 0.000762655565455 0.00432983454653 3.49849 3.49991 -21.4410137405 -28.9530985008 1.40328290377
-112.291 36.428 0.000305367172884 -3.30579756404e-05 0.00200472589455 0.00677938703317 3.68594 3.67722 -20.4750557975 -1.05120289202 0.2770696182
-111.13 36.1428 0.000382441635685 0.00152289989347 0.00208179497039 0.00808142310547 3.58299 3.57234 -21.9046613634 -23.5802062892 0.858316328281
-110.662 36.5996 1.12869711801e-05 0.000560953513338 0.00521926787911 0.00653064571212 3.66596 3.64065 -21.1253603432 -7.96866340759 0.208819832402
-109.87 36.4199 -0.000711793780784 -0.00105938362641 0.00853112064554 0.00673644477942 3.6897 3.68335 -20.3006169711 18.9246797657 -1.060515733
-121.236 36.0214 0.00015142178656 0.000230931027623 0.00147041126377 0.0023101947626 3.76084 3.76095 -4.13512720507 -3.93337260754 0.238375745193
-119.903 35.8667 -0.000475217154288 0.00106966465005 0.004471824822 0.0018778341089 3.5763 3.57633 -8.67267041187 -11.5459425868 -0.0190731712944
-115.43 35.8384 -0.000303481261852 0.00302521336838 0.00649191320601 0.0113740008838 4.00237 4.04235 -29.0680517256 -43.8691950823 0.0678302268566
-114.851 35.7266 0.00190583957585 0.00220254365771 0.00191276996146 -0.00397809243826 3.46594 3.48381 -37.977694563 -31.9959697536 1.851940582
-113.984 35.8522 0.00218719117795 0.00510361511013 0.00272472681198 0.00501566634613 3.63169 3.67015 -22.5375020321 -81.8770958116 3.4381067279
-113.105 35.6339 0.00253613245967 0.00258874083093 0.0031036841007 -0.000221309026283 3.69464 3.68536 -28.8843111267 -44.4901999533 2.92808312731
-112.173 35.8191 0.000569174676331 0.0018611191139 0.00452202563636 0.00565979748666 3.85961 3.8287 -26.1590312918 -29.1839469982 0.984139216435
-109.933 35.7113 0.000743108577974 0.000909361586307 0.00850636757556 0.00243228257903 3.63183 3.6165 -25.7139258817 -16.4171668686 0.968027172982
-109.046 35.7147 -0.000519847330838 -4.89229183311e-05 0.00443267483001 0.0123230315252 3.93521 3.91162 -18.64241027 3.94966235577 -0.4937081107
-114.87 35.301 -0.00113597793501 0.00092995823175 0.00920756654196 0.0066043414729 3.88614 3.89684 -15.7444532254 -7.03642825558 -0.738348593191
-113.885 35.099 0.000886085681511 3.33620211757e-05 0.00408988423315 0.00353435929353 3.30489 3.32766 -37.7837078485 -0.345375344279 0.885639778585
-113.083 35.2127 0.00332690443597 0.00639078260874 0.00444081639746 0.0130328488061 3.51904 3.52748 -24.8328678319 -104.767839549 4.70150257291
-112.267 35.1787 0.00206836691884 0.00527438002773 0.00421838618553 0.0121110713857 3.71691 3.72499 -24.1439569122 -84.7751947358 3.34571055375
-111.532 35.0951 0.000922034072308 0.00291158241625 0.00340741726634 0.017862111589 3.6573 3.65054 -21.6241363162 -46.1814155407 1.778752881
-110.713 35.0789 0.000540051372968 0.0027862860541 0.00204079849257 0.0179707610372 3.49129 3.48206 -21.5108451719 -42.6521362822 1.42080689687
-109.736 35.1181 0.00226895857189 0.0034706616388 -0.000315377967844 0.00780410223439 3.66379 3.57374 -26.1222140145 -60.2611647378 3.11926771777
-109.388 35.1118 -0.00191559962599 0.0035647729804 0.00568834554394 0.0100848477753 3.54118 3.50121 -25.4194443665 -43.7140104686 -0.809422115162
-113.83 34.5935 -0.00104444747358 -0.00242357912871 0.00756260684219 0.0108409677818 4.03501 4.04828 -20.8321559174 39.2384578006 -1.67015696015
-112.891 34.4692 -0.000865056361653 -0.000560420275834 -0.00160126391059 0.0205232384182 3.67598 3.70473 -37.0594377753 8.5862817395 -0.871104184983
-112.237 34.4866 -0.000382996098525 0.000984880104484 0.00473891552624 0.0269478868878 3.57112 3.60044 -41.6792034053 -15.1923242195 -0.438588315315
-111.441 34.4178 -7.33413753347e-05 0.00531057030917 0.00426597615553 0.00810661185838 3.36154 3.42016 -42.4968843022 -80.5267340271 -0.375855648356
-110.806 34.3371 0.00119922559017 0.00510407689244 -0.00100327415606 0.0235197012245 3.47241 3.50415 -42.0336507981 -76.976168313 1.00621089465
-109.95 34.5293 6.17469206643e-05 0.00669805369535 0.00527027913534 0.0199399599934 3.89619 3.92536 -30.950129321 -100.886706359 1.2307945266
-109.29 34.4275 0.000424441530936 0.00829788813095 0.00783569869851 0.0052494938724 3.71401 3.75231 -33.1404904008 -126.719215836 1.65374837318
-114.524 33.7503 0.00318754797176 0.00301692741762 0.00201474392879 0.00444202934202 3.96981 4.02852 -9.84639209493 -61.4283552877 4.17664621871
-113.829 33.8142 0.00192819872127 0.00235109296136 0.000375055962332 0.00368634629662 3.8256 3.83085 -11.4681473356 -44.2528418533 2.73392332384
-113.005 33.9383 -0.000604950352763 -0.000291076321861 -0.000546730649752 0.00327089539686 3.95543 3.9016 -15.3508082222 7.46916144023 -0.669767606912
-112.333 33.9535 -0.00231691280503 -0.000903532438147 0.000788777837909 0.00490823672434 3.73371 3.74926 -23.4671432932 21.9804072607 -2.46882657864
-111.478 33.8798 -0.000343410593476 -0.00049704188462 0.00405514530698 0.00934505971134 3.6802 3.69594 -29.3617261979 8.31127807719 -0.419859961296
-110.844 33.6953 -0.000847707533677 -0.00132986058356 0.00458278079254 0.0177560947753 3.79131 3.8456 -25.533651691 22.8037848747 -1.13983315252
-110.034 33.7776 -0.00164022444996 0.000348913265339 0.00722422204482 0.0274681825613 3.46806 3.52259 -38.1351845586 -4.39712878869 -1.62594555812
-109.254 33.9571 0.000816627846988 0.00502277163325 0.00963709101808 0.0183318373108 3.9376 4.0045 -38.9697508451 -77.6152991874 1.02400319761
-112.946 33.3627 0.00112838686243 0.00366728232863 0.000546661917484 0.0013671245664 4.08383 4.09542 -13.3019535902 -57.7379165678 2.49290360488
-112.158 33.2893 -0.000308117647132 0.00149196945048 -0.000162559677798 -0.00157407350714 3.83371 3.81182 -12.8283434743 -18.6547284851 0.342964590508
-111.427 33.341 -0.000559106014808 0.000230427754812 -0.000374907543181 0.00147226186749 3.58404 3.56539 -20.1712928653 -0.678358845823 -0.459296938269
-110.472 33.2969 -0.000388982677188 -0.00119548429458 0.00361202710358 0.0145479330895 3.8981 3.88249 -19.1259763295 19.2510512321 -0.778873112697
-110.036 33.0851 -0.00223068992224 -0.00142556233977 0.00433445775259 0.00666745855642 3.8539 3.82963 -21.5476806576 31.5037828825 -2.56379791148
-109.266 33.2921 -0.00129896348693 -0.000906529567323 0.0118771672828 0.0168203512638 3.88619 3.90784 -26.1313750184 18.5749394295 -1.48587836586
