-111.704 32.5618 8.40573850738e-05 4.11390275567e-05 -6.60948256596e-05 0.00250589472483 4.001 3.99887 -2.87838257055 -0.416559427246 0.0825747663684
-122.707 48.7197 0.000490675772108 0.000429737966197 -0.00181398660097 0.000641500965136 4.3362 4.27913 -0.375483686812 -3.81657879061 0.446992150501
-122.085 48.9983 -0.00124120586338 0.00035899441908 0.00187137418955 -0.00155206354529 4.18206 3.94618 0.714967504615 -4.4756760939 -1.26307758647
-121.48 49.0983 -0.00190524667203 0.000429448685936 -0.00271066131105 -0.0026291965811 5.03582 5.24957 1.75563805128 -5.175911154 -1.92199849429
-120.384 49.048 -0.000351997678511 -0.000105822772141 -0.00142508494909 0.00542759308072 4.43528 4.42495 -8.07536094258 0.343393348882 -0.323896165945
-119.272 48.9534 -0.000973664141702 -0.000108274046908 0.00330575243532 0.00416610618873 3.59949 3.62166 -8.42518063691 -0.817114645784 -0.935129897665
-118.585 48.9752 -0.000277076601352 0.00047831346315 -0.00132499305989 0.00232853228349 3.71023 3.82045 -6.60487563392 -5.31812771854 -0.345936768879
-117.559 48.9813 0.000435214209172 0.00128118853599 0.00181289421623 0.000463173425454 3.66206 3.67277 -3.36870153715 -12.9258453337 0.329855483088
-116.363 48.958 0.00150703411841 0.00226599804389 0.00168498820179 -0.00978681461294 3.85287 3.49263 9.24110333447 -25.9391110168 1.83785551734
-115.653 48.9339 0.000182200165953 0.00155763859334 -0.00438164948774 -0.00781221069679 4.63112 3.93739 11.2989613264 -16.487144506 0.487628047869
-114.413 48.933 -0.000121734574091 0.00123807956629 -0.00806264257397 -0.00493878471084 4.6809 4.40861 10.2296237134 -12.6640306078 0.123365320578
-123.504 48.0575 0.000259248795251 -0.00028888241003 -0.00775628377873 -0.000871405490951 5.3646 5.45871 -2.81538155918 3.23144925381 0.299365569605
-122.096 48.2641 4.07885809512e-05 0.000928189868172 0.00159625888708 0.00221477115482 4.57091 4.65402 -5.64708489151 -9.1229996128 -0.126587562473
-121.484 48.5183 3.91302727539e-05 0.000115476417761 -0.00240153603195 0.00171371484921 5.04057 5.01502 -3.62522832133 -1.10336294778 0.0229578866904
-120.12 48.4607 -0.000393384689833 2.4217599731e-06 -0.00126219602481 -0.00253115133047 4.82423 4.74611 2.35384096077 -0.0858702289372 -0.393376039896
-119.333 48.3584 -0.00119987340182 -1.95921949317e-05 0.000389182024651 -0.000368407931118 4.04426 3.9854 -5.50985614414 -1.54944456265 -1.18496812811
-118.149 48.4226 -0.00189319153697 0.000943006674997 0.00164528611316 0.00070904613637 3.42511 3.49888 -12.3107505777 -14.2514172501 -2.06563648719
-117.225 48.2995 -0.00195944594893 0.00361482363866 0.00190346657491 0.00127636890208 3.09989 3.47828 -14.0247772376 -41.7386297031 -2.83366571381
-116.367 48.4366 0.001614248914 0.00496762091908 0.000934061199023 0.00635301778718 3.46249 3.85585 -10.6262051878 -47.927749142 0.631637868726
-115.589 48.4694 0.00200743801455 0.00401074284157 -0.00221823079133 -0.000300692702256 4.35029 4.68708 2.40638632586 -43.2356934398 2.18453471976
-114.468 48.3739 0.000278270483544 0.00338425675518 -0.000141297373109 -0.0173022583033 3.42354 3.47459 30.9830047925 -32.1093783628 2.02765880121
-122.173 37.1311 -0.000825034283078 0.000133135829844 0.00383279472822 0.0113280397454 3.69182 3.38191 -8.97116433433 -3.24141747103 -0.833051117973
-124.566 47.9475 7.33894806778e-05 -0.000478609140051 0.007533518837 0.00231684193527 3.6652 3.68507 -3.12290005066 4.78598909466 0.152619161034
-122.972 47.7172 -0.000210910037016 -0.000381958614886 -0.00818679451689 0.000730948273236 5.58699 5.86631 -9.18221876043 3.1686781584 -0.108312223249
-121.689 47.6947 0.00031815942646 -0.000284419667497 0.00619551851816 -0.00199341680357 4.07889 4.26502 -3.53404940804 3.28812680173 0.354393973155
-120.894 47.923 -9.0833976519e-05 0.000364186582119 -0.000236906673636 -0.00599981719211 4.54093 4.50146 8.241895866 -3.61736440484 -0.0624524943702
-120.061 47.6902 -0.00056799276148 0.000275952880871 -0.00434916397294 -0.00212713659695 5.1683 4.91614 2.30497620473 -2.9111022349 -0.572266599574
-119.045 47.7849 -0.00142670629061 -0.000174313384719 0.000325727978083 0.00137251944054 4.62229 4.40487 -6.41540201121 -0.491835574312 -1.38276326613
-118.274 47.8006 -0.00285413557314 -0.000509299128467 -0.00218634741542 0.00422695988609 4.12418 4.41079 -16.2165602131 -4.16941312642 -2.55463619836
-117.308 47.8192 -0.00171388436493 -0.000515948444177 0.00340393680012 0.00677116494288 3.09597 3.44843 -26.3242274876 -3.4783480358 -1.28207775708
-114.574 47.6795 0.00138263105633 0.00302863455835 0.016013749333 0.0166776800427 2.50686 2.59742 -11.7380304532 -28.836521421 0.784814490557
-113.747 47.7687 0.001119268473 0.00243288860507 -0.00844379266006 -0.0121173095202 4.54196 4.77354 15.652621626 -28.3845163491 1.78542187223
-123.771 47.1161 -0.000224669302393 -0.00109841055612 -0.00312019564617 0.00495001957914 4.39667 4.42603 -11.8513804086 9.70963839321 0.121580321302
-122.803 47.1109 -0.00071917252736 -0.000669213610847 -0.00482090966765 -0.00171779599857 5.20625 5.58237 -4.28837276296 5.41586940196 -0.598662038765
-121.989 47.1881 -0.000564204895964 -0.000999967104093 0.00703342106496 0.000715772788235 3.56222 3.66585 -7.96932020755 8.58823665441 -0.332474808014
-120.844 47.1935 -0.000514044424562 -0.000172856310113 0.000909265970779 0.00120170930558 4.31518 4.53048 -9.3556726622 0.521791505732 -0.461236688998
-119.973 47.1936 0.00100969585406 0.000686039170791 -0.00476786873892 -7.15700912217e-05 5.62484 5.71256 -4.69917242192 -5.53631884572 0.90641810131
-118.921 47.0573 0.000231072915811 -0.00061466820405 0.00245235903373 -0.00486511860001 4.56316 4.03855 4.19405983369 6.25466721818 0.211683599078
-118.309 47.0615 -0.00213901491059 -0.00133754728109 -0.00274022388245 -0.00620474186288 5.36213 5.17706 7.29170667801 15.8420090336 -2.25422527885
-117.276 47.0547 -0.00239138180941 -0.00309803886047 -0.0101606960012 -0.00453490325964 6.94295 9.44132 0.183112689746 31.8568366177 -2.33613358511
-116.335 47.0477 -0.00153443971348 -0.00173844855605 0.0115756599487 0.0117317663242 2.93223 3.22794 -20.2364321129 11.3601838068 -0.819013360986
-113.506 47.0816 0.000199907444579 0.000634383203735 0.00538583097577 0.0232331581028 2.72198 2.79118 -37.9292425047 -4.20225118009 -0.215245845578
-112.52 47.0418 0.000547837977577 0.00116108049097 -0.00693900288844 0.0261771912192 3.96912 4.04354 -27.7768415373 -8.76098477943 -0.00545120909817
-123.563 46.5459 -0.000270685592479 -0.000641434002985 -0.00111891872209 0.000933613570794 4.32509 4.27099 -3.30401586598 5.87416527071 -0.166066560306
-122.72 46.5934 -0.000606177288987 -0.00205069845507 0.00116178983513 0.00186982725308 4.47269 4.65966 -6.07490554361 18.9501084983 -0.194796358263
-121.761 46.5605 -0.000404637346914 -0.00232195784772 -0.00185067687141 7.83482015639e-05 4.71382 4.90985 -5.10468331564 22.4063616952 -0.0126999756303
-120.979 46.5433 -0.00149265130804 -0.00234324661337 0.000841027816415 0.00408895744291 3.92936 4.27044 -15.8640060762 17.244042017 -0.61203188332
-119.855 46.5585 6.86915737728e-05 -0.00124344273382 0.00124992891016 -0.00110869788522 3.80513 4.18319 -9.13766395501 12.5786883673 0.33057410323
-119.06 46.4911 0.0010159290767 -0.000295722203562 0.0030811373385 0.000121750550825 4.17849 4.35212 -5.62841334461 4.49392680249 1.04759269084
-118.146 46.5139 -7.41591666301e-06 -0.000751397940109 -0.000307382951822 -0.00310110313769 5.16611 4.93512 2.24859256495 7.78429784419 -0.0124856265666
-117.11 46.485 -0.00199278295155 -0.00247755492887 -0.0127934395324 -0.00510357273456 6.84461 6.12832 18.373691551 30.8691760957 -2.63808378477
-116.209 46.3559 -0.00170546957441 -0.00603384819959 0.00614524403842 -0.00513036720704 3.80454 3.90502 12.5625434861 65.7488433848 -2.93118114446
-114.188 46.4423 0.000323580311746 0.0023075689027 -0.00413624298382 0.00842313743833 4.23716 5.07034 -8.62527415308 -23.92947548 0.0141939107892
-120.728 40.6183 -0.000651125606744 4.83124201459e-05 -0.000895678025596 -0.00417497519763 4.47026 4.75682 -1.11810455315 -1.05713328566 -0.652863998044
-123.559 45.9306 -0.00142482343106 -0.00029237476477 -0.004000870549 -0.00523683410714 4.31944 4.46329 5.25296787312 2.77882276185 -1.42214839536
-122.419 45.9325 0.000804036356795 -0.00247496132696 0.00199866129179 -0.000511111655843 4.34202 4.24988 2.02065648998 25.1945098101 0.929467194159
-121.459 45.8839 -0.00085034907808 -0.00185662648809 -0.00386927776217 0.000808059637824 5.17573 5.04164 -6.06821537076 16.9081628004 -0.503598685904
-120.782 45.7664 -0.00162101436012 -0.00250098660653 0.00151507840461 0.000500480979568 4.36583 4.49925 -4.89057945735 22.6180439606 -1.22536185239
-119.928 45.8951 -0.00183572330955 -0.00292577858247 -0.00114226079854 0.00225248463776 4.3888 4.76575 -11.5388890152 24.1560315643 -1.0327425892
-118.777 45.7971 -0.000965869795409 -0.00110952448103 0.00406815504288 0.0036183548619 3.69286 3.96166 -11.7315262943 8.67055489074 -0.666873176082
-117.909 45.7087 0.000260235873306 -0.000987239766136 -0.00112453529592 0.00218639516247 4.49175 4.6836 -7.3464705327 10.5403116998 0.412831056715
-117.228 45.9734 -0.000220704133962 -0.000877126411594 -0.00798851279028 0.00117319503055 5.7648 5.27227 2.20250728338 9.18479785923 -0.235498527318
-116.155 45.8883 -0.000567126819361 -0.00152058413004 0.00180093053472 -0.0031034529377 3.9276 3.7009 9.87172423726 16.7428841475 -0.807831057451
-115.255 45.7565 -0.00069691613019 -0.00206628986042 0.00492659955761 -0.00321842230666 3.62155 3.67249 3.74526914752 22.3160356104 -0.835991642149
-114.332 45.7893 -0.000421823119203 -0.00346865658798 -0.00945288314726 0.00530266905342 5.22901 5.77306 -12.3222561289 35.3151616883 0.278199574227
-113.37 45.8122 -0.00126958392799 -0.00253988437226 0.00263307709108 -0.00340941121052 3.88982 3.98998 1.64146472929 27.9560803743 -1.40742499253
-123.281 45.3153 0.00118365906127 -0.00173807562142 -0.00197149630748 -0.00316823115409 4.61112 4.54078 6.18441194048 17.1707258433 1.16470863808
-122.478 45.2059 0.000719726732504 -0.00122706831395 -0.00247187930405 -0.00154762397409 5.11955 4.75287 4.37780724743 12.3657732802 0.732860195618
-121.317 45.2422 -0.000817143873346 -0.00236520230623 -0.000449705071797 -0.00115004897852 4.9898 4.74842 3.0314460319 23.7344782032 -0.769943925993
-120.635 45.2357 -0.00133066502846 -0.00262310588179 -0.000539101359235 -0.000214157168685 4.6032 4.56109 2.27191248822 26.3072376717 -1.26534146248
-119.669 45.2664 -0.00169509200831 -0.00248184234911 0.00117009472827 0.000724378079413 4.16502 4.24931 -4.40683165591 22.9523400997 -1.36072337748
-118.96 45.2904 -0.00177784851981 -0.00268639689452 -0.000582648525341 -1.14286753477e-05 4.18436 4.55537 -6.78869068379 24.3292321878 -1.3207228164
-117.78 45.2781 -0.000554124465272 -0.0019666065687 -6.88714896094e-06 0.00315215915456 4.08138 4.38633 -10.3555938312 18.7735321973 -0.132188677414
-117.12 45.2925 -0.000409684219899 -0.000824862181636 0.000591585550204 0.000777130177697 4.1144 4.23046 -0.424645215488 8.48294200647 -0.386089581176
-116.268 45.3997 -0.000335540469092 -0.000980183000392 0.000494588816828 -0.00348149929424 3.92998 3.94264 15.1686695345 10.8499211483 -0.571427845652
-114.233 45.0931 -0.000613143608338 -0.00157738983494 0.000904966020572 -0.00347247204239 3.89168 3.66263 7.79147944326 17.6081169832 -0.84244490015
-113.46 45.2432 -0.00187259002604 -0.00164345487127 0.00197782810497 -0.00582237783961 3.80447 3.70133 12.1370332084 21.828897932 -2.20495339787
-112.489 45.166 -0.00116373585697 -0.000690232439312 -0.0058577744414 -0.00432809910385 4.36101 4.38793 6.72522121343 9.28701052358 -1.25554654002
-124 44.6764 0.000875019582024 -0.000830642882244 0.0032322157765 0.00257401256015 3.75148 3.82543 -2.13940852176 9.36526726922 0.984540093511
-123.292 44.6765 0.00195023318645 -0.000411457505386 2.43328386089e-05 0.00259275311134 4.34718 4.26241 -5.11929421628 7.61708374635 1.99270561568
-122.186 44.6837 0.00125760324475 -0.00044971780835 -0.000603323777306 -0.00159544221097 4.7946 4.48991 3.80215055722 4.72853572508 1.26515469409
-121.227 44.6473 -0.000120139037983 -0.00149888399748 -0.00165894909098 -0.000867505011593 4.88781 4.37201 6.09752123293 15.1848387784 -0.171868302015
-120.335 44.7344 -0.00146260412711 -0.00200269922916 -0.000708251862825 -0.000651552544918 4.79615 4.62408 6.47670552934 21.1353400655 -1.56493294699
-119.565 44.5913 -0.00102763125067 -0.00299681047947 0.000996893975039 0.000551888394301 4.30574 4.41355 3.18134820381 30.7286078317 -1.0393576984
-118.67 44.5191 -0.00139937107998 -0.00242677935683 -0.00116541270058 0.000939631333648 4.26642 4.21729 0.0507425599983 24.4265619725 -1.30149106356
-117.664 44.6653 -0.00193894367024 -0.00204475257154 0.000441260300145 -0.00100481994468 3.92648 4.01209 2.02822621107 21.3884934724 -1.95328573733
-116.747 44.589 -0.00035169901471 -0.00161604502033 0.00240734504664 0.000588773950647 3.51404 3.703 0.110777344936 16.8514183936 -0.326888131571
-116.013 44.7035 0.000403314959542 -0.00173637374327 -0.000295290646647 0.00160981460133 4.08453 4.15286 -0.790542382696 18.3590324812 0.441325133891
-114.855 44.5494 0.000213408564338 -0.00110003577691 -0.00121630115239 -9.35808134488e-05 4.32387 4.08869 4.58184308207 11.4389558869 0.118436630171
-114.255 44.5642 -0.000583467150274 -0.0006725601863 0.000191389324469 -5.96664982097e-05 4.12834 4.02085 8.89253779743 8.11148045491 -0.68789795277
-121.551 36.3887 0.000430902820192 0.000110032982644 -0.00309172624557 -0.00293546688069 4.43816 4.44319 9.27256823774 -1.4652010506 0.43870195332
-121.461 40.8161 0.000243655579692 -0.000427854605688 -0.00609045168925 -0.00045787499275 4.65669 4.68172 -10.3232095149 4.78375827199 0.343896455437
-119.023 36.6801 -9.22578680433e-05 -0.000164610303823 -0.00128167247283 0.00306417711449 4.38195 4.36285 -1.13545408835 1.61566827668 -0.0804746799261
-123.83 44.0035 0.000279968598398 -0.000914001995506 0.000234026033999 0.00113363482209 3.98766 4.24094 -1.43943359702 9.32541448676 0.394876659748
-123.278 43.9726 0.00116463587866 -0.000534946672145 0.00216336131746 0.000605895335438 3.95474 4.10425 -1.82891279414 6.75906235629 1.22366787428
-122.411 43.7941 0.00113219538189 0.00026167217684 8.198731232e-05 0.00227021579417 4.32791 4.22327 -2.42486010059 -1.14341388633 1.0892692832
-121.268 44.1626 0.000404982176151 0.000237805604086 -0.00212276170106 -0.000449646705546 4.73238 4.31134 5.60647785811 -2.50533253205 0.410887842441
-120.211 43.9437 -9.69435080854e-05 -0.000768404124432 0.000479171145328 -0.00254224838914 4.55268 4.25943 11.4997969227 7.88714234729 -0.203903771349
-119.504 44.082 -0.00103042415657 -0.00148300391797 -0.00124937183912 -0.00225064083652 4.62769 4.15126 11.5406247284 16.5976948102 -1.2407745783
-118.569 43.9104 -0.00152464995497 -0.0012541356054 -0.000970782049808 -0.00189072059783 4.37265 4.20598 9.29898353899 14.7596736275 -1.66621823101
-117.741 43.9733 -0.001723072132 -0.00197975866383 0.00147981911981 0.00032595184201 3.82461 3.91037 4.72395697929 21.465440387 -1.82448652094
-116.803 44.086 -0.000642349209367 -0.00257456842273 0.00114561969567 0.000478569096001 3.81635 4.00303 -0.062247791106 26.7887467752 -0.591665918993
-115.958 43.9121 -0.000308257050282 -0.00154766902735 -0.00110570954274 0.0012920058256 3.9041 3.91333 -2.95725055066 16.0660368142 -0.214584022833
-114.117 43.9146 -0.00034110796737 -0.000763612283763 0.00451247783209 -0.00175730854858 3.62617 3.65558 9.84733132302 8.68233589312 -0.476094648514
-123.575 43.3654 0.000374523272237 -0.000766007322276 0.000989916693502 -0.000935681345472 4.17461 4.09171 1.74504949241 7.83078231167 0.427005641502
-122.965 43.3717 0.000231986668495 -0.000211381545972 -0.000948782720716 0.000559653530933 4.2491 4.21974 -0.653417161302 2.33418992022 0.252737888935
-122.109 43.2406 0.00032758717725 0.000830045232462 0.000635382795593 0.00013624496136 4.02199 4.00826 0.461922180023 -8.05430969667 0.264770273052
-121.236 43.2843 0.000916513342274 0.000967902993504 0.00173601435831 -0.00024554486347 4.0243 3.96511 3.24316990354 -9.62685938605 0.90120002738
-120.153 43.2515 0.00037216307188 0.0004753477779 -0.000563346575695 -0.000729165999673 4.46332 4.21424 7.68170865048 -5.11065539247 0.406575073465
-119.311 43.3736 -0.000563115526995 -0.000164919463084 -0.00112647011109 -0.00198729796907 4.71667 4.37494 9.75901705013 2.37571460119 -0.578905243916
-118.474 43.358 -0.00116990113703 -0.000985135007644 -0.00136585150882 -0.00055436281383 4.57246 4.43842 9.84531308296 11.6738949232 -1.28976129002
-117.754 43.3471 -0.000739509766498 -0.00150418375629 0.00162113598617 -0.00086428447485 3.98606 3.90152 8.7140541582 16.4274408312 -0.916063722798
-116.767 43.4275 -0.000778983883808 -0.00192331771676 -7.84610321441e-05 -4.13822435353e-05 4.13798 4.04105 3.38442520998 20.4288186856 -0.855523552608
-115.828 43.4151 -0.00102552293118 -0.00125543190782 -0.00258863842878 0.000715387591733 4.21472 4.20129 0.834027236511 13.3009148537 -1.03406694416
-115.098 43.25 -0.000899383283017 -0.000969433782477 0.00199777638845 0.00184603422126 3.47627 3.51221 -0.890133326571 10.1290940336 -0.88491786587
-114.174 43.3979 -0.000105335027525 -0.00119538253351 0.00770993467567 -0.000354591346871 3.34792 3.38384 0.736906753442 12.7788556646 -0.135027734968
-124.469 42.8088 0.000382629622814 0.000183905696432 -0.00348727188947 -0.00515664970923 4.40004 4.28936 5.30443195061 -1.73959820092 0.379243383462
-123.49 42.7667 -0.000127211808087 0.000244674153152 -0.00159779522883 0.000139370415957 4.43181 4.23484 1.05447003867 -2.51831393824 -0.146508370385
-121.731 42.6133 0.000532027485029 0.00133580039384 0.000668907142271 -0.000793426143433 4.12645 4.29308 -1.07573881682 -12.8458004853 0.40008350742
-120.893 42.7258 0.00104703974096 0.000868822349634 -7.59348707891e-05 0.00127731390884 4.09483 4.12772 -2.43216611929 -7.56726185534 0.944502830401
-120.251 42.7991 0.000703632515675 0.00108711659754 0.000481725374678 0.000150593229527 4.28843 4.16281 -2.41957742681 -10.2656992052 0.588105874028
-119.247 42.6912 0.00036729529645 0.000919981836189 -0.00097253109559 -0.000221669636353 4.44154 4.24072 2.4506387025 -9.4112213468 0.361534045544
-118.486 42.7308 -0.000175740665536 0.000234006132648 -0.000507939370368 -0.00125132377167 4.38314 4.07213 6.96546416412 -2.25879807969 -0.156098910111
-117.725 42.6996 -0.000324114116147 -0.000243799363356 0.000588393333745 -0.000716081519876 4.25067 4.01913 9.770176446 2.97364914084 -0.354846225634
-116.87 42.7779 -0.000812798461711 -0.000404379862794 -0.00061022737217 -0.000990016382486 4.4024 4.19772 6.00487009333 4.9224706942 -0.843808120367
-116.032 42.7713 -0.00116606227399 -0.000491573100173 -0.002550968479 -0.000297752447238 4.2966 4.19734 5.06957831613 6.10377873558 -1.20058019505
-114.903 42.636 -0.000592364707218 -0.00120192814889 0.00197214311269 -0.000781068008116 3.5844 3.63008 3.95815748801 13.1686259018 -0.676261815428
-114.084 42.6493 -0.00013618358615 -0.000901676321268 0.0023881995934 0.00241680355021 3.62384 3.64249 -5.94930954273 9.45411822612 -0.0526576352912
-113.176 42.5452 -0.000364072047723 -2.45414918574e-05 -0.00173997705919 0.00588326138706 4.12641 4.09513 -6.2668572503 -0.0778949652209 -0.360553732668
-123.602 42.156 0.000172309702666 0.00172357673844 -0.00368826139806 -0.00170580387316 4.58589 4.48867 1.42346854235 -16.8762604644 0.0420934540539
-121.891 42.175 0.000187143880735 -0.000123280326369 0.00109952415713 0.00215970761488 4.08457 4.37033 -7.18463684221 1.59443642599 0.208370081663
-120.834 42.0472 0.000595741390173 0.000499856853287 0.000514380532965 -0.00103128605579 4.10155 4.11023 -7.34742945721 -3.78713485762 0.486910199373
-119.34 42.0187 0.000169979578026 0.00150747550644 0.000625002775468 0.00202214438277 3.94637 3.97456 -8.29924849048 -14.8113762056 -0.125935811889
-118.344 42.1901 0.000298093216972 0.00161203026324 -0.000108769861466 -0.000264626618104 4.19401 4.07133 0.0570021043117 -16.5198649305 0.236897265074
-117.667 42.0192 0.000205383035415 0.000684531293266 -0.0012857117882 -0.00295630574964 4.39823 4.20076 8.18242503779 -7.30088727193 0.280400447332
-116.471 42.0773 -0.000519501619649 0.000496795187518 -0.00122419942958 0.00102909181516 4.3612 4.21011 4.89509827195 -4.82375464471 -0.484396800214
-115.754 42.1669 -0.000275611663002 8.48368803117e-05 0.00149940402587 9.54546389968e-05 3.96333 3.92277 5.59239212178 -0.632730622836 -0.266987784944
-115.016 42.146 -0.000281380124571 -0.000635172087621 -0.00116741409109 -0.00109804389327 4.12719 3.95903 5.91341199105 7.0056311946 -0.345258541119
-113.944 42.0886 -0.000655214228071 -0.000318903589041 3.98888208561e-05 0.00352801696666 3.94887 3.86043 -7.40724138988 2.56858430049 -0.613517442547
-120.74 38.7552 -0.000818944127985 -0.00103211130796 0.000790285558269 0.0013137559604 4.07076 4.04198 6.43145037565 10.7877227066 -0.864060883869
-124.122 41.8473 0.000382181011047 0.00116829642202 0.000667127480465 0.00509634045748 3.92447 4.01139 -8.63024603937 -10.1720012998 0.0729660242666
-122.854 41.392 0.000994965343366 0.0015609625481 0.00137794233198 0.00117191920602 4.04365 4.31559 -8.31139516424 -12.7786648004 0.601749220941
-122.122 41.2742 0.0010261523534 -0.000115292116889 -0.00112471187529 -0.000732018766981 4.38533 4.50676 -5.56937292932 2.97464439998 1.03020791915
-121.839 41.7826 0.000694217683973 -0.000724872540101 -0.000993006371529 -0.00192171856391 4.48478 4.44737 -3.76620989321 8.20708959506 0.791889867236
-121.146 41.3593 0.000721701499827 0.000456479898861 0.000698452293847 0.00221021179424 4.14915 4.19056 -10.3067535342 -2.64828622267 0.585356752586
-120.477 41.2047 -0.000243074913949 0.00138923979348 -0.000203381595703 0.00575268220497 4.02075 4.01797 -16.2718272342 -14.0896470809 -0.702343648598
-119.171 41.3884 -0.000643234413942 0.000895704580061 -0.000916617743324 -0.000920924827957 3.93669 4.06309 -9.18214719006 -10.3556092175 -0.815277975114
-118.379 41.4483 0.000925220332938 0.00167713203535 0.00309126835294 0.00130284806544 3.6042 3.67343 -7.11149944002 -15.5192664575 0.638987742225
-117.45 41.423 0.000286002116614 0.00168377452668 -0.00183047399459 0.00214400248536 4.25123 4.04268 -5.18844906909 -17.0290016918 0.0827356120308
-116.54 41.522 -0.000532284122047 0.00135677291696 -0.00154067087538 -0.0027518274753 4.37187 4.16613 7.1087011632 -13.5471658934 -0.386573200363
-115.791 41.4311 0.000422544140413 0.000559731051083 0.00316740731252 -0.00461305078915 3.84511 3.76458 16.4827528163 -6.8925141167 0.55971981339
-114.915 41.4157 0.000154422823966 0.000370943229229 -0.00385940885097 0.000793661461939 4.6918 4.19786 4.73985350016 -4.05785675206 0.18450279334
-114.165 41.3602 -0.00136896807261 0.000443674429543 -0.00156173525861 -0.00175579494866 4.3815 4.01167 5.28894294692 -3.24241963217 -1.31741767514
-113.347 41.503 -0.00210363880358 0.000759273257589 0.00396390393946 0.00141013048492 3.58345 3.71302 -1.84490936707 -8.47345781049 -2.11412285491
-112.448 41.4632 -0.000273477517874 0.000163067645727 -0.00191788953783 -0.00304593578713 3.9172 4.04683 4.72604595207 -1.42569010325 -0.253750549049
-123.306 40.822 0.000936481086482 -0.00202376698452 0.00627603411633 -0.000655841873848 3.38734 3.5319 -14.0059714745 21.9914848481 1.55903610008
-119.835 40.7484 0.000150005691022 -0.000261315281262 0.00591443328089 0.000899406008211 3.71887 3.79258 -7.30423883932 2.89964164696 0.195384073344
-118.971 40.7797 -0.00108943259786 -0.000189796570274 -0.00642423232613 0.000590021626402 4.54371 4.75966 -14.0533618298 -1.35868052598 -0.988473051242
-118.134 40.7811 -0.000541942101637 0.000227856293521 0.00693196316442 0.000949965610573 3.2789 3.43162 -12.8113268795 -3.72337778782 -0.582406601849
-117.524 40.852 0.000116426602354 0.00206171794913 -0.00718495080952 0.00107153335141 4.52879 5.07254 -14.6799512653 -20.2057175245 -0.471750520464
-116.508 40.7186 0.000898544769313 0.00216161300524 0.00654932621761 0.0049548870437 3.10604 3.38587 -3.64120028738 -21.7893983961 0.716529423119
-115.736 40.8167 0.00104181933428 0.000946851477476 0.00242448925351 -0.00272119405902 4.08245 4.10738 4.61272563091 -10.726232679 1.10556979067
-115.039 40.8522 -4.62103249808e-05 0.00133054155655 -0.00796295389122 -0.00075757470468 5.90802 5.24275 7.64719099018 -13.9199038453 0.128021852645
-114.204 40.8556 -0.000951133421052 0.00148880643943 0.00320747469147 2.44164915536e-05 3.96762 3.82193 7.98510480582 -14.2364300395 -0.723747102872
-113.187 40.8513 -0.000863025487289 7.01434950884e-05 0.000604920074043 -0.00364032756139 3.9038 3.92365 11.680777902 1.31256066332 -0.826274831539
-112.52 40.8903 -0.000192373144159 -0.000513052302598 0.00015548201293 0.000295427018672 3.84314 3.8666 5.89762008337 5.76947311412 -0.25689725092
-123.82 40.1398 -0.00033125481667 -0.00223874046714 -0.0029584333668 -0.00016509450972 4.19787 4.29796 -0.98581907071 21.5156351259 -0.0628689126709
-122.788 40.1767 0.000202267326595 -0.00295176350905 0.00397924035836 0.00425499218729 3.57276 3.6654 -4.73653816113 29.2531297583 0.707378169586
-122.032 39.9971 -0.00016820970082 -0.00136884262313 0.00161988733151 0.00318009398037 3.74969 3.80595 -4.61133937146 13.2420048486 0.0552437070816
-121.086 40.32 -0.000331423954736 -0.000728024530748 -0.00241535341326 -0.00152935693629 4.40091 4.85237 -7.58961436868 6.51564265356 -0.177303845704
-120.918 39.962 -0.00012831099483 -0.00213076380694 -0.00122575048983 0.00256377669947 4.2133 4.32193 -4.85279878621 21.0642359716 0.200281435694
-118.877 40.1614 -0.000151159979245 -0.00108782661714 -0.00260221167669 0.000815211158503 4.58799 4.58583 -7.95179191462 10.6986095693 0.0518673561698
-118.155 40.2903 -0.000754035269575 -0.000479913840869 -0.000682094114058 0.00213463315218 3.94064 4.00042 -12.3557011659 2.84286159013 -0.609255355589
-117.19 40.1697 -0.000579208308966 0.000259454221445 0.00335154263877 0.000111138161445 3.435 3.63016 -6.91706219384 -3.56514653003 -0.611199151321
-116.5 40.2917 5.60951904482e-05 -0.000306823524329 0.000668787549817 -0.00478343178875 3.92811 4.59881 3.75145295204 3.18423243221 0.0420194754268
-115.657 40.1313 0.000520920516369 0.0011222220301 0.00249595164193 0.00852039907027 3.45104 3.55311 -18.4847574429 -9.38937175714 0.12527366414
-114.745 40.2679 0.000152419897562 0.0016226796221 -0.00585277152329 -0.00645677755125 4.55704 4.60122 14.0010684119 -17.1219752912 0.540321757868
-113.981 40.1314 -0.000170939700325 0.00134936935807 0.00235634442075 -0.00144591794146 3.94704 3.97491 9.87897848353 -13.8627079958 0.0742936256758
-123.338 39.469 -0.000193525295333 -0.00117676705449 0.00046681816966 -0.00437991417051 3.99854 3.9788 4.87181806294 11.6131180824 -0.180282837994
-120.608 39.3028 -0.000596711735634 -0.00154832078872 0.00202234816469 -0.00126147153414 4.04541 3.99646 3.32248272439 15.6201370816 -0.584058153563
-119.898 39.6785 -0.000491393637962 -0.00100745367725 0.000995610987558 0.000137550869485 4.22797 4.24335 -0.756067838738 9.8768447724 -0.41828596988
-118.889 39.5399 -0.00128840971065 -0.00129666384242 -0.00307985722368 -0.00141108437967 4.44828 4.45476 4.60915611787 13.7499886153 -1.33091460892
-118.08 39.6946 -0.00159236744944 -0.000485905057446 -0.00131179313464 0.00293253336571 4.16814 4.22038 -7.338778025 2.23251387048 -1.4901013002
-117.14 39.5516 -0.000172314091684 -0.00136406113968 0.0061043090857 0.000853759796461 3.34804 3.50722 -2.3853854377 14.0549255711 -0.0773080265321
-116.464 39.6202 -6.1421672917e-05 -0.000974293517958 -0.0021781077501 0.00224910530067 4.09625 3.90159 -5.3598063545 10.0698684738 0.0495863308396
-115.754 39.553 -0.000909605988173 -0.000634632851454 -0.00336781001638 -0.0026942781555 4.39632 4.66489 -2.154563823 6.20038451747 -0.876706038192
-114.908 39.4731 -0.000966375167916 0.000954214613419 0.00087364414834 0.00905734563097 3.28066 3.57576 -16.5364814022 -12.648434364 -1.20005794848
-114.016 39.455 0.00127625452655 0.00152165004842 0.00772140331803 -0.000707784549707 3.19623 3.45446 8.32414488686 -18.1411575782 1.49178491218
-113.069 39.5906 0.00104671832598 -0.000536114447752 0.000230824445978 -0.00284585299227 4.3555 4.40155 12.3231445735 3.02199358084 0.895082960661
-112.279 39.5708 -0.000337607666081 -0.000200930323447 -0.00938983210692 -0.00237630689547 6.17125 5.62481 8.95575595962 2.80521179567 -0.368453977695
-111.66 39.6092 -0.000844955678366 9.19083980935e-05 0.00725522282717 -0.000741771565634 3.87376 3.87339 5.56686645913 0.202581902074 -0.825864379513
-122.015 38.6333 -0.000138968965955 -0.000273450749734 -0.00450375578554 -0.00996596068592 4.37186 4.07387 17.3596716306 2.97102157728 -0.195618812588
-121.377 38.839 -0.00106817529411 -0.00107873735211 0.00187721106032 -0.00112376406064 4.24918 4.14974 7.8407127171 11.4882521123 -1.13314474021
-118.808 38.9383 -0.00103897085912 -0.0010300694944 -0.00478696397788 0.00309274790793 4.92608 4.92821 6.26695078991 11.2312023143 -1.10151443486
-117.932 38.8606 -0.000986897238175 -0.00168418510197 0.00052166518025 -0.000406673251133 3.8569 3.95626 9.62129569594 18.613298394 -1.198077247
-117.182 38.834 -0.000646495993307 -0.00186881492989 0.00767713618237 -0.00239651663825 3.15953 3.23456 4.89584316002 19.8113056475 -0.750856779829
-116.4 38.8247 -0.000517461102324 -0.00143779280181 -0.00546814507514 -0.000197238118654 4.61623 4.65343 3.46080824293 15.2755547615 -0.574345289101
-115.654 38.8455 -0.000949397173361 -0.00171134000083 0.00176027403489 6.19722619401e-05 4.17722 4.204 1.84079424805 18.2435981756 -0.982985233449
-114.83 39.04 -0.0020620322058 -0.00148832273617 -0.00481752846927 -0.00531961184991 4.7495 6.86359 12.7354386155 20.1867312338 -2.33631141138
-114.02 38.9551 0.00274957937072 -0.000691937914498 0.00787011975643 0.00229645846095 3.41865 3.97521 -0.30244392908 7.38595432 2.74934303982
-113.277 38.9882 0.00162837473144 -9.90304657322e-05 -0.00339074451146 0.00559007683309 4.77295 4.6901 -8.4335507241 3.38383323762 1.62708232837
-112.379 38.9995 -0.000661914376824 0.000613271630732 -0.0046870535792 0.00331997551748 4.90408 4.95092 -3.00692264717 -6.84594772901 -0.679297638313
-111.172 38.9176 -5.00372655755e-05 -0.000372877212848 0.0041593135747 -0.00710300450518 3.8429 3.88851 9.14281496996 4.10611685274 -0.121813187036
-120.936 38.2571 -0.000467914238536 -0.000595600364569 -0.00319318361839 -0.00051736978819 4.37473 4.31198 14.3450049212 6.75542974347 -0.567175281108
-120.076 38.7028 -0.000798377637947 -0.000845726131232 0.000892333589427 0.00105590772475 4.21411 4.1584 7.75933826858 9.17758396931 -0.859409649668
-119.451 38.5226 -0.000564814911464 -0.000787687269198 -0.000771963413165 0.000232512996623 4.30965 4.24526 9.32816996903 8.62644457576 -0.647099691276
-119.047 38.089 -0.000579075477503 -0.000518239422577 0.00159292938927 -0.00586069497884 4.00143 3.94192 16.7897948093 6.58432468337 -0.686847337941
-118.106 38.3489 -0.000745198158029 -0.00144525601958 0.000119845498149 -0.00717779520558 3.80733 3.76675 23.1238500951 16.6955766903 -1.21098505896
-117.072 38.2397 -0.000400655804781 -0.00169127386418 0.00149315285375 0.0047920185375 3.8919 3.82249 -0.153821699614 17.4881889732 -0.347725603884
-116.302 38.2886 -0.000477811190871 -0.00165847980655 -0.00130269751177 -0.00183381983382 4.23109 4.18921 7.23916709204 17.8301370106 -0.650873017083
-115.585 38.3489 -0.000816239364419 -0.00151829278613 -0.00154461914658 -0.000336593614199 4.19252 4.15945 8.91316192844 17.0869500264 -1.02454750369
-114.608 38.3281 -0.00107769127126 -0.00260286656927 0.00261822111181 0.00125796645531 3.8709 3.99896 6.50700237074 28.7945213201 -1.36107082231
-113.969 38.1802 -0.000845485214326 -0.00290204040149 -0.0018578923184 0.00268637715094 4.21697 4.77532 1.47348069976 31.2949908483 -0.933437931251
-113.021 38.2987 0.000773276283733 -0.000635013871986 0.00293136155982 -0.00161987559434 3.77866 3.98195 -2.86504366171 7.12945690212 0.794924929116
-112.277 38.2108 0.000112756348442 -0.00114864978062 -0.00392722265685 -0.00362863704604 4.43948 4.54152 4.49424702278 12.2659058721 -0.00416602519929
-121.328 37.5049 0.000220491408916 -0.000144198287791 -0.00839558882396 -0.00271869514078 4.74138 4.5765 18.5372412003 0.857245930553 0.178102990191
-120.33 37.346 -0.000499552642098 -0.00062855714938 0.000448947889173 -0.00380843433293 4.15907 3.72842 14.7428463749 7.22268419845 -0.611126129944
-118.171 37.4993 -0.000352384627028 -0.000744377460908 -0.000390300026602 -0.00130355907302 4.20875 4.15339 7.47445978166 7.97858846588 -0.417525530267
-117.225 37.7243 -0.000673835091539 -0.000562281609296 -0.00318054003155 -0.00689810513745 4.45483 4.37705 11.2461252247 6.92768815772 -0.757297437753
-116.595 37.923 -0.000370632194204 -0.00117030935603 0.00330651755198 0.000180266511926 3.70089 3.73656 5.65266771195 12.5011187025 -0.457151657414
-115.747 37.6444 -0.000275022941495 -0.00140838191913 -0.000749620865174 -0.00189697873527 4.10356 4.25698 10.6003171451 15.1170045831 -0.509168688838
-114.849 37.6083 -0.000751214471801 -0.00247742910194 -0.000908470555198 -5.75121303111e-05 4.12794 4.4428 11.0098272873 27.3247871624 -1.19752107178
-113.86 37.5808 -0.00144929478779 -0.00317922912524 -0.00140340965401 -0.00340728668355 3.99038 4.15888 12.3483002184 36.5978816376 -2.10895418692
-113.168 37.7601 -0.000361135621219 -0.00215904021031 0.00592400856097 0.000647240166356 3.3333 3.59655 -2.74150433238 23.0896293206 -0.28456221234
-112.363 37.6761 0.000254936006987 -0.00165808402777 -0.000788417318179 0.00312624174385 3.95797 4.09348 -8.87240974085 18.1749853154 0.474107068507
-121.786 39.2291 -0.000268984798314 -0.00207764001179 -0.000916275039929 0.0028353973024 4.20243 4.0474 3.14912719016 20.7436832061 -0.218729697954
-120.674 36.8953 4.97152328983e-06 0.000129807381497 -0.00164588783919 -0.00261091700436 4.42518 4.55852 14.1151312939 -1.29876331323 0.0279864296659
-119.709 37.0069 -0.000574471135008 -0.000395436304833 0.00352283180574 -0.00353272566803 3.86542 3.75123 9.39513350908 4.62672673241 -0.613280468254
-115.22 37.2408 -0.000180212350705 -0.00183727749494 -0.000543070340207 -0.000720329151475 4.00698 3.72302 12.7299704122 19.4109902699 -0.56277764299
-114.715 36.7256 -0.000131318084116 -0.00203338123709 -0.00190091274447 -0.00199685598789 4.19846 4.04854 12.6414718262 21.411926985 -0.561902095747
-113.907 37.0195 -0.000858252025664 -0.00289690792309 0.000509564607451 0.00249395322145 3.96816 3.78397 1.57568121374 31.264876715 -0.946803807279
-113.084 37.0615 -0.00156266848115 -0.00298273636256 -0.000519963805939 0.0012510058665 3.85126 3.84355 1.78086925026 32.8282418374 -1.68944982211
-112.382 37.0183 -0.000436405848129 -0.00291017371517 0.00139787744812 0.00107428298522 3.65148 3.81222 -1.64782201384 31.487608908 -0.408510424084
-111.506 36.9839 0.000134690201153 -0.00170586581843 0.000186467743711 0.000600198102548 3.85275 3.84467 -1.46114692191 18.6136192528 0.129900601965
-120.783 36.3627 0.000444856140213 0.00080614972435 0.00124448891999 -0.000898891976279 4.55714 4.3732 7.61426181898 -8.40011874474 0.495630144734
-120.12 36.3356 -0.000129482573174 -9.92182174846e-05 -0.00204015641844 0.0025351729808 4.728 4.7875 -8.39903251412 0.712707419476 -0.106139001472
-115.383 36.423 0.000355695621052 -0.00111820023654 0.00080872093196 -0.000388629952377 4.01225 3.97439 9.4462109791 11.1134449575 0.182600407736
-114.539 36.4321 -0.000196432046019 -0.000836745154563 -0.0027058416938 -0.00204380148071 4.45591 4.21246 10.2698982944 9.13422678552 -0.338980031081
-113.965 36.4151 -0.000632057653034 -0.000844474582921 0.000646222231009 -0.00213377033857 4.06842 3.93692 4.16376628301 9.5079019116 -0.692871341511
-113.18 36.4182 -0.000787581708828 -0.00150415053917 0.000230394697567 -0.00315655663729 3.93019 3.84898 5.11413923443 16.9510470344 -0.932166653848
-112.291 36.428 -0.000579105260975 -0.00237628651167 0.000185175039701 -0.00268778662585 3.86145 3.77026 5.28191856815 26.3090812642 -0.838731224753
-111.13 36.1428 -0.000375652041713 -0.00105651811176 -0.00105405823474 0.000681126314829 4.04467 4.01561 -1.1411440751 11.6109304487 -0.386398491213
-110.662 36.5996 7.92567724522e-06 -0.000895722114576 0.000901559887796 0.00298911690981 3.79588 3.68545 -4.35021880612 9.84038393189 0.0435261064824
-109.87 36.4199 0.000274316970616 -0.000719048987644 0.00129416032645 0.000946793352003 3.92892 4.01315 -2.78658050366 7.96874150533 0.277697095714
-121.236 36.0214 0.000264380429474 0.000337418031953 -0.00485035702164 -0.000853541885994 4.88678 4.87831 1.1497193431 -3.24151192986 0.246008187245
-120.87 35.636 0.000325901366402 0.000333138782931 -0.0115806276644 0.00344120196145 5.8821 6.0165 -8.0126331612 -2.59866079971 0.249456879999
-119.903 35.8667 0.000278979734939 -0.000341162766256 -0.00587939438581 0.00776322211319 4.70928 4.6901 -11.021705105 4.06378208183 0.355298801064
-115.43 35.8384 9.10636999072e-05 -0.000264556629557 -0.000479921410786 -0.00277332379033 3.99738 3.94037 5.51585819633 2.7066627022 0.0691517621647
-114.851 35.7266 -6.66481102796e-05 -0.000557252007393 -0.00131686873141 -0.0013213114914 4.20615 4.07035 7.88052055565 5.95738684869 -0.137641663467
-112.173 35.8191 -0.000212383679344 -0.000568906716593 -0.00112152617554 -0.00051406540008 4.05784 3.99673 1.48591315177 6.27350842954 -0.237503378911
-109.933 35.7113 7.93037587221e-05 -0.00137620123702 0.00218632725211 0.00195078042083 3.79649 3.80485 -4.82648573367 15.2451120337 0.138407237519
-109.046 35.7147 -3.59312955585e-05 -0.000627060688935 0.000136713196183 0.00120301802984 3.94157 3.9121 -2.3243543059 6.98940895944 -0.0420543997404
-114.87 35.301 -0.000101642624843 5.21066614761e-05 -0.00270610302778 0.0030650574573 4.19874 4.15518 -4.35923413509 -0.643414555957 -0.105732679378
-109.736 35.1181 0.000251244581792 -0.000283024924775 0.00151978112586 0.000529107749511 3.79485 3.5148 -1.17581910935 3.07715389943 0.245251281816
-109.388 35.1118 -0.000483341583501 -0.000413751500261 0.00125053866396 0.000568663517266 3.73324 3.63865 -1.32413350281 4.7144153348 -0.492279704631
-113.829 33.8142 -0.000101711610042 4.57158844875e-05 0.000348065235619 0.000212737728421 3.99776 4.69528 -0.583130636595 -0.502858788982 -0.102264183882
-113.005 33.9383 0.000330176945527 0.000258453447231 0.000374613946185 0.0018650440216 3.91113 4.06722 -2.49776676387 -2.65212686215 0.320273151647
-112.333 33.9535 0.00030530148158 1.06484879078e-06 4.95736329164e-05 -0.00188299042729 3.98352 3.98076 1.4462109417 -0.137233104613 0.305121907759
-112.946 33.3627 0.00025134790902 -6.546338732e-05 0.0017216738787 0.000799872259325 3.82236 3.7963 -1.68106081336 0.770854329004 0.252837119794
-112.158 33.2893 0.000361519949393 4.77380531666e-05 0.000816223215579 0.00225210467145 3.92731 3.92728 -3.48371676613 -0.329821586507 0.358816961417
