-112.228 32.7006 -0.00338048396444 -0.000412480345536 -0.0214584798581 -0.0180096641132 5.6531 7.40712 -24.4947295559 -33.1027407084 1.44369099222
-111.704 32.5618 0.000823894352355 -0.000722374461832 0.0052820474388 -0.0145817305967 5.25427 6.99479 4.65238240789 9.39897107164 0.869930645759
-110.739 32.5716 -0.000845864876833 0.00067712315234 -0.00601195891889 -0.00159629394671 4.12823 4.12478 -9.98425719488 -8.04542764993 -0.635067126707
-109.97 32.6399 -0.000651142420591 0.00229060114793 0.000925608803016 0.00550056813469 3.57185 3.84318 2.11681731775 -10.2130466071 -2.36768803746
-109.303 32.7663 0.000112836788862 -0.00239842749601 0.00446098337304 0.00850546739362 3.31336 3.32244 3.16550157298 5.71256061924 2.37502798389
-111.457 32.0022 -0.00020754323879 0.000797693549923 -0.00480307914988 0.0214159499203 2.97203 2.94683 -6.52523675465 -2.0791375828 -0.798665428294
-110.816 31.7748 -0.000436708276098 0.00122752525008 0.0112104089782 0.0029384416507 3.70878 3.77832 10.5661980877 -7.75431774243 -1.30220109124
-110.046 31.9737 0.00176046487971 0.000767517025971 -0.00208089978729 -0.00883984009604 4.77455 5.44445 -3.07339207674 16.6990698264 -0.627102330323
-109.259 31.9989 0.000783505020078 0.000646723863693 -0.00372939933331 -0.00162762835225 4.19037 3.97562 -4.20620114364 7.29055096555 -0.593450943383
-109.991 31.439 0.000463647969275 -5.50418493517e-05 0.002594043899 0.0141622306098 3.1817 3.18664 2.63287772233 4.56482247985 0.136556537068
-109.281 31.3757 0.000874487385086 0.0020523095925 0.000582260022054 -0.00512443029784 4.6308 4.7063 1.93742153109 4.97192212014 -1.87077568856
-122.707 48.7197 0.000162955308196 -0.000218461873503 0.000609778384792 -0.00329008751902 4.40516 4.45047 6.15587635511 2.17864414724 0.236010295386
-122.085 48.9983 0.00106317624983 -0.000144092588328 0.0075284410523 -0.00142840538637 4.12397 4.20282 17.5676334222 12.288746019 0.473722222616
-121.48 49.0983 0.000272596011678 -0.000190255768833 0.00152498015122 -0.00180481739205 4.19471 4.08484 9.71281775874 3.54611758593 0.238692521419
-120.384 49.048 -0.000306529639899 -0.00034095829747 -0.00441677070464 -0.00577704096256 4.63999 4.7865 0.0449290836477 -3.4393188134 0.330353047801
-119.272 48.9534 0.000804005928783 -4.98074439707e-05 0.00251891248727 -0.000556133354518 3.92382 4.05144 10.7629148689 9.25689357786 0.233499039387
-118.585 48.9752 0.000893293114292 0.000233052736956 -0.00122658789575 0.00356256691968 3.82131 3.84063 5.58499247457 9.9022060784 -0.0980713356338
-117.559 48.9813 0.000142153485787 0.000268000571971 -0.000562267975823 0.00239956586227 3.83557 3.80765 5.2704013421 1.16078929554 -0.243090695264
-116.363 48.958 0.000480025570019 0.000901507535406 0.002026770323 -0.00104029711357 4.00546 3.87661 6.14841821224 3.61778412766 -0.800382041378
-115.653 48.9339 -0.000531156467719 0.0041688494056 0.000452273619755 -0.0182855932869 6.13966 6.96593 2.83648448828 -12.4728978249 -4.2025236885
-114.413 48.933 -0.000672339986841 0.00165648800907 -0.00548473798466 -0.00904587855641 4.9732 5.57841 -8.50102127728 -6.77687395494 -1.6169465802
-113.422 48.9725 -0.000291761233728 -7.92438629451e-05 -0.000210025623736 0.000698747150834 3.97974 4.01966 -2.57580270848 -3.35205836207 0.0621151060646
-123.504 48.0575 -8.17916595905e-05 -0.000261250984313 0.000520698829444 0.00111657240016 3.90054 3.89762 7.96362698728 -0.512510774686 0.247205097946
-122.096 48.2641 0.000264834861657 -1.50408444273e-05 0.00213040246557 -0.00122469869576 4.4213 4.40214 10.515626387 3.03982901993 0.0671920026353
-121.484 48.5183 0.00019087558442 0.00026877575417 0.00159686873432 -0.000162112847899 4.24271 4.15982 7.872356183 1.69213518145 -0.235069865081
-120.12 48.4607 -0.000130252088202 -0.000577754930901 -0.00241914998805 3.65538829317e-05 4.28235 4.26223 0.569690535818 -1.20357084204 0.57120325423
-119.333 48.3584 -0.00030243587865 -0.000687098004691 1.13518476699e-05 0.00396306813963 3.92757 3.98755 2.29129522015 -2.82877454823 0.659435587676
-118.149 48.4226 0.000145390042722 -0.000184848887081 0.000838002008642 -0.00870363257697 6.1755 6.35844 13.6682912296 2.23673946439 0.219058471451
-117.225 48.2995 -0.000436025014937 0.000384687018448 -0.00646449196443 0.00128737396535 3.98383 3.96221 0.529713948671 -5.37221727674 -0.415890682937
-116.367 48.4366 -0.00389767180469 0.00104899950274 0.0116239457716 0.00250255974781 3.40935 4.0876 17.9280934165 -46.5271413448 -2.44040872811
-115.589 48.4694 0.00030183415578 0.00180013688492 -0.00195002724689 0.000885244893159 4.62329 7.72491 -2.58567628751 2.74981338013 -1.78805133473
-114.468 48.3739 0.00190873173692 -0.000132659933178 -0.00967371290705 0.00604118688746 3.66211 3.71832 -10.1891295541 21.9677012355 -0.03053332024
-124.566 47.9475 7.73430102925e-05 3.15125535399e-06 0.00316391078141 0.00451828151237 3.78563 3.78454 4.97920210879 0.887117108136 0.00287704218487
-122.972 47.7172 -0.000308093484315 -0.000318713328663 0.00215047165812 0.00145882081223 4.06838 4.07816 11.8999071017 -2.68456079361 0.245758332619
-121.689 47.6947 0.000187448167866 0.000456708520826 0.00203102710922 -0.000296072523253 4.30148 4.3378 10.9586401411 1.00832319877 -0.407280811848
-120.061 47.6902 0.000290315519874 -8.7822887955e-05 -0.00752730203207 0.00186069099287 4.18281 4.07127 -2.14128396911 3.3425365852 0.0874869709286
-119.045 47.7849 0.000298941351484 -0.000211733702856 0.0118374431005 -0.00404419762724 3.8817 3.8225 30.8526613141 4.22213691621 0.341585465191
-118.274 47.8006 0.000270154858283 -0.000591813607917 0.00197851082637 -0.00302691250881 4.47669 4.39251 7.59906995212 4.32993453332 0.631685267651
-117.308 47.8192 -0.000929786777144 -0.000278800479917 -0.0114351830089 -0.00262334285323 4.40315 4.42348 -19.3902851348 -11.2022926199 0.520461415385
-116.256 47.8397 0.000129780842035 -0.00114022510449 0.00785441148389 0.00332285095706 3.60639 3.69217 7.95774787971 4.25246923289 1.14186065331
-115.475 47.7092 0.000581886395107 -0.00184788918331 -8.3705059638e-05 0.00809787086131 3.31337 3.42885 -2.00106472371 7.71421646362 1.8732995815
-114.574 47.6795 -0.000420678280579 -0.000277349470745 -0.0018554955569 -0.000257995246013 4.14427 4.16266 -3.40820752677 -4.75196167385 0.263895469207
-113.747 47.7687 -0.000244688262265 9.47602303343e-05 0.00392405374809 -0.00144818070648 4.22954 4.23513 3.84352052203 -2.97059788138 -0.134005442669
-123.771 47.1161 -3.85754931912e-05 -0.000140747043317 0.00304138216869 0.0073099227723 3.75535 3.76979 7.50815340752 -0.228976828604 0.13455702546
-122.803 47.1109 -0.000536811999618 0.000167054839222 0.00615196864268 0.00159141874603 3.93743 3.95196 18.3279423263 -6.43408226329 -0.331336185254
-121.989 47.1881 -0.000146257155447 -8.39329978826e-05 -0.000362885341395 -0.00358973965236 4.21599 4.33877 11.0619807127 -1.43861203895 0.0516146969483
-120.844 47.1935 0.000655942487318 6.11581881242e-05 -0.00175040073316 0.00215095659521 3.70374 3.65676 0.584737311528 7.48481737825 -0.0358670448103
-119.973 47.1936 7.67008587757e-05 0.000812750264001 -0.00018010383868 -0.00543921688771 5.06563 4.76225 2.09424333223 0.192037169621 -0.804913956133
-118.921 47.0573 -0.000288471853789 0.00041773894502 -0.00275952402856 0.00394735357162 3.84268 3.77743 -0.394554961847 -3.49476618342 -0.42910929401
-118.309 47.0615 -0.000151384986026 0.00049622576418 0.00394812166545 0.00878022358244 3.25515 3.22028 5.42175770137 -2.55445212115 -0.513144288086
-117.276 47.0547 0.000384433570374 5.14566396041e-05 -0.00251154885248 0.000728330455385 4.11127 4.06736 -1.87854699623 4.38414013605 -0.0394538645166
-116.335 47.0477 0.000491989016638 -0.000434034655526 -0.0006596909344 -0.00327251504927 4.35206 4.20826 -0.419144074867 5.9549049889 0.465548144372
-115.353 47.0528 -0.000169401495201 -0.000488170404081 0.00171538257454 -0.00174316800935 3.99534 3.7998 2.4861951823 -1.22064012909 0.462888380736
-114.459 47.0943 -0.000385872285363 -0.000101724344965 -0.00111233260879 -0.000708072335164 4.25329 4.2077 -0.46907278019 -4.31587410417 0.0690379634932
-113.506 47.0816 -0.000524119347221 -0.000338293691628 0.00271604054605 -4.92419505601e-05 3.98362 4.07269 2.64316044304 -5.38193904011 0.257493278764
-112.52 47.0418 0.000204820080938 0.000137175889188 -0.00444619052474 0.00101695180779 3.91762 3.97155 -5.20822633579 2.32025062423 -0.132965902108
-123.563 46.5459 -0.000465762006293 -0.00126948688811 -0.0048271943006 -0.0104473381946 8.66381 9.33264 -2.35159002409 -5.87632722839 1.28708796454
-122.72 46.5934 -0.000474768988747 0.000197301243626 0.00864399585707 -0.00193676652705 3.97056 4.0218 18.7891448086 -5.84717327244 -0.343352516775
-121.761 46.5605 0.000146973608547 -0.000170663707436 -0.00663399647126 0.00592988739956 3.43561 3.42865 -2.95463238167 1.60977165008 0.165799060454
-120.979 46.5433 -0.000121433597 0.000410622070423 0.00450901284372 0.00174244709779 3.60638 3.56957 9.30473764532 -2.23798077672 -0.426136141495
-119.855 46.5585 -7.42667949405e-05 0.000264382544407 0.0010969466865 0.00185810423059 3.93071 4.09192 9.50199375365 -1.43855589263 -0.273944766146
-119.06 46.4911 0.000720223967881 0.000708477607965 -0.00502692535443 0.00122001943849 3.99949 4.04791 -4.53123776186 8.46367237617 -0.731897217941
-118.146 46.5139 0.00041132192386 0.000689181123648 0.00336383506803 -0.00187950530732 4.20386 4.26186 6.58732165856 3.28934150254 -0.609593873514
-117.11 46.485 0.000393908666347 0.00018327893593 0.000497535682298 1.66761784609e-05 4.05779 4.08267 1.16002504473 4.29335808664 -0.148884104058
-116.209 46.3559 0.000742999734584 -0.000147062258513 -0.00160065106708 -7.4735797736e-05 4.21271 4.21149 -4.51012238614 8.45219729615 0.143856268934
-115.571 46.4151 0.000249974997348 -0.000576734287739 -0.000104258963577 0.000499823023948 4.14944 4.054 -1.80435460681 3.16902889826 0.588348329346
-114.188 46.4423 -0.000133593908067 -0.000414574082141 0.00241509960463 0.00104338938117 4.09836 4.09708 1.35508946284 -0.95590229285 0.395934537101
-113.493 46.4162 -0.000554048386199 -0.00145306440875 -0.00438595745998 0.00299263638738 3.85829 3.92991 -6.23936838387 -6.44615358109 1.45717554795
-112.641 46.4246 -0.000267126809162 -0.000855431170354 0.0056539860512 0.00169492596799 3.86334 4.0099 5.21222831266 -1.04047315252 0.784954618087
-120.728 40.6183 0.000282248417387 0.00107572310407 -0.00188192877893 -0.00521142509676 4.54083 4.62471 5.5833358045 1.55012616001 -1.03158780023
-123.559 45.9306 -0.000646073336219 -0.000257726582516 -0.00248496809728 -0.00246836164305 4.42926 4.1727 -2.87771846385 -7.4460189694 0.289141951252
-122.419 45.9325 -0.0011941691864 -0.000164928283989 -0.00672529149495 0.00246361822254 3.75634 3.80255 -11.2659124882 -13.6286431416 0.380823057901
-121.459 45.8839 -7.56447113425e-05 0.000697657553897 0.00463337552652 -0.0040137812244 4.02045 4.15662 14.3990305477 -2.95475423644 -0.692177373805
-120.782 45.7664 0.000406596155652 0.000989983412354 -0.00128526035419 -0.00174825333132 3.9844 4.00256 8.91416922809 2.46655739353 -0.89867970712
-119.928 45.8951 4.7180297386e-05 -0.000518935918422 9.05545412271e-05 0.00299196577646 3.73629 3.6617 3.49255202342 1.10750906183 0.521061334472
-118.777 45.7971 -0.000197820978994 0.00140129741056 0.000808765833172 -0.00402668569256 4.65737 4.94109 5.75037838867 -4.56727601503 -1.41513629488
-117.909 45.7087 0.000692150469085 -0.000573602831832 -0.00155225976304 -0.00228835613537 4.44967 4.92713 -0.412218051715 8.14006892381 0.607571514752
-117.228 45.9734 0.00123198657658 -0.000373463953401 0.0010906419537 -2.48928273957e-05 4.1358 4.4285 2.91498609309 14.3617124821 0.512404158956
-115.255 45.7565 0.000275413473483 -0.00030339135184 0.000551035892272 -0.00227809206707 4.49877 4.37563 0.802750274518 3.4394197692 0.328813698722
-114.332 45.7893 -0.000236778737316 -0.000515067752273 -0.000648031379887 -0.000165225347235 4.30362 4.21533 -3.12222788267 -2.4580203149 0.505608655856
-113.37 45.8122 -5.97778379611e-06 -0.00107078125724 -0.000718690116881 -0.00267139303538 4.63464 4.36107 -1.73274761219 0.807928170793 1.06756542755
-112.493 45.8409 -0.000548512415028 -0.00152956252515 0.000764780636211 -8.31622789653e-05 4.28342 4.14941 1.14355866045 -3.90579551467 1.44478357534
-123.281 45.3153 -4.7531673086e-05 0.00166228439636 -0.00570932121403 0.00653592712601 3.0641 3.06498 -3.53472804772 0.547060315528 -1.65675756547
-122.478 45.2059 -0.000588450743339 0.000183035190027 0.00146928548838 -0.000229210303495 4.11279 4.11029 2.43979389855 -6.71452834517 -0.214779547009
-121.317 45.2422 -0.000930407050287 0.000488398975065 -0.000956646865413 0.0010571505714 4.0282 4.4954 4.07530903761 -10.9317057115 -0.574025675072
-120.635 45.2357 0.00116257173912 0.000125550750355 -0.000979783564193 0.00246834961633 3.57583 3.86417 9.5633863458 12.541679937 0.104529781847
-119.669 45.2664 -0.000970469783063 0.000544990752222 0.00538884062019 -0.00524882073782 4.20727 4.16368 15.8841667321 -12.2843517734 -0.820354175069
-118.96 45.2904 -0.000774564962035 0.000413909935108 -0.00146426317111 -0.00194264444999 4.3222 4.78036 3.55412437359 -9.17184079827 -0.495611347657
-117.78 45.2781 0.00162061448397 -0.0012000549578 -0.000825147987225 0.00141307542349 3.894 3.93116 -2.22824400916 18.5065604657 1.23163548201
-117.12 45.2925 0.000778082232542 -0.00157764002843 -0.00160005221089 9.40678222942e-05 4.29162 4.0687 -3.62903389245 8.79406298281 1.57898164363
-116.268 45.3997 0.000933859811667 -0.00116118244939 0.00184105091684 0.00120070348327 4.12931 4.02734 4.36260100869 12.3687193059 1.28746531812
-115.326 45.1285 5.64269285135e-05 0.000652225382024 0.00152228109527 0.00195667488681 4.10375 4.02637 3.05760646981 -0.367386025466 -0.638526305206
-114.233 45.0931 0.000354893936803 0.000137429974532 -0.000444319077104 -0.002093405291 4.61631 4.54087 -1.1807654199 3.872162785 -0.111181971303
-113.46 45.2432 0.000311715607153 0.000298317750957 -0.000222445644118 -0.000838817997515 4.48661 4.19837 -2.04683488574 3.28850431585 -0.27725628334
-112.489 45.166 -0.000570882078954 -0.000157877003104 -0.00123117422804 -0.0021445862179 4.60044 4.31103 -2.49936849304 -6.30582702587 0.119172532663
-124 44.6764 -0.000793120412364 -1.7620704544e-05 -0.00553741342728 0.00911877897587 3.16179 3.21314 -1.99833498611 -8.86624306865 0.0478650121623
-123.292 44.6765 7.17551226805e-05 0.000336109782799 0.00597152016667 -0.0027393079029 3.54668 3.60267 14.2430098308 -0.16133856135 -0.307550349089
-122.186 44.6837 -0.000200801555891 0.000424599435497 -0.000119535749288 -0.000722911920919 4.21616 4.25777 5.95650107272 -2.79109956868 -0.445389599316
-121.227 44.6473 5.02816801813e-05 -0.00116648328124 -0.00452327412032 -0.000498861311778 4.14832 4.35695 0.534745599336 0.999325166498 1.16751376395
-120.335 44.7344 0.00037556542957 -0.000740464034173 0.00681979687051 4.91682021699e-05 3.73775 3.79226 14.9792277602 6.42596193269 0.817601365169
-119.565 44.5913 0.000135087221994 -6.40483503612e-05 0.000161692325423 0.00599651161295 3.19186 3.25975 5.3306049103 1.59153638881 0.0814910598607
-118.67 44.5191 0.00125161342522 -0.00110092681218 -0.00102577136557 0.00297458785302 3.55789 3.74881 3.44486659602 15.2427106902 1.23132647987
-117.664 44.6653 0.00291556985135 -0.000502738137591 6.30093128092e-05 -0.00152479045933 4.09675 4.12776 6.64476291781 33.1080931452 1.00414140003
-116.747 44.589 0.000167135390063 0.000269318160948 -0.000301620884828 -0.00272279836543 4.44881 3.8966 1.07312204051 1.5997841618 -0.253712847129
-116.013 44.7035 -0.0016975512224 5.46648354717e-05 -0.00126410002865 -0.000385234056248 4.37824 4.23314 -2.37724782424 -19.0286661626 -0.113039732484
-114.855 44.5494 -0.000302223104041 0.000215220831277 0.00252458159438 0.000985347264648 4.01668 4.07499 5.61138775865 -3.76893755901 -0.267198172941
-114.255 44.5642 -3.18918686001e-06 0.000303750967613 -0.00135434022857 0.000216037458072 4.13701 4.24602 -1.05648428422 -0.289780691949 -0.303140354787
-113.367 44.6165 0.000401215967866 0.000771172258919 0.000295429259488 -6.07185349574e-05 4.17375 4.11309 -0.998183524304 3.75234531417 -0.734531334008
-112.644 44.6173 -0.000201298010314 0.000931845821772 0.000682806619182 -4.62635346463e-05 4.3077 4.12742 -0.751471810086 -3.24983123332 -0.946848433183
-111.248 44.7038 -0.000676184130209 0.000193150479465 -0.00378356552336 -0.00213545441054 4.34214 4.29725 -5.21985222404 -7.66624944469 -0.214530140943
-121.461 40.8161 0.00040057220264 0.000381515696751 -0.000254519649032 -0.00410006189076 4.49354 4.49714 14.282547283 3.05146679555 -0.26037427963
-119.023 36.6801 -0.000663205559268 0.000363291435461 0.00097583478307 -0.00430224457453 4.32028 4.17362 5.05508115234 -7.26784014174 -0.448388235129
-123.83 44.0035 -0.000257442732747 -0.000173946487983 0.00379666955567 -0.00547173399622 4.35011 4.11909 6.23184537665 -2.63533785777 0.145408977917
-123.278 43.9726 -0.000953633242843 0.000539015518682 0.000720597043642 -0.000533792625844 3.85902 3.84618 11.2861767299 -11.5655683639 -0.718436531076
-122.411 43.7941 0.000377794250628 0.000102681205309 0.00203291134561 -0.00167855557529 4.24289 4.38201 11.876897952 3.83735622412 -0.0178571763791
-121.268 44.1626 0.000286750168504 -0.00110982046475 -0.00185386100889 -7.67245154029e-05 4.09627 4.0458 1.7029922502 3.84536087651 1.12357297638
-120.211 43.9437 -8.1060018452e-05 -0.00158441762353 -0.00263038199545 -0.00010450784836 4.06527 4.11597 -2.22430368828 -0.980350533143 1.5847721165
-119.504 44.082 0.000165680614892 -0.00186719348732 0.000545412040763 0.000594177476101 3.59152 3.859 6.53485514721 5.03098623748 1.87034942412
-118.569 43.9104 0.000847310383225 -0.00100639104628 0.00123109777343 0.000493831562438 3.54806 3.63947 10.5960694419 11.7542440247 1.17626239871
-117.741 43.9733 0.00066125070954 -0.000358477706195 0.00196542530068 -3.42950535149e-05 3.7996 3.75548 9.32145325012 8.04410409417 0.494907403822
-116.803 44.086 0.000267323585441 0.00303056113547 -0.00114990882684 -0.000252007742345 4.35542 4.21353 4.19066087488 -1.797460766 -2.96285812087
-115.958 43.9121 3.28677331112e-05 0.000804287472324 -0.000444979230644 -0.00194083610623 4.577 4.66233 1.31352734597 -0.521702997643 -0.797080611058
-115.133 43.7945 0.00031174468087 -2.64998960464e-05 -0.0017358325022 -0.00111966044127 4.17082 4.17726 -4.47936831381 3.4647978941 0.0284234788748
-114.117 43.9146 -0.000165578180468 -0.000491823061152 0.000393303804242 0.00294089822745 3.65497 3.66769 -1.53093599222 -1.46843318848 0.479501769385
-113.452 43.9286 -0.000165404669409 -0.000688144034718 -0.000106493355831 0.00236741879752 3.77544 3.81293 -1.03221305736 -1.20092893395 0.67208069485
-112.485 43.9997 -0.00048529110863 0.00054211739729 0.000310587283653 0.00137452144655 3.93292 3.96516 -0.201503855043 -6.02627693736 -0.590813353531
-111.487 43.8756 -0.000310711333379 0.000198124595783 6.66520136756e-05 0.00036018537724 4.30275 3.97342 0.129851092535 -3.70751733952 -0.234597581069
-123.575 43.3654 -0.0020267310659 0.000243389090459 -0.00221910902691 0.00048213288668 4.18224 4.36806 1.08959888192 -22.4078296739 -0.28379059707
-122.965 43.3717 -5.10595448643e-05 4.81082786541e-05 0.00263005028483 -0.000133398131455 3.87795 4.11099 17.6049960041 -0.699798135913 -0.0615343087918
-122.109 43.2406 0.00147826842571 -0.000462249401123 0.00137866757472 4.23958872604e-05 4.03889 4.22813 7.7353831905 16.8683876939 0.678552174483
-121.236 43.2843 0.00136510941868 -0.000191879829743 -0.00203323993902 -0.00126876986198 4.07032 3.99698 -1.37220868646 15.0509546296 0.192017810595
-120.153 43.2515 0.000718906560153 -0.000573199192757 1.66334915479e-05 -0.00135498549693 4.19532 3.88561 1.84796365372 8.33066312301 0.620045574297
-119.311 43.3736 -0.000471895629235 -0.00136935053304 -0.00183998330919 -0.000704220835965 4.15642 4.04404 -0.255068975184 -4.62226789884 1.35010784674
-118.474 43.358 -0.000185019954439 -0.00113778612094 -0.000341232852257 0.00189088484159 3.88671 3.83751 8.10203362008 0.401313231783 1.0812785383
-117.754 43.3471 -0.000226700747621 -7.5349587137e-05 0.00372389629111 0.00225841148956 3.62776 3.62517 13.4551483001 -2.15620059857 0.00659678261216
-116.767 43.4275 -0.000356456270671 0.00060306991613 0.00114275835406 -0.000374421968863 3.80853 4.00313 8.17286435256 -5.24986656313 -0.664309522624
-115.828 43.4151 0.000372704897553 0.000503964857189 -0.00093405755711 -0.00162596169912 4.20855 4.33733 -1.06789590463 3.78824771894 -0.481197695732
-115.098 43.25 0.000938734854372 0.000230349459444 -0.00179476809209 0.00136597829599 3.89327 3.89695 -4.45974131978 10.3543586508 -0.224032216063
-114.174 43.3979 0.000646874554396 -0.000611226864444 -0.00135349186657 -0.00014173375656 4.13716 4.04246 -4.24064309082 7.29357897676 0.623824613005
-113.518 43.3234 -0.000461824935815 -0.000618937887919 0.000777798261582 -0.000963757603438 4.16892 3.93558 2.26923336157 -4.10797356444 0.548600662148
-112.433 43.3998 -0.00121325505168 4.67202733803e-05 0.000920762833519 0.000642875849389 3.93054 3.97701 2.88760995901 -13.3592125875 -0.240794057376
-111.612 43.2741 -0.000927652906164 0.00217327192409 0.00146735043099 -0.00198954056185 4.36993 4.57722 2.39939779406 -13.9974032986 -2.29366347353
-124.469 42.8088 -0.000399881306201 5.75305808876e-05 -0.00325471177113 0.000134214174736 4.04813 4.04549 -1.00666939945 -4.36933045269 -0.0473326259482
-123.49 42.7667 -0.000369728923403 -0.000517015629121 0.00269473232201 0.00155534183433 3.84945 3.89356 9.05142939565 -3.10073593738 0.451615870097
-121.731 42.6133 5.52976904669e-05 -0.0010830589683 0.00214503448029 0.000341287014569 3.70463 3.66511 7.21038263386 2.31243563586 1.07968601691
-120.893 42.7258 0.000932358525662 0.000490702863681 -0.00276266648566 0.00114758771261 3.91962 3.94309 -0.350712917428 10.1055820388 -0.470752130137
-120.251 42.7991 0.00129764430353 0.00104850569677 -0.000655462630508 0.00069478741896 3.98926 3.81884 2.20457869445 13.372669709 -0.952145808689
-119.247 42.6912 0.000395421149219 0.000125434060982 0.000149179649546 -0.000661481268617 4.35397 4.07515 5.83890801666 4.09048085584 -0.0667678703731
-118.486 42.7308 -0.000672183934742 -0.000349023798671 0.00209083248756 -0.00524167650254 4.7735 4.39088 10.6145339171 -6.27348048411 0.181903439055
-117.725 42.6996 -0.0010479293625 0.000212309050026 -0.00320520965247 -0.00289487606425 4.35363 4.28737 3.14158118698 -11.6878783489 -0.329565833347
-116.87 42.7779 -0.000565151321154 0.000195747274067 0.00337203824662 0.00490294937837 3.29203 3.39721 8.97440526888 -6.53067403267 -0.31622775987
-116.032 42.7713 0.000593089065846 0.000189342905735 -0.00159584338191 0.0056795945884 3.444 3.56449 -0.112159651312 6.34781841972 -0.145388768339
-114.903 42.636 0.00128879373849 0.000216011829907 -0.000441730936216 -0.00213477763049 4.32922 4.30652 1.78400180721 13.7780019312 -0.0634886458669
-114.084 42.6493 0.00050220083833 8.07322891382e-06 0.0007316975953 -0.00340677409199 4.63664 4.36428 0.864754400054 5.47621266554 0.0468376670392
-113.176 42.5452 -0.000905597221943 0.000250729379338 -0.00265394354204 -0.00137413645252 4.39899 4.10338 -5.76294331003 -9.95548421571 -0.253116054846
-112.531 42.6852 -0.00214689963785 5.9359717153e-05 0.000911721307473 0.000528513974042 4.04038 4.02472 0.959855178764 -23.5236606597 -0.329371801027
-111.588 42.8321 -0.00142072235069 0.00118725534702 0.00235891160406 0.00319396050699 3.71305 3.9103 3.6545670035 -17.790321709 -1.42550912425
-123.602 42.156 0.000118234647379 -0.000148359542962 -0.00119100162668 -0.000275415970274 4.05881 3.98659 4.82554946084 1.42090875253 0.15784965873
-121.891 42.175 6.36891268604e-05 0.00115378118601 0.00134961762744 0.00539822662894 3.29697 3.11174 6.32227003631 -0.915251063441 -1.13624021019
-120.834 42.0472 0.000381145451547 9.80195903945e-05 0.00190189579235 0.0013628961075 3.88877 3.93369 10.4595675909 3.83559908324 -0.0162173737336
-119.34 42.0187 0.000476096817343 0.00111201900921 0.00115222475821 -0.00787978656486 5.50274 5.28593 8.42624123863 2.80814105238 -1.0022927351
-118.344 42.1901 -0.00057177979627 0.000746736194445 0.00216958060247 0.000165897185281 4.09408 3.91306 5.34347075382 -7.35684302377 -0.821841839092
-117.667 42.0192 -0.000779032627031 0.000397038279708 -0.00464579134985 0.00159463061524 3.925 3.88924 -4.61906512895 -8.39404688542 -0.380168292166
-116.471 42.0773 -0.000258792266917 -0.000619482737224 -0.000601613428832 -0.000836858586008 4.32971 4.61785 7.70619150666 -1.38614171056 0.55370683853
-115.754 42.1669 0.000832337342613 -0.00033400439658 0.00664162827356 -0.00104825205936 3.65022 3.77338 18.2375763379 9.79644591742 0.629331062916
-115.016 42.146 0.00104996516482 -0.000149590448771 -0.00317279220514 0.000940470096737 3.98584 4.01145 -1.34002768686 11.5518349547 0.214062472282
-113.944 42.0886 0.000165093509527 0.000799954346603 0.00157549862521 0.00179939269248 3.93549 3.73843 0.146714779773 0.938848948181 -0.779925798145
-113.24 42.0343 -0.000804969315331 0.00100274241422 -0.00185919192109 -0.00103089129441 4.28335 4.10321 -5.67586896119 -8.83429626911 -1.00547806087
-112.386 42.0041 -0.0014939505046 0.000273956230171 -0.000636669171541 -0.000954286527097 4.48603 4.44586 -3.5378910328 -16.4598081203 -0.346869205842
-111.432 42.0149 -0.00145336096983 -0.000329525396839 0.000457715380254 0.00132450684581 3.95857 3.99876 -0.468353731236 -15.4015925904 0.165140275799
-120.74 38.7552 0.000289079387447 0.000824997306945 -0.000698140815392 -0.0132306197982 6.07297 6.7159 22.0005809995 -0.695066346871 -0.639811226463
-124.122 41.8473 -0.000164109665118 0.000303835948623 -0.00144168521167 0.000213815165752 3.94341 3.93513 0.723078900731 -1.80969420194 -0.305166491465
-122.854 41.392 -0.000533778670308 -0.00016078577016 0.00309541533945 -0.00293856782113 4.00604 4.00407 11.3245124407 -5.29502347604 0.0483824383651
-122.122 41.2742 -0.000194475049509 0.000482808521977 -0.00256740306681 -0.00409332004021 4.45557 5.00647 9.9914172117 -3.04559721389 -0.510808638188
-121.839 41.7826 -8.57132325205e-06 0.00306364925076 -0.000121933310202 -0.00306956643669 4.31697 4.49176 8.2982445005 -5.48467940499 -3.02450763325
-121.146 41.3593 0.00138632446074 0.000263506468226 0.000237196432996 -0.00124418892765 4.30288 4.6148 12.023673673 13.9152532841 0.0660687415156
-120.477 41.2047 0.000575426002927 0.000495040876179 0.00504234010812 0.000538133340421 4.21138 4.09881 13.5625408172 4.57472061914 -0.324931260702
-119.171 41.3884 3.70513596362e-05 0.000402003100775 -0.000773545496422 0.00678141277984 3.28484 3.30073 -0.18566637097 0.222344882309 -0.400147325024
-118.379 41.4483 7.89746396023e-05 0.000704116608196 -0.00711819541691 0.00456400121655 3.59361 3.63372 -9.36806894766 1.69850085983 -0.70853170093
-117.45 41.423 0.000332332229492 0.000428097540026 0.00568946483628 0.000949673868753 3.67461 3.71503 11.1700611546 2.3079317687 -0.329962684123
-116.54 41.522 0.000238468929632 -0.000584049808253 0.000402425003518 -0.0069935803401 5.21681 5.22832 8.10542657354 3.85945003477 0.621099138914
-115.791 41.4311 0.00019680536539 -0.000478538583987 -0.00287286895679 -0.000395953235754 4.05379 4.01206 -1.80990860057 2.36919420061 0.487047137086
-114.915 41.4157 -0.000173622263824 -0.000305535865935 0.00100805021866 -7.16167570049e-05 4.06552 3.98253 2.79806829647 -1.42079933338 0.279432147272
-114.165 41.3602 -0.000483290888017 0.000638960147821 -0.000407660226517 0.000654435615763 4.02196 4.0221 1.17228116045 -5.99454824289 -0.689678768773
-113.347 41.503 -0.000521006621401 0.000639247393539 0.00231549203071 0.000892658774126 3.85911 3.91579 3.53703738002 -6.71517219484 -0.715328528675
-112.448 41.4632 -0.00091562117741 0.000921461429396 -0.00075977028525 -0.0081377975449 4.58755 4.54305 -1.40289138358 -10.7746032767 -0.996333981021
-111.63 41.3146 -0.00112147093414 0.000287505440577 -0.00473135767081 -0.00293441308822 4.78146 4.54371 -5.05353810583 -12.2708832655 -0.320754774472
-123.306 40.822 -4.98380517947e-05 0.000299334702835 0.00447475903181 -0.000280984355267 3.84054 3.82438 8.4565299522 -1.0142002008 -0.303426323076
-119.835 40.7484 0.000680622825231 0.00136645614153 -0.0067588306455 0.0125533615657 3.56524 3.68517 -7.13369050047 8.56102933229 -1.42033927657
-118.971 40.7797 5.91909713798e-05 -0.000174506496346 0.00273593694166 0.0046184657256 3.44784 3.434 5.43812858479 0.894019897901 0.181094428203
-118.134 40.7811 -0.000839889385732 -0.000598326909842 0.00127108081371 -0.00621951766696 4.95769 5.38831 9.7994936806 -7.36824056931 0.395496171519
-117.524 40.852 0.000369100829814 0.000145656469064 0.00063093691656 -0.00244152979143 4.28272 4.35671 5.57850209338 3.67901774193 -0.0858898418826
-116.508 40.7186 0.000474970707063 0.000168813034429 0.000748276866688 0.00697036180111 3.47109 3.34562 4.5907730467 4.78054154431 -0.0957538189489
-115.736 40.8167 0.000656720470281 0.000142904733888 -0.000733857917904 -0.000915851821648 4.02674 3.88858 6.1300740671 6.67263758995 -0.0197896047978
-115.039 40.8522 -0.000206120722063 0.000249412339917 0.00188372091066 -0.00103181379008 4.00884 3.86614 5.19408823011 -2.65769384649 -0.281535698075
-114.204 40.8556 -0.000784420787515 2.80256242641e-05 -0.00168180362269 -0.00110694430014 4.16758 4.16831 -1.88728411574 -8.46699200347 -0.0748890535052
-113.187 40.8513 -0.000922690487445 9.23156028128e-05 -0.00325841080822 0.00297935416004 3.89952 4.04309 -3.16568351935 -9.999368676 -0.135971038702
-112.52 40.8903 0.00252434662015 0.000317208558478 0.00690046324957 0.032846067506 2.63878 2.72672 2.29785892339 26.4706980217 0.0617887989724
-111.437 40.8869 -0.00106852944587 0.000425319469724 0.000612083028965 -0.000423243834742 4.19048 4.23254 0.0663454026125 -12.0302433765 -0.551055371109
-110.834 40.9425 -0.00109902627739 0.000449616094819 -0.00582629309528 -0.00346761499275 4.27046 4.26419 -10.1196700668 -11.6394583621 -0.392974446677
-109.673 40.9763 -0.00205373445287 9.21477696883e-05 0.00377763412641 0.00587488746129 3.57459 3.57166 3.71562662252 -22.0261545278 -0.501682476013
-109.177 40.8936 -0.00170017939148 -5.80534721124e-05 0.00505671497546 0.0061388577563 3.45149 3.59493 4.59780381246 -17.8463198201 -0.317489134879
-123.82 40.1398 0.000775531245334 0.000618590667964 0.00498465438992 0.00410184162432 3.63553 3.62315 8.53674377329 7.21732209939 -0.497873024166
-122.788 40.1767 0.000668904001914 0.000283790238467 0.00272499917163 0.00590742148698 3.68031 3.66436 12.0312054204 6.31528984418 -0.131946689388
-121.086 40.32 -9.03055307281e-05 0.000602843357338 0.000214577098608 -0.00129944926933 4.01982 4.2179 12.4984812296 -2.49214719507 -0.606832300515
-120.918 39.962 -0.000251026049027 -0.000398155957585 0.00524224615975 0.00704651204296 3.02397 3.06785 11.7031770107 -1.63152145894 0.330026302674
-119.827 40.165 -0.000794638177305 -0.00136036181452 0.00210206065641 -0.036498474112 11.2364 -nan 8.05646947261 -5.77694271948 1.19786758682
-118.877 40.1614 0.00142101939837 0.000319663256464 0.00163586621657 -0.00851049465656 5.33402 4.78635 10.2018435814 14.0393673495 0.00551632628471
-118.155 40.2903 1.00597433077e-05 0.000217735691726 0.002630235399 -0.000330070652277 4.12887 3.49718 5.85877521292 -0.256508586485 -0.213513679799
-117.19 40.1697 -0.000167947116754 0.000364927378254 -0.00351951264916 -0.00195756473258 4.4096 4.29493 -3.28002833585 -1.82052647026 -0.365972437677
-116.5 40.2917 0.000293987106524 0.000951865968252 0.00294797667377 -0.00425457069434 4.04344 4.02206 8.23708619814 0.911611953938 -0.867703765628
-115.657 40.1313 -0.000203124440354 0.00104802416381 -0.000311671711466 0.00176924475869 3.69358 3.66541 1.06858950137 -3.25061167432 -1.06278365485
-114.745 40.2679 3.52961328774e-05 0.000292558022613 -0.000252591231485 0.00182381448064 3.75453 3.73204 1.39436587955 0.0263525655118 -0.286798741438
-113.981 40.1314 -0.000277873691042 -0.000254550933632 -0.001611095259 0.00117225967539 3.89846 3.88287 1.40527263327 -2.63077051277 0.219659802434
-112.469 40.2807 -0.00122801831622 -0.000286806001052 0.00176809017568 -0.00844184160157 4.4304 4.49901 2.2275923792 -12.5901087246 0.102042275241
-111.502 40.2067 -0.00143142268255 -0.000407992415025 0.00094807068596 0.000831401625354 3.98011 4.02142 -0.619174534088 -14.8148334608 0.251171428616
-110.738 40.1948 -0.0011647484587 7.16475424402e-05 -4.98430573294e-06 0.00185416642009 3.83933 3.8796 -5.44976721803 -12.5382764008 -0.107938907901
-110.008 40.2655 -0.000877037287212 0.00026654073712 -0.00582448349921 -0.0017255228298 4.17268 4.21106 -10.0309197347 -9.31373111284 -0.22976752676
-109.124 40.2982 -0.000707962772507 -0.000430509037501 0.00791316544952 0.0010253338879 3.79462 3.82163 7.26554842904 -6.12511466815 0.227068127676
-120.608 39.3028 0.000583716840695 6.81527501619e-05 0.00509757258027 0.00815971828295 3.22885 3.17531 14.4052963436 5.73507368717 0.0966393150901
-119.898 39.6785 0.000976274825992 -0.000933545142037 0.000258725218422 0.00614055239233 3.87843 3.58896 6.02502093435 11.6770320014 1.06241676617
-118.889 39.5399 -0.000360365410112 0.000423417908748 -0.00193643537188 0.00348347409415 4.2801 3.99977 0.704343471877 -4.08481598398 -0.443970658314
-118.08 39.6946 -0.000299596597454 0.00518335320813 0.000929224353894 -0.000808014279563 3.85534 3.90762 3.92569208121 -9.94218269884 -5.18086000191
-117.14 39.5516 6.71427435741e-05 0.000812016630253 0.000208575189862 -0.00115171639554 4.21815 4.29686 0.611375860932 0.0683712702582 -0.804753726259
-116.464 39.6202 0.000377202554308 -1.90409199195e-05 -0.00454388410388 0.00193353116815 3.8737 4.02975 -7.10220458749 3.99606267915 -0.0011298790893
-115.754 39.553 0.000330936705198 0.000249863658416 0.0024654520297 0.00143837452442 3.7004 3.77714 6.87449321034 2.92985105199 -0.180092753726
-114.908 39.4731 0.000480657080698 -0.000173617880177 0.00116279506376 -0.000442612420388 3.93099 3.87278 6.76822418414 5.37820009192 0.267316216792
-114.016 39.455 -0.000110471448696 -0.000249379355148 -0.000250853713191 -0.00119179709559 4.12867 3.98499 1.4080355979 -0.85199883779 0.234508297418
-113.069 39.5906 -0.000907126645269 -0.000566204722024 -0.00098641056011 -0.0048031229845 4.64978 4.60011 0.552527708823 -8.92600442058 0.460085562841
-112.279 39.5708 -0.00108024067705 -0.000717300311053 0.00261583686887 0.000570493700584 3.94517 3.90537 4.19796173466 -9.92165530586 0.506932215564
-111.66 39.6092 -0.00126454756096 -0.000274092106848 -0.00239274159933 -0.000517253772204 3.97973 3.92684 -3.87502623008 -13.337682589 0.211034598215
-110.74 39.473 -0.00171498933545 -0.000126595748224 -0.000809744999677 -0.000814577611264 4.05346 4.0865 -3.95349221702 -18.1918169857 0.0284891686959
-110.246 39.6279 -0.00137279034645 0.000350690426063 0.00276514725306 -0.00197903077561 4.57514 4.82166 6.83924017949 -15.1498028153 -0.679797363965
-108.981 39.6333 -0.000469445151021 -0.000142040258334 -0.00217143169084 -0.00399665684616 4.82867 4.82237 -0.129947778155 -4.7634309261 0.0747311917961
-122.015 38.6333 0.000199499463512 0.000155008642324 0.016288941715 -0.00567440702602 4.06783 4.02233 16.7511854908 1.50262224975 -0.0871024888376
-121.377 38.839 -0.000753899114438 0.000231967174125 -0.00577865827464 -0.00809850648989 4.69651 4.94013 3.16300165498 -8.105269237 -0.289749455393
-118.808 38.9383 -0.00692413459892 0.00139038634265 0.00470434570907 -0.00257398714448 4.37797 7.71856 7.66168084796 -74.4993309017 -2.61607280607
-117.932 38.8606 -0.00194707088422 0.00229027302491 0.0138338520614 -0.0319307971787 5.51122 -nan 10.882115964 -25.7976697187 -2.69556366
-117.182 38.834 0.00952139148015 -0.000451957708243 4.37627378697e-05 0.00426472709201 3.66887 6.88179 -1.63711116556 100.523441341 0.783624120043
-116.4 38.8247 0.000287473349844 3.11224381595e-05 0.00204958594324 -0.00134302173307 4.09878 3.80702 5.42096812227 2.9371871934 0.0167157473772
-115.654 38.8455 0.000246132116777 -0.000268884219337 -0.000259453449065 -0.00384899475908 4.51756 4.51456 6.09979505559 3.07580762024 0.30953113295
-114.83 39.04 0.000492150988531 0.000205687393889 0.000595218012552 -4.07136119547e-05 3.95669 3.86262 5.23972054994 4.74196159247 -0.115386723373
-114.02 38.9551 8.1553578286e-05 0.000246855585758 0.00174265240791 0.000309640882148 3.92451 3.77137 6.78460354774 0.292205847624 -0.224081709914
-113.277 38.9882 -0.000813146333006 0.000178175426191 0.00142740222503 -0.000115769769972 4.06887 3.89332 2.20372584419 -8.79147045271 -0.289850964785
-112.379 38.9995 -0.00139113511515 -0.000189715037224 -0.00349704425449 -0.00125768977565 4.15052 4.08759 -8.51763113605 -14.8138994525 0.24311373624
-111.172 38.9176 -0.00169599492346 0.000425256624138 -0.000100969474217 0.00362650216069 3.6377 3.68752 -2.03818872753 -18.3061604742 -0.56980441707
-110.133 39.1025 -0.00141939749514 -9.40183963391e-05 0.00477516233205 -2.76748617665e-05 3.90699 4.05809 8.29359017862 -14.2493004333 -0.297236122928
-109.263 38.9553 -0.000311175679277 0.00060119361427 -0.00542792521756 -0.00205355602351 4.29694 4.30551 -5.46436540871 -3.59106368036 -0.614545162282
-120.936 38.2571 7.80227346072e-05 -4.2170927859e-05 -0.00165318135161 0.000978341020563 4.40354 4.5223 11.0605883712 0.8933207397 0.0581667873598
-120.076 38.7028 0.000622687609731 -0.000401725513417 0.00465528394655 0.0012051228767 3.51679 3.46736 15.3472359037 7.51305474327 0.569239100829
-119.451 38.5226 -0.00134141620033 0.000680699296366 -0.00181170411556 0.00222631025719 3.73658 3.62162 0.100408443039 -14.3816125023 -0.737771874533
-119.047 38.089 0.000285628428852 -0.00108545763086 -0.000206708281658 0.00332652272134 3.4761 3.52208 4.62213767931 4.38723662611 1.11272582659
-118.106 38.3489 0.000387749281546 -0.0101320700768 -0.00403684197681 -0.00942606608876 4.52944 9.75926 -4.93667590883 0.688470947414 10.1146356521
-117.072 38.2397 0.0010677449589 9.1069566238e-05 0.00158468260416 -0.00508839085104 4.56384 4.845 4.18280319024 10.9549533163 0.0561171963833
-116.302 38.2886 0.000330562775988 -0.000312565008474 0.000732550472203 0.00121754218704 3.93887 3.74746 6.03924184052 3.99228242281 0.36598944554
-115.585 38.3489 0.000150534083721 -0.000207117827862 0.00154390493688 0.000457194889942 3.92966 3.97364 6.05505211388 1.9535266385 0.23123419906
-114.608 38.3281 -3.33526210424e-05 0.0002900598588 -0.000863009456299 -0.000470693526127 4.16324 4.17048 0.441086972388 -0.641440234008 -0.29192204026
-113.969 38.1802 -3.30975288578e-05 0.000787887498983 0.00170379302887 -0.00108836222696 4.04026 3.92677 -0.0593598554774 -1.11878974505 -0.787532273609
-113.021 38.2987 -0.00273621497793 0.000850541340282 -0.0093986722787 0.00470083421811 3.74195 3.74434 -9.43006495954 -28.1824158797 -0.682832678017
-112.277 38.2108 -0.00166945680209 4.74115542505e-05 0.00312062054433 0.00183571208532 3.65588 3.75956 -2.76154387627 -17.5509970971 -0.152157298697
-111.483 38.2843 -0.0017641863581 -0.000685984877237 -0.00397235098231 -0.00196544091297 4.30897 4.65756 -11.7781305113 -19.1352463627 0.836426139643
-110.711 38.4187 -0.00105839196294 -0.000594661471537 0.00318869225486 -0.000184726845768 4.04971 4.13198 4.10712786173 -9.71864374231 0.37499780003
-109.894 38.3862 -0.00247934269362 -0.000669158278331 -0.000993001880218 0.00601867945088 3.44693 3.82437 1.10956086374 -24.7941425111 0.282441946034
-109.261 38.2916 -0.0002349931323 -0.000159150057457 0.00575288242434 0.00562623470656 3.33083 3.63266 4.25314818333 -2.06664856678 0.105522875198
-120.33 37.346 0.00131813521616 -0.000756351889281 0.000747125710709 0.00544477335439 3.72115 3.74408 3.98947473388 14.3960060724 0.886967208824
-119.849 37.8817 2.85431718814e-05 -0.000765750959129 0.00403302183265 0.0038700025341 3.51922 3.48457 8.49847493934 1.76692042687 0.757858320444
-118.171 37.4993 -8.49493705372e-05 -0.000800665341588 0.00262394850381 0.000465461106618 4.02494 3.69708 7.07657056496 0.597923490925 0.773150467568
-117.225 37.7243 0.000439941090393 -0.00102481475721 -0.000803093978508 -0.0011756529133 4.03598 4.0713 0.580134292083 5.35320437515 1.05419503807
-116.595 37.923 0.000490162041508 -0.000390925058364 -0.00202575486192 -0.000683944898371 4.13436 4.00097 -1.94213827011 5.26227060665 0.407925146868
-115.747 37.6444 -0.000197660816391 -0.000301191800594 0.00171062784022 0.00152000545167 3.78106 3.64692 4.95716814913 -1.52069267487 0.264918986446
-114.849 37.6083 -0.000554009034208 -0.000313293582024 0.000807207781026 0.000952578886692 3.72136 3.88066 5.7451546215 -5.07123510305 0.205257079606
-113.86 37.5808 -0.000623328130208 -0.000203062978723 -0.000967822766608 0.00864044444837 3.58792 3.68969 -1.83573420833 -6.35419948167 0.163043743085
-113.168 37.7601 -0.000109534067208 0.000346422304142 -0.00196874424154 0.00133713158132 4.03548 4.11144 -4.52110512672 -1.22996843337 -0.348894174752
-112.363 37.6761 -0.000366277163473 -0.000507711003618 0.000334127489924 0.00288079687582 3.64892 3.65532 -2.15034603749 -3.43434397245 0.479805349103
-111.596 37.7222 -0.000800870005535 -0.00157654369705 0.000950704721881 0.00265535395678 4.03624 4.09539 1.8849181865 -5.81556803391 1.43871988821
-110.802 37.6354 -0.00122088946766 -0.000304613181185 0.00197226773189 -0.00317658220874 4.20143 4.22331 2.2829154146 -12.0814570673 0.0999177523957
-109.995 37.6903 -0.00173633220661 -0.00132702569972 -0.0038195238821 -0.00329667921901 4.62274 5.04881 -4.05497960408 -17.3008673474 1.2165855724
-109.137 37.7459 -5.39341498806e-05 -0.00255994103435 0.00440084869936 -0.000714945684548 4.17929 4.54852 6.16626590899 6.06956144549 2.46782326502
-119.709 37.0069 0.000592588601633 0.000220065726756 0.0019895399934 -0.00331641162936 4.42506 4.10205 7.06153656025 5.676357969 -0.121651748825
-115.22 37.2408 -0.000236124575281 -0.000163328586363 0.000971050928958 0.000884454266111 3.81371 3.8478 4.08148477402 -2.16325098006 0.125271025602
-114.715 36.7256 -0.000172455296744 -7.71816399227e-05 0.003440510542 0.00163750983608 3.62123 3.5041 3.72170132574 -1.63990312352 0.0501388566176
-113.907 37.0195 -0.00131479359645 -0.000288183381523 -0.000497136068285 -0.0244259043168 6.71022 6.72894 2.65623290647 -13.0750989587 0.0999297349954
-113.084 37.0615 -1.31595359604e-06 0.000428390257889 0.00369583085601 -0.00272313385339 4.17773 4.36998 2.72311959787 -0.680709668899 -0.423738432066
-112.382 37.0183 1.72870459981e-05 -3.49075507781e-05 -0.00609204660034 -0.00310032373271 4.73371 4.40894 -12.1767316642 0.141389990403 0.0329519222774
-111.506 36.9839 -0.00149844267417 -0.000358780195487 0.00254807594474 -0.00183086886971 4.34894 4.12253 1.83750174542 -14.8311455771 0.130260692459
-110.804 36.9969 -0.0013999065764 -0.00066881871414 0.000903550434811 0.00421112007453 3.57719 3.51543 2.65167304373 -13.1555077941 0.420347273618
-109.874 37.1364 0.000621940952371 -0.000755913983628 -0.00224064165894 -0.00104870211038 4.33567 4.1805 -0.428933862218 7.42462258284 0.828359322406
-109.025 36.8299 0.000232713418376 -0.000589287426092 -0.00131325612679 -0.00389113946851 4.41022 4.02232 -0.671095777971 3.19631493316 0.614543002752
-120.783 36.3627 1.87592333904e-05 0.000408763628895 0.00201716424117 -0.00770161641184 4.39341 4.71573 10.2434824717 -0.673335537418 -0.396184925478
-120.12 36.3356 -0.000533729997151 0.00360237618182 0.00650953302233 -0.011775042113 5.5881 15.674 23.121911284 -20.635049954 -3.48848137563
-116.33 36.4193 -0.000292573436978 -0.000115583348399 0.00112902275836 -0.00075845686398 4.04121 4.04114 1.08276720088 -2.88920497058 0.0886817495367
-115.383 36.423 -0.000495868413083 -6.12239189503e-05 -0.00220844503067 -0.00142372901153 4.02244 4.06626 -0.0644837719954 -5.03674122197 0.0215851633374
-114.539 36.4321 -0.000240517965428 0.000443339139619 0.00220583840742 0.00116506704184 3.77093 3.76713 5.59946616387 -3.28129127511 -0.480274678998
-113.965 36.4151 -0.00129790419972 0.00057065552006 9.78406964125e-05 0.00904647053195 3.73809 3.79307 3.55607425164 -14.1232864681 -0.766043721358
-113.18 36.4182 -0.000663307395733 0.000117489954047 0.00043857844218 0.00138997122515 3.65912 3.75583 2.83579876987 -6.94225157645 -0.216301271283
-112.291 36.428 0.000489324742738 0.000573582162445 -0.000168477014248 -0.00246288135726 5.017 5.02326 1.14453517077 4.23490589007 -0.504946754511
-111.13 36.1428 -0.000573277750622 4.06087923701e-05 -0.0039720193158 -0.00207577910933 4.35434 4.20373 -6.95077176077 -5.90434280681 -0.0409012326844
-110.662 36.5996 -0.000897394206641 -0.000995137131387 7.09133823698e-06 -0.00186416748479 4.22201 4.18907 1.2529294311 -7.66803011201 0.85167271542
-109.87 36.4199 0.000188078394883 -0.000271504708597 0.00437594762936 -0.00106509829579 4.04266 3.87594 7.13415883397 2.59868670206 0.310560869601
-121.236 36.0214 -0.000601269465613 0.000430453038803 0.00773512883986 -0.0053997692642 4.29069 4.44049 8.74013793751 -6.82074564405 -0.52924431423
-119.903 35.8667 0.00171053903868 -0.00341091455289 -0.00812981937979 -0.00785914072934 4.51022 4.75219 -7.84845234363 13.8864456188 3.22264619503
-115.43 35.8384 -0.000487542105833 -0.000329019693931 0.00154662348289 0.00183371822898 3.87685 3.89946 2.43190762311 -4.53632196403 0.266868086458
-114.851 35.7266 -0.000318258797386 -0.000491424272443 -0.000153914608234 0.000191026499908 3.85931 3.97304 1.8266442558 -2.63956836492 0.450632526212
-113.984 35.8522 -0.000684386193219 -2.31775943314e-06 -0.000984815488643 -0.00254071782678 4.25019 4.29473 2.22129292577 -6.94234818868 -0.0884929506808
-113.105 35.6339 -0.0001718758733 -0.00066695004673 0.00200047589663 0.00322924342979 3.84735 3.88232 6.70119083455 -0.228865814397 0.613458715717
-112.173 35.8191 -0.000241501294901 -0.000414646693603 0.00140861120668 0.000927442169551 4.03254 4.00399 0.49317572665 -1.94758226423 0.382649673839
-109.933 35.7113 -0.00067080888244 0.000636060496491 0.0036148665108 0.0062506548007 3.36425 3.42386 3.08404195457 -7.98033850659 -0.749746648884
-109.046 35.7147 -0.0003271579551 0.0015716827536 -0.000314501950386 -0.00274207021069 4.10143 4.35705 -2.17558365731 -5.01748045711 -1.59712172407
-114.87 35.301 -0.000336049209404 -0.000517149268407 0.000895384764386 -0.000610260023633 4.04915 4.06705 3.50920353541 -2.61106635404 0.462380730192
-113.885 35.099 -0.000600570244074 -0.000338142917663 0.00174485618351 0.00116841028976 3.75425 3.73594 5.78547297356 -5.31342170593 0.214600494161
-113.083 35.2127 -0.000279331847845 0.000340096420183 0.000294188884054 -0.00292603465558 4.17716 3.97031 4.6777524027 -3.42954751932 -0.385586509504
-112.267 35.1787 -0.000224889385662 0.000375943662106 0.000371580394475 0.00245730023739 3.67804 3.59038 -0.410025694605 -2.67325732914 -0.397194957556
-111.532 35.0951 -0.000757823116522 0.000242710510739 0.000404484570941 0.00516307676331 3.56519 3.4688 -3.32056417547 -7.84807110507 -0.287660051196
-110.713 35.0789 -0.00142134957651 0.000189688697491 -0.00445335018109 0.000174432217166 4.00298 3.97217 -9.02578202247 -14.4097314011 -0.144431967762
-109.736 35.1181 -0.00718291090863 -0.00121778403178 0.0010106316271 -0.00584265131028 4.34738 -nan 3.9509312248 -69.2434779085 -0.263222936588
-109.388 35.1118 0.000359178945959 -0.00145464174727 0.0413435439245 -0.00371039049685 2.63045 3.12672 39.8411381574 13.4570109788 1.24357160034
-112.891 34.4692 -0.000630586336792 0.000992082782386 0.00786638158058 -0.00102225652202 3.63605 3.84763 8.96220729132 -8.73720255479 -1.12127197683
-112.237 34.4866 0.000205776292711 0.00120190194497 -0.00595697697063 -0.00627447705129 4.40533 4.53628 -12.7897236642 3.42543791146 -1.21738079628
-111.441 34.4178 -0.000238848304218 0.000921589919555 -0.00120284224737 -0.00580700955722 4.34646 3.6794 -4.05024294057 -2.85817036449 -0.931997450123
-110.806 34.3371 -0.000400526251048 0.000316827745338 -0.000663794224219 -0.000375392059379 3.86584 3.66691 0.0191561917824 -4.41475113398 -0.364348615467
-109.95 34.5293 0.000668964942683 -0.00103309444576 0.000325411764267 0.00345383120624 3.93585 3.74326 -0.537138732273 8.01952567939 1.10771596935
-109.29 34.4275 -0.000469937651386 -0.000343177392308 0.000534533823268 0.00972726060966 3.30839 3.10044 -1.34071998919 -4.32718468713 0.286507275541
-114.524 33.7503 -0.000285506291424 1.84865307691e-05 -0.00250124825543 -0.00143899599643 4.09135 4.0593 -3.91292603792 -2.85893520824 -0.024392383806
-113.829 33.8142 -0.00154313093744 0.000166632888959 -0.00391661268399 0.000507126612065 3.96847 3.9752 -4.47551720529 -15.4818983034 -0.19376685549
-113.005 33.9383 -0.00122360996114 4.84597743682e-05 0.00503994785647 0.00610101294475 3.18767 3.30558 9.08570349027 -11.987088574 -0.364026666287
-112.333 33.9535 -1.67044255992e-05 0.000596210192456 0.00147046389004 0.00800188192268 3.1797 3.18564 3.19056426263 -1.15410253966 -0.590788316789
-111.478 33.8798 0.000138554858939 0.00321792068644 -0.00319000528748 0.0096623326028 3.20737 4.08139 -7.58973110799 1.84746724046 -3.21955414645
-110.844 33.6953 0.000942386780295 -1.84392070975e-05 0.00448411327217 0.00273079262174 3.85126 4.09294 1.77355798292 9.36929595019 0.164071858148
-110.034 33.7776 -0.000533655918307 -0.000219436390132 -0.00463161829013 -0.00511890236233 4.90989 5.09424 -4.27065281306 -5.22783439327 0.188311758959
-109.254 33.9571 -0.00106986699118 0.0034102260355 0.00757641604434 -0.00422972378616 4.25566 4.34894 9.38538480497 -20.5654451501 -3.57410875327
-112.946 33.3627 -0.00113982739889 -0.000513642447844 0.00307863835759 -0.00650927922701 4.50612 4.49029 1.07194079138 -10.6542246827 0.369988071715
-112.158 33.2893 -0.00147215026871 -0.000507803727364 -0.00332262343284 0.00188865139184 4.45717 4.81977 -11.1460382431 -15.0506890912 0.627693152571
-111.427 33.341 -0.00115360208614 -0.000930888822554 -0.0105546008729 -0.00489168590233 4.4781 4.58197 -12.0631671813 -12.32382933 1.03259892569
-110.472 33.2969 0.00169139450093 2.80866467288e-05 0.0115568978247 -0.00232910088265 4.22489 3.8302 18.2999097711 15.1171393327 0.70643465509
-110.036 33.0851 -0.00157135197833 0.00208179646145 -0.00205952766715 0.000117995340478 4.33909 3.7323 0.298028429251 -18.3708151517 -2.27739242447
-109.266 33.2921 -0.00157521541748 -0.000752872361293 -0.00142791544743 -0.00445980419218 5.48293 6.74147 5.19241658299 -13.6293336032 0.373623630661
