-112.228 32.7006 -0.00310377271623 -0.000851728002873 -0.0157452040397 -0.0317210171914 8.20061 13.8835 -22.4208088298 -31.8862137063 1.67673405718
-111.704 32.5618 -0.00015818905395 0.00165172385551 0.010353688444 -0.0315194698336 7.35162 13.1042 59.3240267485 -15.5707859184 -0.816782622692
-110.739 32.5716 8.14133596584e-05 0.00140314712373 -0.00843505947162 -0.0046699709161 4.45585 4.5333 -10.3145949774 1.56380844402 -1.40549887291
-109.97 32.6399 -0.001112139459 0.00314250543933 0.00208918508009 0.00485339079424 3.20129 3.47089 0.877550326764 -15.5240655111 -3.27224536221
-109.303 32.7663 0.00108969439559 -0.00177105647157 -6.08039056481e-05 0.00866049509672 3.17315 3.25715 -2.13965966179 12.5773566777 1.87268411438
-111.457 32.0022 -0.000304802346473 -0.00147522618914 -0.00204787274552 0.0237066211598 2.94552 2.99004 -3.69067912177 -2.2083164302 1.45654841812
-110.816 31.7748 -0.000275673015969 0.000550224789142 0.00579173983337 0.00827497974519 3.47228 3.59078 0.941509612307 -3.44115121522 -0.583545852857
-110.046 31.9737 0.0025051894898 -0.000787823466201 -0.00501702411687 -0.00234973119559 4.34475 4.78211 -4.82525702857 25.0266110773 0.906927388107
-109.259 31.9989 0.000727174833164 -0.00100324653772 0.00441367750332 0.000495815268328 3.96038 3.84186 4.32716128053 9.12186491683 1.13537194974
-109.991 31.439 0.00181068793792 -0.000221876167989 0.0020947196482 -0.00303888366364 4.39269 4.39569 3.31277038643 17.8258063256 0.560743896313
-109.281 31.3757 0.00108400897336 0.000856645868015 -0.00280166027191 -0.0062845602942 4.6697 4.56918 -2.08193487321 9.699349519 -0.740475126887
-122.707 48.7197 -0.000602906137907 -0.00036221011224 0.00386117921317 0.00222950429027 3.83595 3.89071 9.85052745339 -6.13417936672 0.247348423434
-122.085 48.9983 0.00133527742197 -0.000261894617765 0.0029544970936 0.00399135257177 3.65767 3.81883 11.2469685088 15.8618695482 0.537349321706
-121.48 49.0983 0.00134095908475 0.000201849666591 -0.00255709423387 0.00114725670507 3.93424 3.87214 -0.201300931385 15.6036776562 -0.176874407816
-120.384 49.048 0.000254568178882 -0.000516099676568 0.000140301689239 -0.00341731094952 4.31324 4.33827 3.24041873567 3.49787471095 0.53683612269
-119.272 48.9534 0.000574220483097 -0.000160501474816 -0.00100615295553 -0.00147191212617 4.10215 4.10919 1.96500251931 6.8218839461 0.205127944775
-118.585 48.9752 0.000211242589676 0.000221378220674 -0.0002767990653 0.000578430915652 4.06857 4.02641 4.49182513683 2.10947376869 -0.192199212504
-117.559 48.9813 -0.000140457750531 0.000583258875409 0.00133610478714 -0.00264379322118 4.18461 4.16074 6.93392586401 -2.84830133639 -0.599069516926
-116.363 48.958 -3.56201387403e-05 0.00068600614147 0.000836565418678 -0.00244611744685 4.17179 4.10058 4.75867693108 -1.66062303545 -0.683158027922
-115.653 48.9339 -0.000502212092791 0.00102129832019 -0.000303245029102 -0.00345840487692 4.26869 4.16396 0.172368073241 -6.84074506995 -1.059757659
-114.413 48.933 -0.000870184369138 0.000654524326055 -0.00256880484966 -0.00621862100415 4.58303 4.67796 -2.5907564726 -10.5214001731 -0.695567810267
-113.422 48.9725 -0.000441046139952 -4.92376596635e-05 0.00162912648797 -0.000408053373275 4.06031 4.07759 1.26313381325 -5.04518056896 -0.00625898501546
-123.504 48.0575 -0.000300945319969 -9.59520254188e-05 -0.000513165779614 -2.07763044867e-05 3.93246 3.93325 5.70316243232 -3.34716062718 0.0650583127117
-122.096 48.2641 -0.00013439661913 -0.000515119136347 0.00223736009952 0.000751437739039 3.90636 3.93838 10.036394089 -0.39551408695 0.480238073596
-121.484 48.5183 0.000370761849286 0.000156833837955 0.000178649149732 0.00159777577667 3.89024 3.93747 8.91619331094 3.9139074095 -0.088855206686
-120.12 48.4607 0.000482380537163 -0.000666126987617 -0.0012584193351 0.00154383062988 4.10675 4.07961 1.32283372547 6.04183343112 0.693337627802
-119.333 48.3584 -0.000515212065266 -0.00034768881467 0.000104101416177 0.00290774044895 4.041 4.01213 2.85401787911 -5.57112031302 0.298097827408
-118.149 48.4226 -0.000206182507802 0.000123794539983 0.00237175344321 -0.00748197483257 5.52582 5.55575 13.6462704205 -2.70629991822 -0.178186761126
-117.225 48.2995 -6.07975646046e-05 0.000737253272408 -0.0027458527158 0.00015157003546 4.01843 4.11595 1.09216815794 -1.41865233681 -0.739754927598
-116.367 48.4366 -0.000563882773446 0.000756502390521 0.00080453708597 0.00225611401871 3.7656 3.83957 3.26335966634 -7.63684276618 -0.823409720217
-115.589 48.4694 -0.000179130955595 0.00114492442771 0.00031360864667 0.00255253946021 3.73872 3.84502 0.194243777473 -3.20011700931 -1.15597180907
-114.468 48.3739 3.56773104456e-06 0.000207315457446 -0.00166052464731 0.00328234659208 3.99561 4.04978 -1.55273735639 -0.116033252525 -0.206639354593
-124.566 47.9475 -0.000135536409513 4.6892950745e-05 0.00155544861336 0.00113830760656 3.94564 3.94732 2.43329855754 -1.58152510759 -0.0514013300584
-122.972 47.7172 -0.000250271217795 -0.000166115618747 0.000638692073359 -0.000608354182048 4.09381 4.1015 10.5147701621 -2.46767892662 0.115717239975
-121.689 47.6947 0.000580116278417 -0.000307717373508 0.00122055626091 -0.00301128881796 4.52749 4.5357 13.4169228947 7.35590861866 0.443638134488
-120.061 47.6902 0.000275823552995 0.000141497999941 -0.00327839347289 0.00161015481963 4.27659 4.16474 1.28212314901 3.07591183222 -0.125103136428
-119.045 47.7849 -0.000152083966088 9.5752789733e-05 0.00695134262999 -0.00306850282614 4.2609 4.16215 18.8870915128 -2.03666223274 -0.144914590852
-118.274 47.8006 -0.000887322846878 -8.17614416711e-05 0.000361259698046 0.00137275979631 4.01463 4.04232 4.13306000207 -10.0356933893 -0.0306392606756
-117.308 47.8192 -0.000492449866561 -0.000212970259856 -0.00593930337833 0.00265312064668 3.59892 3.67432 -9.59923332577 -5.90786254502 0.262798983755
-116.256 47.8397 7.45115565091e-05 0.000269206025467 0.00239109693694 0.000530701210944 3.84951 3.90886 3.31818556151 0.442921134875 -0.257024405778
-115.475 47.7092 -0.00025874435492 -0.000374400440607 -0.000240705495415 0.000963158507833 3.97463 4.01763 2.58538658103 -2.41333430307 0.338528887704
-114.574 47.6795 -0.000226764523569 -0.000312550454044 0.000326660999621 0.000123914028613 4.2634 4.29124 4.79713980391 -1.94988747678 0.268332118342
-113.747 47.7687 -0.000172790938483 -0.000480460139399 0.00158578483329 -0.000986589320978 4.39513 4.37329 4.22812040944 -1.01010687074 0.443487084764
-123.771 47.1161 -0.000368061840518 -0.000162596271474 0.0013871292409 0.000263996227499 4.15618 4.29313 6.31428346682 -3.98590814135 0.121518045518
-122.803 47.1109 7.13816605086e-07 0.000208154791052 0.00196030449091 -0.00118067937608 4.18277 4.23311 16.6239455168 -0.693738401454 -0.198720366791
-121.989 47.1881 0.000498775177625 -0.000282796332083 0.00198263994008 -0.00165145787597 4.1068 4.08134 15.8767003415 6.40853431435 0.415176248653
-120.844 47.1935 0.000426159527879 0.000135430283619 -0.00138287602666 -0.004689066013 4.5698 4.41742 4.34633856446 4.69613690699 -0.0903922381996
-119.973 47.1936 -0.00031380450472 0.000856697029119 0.000492270475852 -0.00618768515446 5.5431 5.26119 1.65993157888 -4.23673356617 -0.875525242545
-118.921 47.0573 -0.000690323751957 0.000231093794762 -0.0017795085871 0.0033258842926 3.8359 3.86613 -5.93698208058 -7.74391195954 -0.19201494555
-118.309 47.0615 -0.000250428066558 -0.000247334702549 -0.000640034836219 0.00581854380698 3.41003 3.40986 -5.86256068451 -3.00277366998 0.259229395745
-117.276 47.0547 -0.000514517788021 -0.0002133422061 -0.000540619374214 0.00043431299433 3.95585 3.98023 0.61489311015 -5.69627842201 0.174358675469
-116.335 47.0477 -0.000139503717484 -8.21208614626e-05 0.00119238552185 -0.00127785185032 3.98012 4.04425 9.34264428228 -1.33402540885 0.0471647109783
-115.353 47.0528 0.000587278538896 -0.000130336955457 0.000600431222485 -0.00242148434552 4.24374 4.13399 6.61614606096 6.89743082184 0.243654899912
-114.459 47.0943 -0.000150211205809 -0.000198181502578 0.000819767016776 -0.00273605221611 4.45305 4.25504 5.48707126354 -1.26910293075 0.166646612333
-113.506 47.0816 -0.00128626795933 6.91042576724e-05 -0.000895209385481 -0.000398764302601 4.15787 4.0599 0.381472837857 -14.7710744267 -0.207604478547
-112.52 47.0418 -0.00118029194545 5.01840597633e-05 0.000592962353903 -0.00297668286604 4.30847 4.33102 0.00521958561023 -13.5388760474 -0.181095300116
-123.563 46.5459 -0.00085009394257 -0.0027931652181 0.00274685633143 -0.000355332131119 4.60231 4.88006 7.76855239723 -5.2562498569 2.65132113648
-122.72 46.5934 0.000112063359349 0.000413552979712 -0.000431885909349 0.000686772927923 4.01611 4.0804 11.4342358792 0.271043298448 -0.381290843468
-121.761 46.5605 0.000450265095731 0.000986979572381 -0.00147813397887 0.00424660382723 3.62619 3.56951 10.3588698629 2.79404806779 -0.877932871253
-120.979 46.5433 -0.000159428628942 0.00143375546084 0.00610512448149 0.00417677807431 3.51949 3.43788 15.7116445195 -6.57609735092 -1.41653444356
-119.855 46.5585 0.000218726062804 0.000777135060212 -0.00264449827767 -0.000396106285371 4.31413 4.39786 -2.00642677202 2.46451863687 -0.776457304379
-119.06 46.4911 0.00077082656806 0.000283171337785 -0.00441933177837 0.00047141354402 4.04179 4.05763 -11.8460757093 9.18062864014 -0.402882716547
-118.146 46.5139 -5.61133261764e-05 -0.000160964048614 0.00167120723476 -0.00343431228873 4.49855 4.45338 0.534608829595 -0.519822030182 0.157013661226
-117.11 46.485 -0.000544127349524 -0.000444895757386 -3.43076353677e-05 -0.000671322984087 4.26436 4.27475 0.839966196525 -5.77470944421 0.399915402657
-116.209 46.3559 -0.000279980601223 -0.000684344062798 -0.000390792921058 0.0016416100465 3.94296 3.98504 3.51224426311 -2.10432505761 0.640174595689
-115.571 46.4151 -2.84770259172e-05 0.000119712358116 0.00273980657038 0.00156881588615 3.91374 3.94915 8.30414208404 -0.621606039244 -0.123049020353
-114.188 46.4423 -0.00043903057913 0.000840154516294 -0.00109141982607 0.000896203022132 4.01154 3.97182 1.19744774426 -6.07898485376 -0.885121288192
-113.493 46.4162 -0.000849305404167 0.0005008971792 -0.0016655151254 0.000825985323688 3.97805 3.98757 -2.35656001506 -10.0178629544 -0.55114754674
-112.641 46.4246 -0.000622752986814 -0.000487961971493 0.00300222803582 0.00141029520806 3.83528 3.85185 1.99481841721 -6.23337706519 0.393086699531
-120.728 40.6183 0.00010883765413 0.00151715388433 -0.00437091636593 -0.00150314394762 4.10088 4.23745 8.6454826437 -1.76192603348 -1.47324140618
-123.559 45.9306 -0.000804955675746 0.000430534679623 0.00205902551984 -0.00109423678768 4.21159 3.82062 4.1756136529 -9.44488511297 -0.488851641452
-122.419 45.9325 -0.00307266223299 0.000699409186117 -0.00242855059803 -0.00113986326876 4.17702 4.44505 7.75664978008 -35.5624385841 -1.14439127513
-121.459 45.8839 -9.55807701759e-05 0.00247233195625 0.000575844737334 -0.00303933937679 4.1093 4.66387 9.57604736942 -6.32161183686 -2.446204383
-120.782 45.7664 0.00115355107029 0.00151962721468 -0.00129781284046 0.00126000368064 3.67322 3.8644 7.77906515909 10.0482635116 -1.31016208701
-119.928 45.8951 0.00112667836015 0.000255383396185 0.000781264846685 0.00606084011637 3.28424 3.26758 3.3261002182 12.4192613171 -0.14697832518
-118.777 45.7971 0.000131615651472 0.000554641174554 0.00062748818543 -0.00505430483272 4.87501 4.83365 1.44698361215 1.0209481342 -0.543395306262
-117.909 45.7087 0.000699959159412 -0.000980293046072 -0.00238477277984 -0.00314485975361 4.74176 4.84746 -6.74286734295 7.23034131163 0.936290629473
-117.228 45.9734 0.000315964722397 -0.000901863640811 -0.0010031138004 0.000379707085815 4.19322 4.22859 -1.46360833691 3.97440541497 0.913388861431
-115.255 45.7565 -0.001211936451 -0.000225618783822 0.00250522362992 0.00068441479221 3.96686 4.02052 7.04836678195 -12.9086168261 -0.0279396948388
-114.332 45.7893 -0.000362447735282 0.000245732174602 -0.00026126613797 0.00189316124488 3.78325 3.84476 1.9138455109 -4.42637695746 -0.289415421359
-113.37 45.8122 -0.000333571988188 5.06788801392e-05 -0.00165048073133 0.000221829360198 4.03113 4.06889 -2.94186000834 -3.80871006087 -0.0676296412891
-112.493 45.8409 -0.000570051854666 -0.000266422828571 4.19630280376e-07 0.00270522907544 3.75865 3.77362 -1.36349502916 -6.1847729139 0.215720506838
-123.281 45.3153 -0.000396140507206 0.00438766762203 0.00279760932905 8.75805202325e-05 3.88836 4.07612 9.67609801546 -12.8729445655 -4.39045881257
-122.478 45.2059 -0.000694242415684 0.000946111916898 0.00259792048042 -0.00061328574921 4.04774 4.1888 10.6001369627 -9.72992637131 -1.06362487996
-121.317 45.2422 0.000288600121866 0.000559960490681 -0.00165841125413 -0.00156644706196 4.22578 4.98171 1.86719430339 2.8873252359 -0.542937176571
-120.635 45.2357 0.00272762883109 -0.000431204026886 -0.0036642074961 0.00058945747365 3.66994 4.08335 0.215942453858 30.8144239234 0.523528962282
-119.669 45.2664 0.000796743915318 0.000312468415778 0.00545966559574 -0.00252078714768 3.74674 3.75785 14.626879158 7.55336125361 -0.0672712761236
-118.96 45.2904 0.000950463146319 0.000519320247071 0.00138933925213 0.000128966747671 3.9077 3.99488 4.20103520755 9.91932476281 -0.401653635997
-117.78 45.2781 0.000882469210569 -0.00132150730778 -0.00341211510953 0.00159158216229 3.85405 3.74336 -7.95690631335 8.70860981109 1.24641029083
-117.12 45.2925 -0.000451572924522 -0.000959944012385 -0.00116803535465 -0.00125395489373 4.49938 4.19399 -6.10052644785 -5.52918129524 0.977814711557
-116.268 45.3997 -0.000594826319085 -0.00121643144257 0.00205120362636 -0.000391314234809 4.24352 4.13792 5.57140186407 -4.27969979706 1.09763812054
-115.326 45.1285 -0.00127023567325 -0.000391471673796 0.00144134746582 0.000621643173568 4.04926 4.11322 5.53118248021 -13.2811734074 0.158590774134
-114.233 45.0931 -0.000455123745747 -0.000383550279166 -0.000195892415646 -0.0013603361012 4.20225 4.28416 1.93212360012 -4.53428771549 0.322653837689
-113.46 45.2432 -0.000288993868289 -0.000208244916929 -0.000796372814831 -0.000621769166318 4.15389 4.14703 -0.342064757677 -3.02182915803 0.179797061979
-112.489 45.166 -0.000448618406411 -0.000541080840723 -0.00112489106027 -0.00296060425592 4.52737 4.5152 -0.44050950756 -4.4053320685 0.492008116697
-124 44.6764 -0.00150872279722 0.000850441159366 -0.00111408932553 0.00261492779797 3.53998 3.64003 2.61887012889 -17.251906993 -0.913666775994
-123.292 44.6765 -0.000746810959815 0.000491270287471 0.00410576753131 0.00360289897651 3.26698 3.44178 14.9055381513 -9.49102860598 -0.669068178883
-122.186 44.6837 6.80407480085e-05 0.000832667604216 0.00162686194777 0.00147389783206 3.70255 3.87717 8.76748579877 -0.804259873642 -0.809618585478
-121.227 44.6473 0.00149539186252 -0.00153625066711 -0.00451910856827 0.00227215745925 3.64795 3.77897 -2.88650728625 16.2591209125 1.49664622136
-120.335 44.7344 0.00101490879361 -0.000532122293432 0.00188093765762 -0.000788136270372 3.85656 3.8134 5.75336267446 12.0466433377 0.662481886795
-119.565 44.5913 0.000615232477928 -0.000637473329216 0.00191188955777 0.00336768422028 3.43654 3.49362 6.68623251973 7.90683864003 0.726038996363
-118.67 44.5191 0.00137431830109 -0.000674852100935 -0.00101158339565 0.00433031351749 3.49684 3.58433 3.48803905991 16.0884575915 0.822218666249
-117.664 44.6653 0.00205326238832 -8.63142083054e-05 -0.000117130527094 0.000868276357074 3.9002 3.83676 4.18560564812 22.9032298988 0.357028482384
-116.747 44.589 -5.00052014623e-05 -5.941574378e-05 0.000215198856993 -0.00173820396852 4.37632 4.00897 0.766658272034 -0.503083859426 0.0551208357998
-116.013 44.7035 -0.00213246584934 -0.000315438256379 -0.00185888376999 -0.000663933817107 4.44763 4.28415 -3.17586043563 -23.8141441078 0.271712634721
-114.855 44.5494 -0.00132697039436 -0.000244620692717 0.00192580747222 8.11333168227e-05 3.97808 4.09747 7.90193299431 -13.8677019274 -0.0578685451701
-114.255 44.5642 -0.000591378595663 -4.9175824778e-05 0.000728925560805 -0.00106140360511 4.0615 4.12977 6.19541178069 -6.37948356179 -0.0700878194931
-113.367 44.6165 -6.24746309138e-05 0.000152662529134 -0.00111370064353 -0.00130458702629 4.09867 3.9995 -0.0337644922133 -0.870170307299 -0.158201989983
-112.644 44.6173 -0.000716157436692 8.31358002626e-05 0.00076426377275 -0.001190347413 4.22676 4.05872 1.16478350936 -8.08760461706 -0.174873983471
-111.248 44.7038 -0.000481213892194 0.000118566157863 -0.00202219593437 -0.0054352164841 4.49883 4.46638 -1.16289522454 -5.51746344675 -0.167216871723
-121.461 40.8161 -0.000494134557326 0.000430970422725 0.000788234186923 -0.00172214890633 4.2182 4.19774 16.6243180432 -6.47767839064 -0.561791819827
-119.023 36.6801 -0.000293401535096 -0.00026090646765 0.00422746464967 -0.00743855201245 4.54802 4.48124 9.82557482356 -2.37283780172 0.191669484114
-123.83 44.0035 -0.000849349213721 -0.00017536650483 -0.0034838000371 -0.000450740968162 3.86211 3.74805 -2.48436330009 -9.50811789458 0.213353559446
-123.278 43.9726 -0.00165975365416 -6.46034986861e-05 0.00260901402932 -0.00329536768923 4.05337 4.12926 10.3857459764 -17.9754423467 -0.242035025885
-122.411 43.7941 0.000487790290294 -0.00036726706288 0.000678234100528 -0.00127468853418 3.74688 3.89131 13.1355689987 6.22178767719 0.473353797314
-121.268 44.1626 0.00120976481424 -0.000772519067374 -0.00182318500631 -0.00121216855653 3.92837 3.89918 3.08586669067 14.0820805978 0.864052134885
-120.211 43.9437 0.00120873594135 -0.00148387790778 -0.00137439078716 -0.000904965917569 4.19713 4.22825 1.51487492846 14.3923376387 1.55445122965
-119.504 44.082 0.000686455784314 -0.00185435946581 0.000687388949812 -0.000435211514454 4.02794 4.12779 5.98179832156 10.5437001011 1.93435187501
-118.569 43.9104 0.000676596881377 -0.000630648238183 -0.000288300562511 -0.000829626863212 3.89056 3.94427 6.31235722128 8.53540209096 0.730753981328
-117.741 43.9733 0.000662377456477 -0.000130884874353 0.00146674681566 -0.00102946511793 4.09221 4.04134 8.03662683816 7.50354531697 0.259200613143
-116.803 44.086 -0.0001022515232 0.00172534837654 0.000246370786575 0.00138899354442 4.17167 3.957 4.57832734106 -3.95478989886 -1.72158744979
-115.958 43.9121 -0.000896006772795 0.000798603573744 -0.000963468664778 -0.00194565763635 4.51586 4.40819 -0.582177131684 -10.5248441028 -0.856036217248
-115.133 43.7945 -0.00113497507208 2.18378314789e-05 -0.00110361337904 -0.00100419004186 4.15791 4.12649 -3.05097456977 -12.6094302247 -0.0571218132521
-114.117 43.9146 -0.000869109164043 -0.000157549923223 0.00146598516216 0.00250572295078 3.5969 3.65322 1.27314291363 -9.4028059146 0.0553644856982
-113.452 43.9286 -0.000368060418977 -0.000260221846918 -0.00163166052733 0.00184740679039 3.66764 3.74807 -0.468257104409 -3.81264901145 0.225010868956
-112.485 43.9997 -0.000479362452587 0.000595216283118 0.00133102123447 0.00137729265395 3.76815 3.77477 3.95790636647 -6.44519299599 -0.671245608501
-111.487 43.8756 -0.000436183887547 0.000349680109217 0.00179218889306 0.000267807428505 4.10579 3.9213 2.68948596315 -5.44309697408 -0.417372437767
-123.575 43.3654 -0.00111199619343 -0.000488812915705 0.00949070155209 -0.001717274344 3.8419 3.90885 19.3837371202 -9.7736921172 0.0908997261289
-122.965 43.3717 1.76813506263e-05 -0.000628513272127 -0.00246270814888 -0.000573554940568 3.91024 4.01612 9.70762538186 1.40887590577 0.621863299078
-122.109 43.2406 0.000381744277327 -0.000639268732595 -0.0015920266543 0.00137244569864 3.66989 3.78299 6.07404624258 5.02868754004 0.680800804772
-121.236 43.2843 0.00237464872383 -9.30463615998e-05 0.000943327367788 0.00119638227399 3.65207 3.71092 8.15395492541 25.9896216419 0.484997955875
-120.153 43.2515 0.00138773917803 7.42187056776e-05 -0.000112866645259 -0.00178271282206 4.3026 3.99119 3.74314030986 15.1404140196 0.0648053631547
-119.311 43.3736 -0.000482482789432 -0.000880643552567 -0.0016219986036 -0.0012617651119 4.31679 4.1927 1.51868769899 -4.63794859295 0.844968129951
-118.474 43.358 5.0703816272e-05 -0.000928505355642 -0.000152960306969 0.00132122798759 3.9459 3.95617 7.96789492179 2.49000631352 0.921322245355
-117.754 43.3471 0.000112449252515 -4.57231123226e-06 0.00318146103335 0.000255576960581 3.94856 3.91528 11.9060680363 1.21141076798 0.0339965887268
-116.767 43.4275 -0.000600864127085 0.00123852205332 0.00159288393245 -0.00411359774153 4.39179 4.41403 5.76900840879 -8.85144254667 -1.32188726367
-115.828 43.4151 -0.000696987526893 0.000903090795691 -0.00187783219256 -0.00129414981528 4.10579 4.10745 -5.13816320222 -7.58714077721 -0.894481570529
-115.098 43.25 -0.000254755141344 0.000315021883404 -0.00255262159123 0.000927338132295 3.94227 3.95254 -5.65256816231 -2.76535229849 -0.31140000825
-114.174 43.3979 -0.000120655164571 -0.000636216696754 0.000670854712678 0.00127236804305 3.82668 3.83661 -0.124661801075 -0.686664462055 0.622531424676
-113.518 43.3234 -0.000694990401367 -0.000819825260251 -0.000497680287026 0.00126764481716 3.82533 3.71626 2.35962881665 -6.33813097255 0.71379672663
-112.433 43.3998 -0.00114867638832 -8.30863874814e-05 0.000991391683276 0.00110781689422 3.65183 3.66572 4.61158242917 -12.3271967327 -0.136771385497
-111.612 43.2741 -0.000842928638031 0.00204379178853 0.00308682048587 0.00127360510836 3.73781 3.79141 3.89910485778 -13.382830801 -2.16478398987
-124.469 42.8088 -0.000555285519297 -0.000213197277949 0.000375167146557 -0.000551132135361 3.98581 3.98005 2.29638188198 -6.01321737719 0.195214974865
-123.49 42.7667 -0.00115460658003 -0.000556508671153 0.00192504755462 0.00340106242773 3.60906 3.64574 8.23066159396 -11.6427152957 0.383307912402
-121.731 42.6133 0.000501523552373 -0.000533114207338 -0.000520977200869 -0.0035422726503 3.82678 3.95391 9.62723252351 6.4818981586 0.617120660442
-120.893 42.7258 0.00135290711237 -6.83203043281e-05 0.00221803859572 0.00212758195605 3.62392 3.73674 12.0902761567 14.5905883768 0.385896369329
-120.251 42.7991 0.00224633427016 0.00184379180216 -0.00141737315959 0.000868448665266 3.97601 3.91073 4.44973366502 22.2484850562 -1.58263924824
-119.247 42.6912 0.00111180852582 -8.27061197675e-05 -0.00143960538486 0.000855613128708 4.10036 3.92157 3.45782073073 12.2191567579 0.197641850915
-118.486 42.7308 -0.000347802974153 -0.000403836679749 0.0021050911733 -0.00262011238925 4.38849 4.11521 8.35497796838 -2.87540357434 0.327975004277
-117.725 42.6996 -0.00122145789645 0.000123493758802 -0.00106330029811 -0.000746956687008 4.02406 3.95749 3.99397768338 -13.4652901765 -0.278781595582
-116.87 42.7779 -0.00107548211306 0.000871735961374 0.000920565154553 0.00615338950943 3.28994 3.36962 3.36174446531 -12.9219432594 -0.999701588568
-116.032 42.7713 -0.00033688056452 0.000623284512412 -0.000734413276466 0.00465067746812 3.43148 3.53029 -1.06149893511 -4.0846904247 -0.641388649473
-114.903 42.636 0.000452887782125 0.000306004122304 -3.47324824931e-05 -0.00199943537874 4.14721 4.17384 -0.0132781688641 4.66623420016 -0.265928815522
-114.084 42.6493 0.000188062499132 -0.000204345838037 -0.000958644903541 -0.00399285035603 4.56374 4.42632 -1.96614714652 2.19776735267 0.215264618969
-113.176 42.5452 -0.00108640618542 0.000230879663115 -0.00213746348831 -0.00266644548437 4.33887 4.07922 -3.14504319349 -12.0430880983 -0.283092867087
-112.531 42.6852 -0.00260001007828 0.000219350779381 0.00305821048255 -0.000357703174209 3.85573 3.84903 5.62614032463 -28.4993231446 -0.750950243179
-111.588 42.8321 -0.00154573638423 0.0014063553258 0.00205757440959 -0.000653525506757 3.58975 3.74422 4.04325201398 -19.6674172636 -1.67220882167
-123.602 42.156 -0.000856103733963 -0.000484778855086 -0.00280551471397 -0.000677021074087 3.96166 3.96468 2.51661797464 -9.08473517595 0.446139056508
-121.891 42.175 0.000381508457702 -0.00123760662787 -0.000109247194527 0.0104323008312 2.92304 2.97342 8.19772335526 6.26268732064 1.28268778492
-120.834 42.0472 0.000990121808336 -0.000138871314923 0.00410049694693 -0.000208280222344 3.91931 3.96554 17.3120692804 10.6893103372 0.452305217415
-119.34 42.0187 0.000800714612275 0.000882721738208 2.92060977558e-05 -0.00409043975834 4.53659 4.32004 6.48695720445 7.12191673373 -0.747729662406
-118.344 42.1901 -0.000400986327152 0.000616226097207 0.0028323051542 -0.000468274770405 4.01339 3.7871 5.66843209993 -5.33999861481 -0.669648603475
-117.667 42.0192 -0.00103840568951 0.000546418322552 -0.0043109196446 0.00104969466384 3.78166 3.72995 -4.68826027933 -11.1772558538 -0.522659244269
-116.471 42.0773 -0.00061387155386 -0.000364322609253 -0.000118919682762 -5.36330543891e-05 4.01309 4.21759 4.53479564746 -6.028234067 0.26851397922
-115.754 42.1669 0.000228952533847 -0.000577125280897 0.00380525706889 0.000218542598005 3.67033 3.77738 10.6089547319 4.05443232085 0.616805909166
-115.016 42.146 0.000188317387254 -0.000245141685546 -0.000927215515734 0.000642740247795 3.91341 3.9598 1.09585669923 2.32524365879 0.263403862026
-113.944 42.0886 -0.000427674507584 0.000512944962011 0.000963047788603 0.000160060547281 3.97161 3.82727 0.855768152209 -5.26369563648 -0.556988664474
-113.24 42.0343 -0.00112993995364 0.001510997286 -0.00153232858683 -0.00193873133132 4.32033 4.22253 -4.2745581915 -12.8036815818 -1.54189041879
-112.386 42.0041 -0.00185038701895 0.000630051454469 -0.000305964663513 -0.00144035734839 4.21274 4.34282 -3.04299092959 -20.5928145836 -0.735680769718
-111.432 42.0149 -0.00121375103686 -0.000701871143443 -0.00152654708067 0.00293019769117 3.59664 3.66944 -2.03766911806 -12.5859391024 0.596886226188
-120.74 38.7552 0.000447152545331 0.000803863729963 -0.000102394066266 -0.00565249171179 4.17403 4.19907 18.2241943046 1.55068780747 -0.604059242219
-124.122 41.8473 -0.000660689979297 -0.000281648630649 -0.000528497364581 0.000323294782595 3.9407 3.95061 1.21492004331 -7.12507378917 0.270540576748
-122.854 41.392 -0.000531029883501 -0.000967208035818 0.000321283895279 -0.00378718116452 4.18938 4.23053 8.8842746179 -3.96773697038 0.868152325912
-122.122 41.2742 2.99679169913e-05 -0.000206470768709 -0.00020831206342 -0.00427852447914 4.62446 4.67656 15.0139303333 0.921714629279 0.206788261044
-121.839 41.7826 0.000184071209265 -0.000907006551109 0.0015300335657 -0.0077180933675 4.87229 4.82338 14.0825422995 4.49723172609 0.923626487217
-121.146 41.3593 0.000861779993514 0.000177234400703 0.000876381715988 -0.00366228362843 4.45891 4.54021 17.3700504781 8.20336256032 0.109822199826
-120.477 41.2047 0.000738627607541 0.000814458773319 0.0024628208317 0.000135968362292 4.25256 4.19983 10.3077599442 5.95293055444 -0.641444307138
-119.171 41.3884 0.000706753993826 0.00137483603699 -0.00178748706041 0.00334339183204 3.66036 3.6863 -0.824577346129 7.20032203281 -1.35314127547
-118.379 41.4483 -9.19750074096e-05 0.000730833427057 -0.00369577397841 0.0041983352519 3.51769 3.52962 -4.59285347453 -0.772957784576 -0.727955171835
-117.45 41.423 -0.000306107923391 0.000339017422133 0.00345239475875 -0.000351229666554 3.6979 3.76127 6.74960848556 -3.91641565166 -0.388083632404
-116.54 41.522 0.000141363118018 -0.000820815665544 -0.000383928133753 -0.0047772034043 4.78589 4.87878 3.19527289575 2.63880674222 0.83206682318
-115.791 41.4311 -0.000193008824143 -0.00019482309134 -0.00148195923395 -0.000571691280409 4.12592 4.02691 -0.436081300423 -1.940348773 0.18089238473
-114.915 41.4157 -0.000715710054338 -0.000700935986632 0.00123080329974 0.0010995713009 3.91347 3.80414 1.6851209843 -6.836366583 0.613889216243
-114.165 41.3602 -0.00120223096849 0.000150424372196 -0.000767866786392 0.00264169985885 3.67255 3.64356 -1.19172307019 -13.123666402 -0.23708004781
-113.347 41.503 -0.00127661473165 0.000418993598092 0.00255687791273 0.00231348720535 3.63195 3.77787 2.95097189024 -14.4065795713 -0.60840314955
-112.448 41.4632 -0.000991535270506 -5.59363755541e-05 -0.00189889282825 -0.00435577178527 4.0762 4.07271 -4.56847961608 -10.7568888578 0.0258638379676
-111.63 41.3146 -0.000572682176184 -0.000861483948715 -0.00535728427964 -0.000561056150694 4.41787 4.35116 -4.8251051328 -5.90207427241 0.841667295171
-123.306 40.822 -0.000330686157504 -0.000827155226573 0.00421778010463 0.000584799519023 3.83065 3.82448 8.72523981626 -2.13137661615 0.765795506855
-119.835 40.7484 0.000836949548739 0.00136463350655 -0.00430504095214 0.0136857288661 4.00586 4.2179 -3.8835590051 9.43249725372 -1.38921701855
-118.971 40.7797 0.000666933738767 -5.08698878006e-05 0.00131746354145 0.00219270581868 3.73752 3.83675 2.00457675912 7.19288188274 0.104741993132
-118.134 40.7811 0.000317438570363 -0.000702015284905 -0.00102484331924 -0.00246274018012 4.30653 4.51898 2.62567345927 4.15302280726 0.730242402595
-117.524 40.852 0.000185625145972 -0.000180484717613 0.0020153724054 0.0015996356751 3.92911 3.86964 7.40011241182 2.32916331272 0.212215869526
-116.508 40.7186 -0.000320132738654 -0.000202594853074 0.0022531234465 0.00197113943269 3.77403 3.68053 5.4905583468 -3.03663247595 0.146884421147
-115.736 40.8167 0.000350827006893 0.000573740200826 -0.00127536631937 -0.00350980932127 4.40643 4.33183 1.11376413617 3.16192766562 -0.536959776505
-115.039 40.8522 -9.5558282025e-05 0.000187164096228 0.000285780240113 -0.00271406973602 4.14639 3.99626 -0.569494586576 -1.17819909731 -0.193773015115
-114.204 40.8556 -0.00147672401544 -0.000189121396435 -0.00139839398388 -0.00115107479071 4.06167 4.03149 -2.15641233414 -15.7974503215 0.107440925368
-113.187 40.8513 -0.00103453874025 -0.000777060207018 -0.0017792082488 0.00331892327252 3.8213 3.93058 -1.42260433965 -10.484507828 0.694231631755
-112.52 40.8903 0.00194098381791 0.000414232963052 0.00674300195693 0.0222870632501 2.94175 3.06221 3.23262285367 19.9538296845 -0.08859098179
-111.437 40.8869 -0.00068319023759 -0.000476475744128 -0.000885720530617 -0.00409537573349 4.96573 4.65158 2.44420557414 -6.4605040398 0.359764629732
-110.834 40.9425 -0.00134237267082 0.000232994608668 -0.00188034565917 -0.00607817393748 4.64774 4.6259 0.485177007185 -14.745809102 -0.410326345934
-109.673 40.9763 -0.000946534814301 0.000367571141851 0.00354141010767 -0.00201044768278 4.03842 4.09147 9.16774291697 -10.984553502 -0.628357824429
-109.177 40.8936 -3.11156646415e-05 9.39882599632e-07 0.000795971814854 0.000955129561866 3.87064 3.96584 2.29642138215 -0.333705587327 -0.00654695049766
-123.82 40.1398 -0.000347903903909 -0.000386399588624 0.00313782301389 0.001682737999 3.8689 3.85008 5.28057253324 -3.32460761041 0.353300713938
-122.788 40.1767 -0.000612395131373 -0.000278651113667 0.00265367177042 0.00462145440003 3.74966 3.74308 12.1591404539 -5.72848343375 0.13771670569
-121.086 40.32 -0.00078443052827 0.00140153747074 0.000138253277924 0.00380710463268 3.43647 3.65303 14.4199065423 -12.1709853354 -1.56264310528
-120.918 39.962 -0.000359196589831 -0.00073409798255 0.00484274749838 -0.000164548399846 3.22787 3.35369 16.8691337309 -1.16057703371 0.583036658153
-119.827 40.165 -0.00102115918164 -0.00135923819837 0.00745669481144 -0.0523930609309 26.0111 -nan 74.576425926 11.6298482887 -0.682041144749
-118.877 40.1614 0.00190537569755 -0.00066880950635 -0.00535514521918 -0.00353345901787 4.80905 4.58245 -4.40436725234 20.1377585614 0.611607995169
-118.155 40.2903 0.000104802360197 -0.000133092063498 0.00321737327677 0.00306599482433 4.26219 3.73233 5.83982704349 1.32942498051 0.147759808642
-117.19 40.1697 -0.000548094943978 7.76038805526e-05 -0.00117093072949 -0.00247691694855 4.68536 4.47786 0.143691240203 -5.90358438953 -0.113593991574
-116.5 40.2917 -0.000202120113814 0.000566916438877 0.00361730493407 0.000234470150856 3.61512 3.58132 7.14359919784 -3.30048639876 -0.595331413621
-115.657 40.1313 -0.000368095576413 0.000511711255999 0.00173822939938 0.0038747972988 3.31065 3.34298 1.48593975829 -4.48766355704 -0.547291412675
-114.745 40.2679 7.09473085286e-06 0.00043526547066 -0.00304229540406 0.000735385671481 3.85027 3.84519 -4.34621227376 0.0222407912963 -0.435154702866
-113.981 40.1314 -0.0001770889923 -0.00075404458689 -0.00268840831642 0.000381374013367 3.99534 3.97661 -0.47790174266 -1.19234075897 0.735934643542
-112.469 40.2807 -0.0010883646447 -0.000789972636216 0.00329645916673 -0.00621990859509 4.6505 4.5928 8.18165363146 -9.20173439356 0.493208385092
-111.502 40.2067 -0.00190472560116 -9.15902470074e-05 0.00102762813381 -0.000868714225374 4.36332 4.26931 4.94397631499 -19.8323176451 -0.298439968012
-110.738 40.1948 -0.00216834305433 0.000699161706369 -0.00022819245324 -0.00071539525975 4.21084 4.32556 0.822333081161 -24.131851111 -0.996254833345
-110.008 40.2655 -0.000572063997823 0.000585113978453 -0.00128237899499 -0.00128388754163 4.18011 4.3583 -2.44734556109 -6.703487194 -0.63451432969
-109.124 40.2982 1.19031535575e-05 0.000690694451727 -0.000475432732837 0.00234136736168 3.79566 3.82594 -1.53091026076 -0.728536572069 -0.684745615976
-120.608 39.3028 0.000658551054286 -0.001315970934 -0.00351403191891 0.00355917806779 3.71047 3.63413 10.1501070796 9.68643603506 1.42328402327
-119.898 39.6785 0.00160751754883 -0.00155442958183 -0.00133871908595 0.0149259926762 3.19819 3.10858 4.85822602559 18.9654617819 1.7381666199
-118.889 39.5399 7.53757889603e-05 0.000436986340202 0.00400210703323 -0.000322296815105 4.36915 4.01933 7.50632599995 -0.0330867654085 -0.416760364128
-118.08 39.6946 -0.000231662415753 0.00395797394639 0.00298765655058 -0.0166484240618 6.25069 5.7743 9.27140035963 -11.4536560154 -3.91529805732
-117.14 39.5516 -0.000184011391382 0.000708854300445 -0.00529986466244 -0.00181278878396 4.31707 4.2674 -10.242171614 -1.07943943406 -0.68310283359
-116.464 39.6202 -0.000950048228701 0.000193902113172 -0.00517094622731 0.0035202557923 3.64481 3.74495 -14.7521432794 -9.5469682778 -0.0139498973035
-115.754 39.553 -9.0814803964e-05 -3.71079708953e-05 0.00517647045055 0.00342379177914 3.36348 3.4268 5.36259274609 -0.884536088608 0.0211079541702
-114.908 39.4731 0.000833717901134 -0.000108296828125 0.000315270653909 0.00214164114905 3.67418 3.64496 6.73368569853 8.9140638277 0.274333164234
-114.016 39.455 0.000139671482175 0.000116388182126 0.000833486508953 -0.00111905196831 4.1361 3.89738 5.13166935327 1.23418001934 -0.0888791233646
-113.069 39.5906 -0.000594481351869 -0.000354345780514 -0.000142668180297 -0.00765840771007 5.00559 4.75534 4.97073117896 -5.50802276127 0.235474116408
-112.279 39.5708 -0.00200853121341 -0.000162400263009 0.000794628209492 -4.06089652323e-05 4.15474 3.9528 5.67666660587 -20.5873380996 -0.260512779262
-111.66 39.6092 -0.00233399542523 0.000472010438821 0.00114254909873 0.000649330981308 3.89198 3.89756 3.15805585379 -25.4111228918 -0.865336594822
-110.74 39.473 -0.00234601480852 -0.000220767381355 -0.00217035506285 0.00451522973184 3.51744 3.66835 -5.19090358455 -24.9323048649 0.137317243054
-110.246 39.6279 -0.00102245600633 0.000104690938129 5.44728945767e-05 0.00209555424235 3.85435 4.17324 0.861606201463 -10.9790620667 -0.252298493607
-108.981 39.6333 -0.000191068873988 0.000573471074935 -0.0014045743751 -0.00328315673751 4.48082 4.547 -0.179696201611 -2.88267847607 -0.594520471261
-122.015 38.6333 -0.000557600795476 1.67602591671e-05 0.00833450714151 -0.00123643722094 3.96202 3.93146 10.4803370981 -5.77812002112 -0.126722541445
-121.377 38.839 -0.00119465284172 0.000301570168948 -0.00136233309676 -0.00286762258817 4.00152 4.16784 12.7616773612 -12.9761301492 -0.582528589375
-118.808 38.9383 -0.00393141324247 0.00169187697427 0.0233278240572 0.00238890930344 3.32057 3.64818 26.4628939693 -44.9158065369 -3.39434940359
-117.932 38.8606 -0.00142960788142 0.00203648346739 0.011513779125 0.00430199912908 3.74684 9.59578 9.01312689212 -19.2830407616 -2.29309417274
-117.182 38.834 0.00652404461202 -0.000526626583332 -0.0297606616929 0.00520391986166 3.01305 3.53837 -32.4239472629 57.6272004316 -2.68034421818
-116.4 38.8247 0.000806018218156 -0.00044757901222 0.0104853552867 -0.00261482363111 4.25023 4.00411 5.33373741197 9.16094131612 0.573284999885
-115.654 38.8455 -0.000105882166651 -0.00060503530844 -0.000809850942636 -0.00568812408716 4.84307 4.68242 4.55098548081 -0.100423479819 0.580887006205
-114.83 39.04 0.000197173784433 -3.15818008261e-05 0.00130247520892 -0.00166087592347 4.08719 4.06213 8.37188973669 2.1078744094 0.0761618250205
-114.02 38.9551 -0.000112455482822 0.0012093550834 0.00235880195472 -0.00242059539207 4.05057 4.07991 11.270241679 -4.81090746497 -1.19078716045
-113.277 38.9882 -0.000640561754165 0.00128811857114 0.00192828326899 -0.000683888578052 4.26207 4.07682 5.44485981454 -9.31765002316 -1.38839340579
-112.379 38.9995 -0.00166686144849 0.000927697597648 -0.00411909266025 -0.000680264579626 4.12406 4.10436 -8.50139195373 -17.2817926599 -0.863341610715
-111.172 38.9176 -0.00200463576942 0.000446578771789 -0.00212016015104 0.0040712263956 3.55684 3.64796 -4.50459888092 -21.4421198218 -0.53277780998
-110.133 39.1025 -0.00101719601341 0.000303378635161 0.00449600522026 0.000137956460499 3.76803 3.89095 8.96781831296 -11.2896098565 -0.580169787005
-109.263 38.9553 -0.000502296250359 0.00054559693708 -1.47913654873e-05 -0.000862094018902 4.13297 4.12079 1.43548644771 -6.2208562973 -0.620808310996
-120.936 38.2571 -0.000218544038822 0.000498031848888 0.00379864226226 0.00155453064447 3.59689 3.6655 18.6267191259 -3.94415265796 -0.542838265822
-120.076 38.7028 0.000324175239559 -0.000452564509928 -0.000264541487957 -0.00372361666805 3.75169 3.63822 13.334810414 4.54878208527 0.522233384214
-119.451 38.5226 -0.00100371247036 0.000544153330473 -0.00623745449258 -0.00162856502291 3.707 3.67447 -2.16582967311 -10.560488265 -0.54763911891
-119.047 38.089 0.000495559789417 -0.000496736064857 -0.00630267415563 0.00115040225669 3.39874 3.4606 -2.11734395431 5.22375310779 0.500798612086
-118.106 38.3489 0.000864575830064 -0.00654287917998 0.00440966056012 0.0263777006157 2.59704 2.747 1.09475031488 14.081900912 6.58869986195
-117.072 38.2397 0.000816796053411 -0.00119620792895 -0.00145997360039 -0.0057340521361 4.28153 4.32181 -0.810802229775 9.18090022809 1.2357786
-116.302 38.2886 -0.000178537841869 -0.000567992878631 0.00259225870317 -0.000226482663811 4.14787 3.95418 3.98841238866 -1.01345369336 0.537114543083
-115.585 38.3489 -0.000365410720884 -8.83843577778e-05 0.00126537786861 -0.000993572032935 4.22167 4.19215 5.09275309768 -3.62882725479 0.0260978789344
-114.608 38.3281 -0.000999193067565 0.00046731336271 0.00137675480025 0.000163903385819 4.08923 4.2774 2.63221113611 -11.0623833254 -0.596981177178
-113.969 38.1802 0.00509525288785 -0.000590265234858 -0.00338013478647 0.00871074417819 3.51804 3.67812 -4.94515157594 53.5315234571 0.632649927473
-113.021 38.2987 -0.00305107922811 0.000962184436727 -0.00603886936048 0.00780716995378 3.58074 3.59784 -6.71147520429 -31.9528249798 -0.921497581871
-112.277 38.2108 -0.00145579749108 -0.000240238825664 0.00221705973925 0.00212554722234 3.57889 3.69262 -1.8709974462 -15.0629095342 0.125508559737
-111.483 38.2843 -0.00122028025589 -0.0010070996298 -0.00173250896893 -0.00173198631533 4.30654 4.5241 -6.49746511562 -12.794219025 1.00059947872
-110.711 38.4187 -0.00121844520896 -0.000655053384767 1.49882590163e-05 -0.00258821100996 4.2946 4.35463 1.52739426882 -11.657087087 0.461907262219
-109.894 38.3862 -0.00223052961975 -0.000288502989172 0.00166695641579 0.00121328297456 3.64699 3.98577 8.14158327578 -21.8309986275 -0.330564449093
-109.261 38.2916 0.000210780588711 0.000524561756353 0.0028745386046 0.00175355322949 3.67802 3.96292 3.30180316382 1.09390191841 -0.472930259608
-120.33 37.346 0.00131653332227 -0.000565621996588 0.00192004629924 0.00612565581488 3.51243 3.53791 4.67523130995 14.2297271273 0.712003767466
-119.849 37.8817 -9.53840522053e-05 -0.000807697260162 -0.00139141853061 0.0057380583079 3.20384 3.2149 2.11638345842 -0.366840317616 0.798390202572
-118.171 37.4993 0.000648374795621 -0.000780504602743 0.00374369079734 -0.0106310872733 4.40652 4.20208 8.4178741405 8.22039393634 0.894057962437
-117.225 37.7243 0.000502572845212 -0.000591167770701 0.0013946436512 0.00245904401765 3.77957 3.63525 0.949809111959 5.7114129624 0.629219354783
-116.595 37.923 -0.000471116129791 -0.000377943488204 -0.00103368600386 -0.00269455429456 4.17685 3.95897 -0.103333751202 -4.64611686519 0.345417301877
-115.747 37.6444 -0.00102201774377 -9.9972820438e-05 0.000148063107543 0.00226228070381 3.7008 3.60926 1.75098951982 -10.4790755813 -0.0106484815972
-114.849 37.6083 -0.00101825641597 4.6387507291e-05 -7.29249567414e-05 0.000876991684586 3.70914 3.93379 3.26751217049 -10.577048788 -0.191085129651
-113.86 37.5808 -0.000790083735534 -0.000443287710779 -0.00111024501399 0.00357571554881 3.91476 3.83419 0.0826146895935 -7.75443388044 0.364629102784
-113.168 37.7601 -0.000154364330381 -0.000408822115899 -0.000688914461695 0.00124027428361 3.84331 3.77543 -1.12772072748 -1.25567461843 0.39468031854
-112.363 37.6761 3.27168193241e-05 -0.000726099941814 0.00111330572059 0.00180755778279 3.89504 3.83479 2.10543464639 1.44937935305 0.723070074158
-111.596 37.7222 -0.00111370415542 -0.00165566495626 0.00162746715378 0.000939603956228 3.9728 3.89434 3.90112061704 -8.25932066415 1.42168625552
-110.802 37.6354 -0.00197662614869 -7.68094947871e-05 -0.00023007322338 -0.00433610298013 4.4971 4.45504 0.258080241753 -20.4112701847 -0.179445236292
-109.995 37.6903 -0.00248020532402 -0.000362154561805 -0.00144487736238 -0.0014100718027 4.03435 4.28143 -1.46452977677 -25.4409260557 0.0942535664506
-109.137 37.7459 -0.000361748862671 -0.00177486304744 0.00419159494453 1.71455261918e-05 3.55923 3.75046 3.50142344296 0.0236678155351 1.66597865057
-119.709 37.0069 0.000465617490569 -7.74261016927e-05 0.00229763362365 -0.00127929724884 4.16924 4.00977 7.53941589208 4.87707540355 0.155201991398
-115.22 37.2408 -0.000803800208728 -0.000299726096962 -0.000388074138411 0.00131469633268 3.66891 3.75656 2.56010830396 -7.88399271422 0.19543752031
-114.715 36.7256 -0.000763776760384 -0.000703079795966 0.0035264040259 0.00161303828691 3.44584 3.37439 5.36179337731 -6.45458073946 0.554238354823
-113.907 37.0195 -0.00129345435639 -0.000175515417036 0.00733425284287 -0.0215770896855 5.93267 5.92397 11.833730355 -12.2651416877 -0.216677618943
-113.084 37.0615 -0.000315431793828 0.000580695453564 -0.000522851950563 -0.00385601692897 4.20354 4.25413 1.73038920082 -4.04632484713 -0.61746190114
-112.382 37.0183 -0.000139773993908 0.00077141621074 -0.00243887605452 -0.00543540720474 4.9468 4.57241 -4.58160077053 -1.68987535671 -0.77524851329
-111.506 36.9839 -0.00165527615575 0.000185706329251 0.000770099154992 -0.000681916961544 4.08821 3.88019 -0.289754039151 -17.3020319144 -0.371562075972
-110.804 36.9969 -0.00245233390731 0.000491949410225 0.000721596710457 0.00402871108986 3.51545 3.53468 0.304541566599 -25.9442230993 -0.806576035375
-109.874 37.1364 0.000150330116801 -0.000574695973373 -0.00141822237931 0.00170312419199 3.88108 3.94225 -2.65162884366 2.08568123421 0.585658761891
-109.025 36.8299 0.000357242464391 -0.000481274841263 6.75277077917e-05 0.00198889081211 3.8161 3.79549 -0.712519930287 4.33104811744 0.523427953969
-120.783 36.3627 -0.000222605654143 4.20653537622e-06 0.00225795651219 -0.00800788012723 4.49016 4.58196 8.85154987774 -2.25333293903 -0.0445754105741
-120.12 36.3356 -0.000121601082033 0.000857033079809 0.00229462457057 -0.00813800450126 6.15683 6.45188 19.7834450626 -4.41832338224 -0.841014775644
-116.33 36.4193 -0.00026120009573 -7.4480826502e-05 0.00162685600499 0.00107028389508 3.86888 3.8472 0.336387948897 -2.61893567452 0.0540532591374
-115.383 36.423 -0.000650960473434 -0.000477576902528 -0.00369621713736 -0.0011512780508 3.90575 3.84788 -1.94518033044 -6.46180167129 0.446595735722
-114.539 36.4321 -0.00114651905078 -0.000325395529053 0.00346421014957 0.00194209965427 3.56499 3.52169 7.58795515382 -10.7834708276 0.065709958711
-113.965 36.4151 -0.00222298152404 0.000620183694843 0.000637214328227 0.00805140267028 3.47819 3.58632 6.07283126535 -23.7134249263 -1.05045228099
-113.18 36.4182 -0.000940695219435 0.000704036137031 -0.000772937091394 0.00194038250661 3.60242 3.75177 3.71982081644 -10.7687804532 -0.85061443239
-112.291 36.428 0.000322119357482 0.00106808701369 -0.000172470196351 0.000387785164298 4.04878 4.15594 1.10295913067 1.86787325249 -1.0173526102
-111.13 36.1428 -0.000359223893995 -4.26839414967e-06 -0.00129375881948 -0.000657035666727 4.24156 4.17117 -3.06419802319 -3.68797212345 -0.020273130401
-110.662 36.5996 -0.00155292298854 -0.000921826030189 -0.00105396515335 -0.00053477627876 4.01306 4.16117 -3.53288577109 -15.4284667389 0.819462988454
-109.87 36.4199 -0.000140746699848 -0.00115202755596 0.000763835067635 -0.00185683845133 4.3806 4.39061 -0.418050911241 0.0612796003943 1.12501539731
-121.236 36.0214 -6.62008260246e-05 0.000112156965873 0.00966214636705 -0.00492888691049 4.23509 4.26165 11.7909448168 -0.919571597966 -0.124278731563
-119.903 35.8667 0.000332783095874 -0.000255693510035 0.00650603588573 -0.00806810018403 4.90633 4.92182 12.5247583575 3.94525530956 0.331459608568
-115.43 35.8384 -0.000416146665227 -0.000257244678396 -0.00236802956589 0.00262669897193 3.8258 3.71202 -2.76345247733 -4.16911308619 0.243783142061
-114.851 35.7266 -0.00128939026068 -0.000697504211536 0.00177702254344 0.00140076668669 3.72408 3.79728 4.11973122417 -11.8916628786 0.486252813044
-113.984 35.8522 -0.00153163222747 -8.44642957547e-05 0.0022746697729 -0.000418462567685 3.78329 3.83866 8.0962432484 -15.0473243938 -0.275375633418
-113.105 35.6339 -0.000570603977403 -0.00121804094146 -0.00257915984106 0.00238718098768 3.68851 3.77794 0.962885267082 -4.30642771396 1.14129155814
-112.173 35.8191 -0.000294029939077 -0.000741754126645 0.000722065039346 0.00501493167809 3.44024 3.4676 0.666304448664 -2.05563965114 0.69992910759
-109.933 35.7113 -0.00133083571575 -0.00074042310729 0.00104055647131 0.00231131802411 3.99815 4.02182 -3.41468867449 -13.0644838268 0.640428666871
-109.046 35.7147 -0.000869543846561 0.000975878533008 -0.00669144990919 -0.00338984397649 4.33621 4.53408 -11.4869480057 -8.33200881408 -0.92317373749
-114.87 35.301 -0.000690044817868 9.33686664519e-07 0.00129472649012 -0.00385984118018 4.50144 4.58216 4.31730327161 -6.92910103807 -0.11155949058
-113.885 35.099 -0.000923234445934 -0.000564782409811 0.00155140552785 0.000509030054429 3.81698 3.80701 6.00312728273 -8.05073235013 0.370142003116
-113.083 35.2127 -0.000344132042376 6.8611349017e-05 -0.00206396820232 -0.000758014704279 4.01233 3.80002 1.53886529722 -3.56297429826 -0.112576456386
-112.267 35.1787 -0.000540476114209 -1.85652390577e-05 0.000957843401376 -0.00390970504102 4.44877 4.2695 5.58742239702 -5.34435849607 -0.0936207902044
-111.532 35.0951 -0.00111291451077 0.000230403302011 0.00151236335162 0.000402113509766 3.95745 3.90266 5.38422292068 -11.568347332 -0.459265653318
-110.713 35.0789 -0.000387469186907 -0.000252567609704 3.89522276877e-05 -0.00255422115286 4.16165 4.06201 -1.41283821351 -3.66712233787 0.212174666419
-109.736 35.1181 -0.0071900973231 -0.000600322370424 -0.0015941476545 -0.0092687738077 4.82337 -nan 0.377248629046 -71.7552231713 -0.421180043922
-109.388 35.1118 -0.00194763020488 -0.00216786283174 0.00678411718468 -0.00180345562329 3.9498 5.34708 4.94628886584 -14.4456314304 1.67920098587
-112.891 34.4692 -0.00115211752112 0.000991319239081 0.00828408095533 -0.00341841029136 3.85231 4.01917 15.9319996334 -14.528832715 -1.34993456552
-112.237 34.4866 5.81431919642e-05 0.0016571339972 -0.00426097649631 -0.00546918077525 4.88597 5.15419 -4.26887200985 -0.0250434467519 -1.65390057175
-111.441 34.4178 0.000676086672739 0.00106106280943 -0.00171453097741 -0.00586903802654 4.14818 4.5785 -2.65832029026 6.03934952714 -1.00942351574
-110.806 34.3371 0.00021862834749 0.000565918896037 0.00180493987547 0.00443963120392 3.37903 3.27097 1.2054303888 1.35441590958 -0.528131986587
-109.95 34.5293 0.000267285178285 -0.000241910460937 -0.00243287120231 0.00590823699936 3.6621 3.50576 -6.44684962895 2.75862101882 0.24734128013
-109.29 34.4275 -0.000849367201986 0.000181735111464 -0.00080569040048 0.00712509833679 3.47834 3.21415 -3.50394806212 -8.72332504542 -0.247525611134
-114.524 33.7503 -0.000417717190496 1.8505097459e-05 -0.00328272951205 -0.000476391482421 4.07551 3.95922 -3.79390925432 -4.1812645236 -0.0280142909804
-113.829 33.8142 -0.00203349013805 0.000219214038359 -0.00263249633054 0.00165450645238 3.93794 3.87727 -1.87780865891 -20.4637808055 -0.346683186236
-113.005 33.9383 -0.00227309239029 0.000552516992566 0.00761491776978 0.00223316162773 3.41538 3.52202 13.9298726134 -23.3407216013 -1.29221417169
-112.333 33.9535 -0.000748020887759 0.00119586597291 -0.000144480546851 0.00330344382382 3.34368 3.37886 2.55403098716 -9.27522844902 -1.29685582422
-111.478 33.8798 0.000255945976518 -0.00153804117067 -0.0076247995743 0.0113388941365 2.50737 2.53116 -9.89781714381 1.72755816885 1.52185568191
-110.844 33.6953 0.000645633543778 0.000557015065869 0.00599247865085 0.0016577852131 3.59135 3.56696 8.81877650974 4.69251027156 -0.358168491781
-110.034 33.7776 -0.000855085112634 0.000876570669992 -0.00123404040618 -0.00341745678813 4.41265 4.23648 0.805031670857 -9.78690769846 -0.991830290809
-109.254 33.9571 -0.0014622445072 0.00415470372745 -0.000979337722674 -0.00175054860233 4.35341 4.40894 -1.53365365248 -19.3650293331 -4.29298401161
-112.946 33.3627 -0.00188688178237 6.09571006932e-05 0.00857463543879 0.00403765846516 3.71896 3.95859 3.9524942941 -18.6422860787 -0.385249421837
-112.158 33.2893 0.002132823865 0.000817544749124 -0.0106315104162 0.0142575576362 3.06351 3.23162 -22.7233306708 22.7056860931 -1.38381444576
-111.427 33.341 -1.00259566293e-05 0.000428896807229 0.00460572670006 -0.00213777134129 3.88026 3.67364 5.41045577799 -1.00454303986 -0.421300402305
-110.472 33.2969 0.000126079529069 0.000844045291415 0.00954885521617 -0.00239231248754 3.96196 3.69525 22.1503621243 -3.05479273519 -0.672669293484
-110.036 33.0851 -0.0015234468298 0.00342513984021 -0.000206369401679 -0.00122670546071 4.21759 4.0067 1.90304177596 -20.614638394 -3.6292315183
-109.266 33.2921 -0.00124227960801 0.000766305357094 -0.00468495676885 -0.0106679183555 5.74271 7.00677 -1.90634004891 -13.1756335788 -0.893767941107
