-122.707 48.7197 -0.000192969872136 0.000250451885735 0.00325333747077 0.00381167564433 3.64441 3.63894 -0.235213714496 -4.4889319412 -0.311902028147
-119.272 48.9534 -0.000733336951823 0.000539136594435 -0.00403217486844 0.00648708682543 3.71771 3.69651 -6.5705693081 -13.0968253404 -0.891955808216
-118.585 48.9752 -0.00152565162293 0.00117831932438 0.00367795656162 0.0108977217302 3.27393 3.29255 -2.85668500836 -27.6530217237 -1.9166532201
-117.559 48.9813 -0.00101755721407 0.00227467382713 -0.000604080089477 0.0127493052757 3.51914 3.61987 -7.69187537956 -33.1091255127 -2.37470051985
-116.363 48.958 -0.00105457512005 0.00259887388664 1.2188330825e-05 0.000187808047837 4.24382 4.30946 -0.406973764535 -38.9155942296 -2.49052654566
-115.653 48.9339 -0.00248878885951 0.00187811538313 0.000523802495361 -0.00672767046509 4.57332 4.3342 5.94642957721 -43.2255164791 -3.11332860888
-114.413 48.933 -0.00236568925152 0.00175741954246 -0.0011459559929 -0.00658538436037 4.57928 4.67239 3.02981519423 -41.5263842626 -2.94701267845
-122.096 48.2641 -0.000457814613461 0.000902241965424 0.00372023764256 0.00562240229985 3.31957 3.30043 -1.4971723363 -13.7704536157 -0.957493202941
-121.484 48.5183 -5.37540197598e-05 0.00105854087323 0.00192103892423 0.00277216636341 3.70048 3.69265 -0.820784342433 -11.5724355243 -0.763610910221
-120.12 48.4607 -0.000551050525141 0.000720114501403 -0.00491306946396 0.00525153076915 4.4804 4.48221 -10.0255444847 -12.6269787354 -0.906700992006
-119.333 48.3584 -0.0027693767252 0.000437385769781 -0.00229363506614 0.00382735131203 4.33512 4.55769 -12.9939080266 -36.2088460392 -1.95972673842
-118.149 48.4226 -8.10049771213e-05 -0.000402226914012 -0.000727895313474 -0.00686963412132 5.777 5.8499 1.8734098276 3.76814657729 0.191929772433
-117.225 48.2995 -0.00229722505973 -1.30676370834e-05 -0.00263877469764 -0.00707342573282 6.30278 5.72839 -1.08306548598 -22.1816556288 -1.69926187357
-116.367 48.4366 -0.00516630401049 1.7076734335e-05 -0.00116920364936 -0.00355906295549 6.11607 9.8423 0.577580331311 -48.5410606775 -3.97422286426
-115.589 48.4694 -0.000561511783168 0.00407818557433 0.00647272089189 0.00072094937354 4.16134 4.78261 3.93526905265 -52.9993436285 -2.86361378675
-114.468 48.3739 -0.000979458571761 0.00205132658713 -0.00980672618312 0.00668678319753 4.46786 4.60473 -15.8720336023 -28.8708271063 -2.24656617525
-122.173 37.1311 0.000245209902003 -0.00106337075184 -0.000497566523158 -0.00411681488525 4.24429 4.22696 4.24464836593 12.5244796965 0.91357504821
-121.689 47.6947 -0.00134635322239 0.000857282573201 0.000462648268511 0.00190805575975 3.42904 3.48365 -4.357774295 -22.364040887 -1.54321589029
-120.894 47.923 0.000105120115019 0.00227014032085 0.00062469951862 0.0100748057188 3.34356 3.41609 -4.40993925907 -21.0825116343 -1.5857148693
-120.061 47.6902 0.00166237078395 -0.000540738379813 0.00145760643365 -0.00632111068141 5.38029 5.49808 14.9581239156 17.826161096 1.72494002172
-119.045 47.7849 0.000499892290567 -8.22265195133e-05 0.000213010062983 -0.00679948187776 5.72082 5.40556 6.68265934546 5.1138174438 0.455885000805
-118.274 47.8006 -0.000646367545534 0.000768716903987 0.000834028000279 0.000384007665525 5.20892 4.9319 -1.16630390575 -14.4823212169 -0.996459480344
-117.308 47.8192 -0.00183053131949 0.00172435850993 -0.00411455017928 -0.000283027246338 5.71176 5.41426 0.26385334393 -36.2594964366 -2.51273179637
-123.771 47.1161 0.00036170010208 0.00103373766716 0.00235882233856 -0.0046724470223 4.19211 4.08737 2.1797059872 -7.44417375292 -0.420251239097
-122.803 47.1109 -0.000898663670464 0.000856313465612 -0.0048793343841 -0.00418742593442 4.83699 4.54123 -5.53926282289 -17.5213537526 -1.23541510154
-121.989 47.1881 -0.00276746993544 0.000209099416547 0.000304072118497 -0.00446523493883 4.35721 4.59181 -0.511003081009 -29.3227025942 -2.14119051723
-120.844 47.1935 0.00313729114699 0.00115840419261 0.00669771099066 -0.0178612408283 4.73894 4.80691 29.5222512963 -5.71846891714 2.78430486717
-119.973 47.1936 0.00114168592084 0.000798705417138 -0.00394241492404 -0.00437312020759 6.08589 5.16938 5.36171330879 0.777908503243 0.426159640142
-118.921 47.0573 -0.000396154684242 0.000696493517164 -0.00351108722389 0.00183307665208 5.47242 4.78328 -4.60439552569 -10.9765379181 -0.77917475385
-118.309 47.0615 -0.00176009863022 0.00166733238216 0.0032423170717 -0.000304069075418 4.9755 4.97263 2.16114553809 -34.625954081 -2.41978258496
-117.276 47.0547 -0.00146172997236 -0.000542572961433 -0.00853771838586 -0.000477950469178 5.62167 5.77222 -6.68282944792 -10.5727469888 -0.565282772386
-113.506 47.0816 -0.000105656540895 -0.00137925703623 -0.00464493517033 -0.00267988945628 4.65122 4.82592 -3.63741308514 13.4581314446 0.882544837887
-112.52 47.0418 0.00038288830501 -0.00128993099134 -0.00137483755812 -0.00219308885134 4.38759 4.48746 4.32742991139 18.6883205949 1.06450705183
-123.563 46.5459 0.000153790126875 0.00248237132223 0.00409412800053 0.00374297392886 3.41797 3.42824 -4.2571230971 -21.4826459732 -1.75759272243
-122.72 46.5934 -0.000257127924644 0.00261412426333 -0.00192827833647 0.000298804095289 4.28696 4.1422 -6.41288570999 -26.3144450115 -2.17634425611
-121.761 46.5605 -0.00201790822047 0.00138149671365 -0.00398196382027 0.00114082018313 4.47156 4.36905 -9.48316417342 -34.5643742947 -2.31679001786
-120.979 46.5433 -0.00402606920176 0.000301189179756 0.00631824327232 0.00815242412413 3.27541 3.48711 -6.04677615854 -46.1346037506 -2.8507540762
-119.855 46.5585 0.00225078790964 0.00269422020929 -0.0019480983191 0.000255328807237 5.20065 5.09613 -0.108191446162 -6.19732083037 -0.191955223568
-119.06 46.4911 -0.000578943874744 0.0017565136557 -0.00512830269279 -0.00148633272294 5.95287 5.28047 -4.45424622913 -23.1496545052 -1.68102604194
-117.11 46.485 0.000139034566052 0.00280316975912 -0.00560238142465 -0.00548377898695 6.34577 7.04256 4.17517685401 -30.669935493 -1.6088186839
-116.209 46.3559 0.000170005847327 0.000405858725653 -0.00420645550515 -0.00595880114934 5.2873 5.39289 5.25507967183 -3.25128990117 -0.104827646776
-114.188 46.4423 0.000545632859112 -0.000583244608041 0.00637201786491 -0.00321034789296 4.02155 4.14205 4.96462317276 11.5488582032 0.784441751473
-113.493 46.4162 0.00127428364332 -0.00127677598794 -0.00498857502708 -0.0011367672234 4.74754 4.58455 0.909938948844 26.2489731621 1.79662732253
-112.641 46.4246 0.000250487310558 -0.001795908545 0.00329607615714 -0.00363889538243 4.42349 4.29408 14.1125680902 25.2061124428 1.02384037151
-120.728 40.6183 0.000353290568912 -0.00161971563433 0.00101317222853 -0.00934524992522 4.40712 4.07182 11.3727908396 21.0354804613 1.21582076132
-123.559 45.9306 -0.000853080428435 0.000786594188471 0.00303042147508 0.00267254442871 3.36475 3.43666 -5.80518255937 -16.2215036864 -1.1499171698
-122.419 45.9325 0.000372102741601 0.00270978613758 1.313819737e-05 0.00663002816502 3.76875 3.82654 -5.63636098127 -20.601125502 -1.82945366199
-121.459 45.8839 -0.00117653569246 0.00148076078221 0.000838717308054 0.00162335909916 4.46892 4.50651 -6.26164627928 -26.1418943092 -1.89068274372
-120.782 45.7664 -0.00279694992816 0.000247915510405 -0.00728363738702 0.00815255819162 3.8971 4.22298 -22.2185493217 -37.5353112904 -1.36874722689
-119.928 45.8951 0.00170267875887 0.00166980781654 0.00797724651266 0.00700155519411 3.50043 3.60571 0.915333594763 -1.21247527747 0.131826284935
-118.777 45.7971 -0.000251558831475 0.00171303421759 -0.00381762693496 0.00229671819462 5.16155 4.8326 -3.99157432366 -19.291328306 -1.42366738778
-117.909 45.7087 -0.00285568561476 0.000991411935484 -0.00102522017361 0.00273786426547 5.28573 4.50091 -0.450859146359 -38.2817978232 -2.76087081201
-117.228 45.9734 -0.003215501898 0.00140810368062 0.00346362895136 0.00258590244103 5.05788 5.23293 9.62502554296 -41.9660038019 -3.46644945994
-116.155 45.8883 0.00220909446698 0.00114274993909 -0.00577245148476 -0.00545676137615 6.20663 7.37722 6.74624878648 4.95080814786 1.142973419
-115.255 45.7565 0.000240815228687 -0.000879879085889 -0.0036042385025 -0.0032078116026 4.80265 4.75257 -1.25233773945 11.6691364068 0.776835062672
-114.332 45.7893 3.62719993729e-06 -0.00203618852335 0.0022162328477 0.00189057335151 3.60848 3.67857 2.61412744617 23.0329003741 1.28130478188
-113.37 45.8122 0.000288724134369 -0.000226660682483 0.00206326074266 -0.00155730847634 3.86841 3.90645 7.02086538208 5.09522413279 0.366185821398
-112.493 45.8409 0.000161147817973 -0.000448325642231 -1.05748578899e-05 -0.00281294633101 4.40344 4.36158 7.98920790522 6.78480326866 0.378851145669
-123.281 45.3153 -0.00114271124848 -2.42451977178e-06 -0.000319652427959 0.00150729328399 4.08974 4.14656 -3.7786007523 -11.9429537565 -0.754385296916
-122.478 45.2059 0.00126273466745 0.000598213292744 -0.00333828816017 -0.0121953106584 5.83458 6.19404 14.0874710438 1.74798895092 0.784906786653
-121.317 45.2422 -0.000123527266391 -0.000694616592459 0.00125864323101 -0.0056582740087 4.92866 4.90813 17.9321867551 8.00150725659 0.195945672579
-120.635 45.2357 -0.000147387845045 -0.000407086285595 0.00132658436832 -0.00866614228215 4.45357 4.50627 19.2692778293 4.35352864559 0.0357660493485
-119.669 45.2664 0.000916769102032 0.000268606803914 0.00277438442303 -0.00159226388527 4.80827 4.9981 9.43770950042 4.13705221539 0.608159284533
-118.96 45.2904 -0.000861270575148 0.00159829863271 -0.0034184679245 -0.00116406157839 5.66602 5.48756 5.20525546168 -25.4209124219 -1.66410775074
-117.78 45.2781 -0.00288870765227 0.00319506769176 -0.00111331963486 -0.00785048325704 6.06821 6.24684 20.3765715618 -57.9396911672 -3.89336606328
-117.12 45.2925 -0.00539046512786 0.00276564218893 0.0044177883216 -0.00692847321806 4.9379 6.86282 25.7268815209 -60.3992747533 -5.96320779868
-116.268 45.3997 0.00413971870001 0.000417541425201 -0.000166603209312 0.00464922989337 4.0395 4.62174 -7.50209032328 41.6221105184 2.34877747473
-114.233 45.0931 -0.000324558282953 -0.00244756877821 -0.00314196816003 0.00212353255593 4.18458 4.15475 -1.38062901846 22.5509662775 1.44229998763
-113.46 45.2432 0.000321923878465 -0.00103005099365 0.00625355068951 0.00308654829157 3.31302 3.35998 5.46935993293 14.840976351 0.86718890765
-112.489 45.166 0.00048310526364 -0.000194033162325 0.000499001785065 0.00393643333726 3.75731 3.76711 -0.714478782685 6.816426968 0.488680221587
-124 44.6764 -3.284781964e-05 0.00153683820367 -0.00139658660407 -0.0102912038412 4.68768 4.48205 5.53688282337 -16.6713437097 -1.00938860096
-123.292 44.6765 -0.00289636612543 0.00231768823383 0.000873426586222 -0.00675570499635 4.92495 5.12655 1.56544005735 -51.1458663378 -3.6960858631
-122.186 44.6837 -2.0437657022e-05 -0.000321947940982 -0.00637030178175 0.00127601244964 5.16663 5.22653 -8.5055197914 2.46481687191 0.245677184126
-121.227 44.6473 0.000710225777003 0.00113305399956 0.00588033497257 -0.00236279165652 4.5271 4.40449 22.3160456554 -10.9780707122 0.231602255167
-120.335 44.7344 0.000694800512684 0.000239122998101 0.000110843820549 -0.00928042455122 4.99507 4.75491 16.2544279127 1.58954084595 0.502853810807
-119.565 44.5913 -0.000608090588682 0.000280717905722 -0.00619881097731 -0.00576878232552 5.91235 5.42791 8.89679554351 -8.17243139903 -0.65912102766
-118.67 44.5191 -0.00263750936268 0.00059026959088 0.000112588543664 -0.00808807049996 5.25962 4.9816 19.6330316156 -22.8462262999 -2.64939219243
-117.664 44.6653 -0.00210862576963 -0.00461001861096 0.00132635591711 -0.00238293846055 4.20767 5.229 22.9469442899 51.1340813067 -0.378183819981
-116.747 44.589 6.53467992878e-05 -0.00484097166629 0.00420319223916 0.00561277703255 3.10701 3.45311 9.9854590553 58.4851621725 2.69254827901
-116.013 44.7035 0.00296289654771 -0.0017932139449 0.00106912380877 0.00159254010271 3.62722 3.92064 0.91179182513 47.4680106781 3.40407919882
-114.855 44.5494 0.00137818029728 -0.000926803553169 -0.00421014846434 -0.00318578776604 4.86707 4.32754 -3.67373375049 23.5391380364 1.62334578474
-114.255 44.5642 -0.00112268524755 -0.00144247156568 -0.000389478492093 -0.00255536465111 4.61525 4.30382 2.87546735784 5.81065829857 0.047295720477
-121.551 36.3887 0.000158547926694 -0.000470949289938 -0.000505386370046 -0.00176456307088 4.09067 4.09085 2.1257421727 5.8829655031 0.449303642971
-121.461 40.8161 0.00164057895645 -0.00200097508649 0.000402346641968 -0.00164296663498 4.2437 4.10589 -0.426458243496 35.1857080146 2.5816604822
-123.83 44.0035 -0.00120396375596 0.00345631336352 0.00514559388167 0.00608406874349 3.08508 3.51406 -8.18701984747 -41.670285596 -3.50038121498
-123.278 43.9726 0.00208913189639 0.00183740888824 -0.00582080402829 0.00642999489417 4.03728 4.54346 -19.6985170919 15.5739476276 -0.789363912769
-122.411 43.7941 0.00156431540755 0.000377021043084 0.00276392557756 0.00072733672698 4.31172 4.29709 1.96285361899 11.090993569 0.880200398091
-121.268 44.1626 0.000462651681416 0.000709011929351 0.00474839896091 -0.00149281160612 4.52693 4.64566 15.3678004621 -5.47907733884 0.0562032537746
-120.211 43.9437 -0.00020127472299 0.00127726963783 -0.000257732148713 0.00740444022064 3.77231 3.78631 -0.575630845897 -14.6656559974 -1.04590861746
-119.504 44.082 -0.000603256775065 0.00261039954362 -0.00440162295754 0.00131117602688 4.69395 4.35883 3.4971805772 -33.4265852716 -2.15847452903
-118.569 43.9104 6.46568105753e-05 0.00233709932287 0.00609031819128 -0.00116765801174 3.97871 3.98826 20.4458225472 -29.9080550792 -0.872893708946
-117.741 43.9733 0.00120452684453 -0.000558503160756 -0.0054200428101 -0.0084787862822 5.62603 4.82575 14.6642163115 15.2044026067 1.32427764454
-116.803 44.086 0.000184922397689 -0.00305685229732 0.00325154231961 -0.00632096350879 4.41228 4.10843 17.7265354965 40.4029160953 1.48672528825
-115.958 43.9121 0.000368814513102 -0.00204149231901 0.00120401554563 0.000536346325361 3.97417 4.02711 -1.01023473761 24.578198152 1.68684759614
-114.117 43.9146 0.00025169121367 -0.000444629111339 -0.00056519673291 -0.00304264691863 4.31435 4.31226 2.79055450383 7.23164932557 0.478030257851
-123.575 43.3654 -0.000519405232699 -0.00117083565207 -0.00586902748391 0.00378749509654 3.43634 3.53925 -12.7253222635 2.30983659584 0.72813330036
-122.965 43.3717 0.00223362032741 0.000730235985763 0.00670176790269 -0.00238095055304 3.61501 3.73706 7.00404781415 11.3981198787 1.28891080646
-122.109 43.2406 0.00198684379341 5.26678318698e-05 -0.00169558281173 -0.000314067675358 4.80502 4.8829 -3.34784911801 20.2429430611 1.26988976458
-121.236 43.2843 -0.000801489902072 -0.0011703262573 -0.00368931012527 0.00338636345474 4.65205 4.40741 -5.66025158618 1.65762563608 0.399903725097
-120.153 43.2515 -0.00285182165187 -0.000519256392565 0.000420483985226 0.00241355847634 4.14115 4.0783 -1.04366200827 -23.5479031044 -1.61430588926
-119.311 43.3736 -0.00319286152656 0.00279859489666 -0.000959983452142 0.00238674638825 3.65975 4.05526 7.79568218462 -58.291108398 -4.23231839009
-118.474 43.358 0.00070019773399 0.00228493224006 0.00677004045478 0.00493593350941 2.90515 3.25293 10.2385720083 -21.1792133892 -0.696486688818
-117.754 43.3471 0.00433457794907 0.0024069341294 -0.000188873934451 0.00277261633049 4.4646 4.99865 -1.4780203616 19.8293023911 1.32256490719
-116.767 43.4275 0.00163323281323 -0.000969656719786 -0.005017303234 -0.00139611899584 5.15807 4.8086 -1.24869717075 26.1128021786 1.84120109573
-115.828 43.4151 0.000262489651251 -0.00227368539964 0.00134495339306 0.000776383687142 4.15469 4.1297 -2.96761222751 25.0600378806 1.82672967063
-115.098 43.25 0.000433649252446 -0.00206140954778 -9.11064922938e-06 0.00268971966725 3.68294 3.72284 -5.48664084586 24.0554587159 1.83609258684
-114.174 43.3979 0.000419150489319 -0.0011987100389 0.00142520030259 0.00287061241764 3.61002 3.67141 -4.48887952995 16.0604606501 1.16626302855
-124.469 42.8088 -0.000506109244952 -0.000404033385234 -0.00921603648348 0.00332602994375 4.10683 4.08046 -10.4265520367 -2.77393840345 0.0611626645364
-123.49 42.7667 -0.000586247271149 -0.000378357447023 0.00934852794299 -0.00392575953956 3.66248 3.60821 9.84877201771 -0.570033347299 -0.249126574141
-121.731 42.6133 0.00174396989843 0.00292009804101 -0.00105345775417 -0.0138485205611 5.77216 4.82067 13.5485653349 -21.4445187272 -0.0717359090334
-120.893 42.7258 -0.000559006199296 0.00099123517049 -0.00702644214905 -0.0076756191965 6.12246 4.75804 -7.36202598834 -14.5342617528 -1.12711880782
-120.251 42.7991 -0.00385434944617 -0.00027255575386 0.00218264864842 -0.00537472380887 4.74587 4.63288 5.38673306469 -31.3756235384 -2.79296081285
-119.247 42.6912 -0.00276927361473 0.000256857674925 0.00123560206223 -0.00143927571724 3.40571 3.65831 6.08561625705 -27.0384758465 -2.32135908989
-118.486 42.7308 0.000149818495942 -0.000732663159824 0.000937798379825 -0.00235869563002 3.29701 3.79067 8.19811452845 9.53020734691 0.554987122033
-117.725 42.6996 0.00396177220458 -0.000743891824097 0.00463900357648 -0.000142522465851 3.11971 3.39313 3.10018445485 44.6538941973 3.46924993117
-116.87 42.7779 0.00306744907515 -0.000244223794125 -0.00375250735589 0.00061821986832 4.40894 4.38972 -9.51307246302 36.9396143011 2.01815117036
-114.903 42.636 3.12130861521e-05 -0.00287315233809 -0.00376936445286 0.00140411262467 4.16429 4.18579 -6.8084589834 26.4342227062 2.23323913404
-114.084 42.6493 -0.00043714074693 -0.00225694706382 0.00464867692403 0.00240277471987 3.3833 3.42543 2.90440750516 20.4975989461 1.13125608333
-113.176 42.5452 1.6749031142e-05 -0.000898651320154 0.00446476951989 0.00406074081185 3.49148 3.50818 1.46366948286 9.7808159468 0.61028485982
-123.602 42.156 -0.000875667570188 0.000735804277175 0.00810303607777 0.000440339961971 3.59873 3.56471 7.56130730867 -15.3732790551 -1.14351769956
-121.891 42.175 0.00110014272881 0.00779411686952 0.00334882093372 0.0326609588733 2.83662 3.01387 -12.4991548069 -43.4877079586 -6.05859444875
-120.834 42.0472 0.000552723212663 0.00278427205448 -0.00225204876517 0.00237993201057 4.29864 4.3604 -8.33782514605 -16.5097738433 -1.92537856421
-119.34 42.0187 -0.000395850046879 -0.00151506259156 -0.00102362181605 0.00308450861251 3.51412 3.72267 -2.01339430584 10.301352446 0.842307240232
-118.344 42.1901 0.00149787899365 -0.00270573263641 0.000789302962783 0.00428550619423 3.26259 3.51519 0.00681519872265 41.6719487684 2.96919435583
-117.667 42.0192 0.00315191181385 -0.00281645099566 0.00600952164606 0.00369826764046 3.01606 3.18028 1.28034406177 59.0995881673 4.22523370827
-116.471 42.0773 0.00346838669693 -0.00101990671971 -0.0024572797011 -0.00149677230744 4.36307 4.41888 -6.99869868741 47.1851701987 2.96387409731
-115.754 42.1669 0.00208137940491 -0.00177495263115 -0.00250325150993 -0.000842855335465 4.64126 4.44404 -7.87038378006 38.6880071373 2.68064645426
-115.016 42.146 0.000175838667643 -0.00201708525121 -0.00295800618389 -0.000229856596605 4.54228 4.22698 -1.40368051442 21.9230980021 1.55712630748
-113.944 42.0886 -0.000503867474746 -0.00172981755029 0.00399980681061 -0.000770311446447 3.87593 3.84103 6.00445543815 15.1485057869 0.656920295177
-120.74 38.7552 0.00173306619563 -0.00131846215023 -0.00267480214426 -0.00165447508961 4.08422 4.16857 1.38663133506 29.3678548323 2.15412304958
-124.122 41.8473 -0.000666546072598 0.000679265267215 -0.000415205859668 -0.00843675664858 4.16988 4.17974 3.14139795299 -12.9825071274 -0.951109558432
-122.854 41.392 0.000163333912622 0.000665366568361 -0.0165549421391 -0.017912439846 16.3217 -nan 8.69467639358 -5.81960208296 -0.278981655219
-122.122 41.2742 0.000841778730984 -0.00115304766049 0.00715662135502 0.0169298608979 3.14105 3.02411 -8.74172976314 18.5136822265 1.42729990455
-121.839 41.7826 3.8295526297e-05 0.000583627047446 -0.00808988524753 -0.0389011938805 10.2978 -nan 103.348247772 -4.78292963428 0.51191230619
-121.146 41.3593 0.00116530248848 -0.00162067726863 -0.00390457355526 0.00656952382797 3.50032 3.51887 -14.8911474746 24.8818325519 1.98278984033
-120.477 41.2047 0.000612976013202 -0.00153406474917 -0.000997023274612 0.00524846034213 3.60565 3.79038 -2.68239968054 20.3522801738 1.55586834003
-119.171 41.3884 0.000882215939761 -0.00387094040344 0.00288418788963 0.00380336373493 3.48043 3.67196 5.12815101768 48.9416249572 3.17668283219
-118.379 41.4483 0.00257148053071 -0.00356359949638 -0.00512142854788 0.00122249598679 4.12555 4.3266 0.519375179207 60.5500387785 4.33391258435
-117.45 41.423 0.00277910744885 -0.00339764982137 0.00414138887772 0.00344855759591 3.276 3.37304 3.95723493256 61.4138913129 4.32616405236
-116.54 41.522 0.00363715177214 -0.00170107192611 0.00110387686541 0.00160840399836 3.59094 3.70778 -2.78601718441 53.8334976066 3.71354805855
-115.791 41.4311 0.00212105654041 -0.000997592589798 -0.00282722876276 -0.000264857844277 4.38899 4.2041 -3.32958021847 31.5972283809 2.16364354559
-114.915 41.4157 0.000190133932641 -0.000616773883018 -0.000744503718185 -0.00333084831837 4.4013 4.33467 2.6394630106 8.30995204399 0.551776646492
-114.165 41.3602 -0.000215430931519 -0.000985045561722 0.00311350171566 -0.00618946376157 4.30486 4.26794 11.0062801449 10.0410288169 0.357262703698
-119.835 40.7484 0.000525704195012 -0.00136927650823 0.00159017325641 -0.0126729587286 4.4169 4.33839 23.3364402163 20.2378800057 1.01136703247
-118.971 40.7797 0.0017576525003 -0.00299733676734 0.00132365781911 -0.00497461604488 4.12632 4.04856 13.5619866897 48.1254592497 3.08197892626
-118.134 40.7811 0.00220601278801 -0.00219032313902 -0.0032141504497 -0.00510779561327 4.5932 4.45009 8.73792808602 42.7551835399 3.0777429793
-117.524 40.852 0.0016628542046 -0.0024151812093 0.00250337814631 -0.00384045136065 3.83035 3.72169 11.3489601278 40.8962864846 2.7271140519
-116.508 40.7186 0.00160339700913 -0.00196248882709 0.00149663524602 0.00319857507115 3.62424 3.57405 2.16933764313 35.4031165256 2.51028662585
-115.736 40.8167 0.00107169677488 -0.00018774171365 -0.00068562481555 -0.000372783704129 4.01732 3.93081 0.68320880278 12.3753407313 0.900203738039
-114.204 40.8556 9.80745836082e-05 -0.000151998363777 0.00073309020419 0.00401314195472 3.9251 3.83683 -1.28101248819 2.4951824137 0.177256397827
-123.82 40.1398 -0.000576282607797 2.58818849873e-05 0.0180183225225 0.0192375163597 2.71857 2.73681 -3.38774005362 -6.25447666211 -0.384789302938
-122.788 40.1767 -0.000700625719986 -0.00127396464185 -0.0222476249122 -0.00720303663439 14.1926 -nan -24.9329590408 -3.69041729671 0.994366091728
-122.032 39.9971 0.00351927005868 -0.000704727134646 0.00283089021642 0.00138956002094 3.75745 4.00349 -1.59417262327 42.2333009783 2.86046083136
-121.086 40.32 0.00146021144586 -0.00077193529104 0.0035343992149 -0.00313055444949 4.1001 3.85858 6.09891094197 21.0089746368 1.61245681608
-120.918 39.962 0.00114678097312 0.000284021169627 0.00231865036839 0.00419605203818 3.69755 3.71003 2.09035158036 8.22219672693 0.618892714677
-119.827 40.165 0.00123572584774 -0.000298289169975 0.000714077501881 0.00177731340354 3.79993 3.82135 5.64155948017 14.1706578186 1.13282908553
-118.877 40.1614 0.00196731652539 -0.00103050059366 -0.00201454153182 -0.000472431440595 4.24144 4.16677 2.8501373989 28.9590050614 2.1406790137
-118.155 40.2903 0.0017082076152 -0.000912401648738 -0.000875460655396 -0.00139868086085 4.11902 4.02568 5.86167759785 24.8857600736 1.89625813956
-117.19 40.1697 0.00149695662672 -0.000507712393108 0.000266531713869 -0.00283066291463 4.12407 4.0091 6.1058111801 18.67661286 1.47914361548
-116.5 40.2917 0.000728306924707 -0.000995679027469 0.00268686485545 -0.00506118775581 4.14465 3.94871 7.93848100525 17.2238388094 1.18281372941
-123.338 39.469 -0.000681752573778 -0.000595684773932 -0.0119400061878 -0.00340860431472 5.12052 5.39859 -6.27360253047 -2.66727846785 0.0773480995664
-119.898 39.6785 0.00150881174958 -0.00188110590705 0.000912850076021 0.0050109931382 3.1798 3.3112 -2.73387582853 32.5227039084 2.40983356518
-118.889 39.5399 0.00171106472004 -0.00132803009694 -0.00104810526568 0.00368404843438 3.54447 3.61342 -1.36232439291 29.713617865 2.13448955025
-118.08 39.6946 0.00156805441708 -0.0010848403079 -0.000288483248256 0.00411848322964 3.5521 3.59318 -1.07111843171 26.0809844384 1.8626552809
-117.14 39.5516 0.00173411452771 -0.00018539008845 0.00308724051184 0.00298759691337 3.50861 3.54469 2.46805100117 18.3672857711 1.38896531952
-116.464 39.6202 0.00104859552567 -0.000109893937486 -0.00335430226729 0.00268434061999 4.06357 4.03705 -2.23925582308 11.8380850134 0.785561383768
-122.015 38.6333 0.000947998166832 -0.00266464871613 0.00795017078346 0.00403717152485 3.40588 3.52899 5.30696586422 35.2686909935 2.49103710834
-121.377 38.839 0.00223721576301 -0.00127128663746 -0.00121755441726 -0.000279056723801 3.85027 3.93389 3.30798840415 33.4519024365 2.49361824862
-118.808 38.9383 0.00144200219292 -0.00178969304457 -0.000479437302738 -5.78666905083e-05 3.91535 3.9229 2.51118950409 31.4053025392 2.2803940022
-117.932 38.8606 0.00057784247005 -0.000998032961812 -0.00180636860673 -0.000349283250235 3.91783 3.86671 3.55921407467 15.4878516905 1.10175130046
-117.182 38.834 5.46085679884e-05 -0.00135103952763 0.00632081850379 0.000847271459676 3.56245 3.60686 7.46689462613 15.0375487331 0.886706391124
-120.936 38.2571 0.00127967263355 -0.00158391733141 -4.10114135157e-05 0.000978387542636 3.74568 3.66337 3.54102336939 27.4662127257 2.0198648035
-120.076 38.7028 0.00135202616922 -0.00166129972444 0.000338504626387 -0.00195068485027 3.8788 3.91247 6.80479042369 29.1786109559 2.10436132813
-119.451 38.5226 0.00120148814305 -0.00163029013757 0.000613401801276 -0.00262338723201 3.88838 3.85657 7.54416383052 27.6026257141 1.96227433849
-119.047 38.089 0.00111900313501 -0.000815253159137 -0.00185843882929 -0.00151103497931 4.01554 3.91048 3.89114427876 18.5389182711 1.37429245789
-117.072 38.2397 0.000133492466179 -0.000644655354378 0.00342819865525 -0.00322536562021 4.07932 3.83676 7.37096460749 8.05303678767 0.509510917496
-121.328 37.5049 0.000504241602667 -0.00186980532523 0.00216300222375 0.000118404072844 3.7992 3.80682 6.14708877875 23.3148962181 1.6183149599
-120.33 37.346 0.000683092896024 -0.00118250047284 0.00124916506079 0.000736909093705 3.63526 3.60791 4.86995607027 17.9853472628 1.30382601181
-119.849 37.8817 0.00109781636958 -0.00105613229845 0.00150437216509 -0.00143986848053 3.8568 3.84143 7.04411845259 20.5628642418 1.52013955032
-118.171 37.4993 0.000390542659854 -0.000182467084645 0.00020455523236 -0.0028339457632 3.92235 3.88103 5.99711025271 5.37245329659 0.414509428111
-117.225 37.7243 0.000208795489113 9.02435286783e-05 0.00363783040739 0.000125065539943 3.78719 3.81811 3.82525336694 1.03901024874 0.0917871604887
-121.786 39.2291 0.00159460609302 -0.00181780646611 0.00373567003069 -0.00189107772072 3.55946 3.68131 4.52614994487 32.7950921914 2.40430840837
-120.674 36.8953 0.000258988078468 -0.000791453281516 0.00150964123015 -0.000653007898269 3.79301 3.7793 4.73991203872 10.1476373151 0.72975021782
-119.709 37.0069 0.000362319879767 -0.000442066382046 0.00121373887808 0.00226715649187 3.7052 3.68777 2.78194735798 7.68639814635 0.5685468679
