-121.48 49.0983 -0.00245201416954 -0.000573362039162 -0.00800300267465 -0.0167545219285 6.33502 6.41004 19.5264102459 -5.85928874258 -2.04621625457
-120.384 49.048 0.000155299869364 0.000440315141221 0.019100331796 0.000215412357842 3.02585 3.02616 13.819329327 -4.56961410314 -0.0679388236623
-119.272 48.9534 0.00233379446552 0.00213757563504 -0.010858543933 -0.0325191279304 7.65183 7.86564 27.0490929147 -21.6995051376 1.73849665078
-118.585 48.9752 0.00269363644044 -0.000366177481726 0.00133258539168 0.00106101483594 4.05048 4.07317 -0.876088449996 30.0175063439 2.25109794496
-117.559 48.9813 -0.000200296086646 0.000626134164814 -0.000688457995666 0.00433415535244 3.7849 3.78608 -2.93308328902 -8.62154611523 -0.576281383502
-116.363 48.958 -0.000814535288021 0.000754028846284 0.00258523681089 -0.00104942272573 3.72909 3.73213 4.01752544803 -15.931736265 -1.10243094682
-115.653 48.9339 -0.00109332366112 0.00164972344495 -0.00241941023807 -0.000268571296351 3.95915 3.97041 1.32723018269 -28.9126988301 -1.88316121099
-114.413 48.933 -0.000438299887801 0.000886949068677 0.000825949926403 -0.00219215463878 3.81719 3.81979 5.07999335418 -14.4343684741 -0.86223663241
-123.504 48.0575 0.00078619222066 0.00284672760337 0.00311987549634 -0.0097133075194 4.30049 4.33265 6.88983416971 -25.7792838368 -1.06247475138
-121.484 48.5183 -0.00213671863341 0.00465038478093 0.00908197093656 -0.0503659896241 4.25649 4.35188 59.3704776032 -54.698994498 -0.683139854558
-120.12 48.4607 0.00262868744795 0.000460701191972 0.00665883481148 -0.0013450691839 3.55723 3.57205 20.5476662598 7.57632552105 2.28116254537
-119.333 48.3584 0.00233060876826 -0.00268673700238 -0.00313697128144 0.0084121399418 3.99002 4.02734 -3.21963270297 51.1600905576 3.54715344777
-118.149 48.4226 6.60213148013e-05 0.000321060175645 -0.00374292372502 0.000171317537558 4.35134 4.35194 -1.24340262792 -2.79045834165 -0.167705423499
-117.225 48.2995 -0.00159857668141 0.000516043055919 0.00139269116207 0.00137629263587 3.9367 3.94472 4.55480369664 -19.8029497668 -1.59355337519
-116.367 48.4366 -0.000583667274487 0.00121245765224 0.000896149150882 0.00314720428106 3.66732 3.67152 2.98351334085 -19.2174532316 -1.20111463665
-115.589 48.4694 -0.00053415033022 0.000798027303797 -0.000497452129664 -0.000182180991276 3.72523 3.72754 8.30068888717 -14.0463554406 -0.874988715727
-114.468 48.3739 0.000597455838137 -0.000448881422354 0.000754401915079 0.00050275633778 4.02342 4.02525 6.78444904689 10.3149476844 0.745588215077
-122.173 37.1311 -0.000553485420889 0.000118897849768 0.00228123471803 -0.00082771210766 3.91193 3.91297 2.68437025933 -6.38705189119 -0.473199670925
-124.566 47.9475 -0.00159061907476 0.000226257769793 -0.00126065482148 -0.00925928734306 4.68673 4.69918 6.69315499413 -16.1005459587 -1.40382759548
-122.972 47.7172 -0.000560725211946 -0.000490487701211 -0.0111615994629 8.47895373766e-05 6.31479 6.32192 -9.74636964555 -2.18856868395 0.0561270503765
-121.689 47.6947 0.00161144858934 -0.00152215454738 -0.00202198580256 0.00859321424368 3.98703 4.0015 -3.97001873238 31.5609285789 2.21249939116
-120.061 47.6902 0.003225533579 -0.00126443652241 0.00207281656531 0.0015258952841 3.55992 3.58503 6.98926785546 41.5031514742 3.36276951239
-119.045 47.7849 0.000756423244493 -0.000760721795999 -0.00331458927883 -0.00240826025502 4.26489 4.26925 2.80148464701 15.3609386256 1.0667497831
-117.308 47.8192 -0.000978430882052 -0.000315057251131 0.000565877912178 -0.00418774415595 4.60933 4.61444 13.2509916104 -2.61868538986 -0.716327268364
-114.574 47.6795 -0.000515885758254 -0.000630698252305 0.00210447151208 -0.00016202727431 3.99431 3.9965 9.45341252646 4.04500117881 -0.11889225102
-113.747 47.7687 -0.000399223586201 -0.000378642330227 0.00631523132026 0.000327860684001 3.74234 3.74329 12.2658237208 2.19462376948 -0.177186813598
-123.771 47.1161 0.000589716940632 0.000453696516648 -0.00610646101201 -0.00527205481887 6.94128 6.95147 7.96647126756 -0.276096756351 0.20963592352
-122.803 47.1109 -0.00116763739591 0.00151865367048 -0.0151446035407 -0.00782107292291 9.44892 9.59844 -6.65134042743 -26.4034329856 -1.91432473868
-121.989 47.1881 0.00255457093101 -0.00514969306815 0.0100953718193 -0.00113315428122 3.23767 3.29028 15.0938342997 81.4892807657 4.68642251341
-120.844 47.1935 0.00122652120162 -0.00390199681817 -0.0015273775887 0.00265447086399 3.58373 3.61969 4.34383138282 54.3650531321 3.39097957097
-119.973 47.1936 0.00170090337839 -0.00185483584262 0.000970893292451 0.0020482364047 3.36945 3.38082 3.88864609984 35.8959003635 2.48707436968
-118.921 47.0573 0.000304008443961 0.00102222954931 0.00183738297546 -0.000866216697208 3.75509 3.75829 6.90200696447 -9.43135898805 -0.343912029641
-117.276 47.0547 -0.000528337066095 3.15420239297e-05 4.53627153658e-06 -0.00273454614103 4.41474 4.41667 16.8575173373 -3.617286713 -0.492713131996
-113.506 47.0816 2.15532356033e-05 -0.000633936436206 0.00496726604058 0.00118988339103 3.93997 3.94173 11.0064417848 8.25040149127 0.329785960961
-123.563 46.5459 0.00236645327471 -0.00196297883742 0.00114618925554 -0.000774810425984 4.57281 4.61568 12.6865238805 40.8954822424 3.04389199057
-122.72 46.5934 0.00261301962588 -0.00184524818395 -0.00265404295198 -0.00200879934463 4.40487 4.44631 6.30684886495 43.0874486421 3.19611182403
-121.761 46.5605 0.001527979635 -0.00161884934468 0.00312754006163 -0.000536254033204 3.68668 3.69873 7.35601656685 31.2511431814 2.18932456343
-120.979 46.5433 -0.000136635304826 -0.00116255550925 -0.00108991031529 -0.00226883658211 3.97229 3.97714 5.97076695001 11.9392252789 0.596547923941
-119.855 46.5585 -0.000936713828525 -0.00111292192755 -0.00174883725542 0.00269347311589 3.85417 3.86063 3.45269332084 3.76593865979 -0.0161729757537
-119.06 46.4911 -0.00102198825841 0.000371355816901 0.00436652596507 0.00548800497855 3.25809 3.26055 5.94399129729 -12.9885939172 -1.04124390007
-117.11 46.485 -4.27098000596e-05 0.000746944359088 0.00158304693366 -0.000100023317429 3.79925 3.80165 11.2758697781 -9.56406282541 -0.418224274819
-116.209 46.3559 0.000335017257717 0.000890309404697 -0.000991264908627 -0.00329826847887 4.16823 4.17266 8.07927287595 -8.01768070375 -0.215033397801
-114.188 46.4423 -0.000719054245174 0.000635863134732 -0.0020185489687 -0.0057854455343 4.30719 4.31225 9.54654810043 -13.37188926 -0.945307260287
-113.493 46.4162 -7.25507537928e-05 0.00104661391178 0.00286682214396 -0.00213499274045 3.68376 3.68741 15.0753600591 -14.2304011143 -0.520100670752
-112.641 46.4246 0.000657595741452 0.000179021422602 -0.000990559322808 -0.000125405724799 4.23147 4.23488 5.25467466036 3.42741570338 0.433291813589
-120.728 40.6183 0.000102774957332 -0.0011465784332 -0.0014446523691 -0.00175839790721 4.05187 4.05756 2.68112264001 12.3899368417 0.864584332888
-123.559 45.9306 0.000499598440726 -0.00220929855271 -0.00253736939186 0.00264212436028 4.20087 4.2202 0.853666561825 27.1874103782 1.88795931425
-118.777 45.7971 -0.00136728084856 -0.00055969195247 0.00201910295641 -0.00134861029637 3.97886 3.98676 13.3030570304 -2.71345243314 -0.911111390689
-117.909 45.7087 -0.00104855614824 -0.00119659443469 0.000437341973315 0.00313253452224 3.62043 3.62719 12.9479772507 7.40520000373 -0.315822675905
-117.228 45.9734 -0.000435279687445 -0.00120462778729 0.000580923890119 0.0039617999219 3.46304 3.46732 5.4772774665 10.0897579922 0.374399529818
-116.155 45.8883 -7.9634145425e-05 0.00114543590441 0.000934946790376 0.00402343747412 3.42221 3.42582 1.29208916236 -13.2584159236 -0.807935797322
-115.255 45.7565 -4.09488475669e-05 0.000442358050199 -0.00057896199889 0.00501524247405 3.60839 3.61014 -0.302492092894 -5.14010177164 -0.327090698975
-114.332 45.7893 -0.00086974575813 0.00255276622459 0.00642627575381 0.00237526730292 3.48658 3.50187 4.86084890013 -37.2588317789 -2.2215288582
-113.37 45.8122 0.00155358822459 -0.00121077589595 -0.0130173097906 -0.00104749892204 5.94058 5.98359 -5.95864096922 28.5936681286 1.94424906467
-112.493 45.8409 0.00106961048347 0.00180377849286 0.00777871870677 -0.0023394156554 4.11448 4.13032 8.39388671129 -13.8425905783 -0.067109871932
-123.281 45.3153 5.80982038341e-05 -0.00174592127224 0.000991458788683 -0.000954384341282 4.10269 4.1141 4.00742593325 18.9948135549 1.18434327435
-119.669 45.2664 0.000375252858871 0.00164692445148 -0.000348316428527 -0.0075696981642 4.28387 4.29595 14.2625029121 -17.7430260434 -0.478884850538
-118.96 45.2904 -0.000905582902004 0.0012995956037 0.00179721095494 -0.00617557613175 4.12277 4.13219 17.9285105332 -22.1986493824 -1.37531565545
-117.78 45.2781 0.000683149776237 -0.00104697237069 0.00162087960297 -0.00591010455413 4.22431 4.23082 13.0903187788 17.8167202483 1.11356526711
-117.12 45.2925 -0.00123595953937 -0.000647590918364 -0.00361566979898 -0.00308663187592 4.51742 4.52646 2.4885390669 -4.34639739306 -0.525544332525
-116.268 45.3997 -0.00134982603091 -0.000455418922255 -0.000487895795512 0.00129921229597 3.71326 3.71817 2.36848485061 -7.45615549883 -0.741256919311
-114.233 45.0931 -0.00315135748352 -0.000766859882471 0.0083379051481 0.00502251065585 3.24545 3.26206 1.99815137563 -20.747208767 -1.92485101965
-113.46 45.2432 0.000330742382619 0.00341103356361 -0.0236916550776 -0.00568756376087 7.87406 8.15072 -22.6155418542 -17.2363747643 -2.92708503231
-112.489 45.166 0.00220588551743 0.00141910534665 0.0054697506923 0.00369592931454 3.79711 3.81467 0.96913725658 5.06711437374 0.761392440364
-122.186 44.6837 -0.00106355363449 -8.24582674071e-05 0.00227646390748 -3.61450092624e-05 3.71359 3.71668 5.74447640057 -8.45706571327 -0.77484181569
-121.227 44.6473 -0.00128226279676 0.000510943056725 -0.00158121499108 0.00513830094704 3.33705 3.34065 0.164916326495 -17.6892979091 -1.27494390992
-120.335 44.7344 -0.00119086299128 0.000629969377693 0.00397527827507 0.00324628474216 3.40424 3.40802 4.16485740973 -17.571266951 -1.31761291368
-119.565 44.5913 -0.00135595213699 0.000173271001597 -0.00697468978651 0.00160188466755 4.91593 4.92792 -0.204714210479 -15.082774129 -1.09423039054
-118.67 44.5191 0.00229624011672 0.00126828382913 0.00615722855389 0.00144057681415 3.60417 3.61972 7.01082342186 4.99703131811 1.08556338879
-117.664 44.6653 0.000721664185281 0.00130846402495 -0.000634473011727 0.00115203160914 3.94224 3.94951 0.555114160936 -6.72449650201 -0.3568058201
-116.747 44.589 -0.000106385645835 0.00121887503982 -0.00271209074062 -0.0031416910176 4.54262 4.5507 0.111261593337 -13.7887855745 -0.9075130904
-116.013 44.7035 -0.0010561930358 -2.75864060158e-05 -0.000972200912184 -0.00285731916442 4.32911 4.33458 2.99997181468 -9.36747785197 -0.794952070432
-114.855 44.5494 0.000640707693467 -0.000818684584966 -0.000828689642771 -0.00359378433478 4.27187 4.27693 2.89810806705 14.954826287 1.01530467565
-114.255 44.5642 -0.000789330590629 -0.00214882682099 0.000696806364089 -0.00199925894519 4.17754 4.19617 6.73053641043 18.6149072375 0.606050810433
-121.461 40.8161 0.00114611634761 -0.00125607125168 0.000904662157053 -0.00378524100757 3.92888 3.93781 6.72392891037 23.291463106 1.68389680621
-123.278 43.9726 -0.000681505884041 -6.86883728852e-05 0.00225879538136 0.000927449122082 3.8709 3.87303 3.29825345638 -5.63391147696 -0.459133781018
-122.411 43.7941 -0.00151665456815 0.000277000720093 -0.00207823500314 -0.000511867510288 4.01093 4.01889 5.52026680915 -16.4311368875 -1.34346016756
-121.268 44.1626 -0.00150166605765 -0.00100200675143 3.09124827077e-05 0.0024901301091 3.63519 3.64301 1.15210187086 -4.30797144684 -0.398461762339
-120.211 43.9437 -0.00183030857085 -0.000621447908155 0.00507302302411 0.00336509181324 3.47362 3.48131 4.11528140808 -9.97962253111 -0.992793831352
-119.504 44.082 -0.000978648200048 -0.000551394923102 -0.00817220481426 -0.00146576502151 5.49689 5.50841 -0.846541436775 -4.25606211174 -0.302046816648
-118.569 43.9104 0.00113911453323 -0.00293985832157 0.00275579198748 0.00292371793445 3.21644 3.23199 -2.18802680097 40.3746439735 2.90905348279
-117.741 43.9733 0.00030251541702 -0.000814945090944 -0.00291520516579 0.00362532032161 3.4884 3.4903 -7.66378429343 10.5689951778 0.825266912516
-116.803 44.086 7.11442777557e-05 0.00125464661405 0.000315968040702 0.00255125242764 3.47823 3.48167 -0.259193373407 -12.248031048 -0.813159677818
-115.958 43.9121 0.000760316135671 0.000880103083133 0.00168216045333 -0.000880130264781 3.81095 3.81485 7.50507728792 -3.88500589264 0.10495706562
-114.117 43.9146 0.000200350070245 -0.000945992920301 0.000302960211899 -0.00214836775174 4.31802 4.32206 9.8776346944 13.0068253017 0.680000700057
-122.965 43.3717 -0.000429529694936 0.000967170598679 0.00307037494659 -0.000948663436212 3.84379 3.84703 6.37554943359 -14.1173269073 -0.944653977997
-122.109 43.2406 -0.000387887412471 0.000446988040956 -0.000613247353503 -0.00265219378544 4.08332 4.0848 6.15111032119 -8.20476691947 -0.583225559501
-121.236 43.2843 -0.00041253329399 0.000141585913647 -0.00191873718059 -0.00395508154361 4.29106 4.29216 7.71112320822 -5.05510038311 -0.413696945053
-120.153 43.2515 7.29595926664e-05 -0.00166610071443 0.00254440010246 -0.00117504638508 3.75525 3.76223 11.2018712987 19.9700775583 0.982614058922
-119.311 43.3736 0.00119144351293 -0.00237225060772 0.000473119096474 0.000680937889914 3.90277 3.92225 2.25651971856 35.9094268501 2.47634151018
-118.474 43.358 0.000506005669003 -0.0019060705541 -0.00220204186386 0.000615076333099 4.11873 4.13138 -2.38491885534 23.628381232 1.73265362462
-117.754 43.3471 -0.00188764175134 -0.00155181693188 -0.00129430635542 0.00291224181266 3.91727 3.93389 -0.182562377681 -2.86937750741 -0.271797798995
-116.767 43.4275 -0.00131902866932 -0.00107380102609 0.00304335982514 0.0010982802266 3.41125 3.41659 4.23439924514 -0.120116510616 -0.336705806939
-115.828 43.4151 0.000273670241014 -0.000531177701269 0.000251486036326 0.00104254168029 3.34863 3.34931 6.73043933338 8.3986241735 0.536718673573
-115.098 43.25 0.00129250165596 0.000863089692036 0.00212073432769 0.00555963784691 3.52715 3.53206 5.22044739753 1.67416637449 0.485574099953
-114.174 43.3979 0.000360201257686 0.00128921394213 -0.00327046590589 -0.000403763008561 4.48608 4.49356 4.07933350836 -11.1597362718 -0.528238653915
-124.469 42.8088 6.12733318183e-05 0.000876723220858 0.00105604513827 -0.00114292058064 3.91717 3.91934 1.7508287783 -7.95700837137 -0.572445014901
-123.49 42.7667 -0.000131397676297 0.000622561916887 0.000757755639513 -0.00417829982057 4.13837 4.13973 6.75706339656 -7.7679969114 -0.496242535788
-121.731 42.6133 2.18826118031e-05 0.00212805249346 -0.000618159966718 -0.000559569324205 3.89887 3.9112 7.37877320682 -22.9523237327 -1.29955107632
-120.893 42.7258 0.00116025824284 0.0009100557293 -0.00173635276185 -0.00413829448915 4.2171 4.22459 10.0460634085 -1.02479133341 0.422454978692
-120.251 42.7991 0.000863468292307 -0.000586083510765 0.00239658133632 -0.00306064536972 3.87332 3.87624 9.20370821552 13.6731249462 1.04313543107
-119.247 42.6912 0.000282455824721 -0.00125284764655 -0.00136197741156 -0.00187559860254 4.14097 4.14634 4.66290125786 15.9479057229 1.02358839113
-116.87 42.7779 -0.00155874115601 -0.000427740638237 0.0070159959936 0.0024243579239 3.60701 3.61262 8.32054543378 -7.96105065899 -1.01546767972
-114.903 42.636 -0.00169014372229 -0.00223311822538 -0.0240231877436 -0.019726800682 11.3618 11.926 2.38776291099 8.08208881916 0.198717343753
-114.084 42.6493 0.00108940118232 0.000503641754365 0.0184353443044 0.00466501983562 2.91962 2.92126 9.74848260164 2.61943746425 0.628754277237
-113.176 42.5452 0.000734295274763 0.000149262559911 -0.00412500330013 0.00203556366259 3.95942 3.96104 0.585197899117 5.54733781816 0.439736646957
-123.602 42.156 -5.72763605068e-05 0.00143798793671 0.00168822103941 0.00412190466199 3.58123 3.58559 1.54372944971 -14.5150530737 -1.05496158487
-121.891 42.175 -0.000116456140352 0.000981210856806 -0.000242756480512 -0.0022347061948 3.47445 3.47633 2.60329381496 -10.9605164667 -0.757228724974
-120.834 42.0472 0.0023903534636 -0.000115637992752 0.00148946648329 0.00122937407989 3.52975 3.54131 4.21227018938 23.0870936123 1.86982328101
-119.34 42.0187 0.000289125244449 -0.000150759741732 0.00326217599832 -0.000578192217241 3.88877 3.88909 4.33341883621 4.22339258986 0.317328082935
-117.667 42.0192 0.00039739325575 -0.000948898128248 -0.0159499539073 -0.0118882599799 7.49915 7.51995 5.60948214325 13.8505061624 0.90665202455
-115.016 42.146 -0.000264564770724 -0.00224190318052 -0.00737358056327 0.00778041862486 3.96128 3.97585 -1.05924756891 19.8768472344 1.39640222212
-113.944 42.0886 -0.000180179137345 -0.00139932707738 0.0122743662591 0.00176651942499 3.26986 3.27307 9.48768797782 15.0710615773 0.636204298283
-120.74 38.7552 -0.000954444486275 -7.43711902096e-05 -0.000390422577259 0.00184074975502 3.79845 3.80079 3.0772112371 -8.2811509323 -0.635035022691
-124.122 41.8473 -2.31877953705e-05 0.00100925174734 -0.000294639371204 0.00262228813814 3.78319 3.78577 0.000425221313968 -9.67240394742 -0.750497812726
-122.854 41.392 -0.000634568042158 0.0001304150872 0.00675834423633 -0.000750176890611 3.78373 3.78483 5.98236264846 -6.99719612931 -0.567043323138
-122.122 41.2742 -0.000816710731883 0.000294579353323 -0.0220376337762 -0.0156200738143 12.133 12.1974 -12.609797491 -11.6778692689 -0.673544620529
-121.839 41.7826 0.000305373546025 -0.00119691224894 0.000904315701139 0.00887825122627 3.34853 3.3512 1.5611368305 14.7065768885 1.05637575589
-121.146 41.3593 0.00155502500458 -0.00195941251423 0.0098192951032 0.000612706797126 3.29103 3.30131 10.1277087182 34.4248974926 2.40847765637
-120.477 41.2047 0.00144963670258 -0.00134505541974 -0.000125211776479 0.00364879506177 3.41073 3.41789 0.225725530073 27.2848249995 1.97514713814
-119.171 41.3884 0.000574494489053 0.000836778306558 -0.00420989120435 0.00179110848755 3.96318 3.96623 -1.70105776921 -2.0588361518 -0.222477040932
-118.379 41.4483 -0.00194464679392 0.000288667343491 0.00723319534196 0.00394184687146 3.53383 3.54173 3.50718855565 -21.0357980754 -1.64450803864
-117.45 41.423 0.000230380713093 0.00226464611672 -0.0140080615281 -0.00646285013368 7.17376 7.26346 -0.566776337697 -19.918147153 -1.45377704605
-116.54 41.522 0.000770293142501 -0.000180252597555 0.0094943645316 -0.00230874405719 3.50465 3.50598 10.8215708453 8.13180262011 0.740319754407
-114.915 41.4157 0.00048236797862 0.000825721412586 -0.00376216124327 -0.00789820159904 4.54068 4.54483 9.85132784424 -5.78221332009 -0.0685914491475
-114.165 41.3602 -0.000629080577521 9.44048092358e-05 0.000786218988931 -0.00599836139519 4.42724 4.42907 9.97639443183 -6.11521067137 -0.573759312375
-119.835 40.7484 -0.000649311574469 -0.00034410671255 0.000775145692167 0.00223260595316 3.52541 3.52661 1.94003631848 -2.8070308294 -0.228197989674
-118.971 40.7797 0.00023674080616 0.000499838258552 0.000925285913662 -0.000778809508014 3.77494 3.77586 3.40617862217 -2.91931409906 -0.160971698154
-118.134 40.7811 -0.00136413517312 0.000789710308907 -0.00257726381643 0.00286246023746 3.88409 3.89094 1.87468738448 -21.0311719584 -1.53268457207
-117.524 40.852 -0.000818978761697 -0.000242115698703 0.00218392343391 0.00715161327152 3.36592 3.36733 4.83994918544 -4.83216619612 -0.466738098445
-116.508 40.7186 -0.000191112410461 4.96680848149e-05 0.000471558804812 0.0064507401668 3.44684 3.44707 -1.04240267495 -2.40928654191 -0.168337796924
-115.736 40.8167 -0.000999467344729 0.000218028194921 -0.00113084449133 0.00117532470165 3.76793 3.7707 2.96143978381 -11.6489509327 -0.890159425874
-115.039 40.8522 0.00132145200067 -0.00131497261447 0.00131932963975 0.00409145700659 3.45427 3.46099 1.13750692913 26.2676690581 1.86367832268
-114.204 40.8556 0.000663696916497 0.00218789755388 0.000575179770416 -0.000237086759273 4.13514 4.15242 4.0357183943 -17.5122003996 -0.910550278432
-123.82 40.1398 0.000654489960113 -0.000510026735474 0.00168116916431 -0.00204695356463 4.00807 4.01039 4.13047478158 11.0860808228 0.826220620312
-122.788 40.1767 0.000225648121803 -0.000778488734062 -0.000236012584231 0.00388010317614 3.80194 3.80385 1.65429137452 9.61082287734 0.712559854131
-122.032 39.9971 0.00103900718065 -0.00164268392361 0.00117964224326 0.00417809370782 3.49856 3.50618 4.6594057106 26.0666917316 1.87337564013
-121.086 40.32 0.00085946525487 -0.000289069682263 -0.000491823324444 -0.000626216043592 3.95234 3.95499 3.21678383442 10.9496859691 0.824014302843
-120.918 39.962 0.000731282787395 0.00104104835868 0.00029439169011 3.67431203755e-05 3.76769 3.77194 3.69697970688 -3.62411340858 -0.172791788459
-119.827 40.165 -0.0010007528068 0.000499972795436 -0.00248066878857 4.9789326532e-05 4.05705 4.06125 1.83437049671 -14.5433796659 -1.06505262315
-118.877 40.1614 -0.000773646643569 0.000197106511192 0.00190396144497 0.00389433334769 3.50608 3.50759 4.99448289652 -9.05965309825 -0.713532902212
-118.155 40.2903 -0.000684657079134 0.00120709381484 -0.000899499176997 -0.000225008074423 3.82628 3.83155 9.08516654539 -19.0974076926 -1.26936218499
-117.19 40.1697 -0.000407632281346 -6.58140017803e-05 0.00234189794973 -0.00264963356888 3.78386 3.78463 10.2017579615 -2.52924521022 -0.294702165338
-116.5 40.2917 0.000114934466606 0.000369253046827 -0.00141488688771 -0.00550257260766 4.1666 4.16757 5.25783785484 -2.91874918134 -0.14928247777
-115.657 40.1313 -0.000486203418646 0.000610644020606 -0.000223598239136 0.00150409502889 3.71653 3.7183 1.71208056102 -10.8904156315 -0.772847934612
-114.745 40.2679 0.000454379975923 -0.00108190619284 0.00302271986015 -6.56702838027e-05 3.74851 3.75219 1.39931406802 15.4483955486 1.07372581431
-123.338 39.469 0.000285155613417 -0.000126917835606 -0.00257755504785 -4.01679861742e-06 4.03064 4.03141 0.0843772340232 3.99192773298 0.286443975793
-119.898 39.6785 -0.00026791854546 0.000880197290079 -0.00196320374924 -0.00319171255444 4.1234 4.12662 11.1820543144 -11.9776818412 -0.7268535917
-118.889 39.5399 -0.000956400346664 0.000726879277377 0.00216260095385 -0.00674327794613 4.09051 4.09554 15.1657651243 -15.361281598 -1.19432014556
-118.08 39.6946 -0.00102088493018 0.00139149280801 0.00210930133278 -0.00248948044285 3.72234 3.72977 12.7630245727 -23.8217789094 -1.6160432852
-117.14 39.5516 -0.000790843250914 0.00154690451187 -0.000338787398629 0.00165313083111 3.84529 3.8536 5.16705819631 -23.4241147018 -1.60729916813
-116.464 39.6202 -7.51022126826e-05 -0.000560919246088 -0.00207530433092 0.00410005823607 3.81379 3.81464 -3.11903391556 4.36632680003 0.371808839525
-115.754 39.553 -0.000159194534675 -0.00279371933362 0.000864824446874 -0.00106996623211 4.17113 4.19735 5.22900680887 28.3324374508 1.68194747189
-114.908 39.4731 0.000642385805175 -0.00141967299422 0.00208766535311 -7.04870331547e-05 3.67516 3.68073 -0.566963672681 20.2925565526 1.46601479981
-121.377 38.839 0.000369365621356 0.000211571562466 0.00290131348603 0.00140723693071 3.79738 3.79792 5.42564299319 1.19712833392 0.13450760193
-118.808 38.9383 -0.000829638462473 0.000947599237028 0.00168225000395 0.00236344336175 3.63765 3.64123 7.55090655512 -17.2650397499 -1.24085388894
-117.932 38.8606 0.00160783782434 -0.00104869917077 0.000115695121553 -0.00182169722165 4.17788 4.19037 4.97747562958 25.4553690918 1.89993214103
-117.182 38.834 0.00127729061808 -0.00205939089969 -0.00322274917645 -0.00390629000284 4.78563 4.8155 2.11246252475 32.7047162304 2.3495712037
-115.654 38.8455 -3.65537977717e-05 -0.00109559430361 0.000806765985831 -0.00141920918541 4.17878 4.18295 3.38163232022 10.9077363112 0.71148280107
-114.83 39.04 6.3224277182e-05 -0.00122062261096 0.00183846189119 0.00123977125039 3.75488 3.7586 -0.675300810152 12.4470935971 0.924063509368
-120.936 38.2571 -0.000450390380937 0.00103224044003 0.000295242389042 -0.00194241981823 4.09548 4.09962 6.62368503595 -14.5691577769 -1.01463263227
-120.076 38.7028 -0.00167934395619 0.000449016386981 -0.000588337762078 0.00224025914862 3.71106 3.71826 5.29507463661 -19.7705180078 -1.55362566792
-119.451 38.5226 -0.00110125304875 0.000324801956741 0.00216158770026 0.00266823260604 3.53356 3.53633 7.33655845274 -12.9796307059 -1.05636561133
-119.047 38.089 -0.000237281417127 -0.000278792779568 0.00186221351572 0.000429322845995 3.77536 3.77582 3.83269790321 0.565775698085 0.0171823399984
-118.106 38.3489 0.00147744576178 -0.000789305974599 0.000998281780504 0.00141849460033 3.75138 3.75828 0.470891569988 22.1054196874 1.59312567061
-117.072 38.2397 0.000778120648568 -0.000372639009963 -0.0019681280604 0.000980573293662 4.15196 4.15457 -2.42101952632 11.439512204 0.792907031472
-116.302 38.2886 4.22851809919e-05 -0.000902700693418 -8.33120101631e-05 -0.00165426210842 4.25645 4.25953 1.80262186849 9.32388666494 0.661544428781
-121.328 37.5049 -0.00102011093187 0.000650165456615 0.00283022772113 -0.00320328538738 3.94242 3.94667 9.02176930503 -15.4074046108 -1.20259977714
-120.33 37.346 -0.000344066939758 0.00094220799752 -0.00121956731452 -0.00126688586727 4.05356 4.0568 2.96199091001 -12.3179570907 -0.906498963928
-119.849 37.8817 -0.000440326202423 0.000366561435106 -0.000962689324928 -0.00269996419689 4.09772 4.09894 5.19056348795 -7.69592006156 -0.57249564957
-118.171 37.4993 0.000954329221322 -0.000550178436913 0.00103526206451 0.000868446605053 3.83978 3.84308 0.742593450562 14.5920745368 1.05747654032
-117.225 37.7243 0.000991835059741 0.000276432803221 -0.00123977093272 0.00193911491579 3.95669 3.95987 -2.26441835355 7.76256187501 0.443431910618
-116.595 37.923 0.000308315192622 -0.000306228425741 -0.000138909505687 -0.000109508938364 4.08909 4.08991 0.206567659145 5.98303662116 0.434419821571
-115.747 37.6444 0.000107724814836 -6.62741576197e-05 0.00105874897601 3.248542437e-08 4.01137 4.01166 1.33944580333 1.6979623516 0.123027379797
-121.786 39.2291 0.000242416258558 -0.000410301727544 0.00468571815356 -0.000246879885626 3.74654 3.7473 7.00943268695 6.37533812239 0.449817726809
-119.903 35.8667 1.11615429754e-05 8.07979368723e-05 0.000276727550767 0.00253444158175 3.87434 3.87461 -1.28414109127 -0.592256340886 -0.0540104939043
