-109.303 32.7663 0.000105642996977 0.00144477499415 0.00342178361079 -0.0124864877788 6.33284 6.00857 -29.9142211643 8.72918951289 -0.608179022742
-109.259 31.9989 1.69168260042e-05 0.00230177233056 -0.000198233467222 -0.0113386299591 5.43263 5.53296 -21.4779880947 12.5877615553 -1.12346657939
-122.707 48.7197 0.000275590288288 -0.000736694932872 0.018171164616 -0.0165875559317 10.3868 9.53346 -3.12750930861 -3.21738904826 0.264228390125
-122.085 48.9983 -0.00106829315387 -0.00084919744425 0.0092905081083 -0.0182962834112 11.0746 9.70997 -9.85695628177 -10.8458337179 1.36053344649
-121.48 49.0983 -0.000643615633843 -0.00027375663577 0.00493545939268 -0.0142344811717 16.5593 16.6395 36.8957939591 -5.63052188426 0.367858910777
-120.384 49.048 -0.00108213029655 0.000413962760364 0.00120491830085 -0.00836480539424 7.96225 8.74907 12.0218044914 -5.67944155405 0.234398962871
-119.272 48.9534 0.00176723947392 3.12057745724e-05 0.00955413229814 -0.0264700407567 32.1856 -nan 72.0509733279 12.6029463769 0.812871894951
-118.585 48.9752 0.00115448401155 -0.000960574054589 0.00331339752091 -0.0159161356116 17.9212 15.1081 29.3022028542 7.28251892461 0.658952429413
-117.559 48.9813 0.00248917290074 0.00178427899859 -0.00808636296896 -0.0158368329269 9.60509 12.6041 49.1788830843 18.2348124619 -1.46458041498
-116.363 48.958 0.00211544774688 0.000154711814603 0.00433907980429 -0.0124753528106 9.471 7.26269 17.3859165309 16.0815641604 -0.990264104024
-115.653 48.9339 -0.000459270442465 -0.00147944446503 0.00486234709099 -0.0171590955462 23.5295 9.18701 27.7694032772 -6.17549191309 1.54404640225
-114.413 48.933 -0.000902842337504 -0.000986511720472 0.0100951074258 -0.0147468405825 14.6782 13.3328 21.4529462865 -9.22787027421 1.21526251186
-123.504 48.0575 0.00158811887963 -0.00169637939592 0.0183119474591 -0.0130020505862 33.9676 58.8279 62.1247281185 16.3754646729 2.04133166384
-122.096 48.2641 -0.000382220964242 0.000247416628855 0.0109997174516 -0.00730221411084 13.1484 11.7485 0.994559926276 -0.769970204389 0.0976232826981
-121.484 48.5183 -0.00238708187069 -0.000350382810241 0.00132745668817 -0.00499607753701 15.2294 16.4972 -9.49181477516 -13.638212826 2.16005886943
-120.12 48.4607 -0.000123833057125 -4.84136585887e-05 -0.005168093536 -0.00113995262199 27.1903 -nan -25.5284301691 -0.718768884803 0.132921150774
-119.333 48.3584 0.00060195094891 -0.00202335492326 0.00672695467527 -0.00216201966785 36.8785 26.7951 4.05202374007 -6.77374604349 1.1696871166
-118.149 48.4226 -0.00119629776322 -7.75501781947e-05 0.0102875628299 -0.0140032315873 18.3438 12.7573 4.06273418003 -7.94032350909 0.808503014937
-117.225 48.2995 -0.000908581455512 -0.00120922870208 0.00734497516834 -0.0137068436155 16.7564 15.1444 -4.61919221415 -12.0654671422 1.49110818607
-116.367 48.4366 0.00476530002922 0.00237188554411 0.00612318109572 -0.0188019140582 34.019 23.3928 73.9058090696 21.7872396525 0.58368616128
-115.589 48.4694 0.000115448385284 0.00165487881637 0.0108393631985 -0.0217064000262 21.3023 9.7306 7.38771652215 7.95608562986 -1.45016769794
-114.468 48.3739 -0.0019471921237 0.000915675575616 0.0129738400323 -0.0147394105577 17.8252 12.3266 -36.7759889093 3.35576679506 1.67251824321
-122.173 37.1311 0.000378882775174 -0.000301482802413 0.00727471778988 -0.0142751317318 5.90276 5.4444 -10.2520540927 -0.503117678904 -0.173498014985
-124.566 47.9475 0.00113279213328 0.00188762626771 0.0074555274382 -0.0274669077861 6.80845 7.10366 -0.650916741367 18.1946025815 -2.09164104883
-122.972 47.7172 -8.8016456272e-06 -0.00133813686006 0.0150113569699 -0.00291734904635 15.7262 14.2194 -9.32143967207 -9.28212536519 0.746208487436
-121.689 47.6947 -0.000934243695609 0.000681990428076 -0.00431057151084 0.00661011818346 23.2146 26.5611 23.3565643079 -4.91701133573 -0.268701847616
-120.061 47.6902 -0.000118968931963 -0.0031785857451 0.00352534605808 0.000769890695315 20.3024 -nan -24.7093747529 -24.5044050814 1.233131166
-119.045 47.7849 -0.0010504204025 -0.00032602293245 0.00762638353408 -0.00306182720167 26.1081 22.3103 15.1141014159 -8.71221175584 0.788908434833
-118.274 47.8006 -0.00332881495664 0.000483088620245 0.0052782375322 0.00585486163979 32.7246 -nan 35.4850702708 -26.0268688638 -0.0430534560247
-117.308 47.8192 -0.00211443620615 0.00223767173659 0.00346152621777 -0.000762144626056 7.01245 7.82766 -9.48327508929 3.52736131594 0.268176763186
-114.574 47.6795 -0.00388230190328 0.0044909554679 0.0222457361655 -0.0276305855721 20.6656 28.6286 -69.6756928245 43.344068698 5.15100695149
-113.747 47.7687 -0.00135655726436 -0.000300736034746 0.0231285214679 -0.0286032855109 24.8812 -nan -65.0321540789 0.269559517247 1.24434828837
-123.771 47.1161 -0.000220123572619 -0.00241750543343 0.0114737871352 -0.0171264683586 8.56389 7.57656 -43.163668416 -19.984840417 0.171996679935
-122.803 47.1109 -0.00290181087872 -0.000657033648511 0.00314182130942 0.000423671930416 21.5657 24.8963 -29.6611491709 -10.7143129868 2.9751781081
-121.989 47.1881 -0.000761643076239 0.0012926697033 -0.0063102799181 0.00228466091939 19.2865 75.7271 31.9324418722 -3.39055370858 -1.06100679362
-120.844 47.1935 0.00179701261763 -0.00117497338032 0.00626835888357 -0.00795061332829 40.1433 18.8946 25.9919026536 10.5970086172 0.510304714232
-119.973 47.1936 -0.00126743943455 -0.00323089655308 0.00404198773389 -0.0095513622331 15.4002 10.5815 -71.4499643662 -18.9386545106 -0.283441718556
-118.921 47.0573 -0.00231400050166 0.000238546850921 -0.0131609402633 -0.000448698498915 23.4538 -nan -56.1115173387 5.05997157518 2.32066265913
-118.309 47.0615 0.00228691605499 -0.00363423994096 0.00720964913519 -0.00150516688346 15.9288 14.6126 172.891831619 10.6666097915 -0.560979215016
-117.276 47.0547 -0.00334441231811 -0.00367313826237 0.0175537314114 -0.0179182157845 18.368 -nan -46.3696609432 -29.7407623297 3.43016897589
-116.335 47.0477 0.000501667251618 -0.00258047949026 0.0144614823551 -0.0332979993972 21.3792 -nan 99.6824730992 19.3726907072 1.78436108684
-115.353 47.0528 0.000228178760625 -2.58965974971e-05 -0.00550146290627 -0.0316136704934 19.3805 -nan 0.468433688673 1.23713478629 -0.127044850084
-114.459 47.0943 -0.000204234765648 0.00162182548201 0.0104721160137 0.00461716570494 29.6451 -nan 129.616836862 -12.6387721055 -0.206645183494
-113.506 47.0816 0.000313016913162 0.00109330567882 0.0110793769986 -0.0138558621181 13.695 18.0458 175.374538151 -7.58291422437 1.00898569645
-112.52 47.0418 0.00118138569248 -0.000655831779761 0.011819614925 -0.00829048385923 7.92136 7.96297 10.3600888625 5.72468979657 0.0349321576713
-123.563 46.5459 -0.000509350255674 0.00251980881136 0.0118024982796 -0.00219180011124 8.22322 6.82968 -10.2922653607 15.4168741654 -0.894545065391
-122.72 46.5934 -0.00517623632713 -0.000114455069389 -0.00217501053733 -0.000519002553309 12.8549 14.0204 -17.0413306362 -19.2676917225 4.71095214185
-121.761 46.5605 2.81633955724e-05 -0.000590549030316 0.0179587541138 -0.0163602190034 20.0346 -nan 165.302475837 4.09008941161 -0.261148443172
-120.979 46.5433 0.00412771085332 0.00044920363454 0.0155979502454 -0.017827492425 63.4225 22.0805 138.221187418 -5.10631522829 4.14355900172
-119.855 46.5585 -0.00142832086841 0.00205931793281 0.00597767279724 -0.006896484356 8.60412 7.19268 4.28896660215 1.98242000471 -0.642440342959
-119.06 46.4911 -0.000820359521257 0.00221338082644 -0.0161771972714 -0.00735119286234 22.9717 -nan 61.0171902992 -11.4228404614 -2.35655047602
-118.146 46.5139 0.0015517542626 0.00164154018477 0.0170973178827 -0.0119657925068 9.85026 8.71267 30.3472937142 14.8891352589 -1.94525166575
-117.11 46.485 -0.00480725958651 0.00083490646823 0.0222805538626 -0.0105397289038 14.4506 9.91361 11.3091647227 -29.0784859293 1.75644116444
-116.209 46.3559 -0.00108983470378 0.000412274939985 0.0123981148328 0.0023974929321 35.7816 -nan 58.4972197847 -9.08870368317 -0.713238614814
-114.188 46.4423 0.00901538048806 -0.00730738778396 0.0170454457886 -0.0110843969117 6.95584 57.05 157.369556437 17.5035550319 4.57355099163
-113.493 46.4162 0.000228047474537 -0.00477651431243 0.00169812550023 -0.0184208310316 10.2457 7.29937 -17.814248293 -29.7549429189 2.42582654959
-112.641 46.4246 0.00055426589783 0.00101189685687 0.0226201089787 -0.0190089619998 15.9615 -nan -130.828416911 -2.6843647987 0.887590502453
-120.728 40.6183 -0.00156618946074 0.000194092084971 0.0261733525299 -0.0159870259074 15.7232 -nan 154.846306343 2.252584708 -1.43110147726
-123.559 45.9306 -0.000784589463756 0.00111324713056 0.0140680119264 6.10051317763e-05 12.0301 23.3208 -28.0812972478 7.30492965519 0.494807481461
-122.419 45.9325 0.00104320721225 -0.00121701394905 0.0070777671814 -0.00621689828333 49.7891 17.0924 -8.00890476899 -3.25265981846 -0.158663743127
-121.459 45.8839 -0.00137732973935 -0.00235835474197 0.0155547962733 -0.00803968881348 37.9577 18.1204 166.326489485 22.012663066 -2.37380859272
-120.782 45.7664 0.00131706496906 0.00219031157592 -0.00581120246211 0.0123721040605 3.18475 3.20447 2.78608754515 19.6786396265 -2.50105160527
-119.928 45.8951 4.28347511158e-05 0.000943568522789 0.0155645457763 -0.00945980356359 11.6439 12.2377 210.660595696 -2.18333402037 0.925088333246
-118.777 45.7971 -0.000805881946515 3.4290026732e-05 0.00446167874733 -0.0081437164173 20.8273 30.2507 -133.842161825 6.37669279869 0.0658159104531
-117.909 45.7087 -0.000486491446559 0.000362023850404 0.00145234650779 -0.0135571120016 9.36258 14.0728 -134.948397216 3.9115030915 0.377860187133
-117.228 45.9734 0.0012191620055 -0.00136151688675 0.00773281014656 -0.0133001140267 6.78125 7.26519 -9.40585195214 -2.49987639876 -0.119100826288
-116.155 45.8883 -0.00159838223068 0.000363986343474 0.00936095444008 -0.00236129232188 20.3605 17.1914 201.312030732 10.6820247192 -0.211113458222
-115.255 45.7565 -0.00198469455634 0.00123721045753 -0.000268374450656 -0.033549219237 18.4432 -nan 145.888941567 -5.21729676364 -1.59276553876
-114.332 45.7893 0.00455321535675 -0.00250616462427 0.0103949018843 -0.00731029887668 16.6278 16.939 30.5500735002 31.3533290597 1.7333934291
-113.37 45.8122 0.002580441041 -0.00131915323341 0.00494603606244 7.24999402097e-05 114.116 12.5484 97.5517653431 18.8551737489 2.88963253387
-112.493 45.8409 5.0468733639e-05 -0.003854857093 0.0053238910996 -0.0131227768722 11.4762 9.58344 -26.1732947241 -26.203593269 1.6230265921
-123.281 45.3153 0.000179645175696 -0.00291541692544 0.00948291898344 -0.0099968390766 12.7887 11.7212 -56.0470313559 -23.3272420809 -0.879321972993
-122.478 45.2059 -0.000546727328813 0.00150530389706 0.00437496336666 -0.00907101232582 19 14.3026 24.788301207 0.571537980901 -1.1815582614
-121.317 45.2422 -0.0012184927311 0.00153352524519 0.0101421688039 -0.00862746391555 22.5484 17.6265 4.16978707432 0.993688088266 -0.320786646485
-120.635 45.2357 -0.00347053726516 -0.000299728663045 -0.00565055247299 -0.0170827669591 11.8804 15.0855 -131.424523185 27.4828979814 -0.124217236925
-119.669 45.2664 -0.00194084826484 -0.000660472692535 0.0108868240935 -0.0183580258891 20.7013 27.4134 -6.66229320864 -13.6506009149 1.92998459599
-118.96 45.2904 -0.00358277805262 -0.000393119015457 -0.0107470991774 -0.0229525999474 45.633 -nan -127.861876715 27.5165148454 0.105568159029
-117.78 45.2781 -0.00537975244578 -0.00237040162761 0.041255348853 -0.0156183829055 16.8093 -nan 67.5951905781 -30.5907335877 -0.0680422183294
-117.12 45.2925 -0.000653093882573 -0.000162994143294 -0.00754638890079 -0.023493593501 12.7401 -nan -108.295519809 3.81813964358 0.175730089487
-116.268 45.3997 -0.00186692812942 0.000479808691188 0.021534756908 -0.0134775445478 26.1859 -nan -109.056710725 14.4267612598 1.32917869586
-114.233 45.0931 0.00324095106754 -0.00412961714424 0.0108540886093 0.00622854684963 86.2538 -nan -69.451598421 -37.8396829871 -4.4302397274
-113.46 45.2432 0.00255196275892 -0.001327623386 0.0129156807885 -0.0106730418213 24.8339 15.4418 55.735824778 21.4163628778 1.99799461617
-112.489 45.166 0.00037330926893 3.45590654168e-05 0.011019199262 -0.0123339783128 11.6894 8.69867 -28.1630696853 1.35907692641 -0.35614187516
-124 44.6764 0.00199361883126 0.000640459052329 0.020802127848 -0.00915074204462 9.87719 8.61671 24.6460371013 16.8949171179 -1.39751729435
-123.292 44.6765 -0.00186534028607 0.000993454160744 0.0088815821219 -0.0046812292467 10.0354 8.58416 -0.195354259552 -4.0304583743 0.731836071956
-122.186 44.6837 -0.00106737213455 0.0012597784787 -0.0111700332384 0.0123989250399 32.8215 42.2069 175.157246497 -2.6880267213 -0.0654965453646
-121.227 44.6473 0.000958140152189 -0.00110890952331 0.00742756530476 0.00752059635377 29.2178 33.6105 -126.267714352 -8.69054263294 -1.22298321019
-120.335 44.7344 -0.00202992887859 -0.000572078953893 0.00923420451562 -0.00613920824374 22.4063 12.3537 4.77710767201 -15.1119882938 1.75874544067
-119.565 44.5913 -0.00390635092125 -0.000541054249252 -0.00104579065289 0.00473401667239 33.3827 51.065 201.592151444 29.8550404442 -2.04270761741
-118.67 44.5191 -0.000451544530165 0.00183060188154 0.0025644520342 -0.00417470678615 89.1449 -nan -24.6373784455 12.0308369766 -0.241971653213
-117.664 44.6653 -0.000213486372026 0.00165920446245 0.0372188484649 -0.0234813937495 7.86046 7.71989 181.052835799 -7.40648693109 1.086871855
-116.747 44.589 0.0045888841152 -0.00303012530567 0.0318453292555 -0.0174074058231 17.8717 -nan 73.7030124302 42.3053407193 4.97329465869
-116.013 44.7035 0.00270617010116 -0.00452502930586 -0.00572471468497 -0.0260567134451 28.0921 -nan 199.336252915 -5.98464563387 -3.15458775718
-114.855 44.5494 0.0036102540268 -0.00197941407195 0.00177511008926 -0.0185256898794 25.7469 11.4586 16.076897493 18.667492044 0.295792888841
-114.255 44.5642 0.000488088641205 -0.00232862099497 0.0120116040057 -0.0109469020405 20.3241 10.026 -9.49070320781 -11.0301327151 1.13651689532
-121.551 36.3887 0.000758232714038 0.000289824981388 0.0108151227629 -0.0164151614522 12.5219 11.6744 -20.0797894045 3.98334317499 -0.811735991797
-121.461 40.8161 0.000328329695173 -0.00454924931622 0.0229257967326 -0.0164194869164 10.9056 37.4421 -54.5008560789 -34.6758348326 -1.27057981646
-119.023 36.6801 -0.00036298275983 -0.000493632665231 0.00970299622436 -0.00656393162152 6.30506 6.16126 9.50841046606 -4.23661134084 0.61264290772
-123.83 44.0035 -0.00061995412566 0.00202245725062 0.00407822975566 0.00468512747059 12.2003 -nan -49.3047558953 16.8328146769 0.896153516081
-123.278 43.9726 0.00327207989954 0.00367858840913 -0.00290914781369 0.00366798937957 32.7898 -nan 158.791363166 -36.8399110899 4.35447344144
-122.411 43.7941 0.000767825821417 -0.000263218441569 0.0135769088093 -0.0166200769503 13.8697 10.3316 -15.102550851 0.944589626191 -0.561246231801
-121.268 44.1626 -0.000624232662949 -0.000137524635416 0.0181851421166 -0.0121431874866 10.0461 8.31598 11.4910911165 -4.6728967966 0.470713140234
-120.211 43.9437 -0.00297314818641 0.00121154117985 0.00292325213776 -0.0103077519846 17.6836 21.2259 179.943087908 9.48589611751 -1.28108062683
-119.504 44.082 -0.00309682631049 0.000351149480205 0.0129198448105 -0.0157582198897 121.712 -nan -76.2422752526 14.8818537513 2.83033510532
-118.569 43.9104 -0.00286662138935 0.00111276137467 0.000158921680991 -0.0117388364842 20.1989 82.9396 220.281030332 21.5571728793 0.914238442248
-117.741 43.9733 -0.000922180645431 -0.000357228924223 -0.00361285937043 0.0128263350787 9.25385 25.8866 -0.0401378246614 -7.04709477203 0.893824373177
-116.803 44.086 0.00563447594675 0.000294732805472 0.0110957581307 -0.0016768726764 13.8283 15.5576 118.391913481 8.39039524923 5.39036306191
-115.958 43.9121 0.00341227564341 0.00121188436829 0.00493368252268 -0.00986288471353 13.2616 8.15495 41.778648182 25.9484309782 -1.2169066632
-115.133 43.7945 0.0018288657932 0.00131236250731 0.00479558185617 -0.0118918719796 16.3615 8.88634 24.1537671056 16.0936218882 -1.78951819164
-114.117 43.9146 0.000701710543167 0.000697268069217 0.00914819263425 -0.0031625685234 21.9696 11.2605 -14.6951622669 7.30863233042 -0.975103565164
-112.485 43.9997 -0.000845704889001 3.53086719189e-05 0.0157192409976 -0.0115287040234 19.4504 13.3885 6.82110389023 -5.19890155236 0.415960869983
-111.487 43.8756 -0.00151537919335 0.0007375810093 0.00724585586674 -0.0281511276306 14.9507 11.6311 -19.8425497186 -1.39734106754 0.883874380479
-123.575 43.3654 -0.00218721373039 -0.00027508050584 0.0150920214053 -0.0023206219322 16.6233 12.1094 -16.1729727137 -9.42754565609 2.09653041199
-122.965 43.3717 -0.00207797831734 -0.000409330047999 0.00688519203427 -0.0180829870562 39.5063 -nan 72.0633088265 -13.7955308696 -0.468484112187
-122.109 43.2406 -0.00150750161965 0.00415982208093 0.0118872225598 -0.0100012912103 19.3622 20.5799 -28.1774870538 28.865991532 0.427440294324
-121.236 43.2843 0.000636848978868 -0.000469326765229 0.0139027261356 -0.0173424495946 18.1744 13.8561 147.691251909 2.6616756616 0.535553292888
-120.153 43.2515 -0.00134215414072 -0.00110720569251 0.0116563505002 -0.00708933473032 35.8695 13.0149 -14.456855352 -12.6669162443 1.71484603248
-119.311 43.3736 -0.00304715709176 0.00177139097617 0.0111312492982 -0.0143869387728 18.7327 -nan 206.478774126 18.0185467048 0.712178024761
-118.474 43.358 0.00110695353122 0.000582551670272 -0.00652017568124 -0.00410612738772 12.8904 -nan -21.8651305359 7.54597609843 -1.24801405505
-117.754 43.3471 0.00379568652329 -0.00351378928307 0.00943910741126 -0.0159847852764 17.2109 -nan 200.383310435 -16.0787620581 -1.73073669957
-116.767 43.4275 0.00162801917846 -0.00259800044625 0.0112307596546 0.0021110188737 80.4344 -nan -56.6948996051 -21.516244905 -2.03115680729
-115.828 43.4151 0.00231513344619 0.00412058615304 -0.0103278479321 0.0125865142739 39.3358 -nan 58.8498373724 7.63983947949 -3.26539627162
-115.098 43.25 0.0040005100674 0.00267783914703 0.00266481864314 0.0110386557799 186.577 -nan -33.4686357824 27.2745773704 -4.56454065037
-114.174 43.3979 0.0010569123907 0.0015113995568 0.00411722382937 -0.0049879555319 34.6259 19.1666 2.28495680408 13.1659010087 -1.84154360602
-113.518 43.3234 -0.00029014540457 0.00132835438205 -0.00107479501128 -0.0113105359267 32.5104 14.4751 12.6543464433 2.58031795551 -1.04980633552
-112.433 43.3998 -0.00122296970202 0.00203731969663 0.0120478400643 -0.00417682058891 41.2451 18.3677 3.09179097342 1.43325360851 -0.942031104228
-111.612 43.2741 -0.00139733973551 0.0022310413503 0.0142165591164 -0.00558289005627 24.9964 60.7175 -44.0372811137 14.7632992632 1.0758103666
-124.469 42.8088 0.000332995672522 0.000952399221537 0.01422627444 -0.00937465041647 8.97899 8.6088 2.37501000517 7.40747818422 -0.891692105563
-123.49 42.7667 -0.00049102770419 0.00114740968505 0.0216792646269 -0.00605246267929 38.4162 19.8386 -30.2729261657 8.20593111165 0.263238825341
-121.731 42.6133 -0.000644701067362 0.00154118794776 0.0172550243846 -0.0191905376541 15.4536 -nan 201.229865774 -0.765217091154 1.10138397823
-120.893 42.7258 0.000589300430993 0.000681045949001 0.00174771478543 -0.00341341073232 29.9722 14.0117 195.91972047 -6.64892675033 0.88623437438
-120.251 42.7991 -0.00102562678158 0.00167296958902 0.00893145077234 -0.0138853747606 30.9728 13.1565 -25.395801614 9.74881922236 0.437105377759
-119.247 42.6912 -0.00137909744918 0.000412284009213 -0.00318421759748 0.000712861228884 37.5717 -nan -94.9909054698 10.1651965277 1.2007742683
-118.486 42.7308 0.00418098462315 -0.000135019250473 9.31489588071e-05 -0.0014253201338 21.3309 -nan 99.9190248253 18.9651027673 3.52130822616
-117.725 42.6996 0.00472190809435 -0.00241687196628 0.00541936744206 0.00122757272561 73.8486 -nan 100.942801128 34.888270053 5.27801176477
-116.87 42.7779 -0.000432302847006 -0.00153304143277 0.00690302374159 -0.00993205997376 11.8659 11.4577 -15.5327978241 -11.5871540984 1.16914263809
-116.032 42.7713 -0.00151129179884 -0.00276167708475 -0.0109600319075 0.00637047329906 46.3125 -nan 87.9821791438 6.93342213629 0.844997562696
-114.903 42.636 0.00170042941842 -0.0021123544321 0.0079083185594 -0.00185746398981 33.5001 -nan 20.1041502396 6.12659847882 1.35653698723
-114.084 42.6493 0.000949430438963 0.00156197924574 0.00240236953423 -0.00298155165174 27.15 23.0466 -4.84984299929 13.1511131453 -1.77315703242
-113.176 42.5452 -0.000723592181311 0.00434710679141 0.0035311612223 -0.0111379453041 16.4817 -nan -4.05010827703 18.2185298716 -2.64036744361
-112.531 42.6852 -0.00228546567796 0.00287298839428 0.00602373490332 -0.00189379949835 18.369 18.2036 6.12240844402 -2.60871321463 -1.16907511111
-111.588 42.8321 -0.00111920514893 0.00168823711615 0.0105732019404 0.00798875932283 6.2468 6.47441 11.2219902979 -1.70478098798 -0.999075127235
-123.602 42.156 -0.00146840483112 0.00149801939237 0.0365330725788 -0.0170737807195 23.444 30.1346 -51.0222898938 13.6843319977 1.70638004489
-121.891 42.175 -0.00047410473451 -0.00131095036931 0.0201826242636 0.00944923093934 90.9546 -nan -23.0013976511 -10.8788732915 0.883773903234
-120.834 42.0472 -0.000424350014349 0.0013831513925 0.0100421844278 -0.0102533684833 29.2619 -nan -68.6334833167 11.0683382117 0.974794404296
-119.34 42.0187 0.000438365710732 -0.00132150993868 0.0147391494151 -0.00682912041551 38.5913 -nan -78.7498722057 -10.2348904037 -1.10438469983
-118.344 42.1901 -0.00103251893734 -2.90520599734e-05 0.0116829761791 -0.00478899747537 46.3772 -nan 50.9114626582 -7.76680765104 -0.0870754184612
-117.667 42.0192 0.00409796960928 -0.00125781104875 0.0125521672246 -0.0045317381915 35.1076 -nan 33.2142340787 28.6063955167 0.475102489847
-116.471 42.0773 0.000320875019179 -0.00274783846715 0.00674018019441 -0.00236816231837 27.8189 31.879 -23.8131696339 -17.9137395145 0.794771139567
-115.754 42.1669 0.0019438109975 -0.00454785690193 -0.00314687245095 -0.003039245761 35.0488 34.8247 73.4099317072 29.9386250231 4.8964148474
-115.016 42.146 0.000676280683111 -6.23904856347e-05 0.00890632664578 -0.00953185337729 12.8755 7.66793 13.5688224602 4.20707582936 -0.261621583915
-113.944 42.0886 -0.00411860859889 0.00320446452682 0.00692181811321 -0.00738149195463 38.1 -nan 41.7018348358 -30.704194587 -3.2878823459
-113.24 42.0343 -0.00132271541644 -0.00104708994342 0.0119667514153 -0.0133238148563 11.3817 36.7898 194.914732146 11.9767834464 -1.50775533422
-112.386 42.0041 0.00210192785038 0.00142098097296 -0.0017893670546 0.00541282152219 9.33965 10.1788 -23.2043804232 16.2026972798 -2.52148476611
-111.432 42.0149 -0.000791521868979 0.00123408297189 0.0204732756553 -0.00730833769446 24.1523 22.8231 -11.2011118492 3.04083282709 -0.201771878605
-120.74 38.7552 0.000423972318984 -0.001370155597 -0.00843287602724 0.000488227720336 16.723 -nan 34.0922729861 0.699414139114 1.23391458151
-124.122 41.8473 -0.0005800825996 0.00141081532223 0.0198752210735 -0.040218963203 9.80287 10.2245 -41.7556940587 11.2694097902 0.610811451103
-122.854 41.392 -0.000113649304545 -0.000666778353673 0.0275367890943 -0.0212397290398 110.572 34.651 82.3361475782 2.15602227725 0.491061656209
-122.122 41.2742 -0.00276029516087 0.00127865649163 -0.00355416862 -0.00635627418464 6.21282 6.72653 -1.73877776335 -6.27319210454 1.27892787667
-121.839 41.7826 -0.00030186936118 -0.000502971802711 0.0223533394618 -0.00607683215077 24.1499 12.319 -113.599615634 0.961021176885 -0.378844924276
-121.146 41.3593 -0.000575103231253 -0.000534436142893 0.0188408042637 -0.00447631958651 16.7802 100.552 121.290077405 2.74961486953 -0.407449314012
-120.477 41.2047 0.00159781419179 3.79253146346e-05 0.00554529845474 -0.0246042363363 12.3866 16.9104 14.1977898537 10.4684970769 -0.888131550304
-119.171 41.3884 -0.000721893450854 -0.00184117059243 0.0071211423945 -0.00257418142572 16.5583 23.8763 -75.6286694634 -9.13516480838 -0.330975639347
-118.379 41.4483 0.00225982638383 -0.000145358350445 0.00390536533278 -0.0135095057404 12.4318 -nan 166.849562494 -8.13520962836 1.83607493084
-117.45 41.423 0.00405349320564 0.000569644159844 0.00683340355754 -0.00680799560764 23.0643 -nan -24.1701742955 15.2826662161 -3.9727981951
-116.54 41.522 0.00177654489004 -0.000579689978049 0.00393551609061 -0.00816485686765 32.7327 10.4026 23.0519050572 10.9405902404 -0.0629194350623
-115.791 41.4311 -0.00180821060695 -0.000866483138962 0.00869283968522 -0.00963613180034 14.0299 8.34225 -1.20294532579 -14.0863210985 1.87458362581
-114.915 41.4157 -0.00794466359251 0.00532182118509 -0.00299928485269 0.000406094044521 25.4781 -nan 121.305967625 -48.8481335116 -8.76899014317
-114.165 41.3602 5.93470724047e-06 -0.00184830123297 0.0105466652459 -0.0235740152673 24.4348 -nan 218.653479093 0.496505628601 -1.84658031863
-113.347 41.503 0.00245665620385 0.0027896781327 -0.00377335309373 -0.00439166112466 9.8605 10.2132 11.6741070735 25.3282795632 -3.62352670119
-112.448 41.4632 0.000739841399258 -0.000930588685 0.00208764930827 -0.00460603168758 13.066 8.48464 -30.4362858635 -4.44851389034 -0.372321402754
-111.63 41.3146 -0.00170740837661 0.00192644688368 0.0107440381145 -0.00580780791577 18.3367 8.75851 19.4165347534 -7.00276247268 -1.25815499057
-123.306 40.822 -0.000879817478878 -0.000962396397925 0.0266286830231 -0.0109561203486 10.8089 11.1353 -58.4723955822 -5.08070287789 0.548348730543
-119.835 40.7484 0.0020139104488 -0.00793970749214 0.0143952142949 -0.00338203603268 19.5296 -nan -61.758743517 -61.8804012124 -4.36071086717
-118.971 40.7797 -0.00225312339576 -8.5072124641e-05 -0.00384074179189 0.00108386611234 23.0741 24.354 49.4783537512 -16.8566158371 -0.0747181860586
-118.134 40.7811 0.001992769819 -0.00646904603797 -0.00374343180107 0.00341607367291 34.6311 -nan -10.0209708911 -30.8423235294 2.1112552519
-117.524 40.852 0.00391056673744 -0.00135080818458 0.000691411553107 0.00300085801813 29.1144 -nan 6.45549413365 16.8879448981 -1.32060790883
-116.508 40.7186 0.00070780868174 0.000723499969337 0.00587654142815 -0.00194528980005 22.1631 11.216 -4.92032784255 7.45219104307 -1.00991022671
-115.736 40.8167 -0.00372350922568 0.00321384549588 0.0102846978934 -0.00740521706942 15.8522 18.8552 -9.52552983339 1.80218311687 0.961042193754
-115.039 40.8522 0.00188689184143 -0.00061125604513 0.00959581828755 -0.0193947456744 14.3836 -nan 163.905390642 -3.51525500372 1.2760893272
-114.204 40.8556 -0.000962863019749 -0.00155048127343 0.0108564529897 0.00554636665267 7.78164 8.93997 8.55629122252 -11.9363533258 1.82497717078
-113.187 40.8513 -0.00149260339261 -0.000987079430731 0.0144634641813 -0.0272516000441 21.53 68.9669 152.968416366 10.7035918598 -1.75829590078
-112.52 40.8903 0.00351897442168 0.00445854554047 -0.00147346215626 -0.0104566697617 5.57725 6.03692 -11.5890941416 40.6751314618 -5.53711708213
-111.437 40.8869 -0.00195282957865 0.00358788592045 0.004831226577 0.00399645343958 9.41941 18.7266 44.8567081788 -16.5859605745 -3.78055705522
-110.834 40.9425 -0.000227093760912 0.00119865922384 0.000424961488619 -0.00405195030128 9.8791 10.4789 13.4051052961 2.06442308663 -0.99579843359
-109.673 40.9763 0.000478250136166 -0.000328373934476 0.00288618169346 -0.00926096482953 6.19569 6.26501 -3.82330241494 1.04414555974 -0.0626257325158
-123.82 40.1398 0.000315691376008 -0.000447530182154 0.00437557624854 -0.0252295167265 7.45376 7.4518 -38.7150670206 -3.4112399712 -0.303248184566
-122.788 40.1767 -0.000767050384127 4.99545602292e-06 0.0117340189577 -0.0222283089977 41.454 -nan -46.7768595535 0.617663315467 0.763852763432
-122.032 39.9971 0.00454952280752 -0.00330495331519 0.0109211092978 -0.00979002447707 37.768 -nan 92.5229263517 42.5756111586 5.54213966815
-121.086 40.32 0.00165973078301 -0.0083641824946 0.00522721715463 0.00759926225051 17.5395 -nan 220.451598297 -4.87467324742 -8.10335643086
-120.918 39.962 0.00368523888138 -0.00505235741087 0.0103044025748 -0.00327163062829 27.79 16.8227 36.7232117553 20.3997215086 4.28753781255
-119.827 40.165 -0.000520416149082 -2.37190388707e-05 0.00873829933964 -0.0108282591679 7.87414 6.04144 -14.846154116 -2.04386550479 0.467415304958
-118.877 40.1614 0.00221208148621 0.00114392738565 0.0226849072738 -0.0210202183213 16.3895 17.7948 167.18776687 -15.9409516139 2.48326763978
-118.155 40.2903 0.00292900234979 -0.00394537386227 0.00831656841155 -0.0040660947746 18.9026 13.6425 12.3568586738 2.6092703168 1.75429220774
-117.19 40.1697 -0.000585193116732 -0.000240079386668 0.00504343530218 -0.00604237315017 13.5614 10.4192 6.89438105196 -4.50385568643 0.544710319941
-116.5 40.2917 -0.00244179227075 2.59593167738e-05 0.00603040839072 0.00143520356109 13.5207 16.5502 13.7698449452 -15.4769879858 1.18409686663
-115.657 40.1313 -0.0022151066977 0.00187502641515 -0.00821977154117 0.0106616669495 22.9833 -nan 13.9645321699 -7.57754850933 -0.580207931221
-114.745 40.2679 -0.00226574018236 -0.00250792399769 0.00640310025281 0.000753374246307 8.29236 9.73579 20.3457384872 -21.8869403388 3.16311245736
-113.981 40.1314 -0.000920774343526 -0.00103154436184 0.0278156225314 -0.0125385967416 225.152 115.911 58.2504650259 -4.14060426092 0.715312423915
-112.469 40.2807 -0.00163613710213 0.00343930517739 -0.0101256637704 -0.0117002893902 6.64158 8.29113 -33.3341315505 19.9888690426 0.562057547068
-111.502 40.2067 0.00121033765834 -0.00143126548694 0.0124611020728 -0.0208926889439 16.9575 -nan 188.047791508 -2.16685087578 -0.610298058511
-110.738 40.1948 0.00473567675167 0.00243210162432 0.0140039863116 0.00145537310728 7.5044 8.99755 28.7228156696 35.5156487176 -3.17172258466
-110.008 40.2655 0.000471951036121 -0.000133604652284 0.00832634526758 -0.00784856433738 8.83233 7.47234 -4.850585963 1.81059289498 -0.218347797612
-123.338 39.469 -0.000905118876818 0.000462372686605 0.0132063632273 -0.0188344515536 8.05752 8.87841 -13.6478395085 0.0284930856205 0.598689662312
-120.608 39.3028 0.00115321576727 -0.00116810094025 -0.00138518236217 -0.00109653540889 51.7415 20.6011 17.9632056377 3.2583704223 0.454224449182
-119.898 39.6785 0.00138105721208 0.00415809286976 -0.00485646120247 0.0130727217394 20.7891 45.9919 -53.0315448671 28.9977562329 -0.669898445613
-118.889 39.5399 0.000656918090096 -0.00496976757559 0.00807632705694 -0.00396603549901 14.1541 -nan -6.34099241712 -26.082351272 2.53751050309
-118.08 39.6946 -0.000314207346414 -0.000949504939392 0.00828979267388 -0.00297474093127 15.2318 16.5623 13.2976452086 -5.6537927186 0.973084175061
-117.14 39.5516 -0.00178339901659 -0.000923932857135 -0.000246446792451 0.00435160990397 23.6532 18.4947 7.28821872916 -14.4880239822 1.80956439179
-116.464 39.6202 -0.00153922310001 -0.000708116187231 0.00344613869753 0.000469340221447 14.8511 20.7898 -1.63729323161 -11.5521105552 1.59114337797
-115.754 39.553 -0.00121229666221 -0.00208299576202 -0.00383772423573 0.00340779243112 16.1556 29.1745 23.3688102927 -13.3079701296 2.36880733043
-114.908 39.4731 -0.00181358724939 -3.50648710466e-05 0.000564471367232 -0.004303898404 10.7121 9.32438 -8.32532506296 -8.46603866924 1.42240678336
-114.016 39.455 -4.75418693062e-05 0.000550793941581 0.0137494105595 -0.0074567128609 22.2976 20.2785 181.685478547 -2.24657386556 0.393293601139
-113.069 39.5906 -0.00128313198827 -0.000674948641565 0.0214346277897 -0.0118448480766 15.2533 11.8997 119.356495154 2.93549265971 -1.12870125846
-112.279 39.5708 -0.00868206606112 -0.00234009711061 -0.0230272264424 0.00053130406555 3.60216 4.35217 -18.3669736924 -46.2379895141 8.60855829812
-111.66 39.6092 0.00116693864351 -0.00148579048684 0.0161661729005 -0.00295759682115 14.7117 -nan 127.20585223 10.6815343863 1.21705111217
-110.74 39.473 1.04461908111e-05 -0.000991305785333 0.00988579343784 -0.0145876829943 44.0323 -nan 177.880695863 4.41153299969 -0.747473305519
-110.246 39.6279 0.00350571066976 0.0041511765548 0.0129526102878 -0.00195346464424 8.41626 17.0938 -8.02708424686 37.5693469063 -5.4069069775
-122.015 38.6333 0.0023555229732 -0.0034526801559 0.0200382202876 0.00307534218229 16.9907 -nan -56.4527526557 -29.7991828999 -3.17390477344
-121.377 38.839 0.00140141619606 -0.00120319322979 0.0125327457536 -0.00704880151713 18.403 16.2447 15.3179835647 3.97284964828 0.254152778043
-118.808 38.9383 -0.00043385499397 -0.000927327833891 0.00517398162734 -0.00496906297633 12.9688 10.3543 -25.3325639404 -7.49822200768 0.709959285064
-117.932 38.8606 -0.000558435909531 0.00114233751095 -0.00273900437246 -0.00288652010363 24.7603 -nan 29.9665321142 -1.76006104638 -0.95694622017
-117.182 38.834 -0.000310177183368 -0.000789133901937 0.00450249483178 -0.00610759473005 12.9824 13.1261 -5.51917262133 -5.83460430279 0.745079936009
-116.4 38.8247 -0.00230940931689 0.00016446945726 0.00145583262876 -0.00488249061946 16.5431 12.4762 8.59121339432 -12.9306880151 1.19574289848
-115.654 38.8455 -0.00244686213528 -0.000978156767653 0.00359304727883 -0.00331911031943 15.0227 11.7295 5.32120747886 -18.1602293222 2.27177445398
-114.83 39.04 -0.00258004024903 0.00150615863362 0.00216233283929 -0.00208618091618 20.1925 22.83 -3.37131988595 -5.1841991508 0.792094452162
-114.02 38.9551 -0.00566257960585 0.000561704012746 0.00693401908538 -0.00430331952473 9.86708 18.0608 8.32874960858 -31.3597888066 2.63415051325
-113.277 38.9882 -0.000262436409899 0.000538413007972 0.00670263254563 -0.00681812998664 21.1991 16.3138 121.178044331 -4.04870955711 -0.349375503446
-112.379 38.9995 0.00028370261748 -0.00128757591738 -0.00111039204066 -0.010144465166 54.1691 17.7098 -100.644039356 -7.23961618246 -1.17588294662
-111.172 38.9176 2.61983988512e-05 -0.00140160940865 0.0118592448243 -0.00396824272094 50.7913 -nan -2.08658915717 -6.22774825773 1.04033194552
-110.133 39.1025 -0.000450315488659 -0.000543457482694 0.0140881338054 -0.00787027509453 20.5085 -nan 148.271382744 4.58353160518 -0.611441371105
-109.263 38.9553 0.00295003986419 -0.000248853877716 -0.00320741905238 -0.016499339061 7.28991 7.62931 -41.2534061058 2.40187422701 -2.83896289069
-120.936 38.2571 0.000671448081142 -0.00268546255016 0.00889377075532 0.00663168449483 16.736 39.5107 5.97399046523 -9.63766309809 1.55064564902
-120.076 38.7028 0.00221621783435 -0.00120219871475 -0.000509805605715 -0.00422706384265 12.4203 18.7311 18.8589159657 10.3065168947 0.0148629972646
-119.451 38.5226 0.000220857713088 -0.00103243977134 0.00677766665979 -0.00719217724048 15.8255 13.6758 -0.862635128644 -4.50124025869 0.536504822973
-119.047 38.089 8.95500926405e-05 -0.000568925884996 0.0115692027526 -0.0117987689914 14.1863 11.5 -19.3572907277 -3.52339000235 0.152773492904
-118.106 38.3489 -0.00235110301643 -0.00162608350257 -0.00751832408298 0.00460604711164 31.7974 29.6873 -39.8208750415 -13.2149563628 2.47800776929
-117.072 38.2397 -0.00167600177248 -0.000541697072206 0.00748907826137 -0.00282933078334 16.0659 16.6576 -22.5022947813 -8.30355505352 1.75455673883
-116.302 38.2886 -0.00193943581045 0.000614589517251 -0.00305781398969 -0.000490272271256 20.3636 -nan 3.72280076854 -7.78458795033 0.779983052032
-115.585 38.3489 -0.00141319760114 9.02396928122e-05 0.00734422882549 -0.00700277274971 15.8651 15.5066 -9.59531946647 -5.57736002582 1.07082561265
-114.608 38.3281 -0.00589474927055 -0.000941036951048 -0.00209886671983 0.00461288893173 20.1512 -nan 1.58330122246 -35.8942756422 4.55938679672
-113.969 38.1802 -0.000739813458699 -0.000283573745751 0.00835256929227 -0.0131861578187 18.0832 -nan 192.451695786 5.49873159282 -0.609606591705
-113.021 38.2987 0.000820226673199 0.000455351372595 0.00164976484085 -0.00488576418291 32.018 -nan 200.563254853 -6.46286399005 0.711696181944
-112.277 38.2108 0.0014493649302 -0.000562243372349 0.00296670137306 -0.00466148825284 96.6583 24.8371 13.4764017769 7.20765973635 -0.149761434267
-111.483 38.2843 -9.46104519574e-05 -0.000415094075657 0.003843126837 -0.0112173705317 29.1697 11.5827 -34.3094443448 -2.92459665945 0.207009203933
-110.711 38.4187 -0.00108800538015 -7.49607561292e-05 0.00256512336027 -0.00640720289305 162.184 30.5556 80.6890559677 -5.1928523557 -0.672731401881
-109.894 38.3862 -0.00102530380241 -0.000226327782989 0.00955858183445 -0.00120370580773 18.3114 -nan 109.983707253 -0.679771669973 -0.906033226069
-109.261 38.2916 0.00183442902393 0.00106093956689 0.00750086940419 -0.00110854976797 9.66844 11.5436 -20.3749144042 12.6927596506 -2.11747073825
-121.328 37.5049 3.75774322487e-05 -0.00173772966066 0.0114018720705 -0.00943947947857 14.9912 13.1077 -6.71228981308 -10.4236425341 0.962221270719
-120.33 37.346 0.000349040320481 -0.00210144068065 0.0103542386551 -0.0118521283846 43.0221 12.8551 19.724082875 -4.96273907373 1.69327017144
-119.849 37.8817 0.0017263003163 -0.00287743536416 -0.000617099590005 0.00959641326752 115.266 50.562 61.9423585421 17.6988682718 3.22415733248
-118.171 37.4993 -0.000345516451828 -0.00157216210186 0.00461916990721 -0.0125180822114 8.84051 8.49404 9.92538639428 -8.66245501642 1.47692796345
-117.225 37.7243 -0.00181572949028 -0.000653895581712 0.00773813310837 -0.00928527698856 7.6079 7.42918 14.2163713064 -13.5991432649 1.48788150116
-116.595 37.923 -0.00346229518242 -0.000844669660446 -0.00162308925976 -0.0122740390596 12.5539 12.7132 11.3056496823 -24.065985028 2.59087194539
-115.747 37.6444 -0.00126559084254 -0.000278460177507 0.00347535477166 -0.00539373137223 17.2618 46.7574 33.7771605367 -9.16140099967 0.48968344237
-114.849 37.6083 -0.00172443578055 -0.000397698223472 0.00436715081021 -0.00671878056497 11.1084 11.7026 -1.24400672503 -10.6449545082 1.48431049875
-113.86 37.5808 -0.00421363859394 -0.00156629207954 0.00479665545979 0.0007861009229 8.33488 10.0999 10.5083606181 -30.7086362498 3.53121929298
-113.168 37.7601 -0.00356293755338 -3.46208054674e-05 -0.00935488709293 -0.00653080814647 5.4131 6.01722 1.71523086731 -19.2207771035 2.29177243606
-112.363 37.6761 0.00108923646884 0.000482754040088 0.0126272317204 -0.00336526185454 45.6884 24.9897 97.4461041348 1.29942627516 0.650150117419
-111.596 37.7222 0.000319229292167 0.00163972357148 -0.00307836010253 -0.00471423721911 34.2164 12.4821 -28.0210696972 11.2076146253 -0.916141971219
-110.802 37.6354 -0.000895651146592 0.000876670040651 0.00569132872823 -0.00208002839473 28.1423 17.3568 41.0622042431 -6.28829890352 -0.908090631071
-109.995 37.6903 -0.000956494604197 0.00142204816486 0.0111753416915 -0.0232703000853 15.6275 20.0637 178.122100376 -1.24490841226 0.471513401071
-109.137 37.7459 -0.000131295035848 -0.000242477938658 0.00891333247531 -0.0106605134196 17.4931 85.52 -58.3161404397 -1.53081069549 0.106580139761
-121.786 39.2291 0.00178412202851 -0.00252154050032 0.0184863712318 -0.00364672214046 18.5445 20.9784 6.80475551524 -2.5264380367 0.707521379254
-119.709 37.0069 -0.000146312603923 -0.00128453071545 0.0111132322706 -0.0112770134409 11.7356 10.4518 15.1241673853 -5.87146085548 1.16577928607
-115.22 37.2408 -0.00176426864462 -0.00023227757546 0.0114547733675 0.00335582996416 13.495 12.2187 -1.31392473554 -9.95916526256 1.40325660626
-114.715 36.7256 -0.00340632010856 -0.00137101604423 0.0122675552364 -0.00154657040033 15.2055 8.34594 -18.1002924041 -19.7647287925 3.64442170054
-113.907 37.0195 -0.000179753061691 0.00026416063218 0.00827343040166 -0.00957814013384 52.4479 20.7511 181.885586687 -0.231206657291 0.0855247201798
-113.084 37.0615 0.000106016538678 -0.000419132611196 0.00125168798379 -0.0111669942618 52.1389 52.9723 183.40147564 1.19661979947 -0.265287697448
-112.382 37.0183 9.2061653245e-05 0.000946557867695 0.00624296354084 -0.00446964013133 36.7525 20.7781 2.71173553814 4.47336956691 -0.802502989292
-111.506 36.9839 -9.27758444474e-05 0.00159867655434 -0.000847301715709 -0.0125020598869 44.2315 -nan 190.161052921 -4.82680530602 1.34191773967
-110.804 36.9969 -0.000572019311907 0.00218065589725 0.0111138587215 -0.0158688827409 10.2699 -nan 209.139315195 1.21572553578 2.04647218972
-109.874 37.1364 -0.000228075848691 -0.00194232976744 -0.00999753654195 0.0136483850629 3.31123 3.44682 -0.162317361752 -9.28269240831 1.66265129722
-109.025 36.8299 0.00160695395923 0.00083232162359 0.0311096889095 -0.0242178251096 30.7616 -nan -21.1356880008 10.2316154622 -1.80554682259
-120.783 36.3627 0.000691346326548 -0.000157299104225 0.00463272029024 -0.0137374170497 13.2986 11.1607 34.8465695115 4.63945556049 -0.00858011542847
-120.12 36.3356 -7.23431314143e-05 -0.000140373719206 0.00640913598695 -0.0122634663765 8.33886 8.14066 4.73567144438 -1.07886780237 0.151943548832
-115.383 36.423 -0.000414442184378 -0.00105003134003 0.0119597031697 -0.00662574734732 11.6802 8.1138 -30.5607434385 -7.81333697506 0.684157824068
-114.539 36.4321 -0.00536045880333 0.00226305898477 0.00504535904712 -0.00656843851218 12.3253 13.6347 7.11564111586 -20.8846652958 1.29959785907
-113.965 36.4151 0.00049126157979 0.000839215007007 0.00444152965523 -0.0106162040646 24.5016 -nan 192.159786328 -5.81835411546 0.972428075496
-113.18 36.4182 -0.000463197977639 0.000394974731092 0.00301364258791 -0.0132810067053 77.9035 19.3221 211.994931578 2.66198502266 0.311465984266
-112.291 36.428 -0.000902961225848 0.00148259131181 0.00993593583999 -0.0107895202214 19.4811 -nan 200.979272308 2.33803999817 1.08745215893
-111.13 36.1428 -0.000332975117163 0.00126709070676 0.00843233672732 -0.00628859472135 47.8954 -nan 52.9465001678 -4.08193945617 -1.30957505212
-110.662 36.5996 0.000972592541954 -0.00867422765124 -0.00465280176423 0.00644662257096 3.64009 4.43047 3.78015818306 -28.3808736927 6.49989984824
-109.87 36.4199 0.00108154012589 7.32731485391e-05 0.0261010337167 -0.0278703413254 12.2786 14.3715 195.576185839 -6.79205837647 0.489749629712
-121.236 36.0214 0.000844114077679 0.000916357202101 0.0139920099379 -0.00321091447864 7.3268 7.25472 10.2412438472 8.99731874884 -1.2427893645
-115.43 35.8384 -0.00156870219578 0.00116464329353 0.00135689518863 -0.0147389239794 6.88124 5.23813 -18.3518079087 2.08253082459 0.84689258592
-114.851 35.7266 -0.00926286757153 0.00330858047746 0.0136331850698 -0.00830915551539 28.1477 -nan -135.368892821 64.0695433088 3.49897112684
-113.984 35.8522 0.00221555487446 -0.000411327274088 -0.00282930455095 0.0014292074686 5.97966 6.48469 -8.85760903099 7.22118353197 -1.47712976139
-113.105 35.6339 -0.00181176597582 -0.000567415697008 0.00444218997675 0.00340196210782 7.16027 7.73816 -6.89923588205 -10.9425687605 1.73687335401
-112.173 35.8191 0.000705354734199 -0.00786833079727 0.00314481814407 -0.0050352472703 5.82309 7.52414 -5.59707833954 -35.093149262 4.89816696055
-109.933 35.7113 0.00122918812498 -0.00360442148173 0.0094392487801 -0.01080361425 7.86845 9.23273 -3.65248738402 -10.0632501908 1.82501925066
-109.046 35.7147 -0.0025267722404 -0.00480559913655 0.00919652136131 -0.0159200675311 14.0342 -nan 30.4636710893 -20.4642656814 5.09623833315
-114.87 35.301 -0.00421592446637 0.00333405162096 0.0359567228269 0.019080584474 4.17771 5.53924 38.7219039455 -26.7612983961 -2.96151298012
-113.885 35.099 0.000407368070219 0.00228755277585 -0.00807533737142 -0.000993463473741 6.1049 8.27981 -19.8457101514 14.9940448404 -1.41257363111
-113.083 35.2127 0.0088657551376 -0.00530185064626 0.013918521718 0.00194552633502 10.9964 -nan 15.9305361771 37.807036557 0.860192789851
-112.267 35.1787 -3.37108003844e-05 -0.00263617941419 0.00671041543598 -0.00441934033438 9.3693 7.40261 -7.20891635513 -13.3072375319 1.77203607708
-111.532 35.0951 -0.00433050634581 -0.014303363839 -0.00463835084289 0.00863113266554 12.4003 -nan -85.0320060959 -60.1516694572 -4.8219714538
-110.713 35.0789 0.00291048700864 -0.0147610488523 -0.00474542751345 0.0123995023407 15.5122 -nan -138.868731525 -21.2357416761 -14.8216269398
-109.736 35.1181 -0.00247791556427 -0.00527037556897 0.0102637563373 0.0104135098173 21.9422 -nan -29.7409607563 -37.8322205156 4.22599394719
-109.388 35.1118 0.00268659767486 -0.0084356712568 -0.00660479431196 0.00757427171292 16.5159 -nan -47.7358058146 -53.5181590663 -2.13959418167
-113.83 34.5935 0.0057144167067 -0.00796383961544 0.00769410144154 -0.0175639298799 9.678 -nan -44.1884451156 -51.4783324158 -5.31043314424
-112.891 34.4692 0.00468784797858 -0.00515854549931 -0.000255515184063 0.00547078398055 20.2172 -nan -11.702466138 -9.29800800921 -0.74174113614
-112.237 34.4866 0.00588721764774 -0.00419531205726 -0.00166575812051 -0.00231091500833 63.957 -nan 59.4632389599 45.529163985 5.80413656354
-111.441 34.4178 0.0015026711848 -0.00242748699258 0.00514591324233 -0.013185649542 10.2441 5.85881 7.78539577617 -0.41458549307 1.21615915196
-110.806 34.3371 -0.00122412569821 -0.00293558215203 0.00105695325408 -0.0155779435503 9.35919 6.90453 25.9998794191 -12.4198940762 3.14654001704
-109.95 34.5293 0.000683095001695 -0.00418469508524 0.00404924232073 -0.0103772481055 24.039 14.6173 -5.54959849965 -15.9879976902 2.48185298449
-109.29 34.4275 -0.000491213391576 -0.00318278720073 0.00732467312395 -0.00646054562827 9.53399 8.30643 -5.30973772529 -16.4912306111 2.62859797376
-114.524 33.7503 0.00166781636581 -0.000805849386978 -0.00429916091093 -0.00510083892613 4.91936 5.46016 0.811046517967 4.46191124398 -0.551234651535
-113.829 33.8142 0.00596099475683 -0.00270891156613 0.00462420388687 -0.00793853851297 12.9392 27.9645 54.7444215334 42.4285908468 3.84151904818
-113.005 33.9383 0.00495996011863 -0.00495862327692 0.000470068299443 -0.0150884300596 16.4961 11.2041 -57.9145423257 -38.1288427821 -5.77169285989
-112.333 33.9535 0.00189906838633 -0.00213145968687 0.00697171271096 -0.0118084229998 9.68905 8.74804 18.5426567331 5.92112756753 1.20698983041
-111.478 33.8798 0.000780923841127 0.00105110413186 0.00306171143237 -0.00997636673892 11.6751 11.6907 19.8154536268 7.21632570553 -1.26265897201
-110.034 33.7776 -1.4050434582e-05 -0.000951383098488 0.0117670839293 -0.0174656320928 11.7286 11.1941 13.2108151859 -2.80514902341 0.85753513596
-109.254 33.9571 -0.00055984219782 -0.00111737222604 0.00604956973092 0.00105808056832 11.4392 11.1849 -24.5021387849 -7.97704216914 1.00076638785
-112.946 33.3627 0.00190378528365 -0.000520937204737 0.0073833205681 -0.00510898008219 5.56318 5.48866 -2.38585453349 6.40718843069 -0.978445247068
-109.266 33.2921 -5.78299168542e-05 -0.00142233742587 0.00744234729853 -0.00550852558985 8.08252 7.47236 -31.852080786 -8.62872486088 0.516796149493
