-112.228 32.7006 0.000844277720993 0.000794076391376 0.0028567132636 -0.0241791360122 3.11348 3.13249 21.5406022778 -14.7553785596 1.15430637266
-111.704 32.5618 0.000818972548975 0.00272809315372 -0.00698867657027 -0.0106174994101 3.52991 3.47851 17.902491687 -35.0273025007 2.22659325893
-110.739 32.5716 -6.93443864447e-05 0.00110471016167 -0.00363798764791 -0.00572061592418 4.30978 4.19169 -2.22415254938 -13.637487481 0.223156912484
-109.97 32.6399 -0.00335987797109 -4.20132270346e-05 0.00358832367491 0.016136031429 4.14781 16.2835 -15.344969112 2.5813496898 -3.35822733618
-109.303 32.7663 0.000767411421368 0.000477817241291 -0.0109085064398 0.000500453490049 4.8229 5.55466 -0.400562058884 -9.10008173532 0.877918711306
-111.457 32.0022 -0.000282185188294 0.00151859337235 -0.0440015808988 0.00669136921053 9.74868 12.1498 10.3613806711 -15.8750189629 0.439610498743
-110.816 31.7748 0.00103977542386 0.00104475098299 0.0793989978165 -0.00339894892083 1.8572 1.84224 -7.91320685396 -15.5904534358 1.19184559674
-110.046 31.9737 -0.00137742370651 -0.00161250472596 0.0654895742804 -0.00877684727788 2.03245 2.001 -13.5494796471 22.3465200864 -1.48820054052
-109.259 31.9989 0.00213575584609 -0.000348269497258 -0.0173913531089 -0.0217216504172 3.89167 3.98065 27.6428172653 -16.9621681279 1.23954968203
-109.991 31.439 -0.000401797754191 0.00159069337197 0.00905067433774 0.0202736182137 3.58526 3.52326 -23.4044353112 -21.3106649296 -0.566526111798
-109.281 31.3757 -0.000268061132352 0.000911164833066 -0.00843824813586 -0.0125258175217 3.78389 3.7916 25.5974457239 -6.29955345656 0.431467350802
-122.707 48.7197 0.00110793854037 0.00178617795031 -0.000251844519211 -0.00528343381913 3.817 3.82621 2.69832700625 -23.4580380471 1.58497153049
-122.085 48.9983 0.000830785218937 0.00124050996278 -0.00120534958039 -0.00044323165641 3.57325 3.47363 -1.3385161321 -16.2205744668 1.10018248952
-121.48 49.0983 0.00165753229233 0.000872916376503 0.0114255626827 0.00353680314791 2.81914 2.8124 -5.93665452699 -13.1942338605 1.77953151387
-120.384 49.048 0.00070494426188 0.000780326088871 0.00144902162652 0.00243742994238 4.37319 4.17817 -0.366923640255 -11.0412530868 0.892723677243
-119.272 48.9534 -0.00119168207509 0.000651651746929 -0.00904461278813 -0.000658922236269 8.14669 8.18183 27.176289637 4.3378892538 -0.395186052019
-118.585 48.9752 0.0012442993104 0.0014178165168 -0.0226767065628 -0.00697300988184 5.83904 7.26499 20.3375196606 -22.2623249095 1.8542477644
-117.559 48.9813 -0.000126594557948 -0.00039126959778 0.0121497740051 -0.0052751788347 3.17758 3.15981 -1.89625338286 4.88871015799 -0.233925237391
-116.363 48.958 -0.000411141248375 0.00216984902464 -0.00405064736628 0.0224953513601 3.73574 3.73591 -26.5950523879 -26.3872112391 -0.672002644173
-115.653 48.9339 -0.00102541276861 0.00167139925332 0.00505101428681 0.00993891624995 3.17307 3.15985 -15.6274918724 -19.0525382433 -0.889300664195
-114.413 48.933 -0.000462800461784 0.00124112292757 0.00703535141708 -0.00331310749807 3.32456 3.29426 -5.71343133895 -12.9836498135 -0.114256812913
-123.504 48.0575 -0.00135619804922 0.00145118571311 0.00135116684121 0.00565323450431 3.86327 3.91127 -6.12433393212 -14.4979212954 -1.15431286681
-122.096 48.2641 0.00173386556049 0.00418494447682 0.00110977773902 -0.00362769092248 3.45443 3.58063 1.78227499604 -52.2378146417 2.85653441792
-121.484 48.5183 0.00222048570203 0.00315890548662 0.00364027298318 -0.00390406081593 3.56417 3.48811 2.10619575247 -42.7928030157 3.06594524798
-120.12 48.4607 0.000916406439148 0.00290188014196 -0.000117580530155 0.00789323160829 4.34432 4.21032 -13.9403104363 -34.4684965744 1.04129849989
-119.333 48.3584 0.00030783754508 0.00245835741298 0.000464107495132 0.00219287896483 4.29965 4.23982 6.21191180931 -28.0588608694 1.25277167849
-118.149 48.4226 0.000423591116987 0.000196467230641 0.00210651144927 -0.0050193436531 4.14541 4.06876 15.1480419502 -4.70125220425 0.462089909048
-117.225 48.2995 -0.00135781581381 -6.8892250608e-05 -0.00667941280792 0.00437214353916 5.41142 4.83852 0.0685329894497 5.99623122408 -1.30772934509
-116.367 48.4366 -0.00356980565323 0.00127520840849 -0.00672218612407 0.000224905294803 4.7222 5.94973 -5.0077578203 -4.13425529526 -3.13903038356
-115.589 48.4694 0.00121408428075 0.00204826310449 0.0121173969304 0.00527164345991 2.54594 2.68262 -18.4915936817 -25.0729706963 1.27095663896
-114.468 48.3739 0.000291681127171 0.00218736287237 0.00370122939961 -0.00525556532938 3.3616 3.38547 -5.52319774651 -26.5094053763 0.864479288042
-122.173 37.1311 -0.000509431807922 0.000182033359505 0.00173962035844 -0.00172090054733 3.67427 3.56704 4.1722396273 -0.420870537068 -0.440032138119
-124.566 47.9475 -0.0004170678806 0.000571480463189 -0.00350365211282 0.000106167637151 4.18283 4.14809 -0.15343389442 -5.32634621845 -0.281774993607
-122.972 47.7172 -0.00121750305006 0.00145865563062 0.00232087068368 0.00225001379713 3.6547 3.97136 -3.78185435007 -14.0835490392 -0.939749563623
-121.689 47.6947 0.00167708730397 0.00355833900842 -0.00379084692023 -0.00538442987426 3.84454 4.7118 -4.73599482719 -44.2286631274 2.28339409747
-120.894 47.923 -0.000270919250639 -0.000688464577738 -0.00430480979995 0.0152438118532 4.45104 4.82152 -12.9840631003 8.1875537762 -0.302860385554
-120.061 47.6902 0.00210975984228 0.00324822170002 0.00421255999041 -0.00032080215339 3.65615 4.16925 0.768320478894 -43.7798435506 2.96866531363
-119.045 47.7849 0.00230146833875 0.00215497692211 0.00253499922926 -0.00422908756068 3.98653 4.31929 13.3711173139 -35.7688454363 3.07634992819
-118.274 47.8006 0.00137329351348 0.000978641580136 -0.0026251567653 -0.00176321696498 4.87095 4.64329 16.2921052524 -18.76501466 1.68576822232
-117.308 47.8192 -0.00031326814459 0.00163670730439 -0.00631483665301 -0.00389969663981 4.25616 4.06777 14.1103662259 -14.4577115003 0.618122555103
-114.574 47.6795 -0.000192553809552 0.00139542309866 0.00754978150715 0.00623570802941 3.47462 3.61163 -21.6356504816 -16.9879074866 -0.215849144597
-113.747 47.7687 6.26929925098e-05 0.0022240291231 -0.00686096560856 0.0108685947764 4.41312 4.64745 -17.7630845069 -27.1314530748 0.2031807224
-123.771 47.1161 -0.000883027117622 0.00416084778369 -0.0152285880243 -0.0127989691265 4.55569 5.51076 15.0170604355 -37.3555189468 1.19127992124
-122.803 47.1109 -0.00124018811183 -0.00121168809341 -0.010986613817 0.00167212226266 4.63091 5.83264 7.80192728945 18.3488275719 -1.60118814314
-121.989 47.1881 0.00108168975967 -0.00521088723035 0.0530153296146 0.0339020342264 2.07674 2.23945 -26.8385091844 61.903474633 2.1597671531
-120.844 47.1935 0.000498811523163 -0.00154593270396 -0.0030781085044 -0.0174074322324 3.34994 3.53 13.9764799576 12.8878926362 -0.326873625118
-119.973 47.1936 -0.00155591927872 -0.00241416799214 0.0022386642439 -0.00961358316419 3.38775 4.20979 18.5871415321 33.8104681858 -2.65515641178
-118.921 47.0573 0.00225059174497 0.000698893159695 -0.00368842972398 0.00439843722334 4.74233 4.99033 -6.63077761484 -12.9529546234 2.33957581403
-118.309 47.0615 0.0011556604584 0.00106568815156 0.00241703625882 0.00184193354491 4.05645 3.94849 1.0398726411 -16.3978640215 1.43424382903
-117.276 47.0547 0.000321479431306 0.000624377615817 0.00291810831141 -8.68076804851e-05 3.75356 3.74057 9.76977541791 -8.41167224325 0.577422312776
-116.335 47.0477 -0.000582568649661 -0.00108097644036 -0.00522157620747 -0.0138971471587 3.9908 3.99517 20.7686360622 14.496469076 -1.13963027043
-114.459 47.0943 -0.00310989607533 0.000307156298978 -0.00702236019432 0.000945600357293 5.22449 6.66849 -22.2097611216 -4.81717238947 -3.11737765486
-113.506 47.0816 0.00143442984055 0.000991983699883 0.00666186943229 -0.00555278892932 2.5433 2.65696 -15.1309757971 -13.981415685 1.53350732731
-112.52 47.0418 0.00164987798636 0.000428723855184 0.00380251322645 -0.00629976168381 3.49947 3.57074 0.241585446661 -12.6255293117 1.68878405853
-123.563 46.5459 -0.00227801836849 -0.00724565804617 -0.0105070275843 0.00441747696344 5.25979 11.9372 -7.2861866246 85.8435727632 -3.01900189354
-122.72 46.5934 0.000905464306758 -0.00130079642803 -0.00456853019865 -0.0138485400566 4.05024 4.32063 12.7526245304 8.76738174062 0.225466765128
-121.761 46.5605 0.000961565201665 -0.0025884589597 0.000988665185845 0.00598052547429 3.25927 3.14121 -13.5456758885 29.9794775303 0.911999891636
-120.979 46.5433 0.0025142487791 0.000566447157128 0.0163211052316 0.00632315741603 2.81024 2.74275 -13.5341372819 -7.51525506431 2.52997965473
-119.855 46.5585 -0.000506653338549 -0.0014672833708 -0.0144832943049 0.00285425096479 6.10354 5.18254 -1.08790018538 18.2837157263 -0.869758655406
-119.06 46.4911 -0.00114002600719 -0.000573953741264 -0.00622666222482 0.00606896428623 6.14309 6.47326 -7.80702497388 8.82516669957 -1.21516454205
-118.146 46.5139 0.000945696841644 0.00235894432792 0.00980612476046 0.00929477722684 3.34349 3.52524 -8.49757698024 -29.5648771102 1.30091871468
-117.11 46.485 0.00115670824948 0.000572561520151 0.00470437570362 0.00128299474508 3.8755 3.82036 3.43630193688 -11.5243550033 1.28641492969
-116.209 46.3559 -0.000466432892727 -0.000947619536898 -0.00722943743512 0.0029786681261 5.8037 6.36183 -5.64214881718 12.4369147919 -0.671706781659
-114.188 46.4423 -0.00261031746671 -0.00170629128471 -0.00177023002632 0.00518074586804 4.25184 4.53597 -13.8220071566 24.4676512638 -2.79297052831
-113.493 46.4162 -0.000629272444265 -0.0031716586118 0.0129376872173 0.00421825317077 2.59325 2.70742 -18.541283754 39.2415611873 -0.772211007539
-112.641 46.4246 0.000833892915667 1.78031516591e-05 -0.00686582823022 0.00354217690611 4.36254 4.72568 -25.1809734958 0.381131947167 0.831432301703
-120.728 40.6183 0.000639213533594 -0.00306704135498 -0.018703323366 -0.00172589115834 5.48423 7.86099 8.67531700874 30.8674284869 -0.57908306591
-123.559 45.9306 2.4505178349e-05 0.000911537933797 -0.00677093700951 -0.00177902508504 4.92092 4.87971 8.94045156851 -9.86375447135 0.364939491461
-122.419 45.9325 -0.0081178633478 -9.13974588642e-05 -0.0287373390173 0.00404545223175 13.8244 -nan -225.711821092 48.7791527823 6.85594880408
-121.459 45.8839 0.000698330374198 -0.00279648849685 0.0252625814936 -0.00168604023836 2.61629 2.70581 -3.45598099405 30.5216799449 0.139946327174
-120.782 45.7664 0.00124754740185 -0.000974422223282 -0.00203360940377 0.00256687713779 3.63414 3.69298 -8.51224386831 9.68050683133 1.12596725987
-119.928 45.8951 2.88745017209e-05 0.000102910353002 -0.00951297115103 0.00917315478782 4.70716 4.62264 -30.0340110377 -1.0961986678 0.00282029039333
-118.777 45.7971 -0.00249334809885 -0.00128842240739 0.0109449783328 -0.00913147244406 3.3679 3.5713 -4.64321532891 21.2281271361 -2.70792550476
-117.909 45.7087 0.00347604951919 -0.00095033828736 -0.0210874912041 -0.0237515096487 2.82333 2.84889 54.8147848635 -36.1654159947 0.157843354092
-117.228 45.9734 0.00268268961292 0.00109156452079 0.00957634199894 -0.000368323965647 3.81535 3.85078 -1.88045173903 -21.5581385606 2.88028291942
-116.155 45.8883 0.0002590846218 -0.00293542955038 -0.0092882361569 0.0156441630384 5.02262 4.37542 -12.5770331682 34.9735116542 -0.0616646802878
-115.255 45.7565 -0.00182822426124 -0.000756347921852 -0.0034555046078 -0.00415859679732 5.60046 5.38282 10.2964035632 19.0466962666 -1.9624060912
-114.332 45.7893 -0.00186400804033 -0.00231474002042 -0.0017965655337 -0.00463271930917 3.97725 4.08284 15.647057596 36.3260277773 -2.86706062704
-113.37 45.8122 -0.000804869084654 -0.00187413609397 0.0106775355436 -0.000508541591688 3.14217 3.17138 -10.5904069999 24.4797574962 -1.13098872831
-112.493 45.8409 -0.000587660752688 -0.00138411286121 -0.00364031037393 0.00327678104213 4.11518 4.17539 -25.6014347385 16.5944906309 -0.493288872467
-123.281 45.3153 0.00132903072192 -0.00437204777709 -0.018131998001 0.0460767570046 3.73286 3.79888 -58.7298061838 46.4609065078 4.05210198968
-122.478 45.2059 0.00170347585444 -0.00114345785163 0.00796200799874 -0.00644639168201 3.20066 3.19125 3.49755479061 6.84017140188 1.28797815534
-121.317 45.2422 0.000656442220395 -0.00181866435843 0.00517706682067 -0.00454616000652 3.52379 3.4841 2.27512461162 18.1835366986 0.0991967062299
-120.635 45.2357 -0.00091153787104 -0.0022998371869 -0.00393676367892 0.000198761630346 4.77584 4.7396 -9.24201894298 28.0755198684 -1.14326782572
-119.669 45.2664 0.000188616181657 -0.00138399581794 -0.00795285116583 -0.0060242832787 4.63203 4.71668 -2.66566839362 15.4689224374 -0.133042936531
-118.96 45.2904 -0.00222297294999 -0.0019084212925 0.0191353416214 -0.00108457417211 3.01469 3.11272 -11.4600349276 24.9522753073 -2.38036580791
-117.78 45.2781 0.00159399716882 0.00213563474166 -0.0224785970541 -0.0181121654478 4.03471 4.4239 53.6511668019 -26.4349950874 2.53819215915
-117.12 45.2925 0.00470028008023 -0.00117212881954 0.000567563399484 -0.00115568229052 6.12893 9.52661 -20.4794425236 16.6906099627 4.74877050369
-116.268 45.3997 0.00153339753439 0.000968243440503 -0.000641145342822 -0.0059020706046 4.77965 4.33745 -2.32615690514 -16.4543652576 1.74305310901
-114.233 45.0931 -0.000571377997923 -0.00152164905053 0.000870641549079 -0.0109140699547 3.66794 3.54688 13.7934483245 19.4146046521 -1.32250532729
-112.489 45.166 -0.000755115073697 -0.000860210755326 -0.0103154965451 0.00445478646086 4.88661 4.84289 -2.44634913961 13.1379321701 -0.994612961693
-124 44.6764 0.00130111605272 -0.0026574489985 -0.010956175106 0.0113263660374 4.2284 4.34456 -25.3458714449 33.260266828 1.86018295364
-123.292 44.6765 0.00150426020678 -0.00228977833243 0.0101172017129 -0.0179887053419 3.01461 3.00047 -1.87247535807 22.6960305622 1.03389109172
-122.186 44.6837 0.00183307808172 -0.00142568326924 -0.00125339185854 -0.00276444360473 4.2365 4.28433 -2.27086827694 12.0312830197 1.51025395697
-121.227 44.6473 0.00127091132002 -0.00142214392811 -0.00121647824421 0.00344996303673 4.66423 4.49528 -13.7852349469 16.5287035776 1.25214282923
-120.335 44.7344 -0.000102384846299 -0.00157252564863 -0.00212166930822 -0.00277109920353 4.55087 4.33975 -5.53094707082 18.5364482959 -0.36595664139
-119.565 44.5913 -0.000745667235945 -0.00231055569431 -0.00189721793254 -0.000925267964798 4.68454 4.70357 -7.07686994136 28.4978907304 -1.08655108798
-118.67 44.5191 -0.000656091268112 -0.00291398786552 0.00207241232567 0.007722957998 4.04004 4.15741 -16.5063867816 34.8432390622 -0.652460122141
-117.664 44.6653 -0.000226055473195 -0.00409925669991 0.00353795005519 0.0123731329226 3.62089 4.22397 -26.3658541751 48.2693851956 0.426178850001
-116.747 44.589 0.00013364725453 -0.00083245701839 -0.00536290171927 0.0097691646165 4.68628 4.46813 -25.3237739225 10.2005102259 0.239592548064
-116.013 44.7035 -0.000348752091091 -0.000389878710552 -0.00232050118242 0.00554777338026 4.56101 4.51615 -18.5179935966 4.74105536132 -0.34892902008
-114.855 44.5494 0.000805136739997 0.000432813294592 0.00961996544648 0.00132799504252 3.17464 3.01084 -10.6959593566 -6.73188649399 0.861351339117
-114.255 44.5642 -0.000802495964524 0.00118543490573 -0.00337527767606 0.00793071762682 4.29179 3.90306 -12.6621279859 -13.2172369345 -0.647262253619
-121.551 36.3887 -0.00115398734613 -0.000794981612233 -0.0236826973609 -0.00253108544031 5.72651 5.81213 7.95726012322 13.6194866243 -1.35549798481
-121.461 40.8161 -0.00128576849601 0.000240630912982 -0.00277493085454 0.000944263098489 4.51401 4.87385 -4.27386368636 -0.428121440485 -1.23216428837
-119.023 36.6801 0.00190485880252 -0.00148372757894 -0.000592090178357 0.00269513866285 4.12991 4.2972 -3.40965455172 13.6352409037 1.61052218644
-123.83 44.0035 0.000744683392268 -0.00264190440248 0.00248125236721 -0.00405809689154 3.72986 3.81601 -4.82549934241 29.1715558222 0.387950470664
-123.278 43.9726 0.00113523934732 -0.00187414362893 0.00486337133883 0.002822949478 3.36354 3.39444 -11.6651575152 21.5039015026 1.09664054043
-122.411 43.7941 0.00095620660201 -0.00126668891663 -0.000192858514709 0.00628407907495 3.87776 3.84631 -19.5425833622 15.9176509037 1.08567050767
-121.268 44.1626 0.000885722027861 -0.000851882009106 -0.00236642370697 0.000224233383784 4.40959 4.29716 -10.1818791079 9.23916341744 0.821078844536
-120.211 43.9437 0.000714606560009 -0.00107593312768 0.000595672986026 0.00290102609886 4.4213 4.33174 -12.6339783063 12.3838245924 0.66763139594
-119.504 44.082 0.000283356338811 -0.00148222538355 -0.00534733872625 0.00180666096295 4.99508 4.58892 -7.39324855364 16.9839830851 0.0669790807848
-118.569 43.9104 -0.00122038319984 -0.00202830395143 0.00204466542019 -0.00355267724403 3.89918 3.70424 -2.60250505396 27.0912338101 -1.66673138027
-117.741 43.9733 -0.00156740845329 -0.00202729107352 0.00907954600206 -0.00494492949235 3.64306 3.58238 -9.05245035802 26.7971817808 -1.83184710347
-116.803 44.086 0.00269291822164 0.00249696222089 -0.0358752068696 -0.00662103943609 7.57802 7.19465 34.8319043771 -44.3020678285 3.61967164034
-115.958 43.9121 -0.000700448086294 -0.000750464118885 0.013243728703 -0.000995213368998 3.53668 3.52568 -12.08423883 10.0197175504 -0.777830769558
-114.117 43.9146 3.66692843915e-05 0.00242232443197 -0.0301188163616 -6.52417593881e-05 6.69221 9.03875 16.9742543176 -24.2024220273 1.47802278855
-123.575 43.3654 -0.000610767669578 -0.00182027826482 0.00117912543295 -0.000580633300337 3.80999 3.71274 -3.8337541618 21.962697253 -0.877147182132
-122.965 43.3717 0.000276596553893 -0.000879234533793 0.000164066558892 0.0031221956717 3.84549 3.88942 -10.4636243611 10.104787055 0.238752771469
-122.109 43.2406 0.000860036053816 -0.00034523075493 0.000174159585677 0.0029090598529 4.00189 3.96165 -13.123417549 3.98318429872 0.857736180488
-121.236 43.2843 0.0011675730475 1.00789252411e-05 -0.000149569495149 0.00107705888068 4.12265 4.00011 -9.40181122714 -1.25978681964 1.1643943279
-120.153 43.2515 0.000503322188919 -0.000327289222021 0.000577315702294 -0.000312071537604 4.13012 3.92308 -5.67288114844 2.87532544564 0.444025995978
-119.311 43.3736 0.000683695483759 0.000150519052992 0.000854511876698 -0.00327422295419 4.05647 3.81018 -2.01165786904 -3.66759247223 0.699920391027
-118.474 43.358 -0.000732764666638 -0.000603219624565 0.000150788537318 -0.00169887539634 4.26095 3.80229 -5.00736728625 8.82023923326 -0.836121352563
-117.754 43.3471 -0.00168890328479 -0.00161159379292 0.00123715689635 0.00196406625184 4.41164 4.33381 -13.0414756126 20.7321558517 -1.78997208537
-116.767 43.4275 -0.000572647892103 -0.00115756648268 -0.00410778897393 0.00170523381739 4.62182 4.88829 -12.3805093772 14.623887472 -0.674406585399
-115.828 43.4151 -0.00147292672649 -0.000376159178594 0.00418186957239 -0.00310257028841 3.8627 3.86925 -7.08394787896 7.99262373968 -1.51789163786
-115.098 43.25 -0.000678446788455 0.000110513179932 4.857320753e-05 0.0069777905692 3.83077 4.16423 -20.5785272667 -1.62099976087 -0.681618316917
-114.174 43.3979 0.00279226451609 -0.00144655381767 0.00386342944591 0.00278162253345 3.84499 4.34984 -19.8092801194 18.0251729426 2.79943237798
-124.469 42.8088 -0.000157385418547 -0.000104023883524 0.00144371510845 0.00129959714208 3.94275 3.85948 -3.4306968492 1.45063382769 -0.170695001831
-123.49 42.7667 -0.00100808949499 -0.000242334299659 -0.00210172504246 -0.000179774332992 4.10253 4.00234 -4.24822755961 4.44948898476 -1.03223006871
-121.731 42.6133 0.000702355819697 -7.24330416984e-05 5.6200512155e-06 -9.38002189893e-06 3.96751 4.06614 -5.59325667993 -0.308459826517 0.685399138556
-120.893 42.7258 0.0010489485027 0.000937959503927 0.00204536523612 -0.000611292615856 3.80243 3.66672 -6.15439137277 -12.744485894 1.17054274659
-120.251 42.7991 4.12316445988e-05 0.00105919166209 0.00099718871346 -0.00166034156069 3.9877 3.81827 -1.58477947949 -12.3749490001 0.281175255426
-119.247 42.6912 0.000768615302107 0.00134967724367 -0.000929504553704 0.000224677670525 4.55657 4.38039 -4.0273666606 -17.6607489977 1.02058541698
-118.486 42.7308 0.000432225400925 0.00151969219585 -0.00236830696498 0.00496525283014 4.81962 4.37064 -11.17543681 -18.6574175898 0.559023624239
-117.725 42.6996 -0.00060110627004 0.000588006397415 0.00323980874616 0.00213777877795 4.19907 3.93608 -7.8474834767 -5.92460674362 -0.504901203605
-116.87 42.7779 -0.00100108491485 -0.000295978167201 0.000500504251353 -0.00152406876163 4.19357 4.07034 -3.54774446495 6.37706278106 -1.04269878837
-116.032 42.7713 -0.00158082578653 0.000402710284555 -0.00465611515806 0.00582261286317 4.52146 4.66112 -19.0785683279 -5.32658047514 -1.58893582319
-114.903 42.636 -0.00107202325616 -0.00102757705005 0.00739512018096 -0.00502004039283 3.49995 4.77423 -4.79596080769 15.453285575 -1.287380643
-114.084 42.6493 0.0167648321526 0.00227303937892 -0.000935204320869 -0.00103177214695 3.90905 -nan -10.5139653043 -59.572147987 16.9151865412
-113.176 42.5452 0.00225779517668 0.000894878405036 -0.000877402914443 9.38561593509e-06 4.0531 3.63124 0.263431133582 -20.1827415343 2.42797394542
-123.602 42.156 -0.000122748955428 0.00100523719795 -0.00139762083687 -0.000784520790267 4.06477 3.95245 -1.46581748257 -11.2327264031 0.0656394851117
-121.891 42.175 -9.77453276415e-05 -0.00108824540165 0.00136869299943 -0.00661695470086 3.71861 3.71913 5.04073066585 12.5232144605 -0.436439416451
-120.834 42.0472 -0.000180897170677 0.00103988140741 -0.00153079503818 -8.92309700873e-05 3.99349 3.98245 -5.7645125016 -11.896809774 -0.0283460693251
-119.34 42.0187 8.40564307909e-05 0.00220484100698 0.000282941492646 0.00396438563737 4.32629 4.49917 -7.11957383027 -26.305908839 0.392004114157
-118.344 42.1901 -0.000138424786144 0.00203092840906 -0.00270965068231 -0.00459353423054 4.30587 4.44609 10.3519761592 -21.2153188398 0.775913378492
-117.667 42.0192 0.000616577348745 0.00175634318411 0.00741820231234 0.0008301336279 3.75573 3.80608 -1.19347512438 -22.4984803321 1.0556225713
-116.471 42.0773 -0.00117341064669 -0.000216013415813 -0.0122201105393 0.00241498615257 7.24308 6.88075 3.07119205284 7.46184601313 -1.17519503411
-115.754 42.1669 -0.0013905261256 -0.00100308967635 -0.0365960417744 -0.00531541875457 7.35074 9.3856 30.8443361828 20.9322471538 -1.67120563983
-115.016 42.146 0.00196238776721 -0.000507735599212 0.0234360128762 0.00116269818744 2.52281 2.62127 -9.84261625729 2.5779764549 1.8646434991
-113.944 42.0886 0.00665003808106 0.00167014026675 -0.0058949506507 0.00151691317467 4.20361 4.6282 -11.8396782612 -31.1527187178 6.80948263502
-120.74 38.7552 0.00125018358123 0.00033777121649 -0.00908724522486 0.00835430951566 4.02034 3.75052 -8.94224599669 -5.13283159432 1.2717124996
-124.122 41.8473 0.000194067955943 0.00121748055089 0.0020168308388 0.00286570936481 4.02163 4.0653 -4.65070850251 -14.2973265752 0.341972729362
-122.854 41.392 -0.00216578138341 0.000605452839461 -0.00611473697586 0.0107845404092 4.58513 4.95566 -10.1877414878 -6.07763973975 -2.13992871899
-122.122 41.2742 0.000667488857407 0.000299741208947 0.00721001829443 -0.00326012566744 3.44521 3.73436 1.27393376768 -5.35581393136 0.720688871073
-121.839 41.7826 9.3124801265e-05 0.000699664533502 0.00222351342854 0.005796075729 3.88406 3.66588 -8.44369599513 -8.31293069464 0.151997969973
-121.146 41.3593 0.000447683439761 0.00128530047968 -0.00346312145339 -0.000505596478614 4.5601 4.98726 1.73053769822 -16.1037715668 0.77295901735
-120.477 41.2047 -0.000676520172348 0.00223589994017 -0.00309620143955 0.00446284686562 4.38683 4.70682 -6.58162023344 -25.360018987 -0.378069017715
-119.171 41.3884 7.39119156908e-05 0.000254668568889 0.00311667371636 -0.00547813750899 3.19675 3.29054 5.78945509319 -3.17594205297 0.159845090788
-118.379 41.4483 0.00114287590551 0.00117036484796 -0.000743200142977 0.0102865692954 4.35964 4.32313 2.0566123303 -17.6719237186 1.44521398944
-117.45 41.423 0.000415758614079 -0.000337436177734 0.000126493743112 0.00249750122297 4.39072 4.20196 10.6071086842 1.36383160229 0.217531733447
-116.54 41.522 2.86560647416e-05 0.00110589408323 -0.0010109594757 -0.00148823300215 4.10143 4.10404 7.29928314403 -12.4591096899 0.482308449106
-115.791 41.4311 0.000852914314468 -0.0005499338259 0.00120409949048 -0.00808523215058 3.48559 3.4145 18.7955151936 -0.776366254487 0.360453840815
-114.915 41.4157 -0.00110067540537 -0.0016431199843 -0.0014567199822 0.00115715274267 4.52411 4.06664 -0.370067345789 23.4972068357 -1.55169154456
-114.165 41.3602 -0.00452618142996 -0.00273301918111 0.000637324155508 0.00118895346767 4.42577 4.23061 0.951195488497 50.9213006286 -5.18310552394
-113.347 41.503 -0.00204308508214 0.0100136001852 0.00423852154148 -0.000656324907686 4.27002 8.38273 -11.9097759484 -120.515227996 -0.710700127446
-112.448 41.4632 0.00139272846584 -0.00281682952021 -0.04457057571 -0.02089572818 4.89791 5.35607 53.6800847524 -6.92657714828 -2.31668727976
-123.306 40.822 0.000847930256979 -0.00088912082263 0.00236241450249 -0.00160350348385 3.62177 3.67831 6.08944588588 6.8039912233 0.529849624071
-119.835 40.7484 0.00208348083659 -0.000227778512054 0.00729621557099 -0.000281391823683 2.99857 3.03511 -2.18319469841 -2.62435655244 1.98785418849
-118.971 40.7797 0.00121074595339 -0.000422732182027 0.00169451733276 0.00177469431122 3.8091 3.76711 -2.3650206488 1.76712638268 1.08841364197
-118.134 40.7811 0.000953894578242 0.00203931885841 -0.00832384144629 -0.0416271079226 2.58595 2.59188 42.0534848178 -22.9774317841 2.23348649525
-117.524 40.852 -0.00036454044917 0.00105819550012 0.0133441482962 -0.0106359509951 2.90978 2.93078 8.20285308688 -9.90608691498 0.103527636078
-116.508 40.7186 0.000929788980388 1.1274106546e-05 -0.000534923095783 -0.00447462348076 4.07262 4.12745 13.9594304962 -5.94646946767 0.804697402064
-115.736 40.8167 0.00108209090053 0.000207203124845 -0.00396486033014 0.000562418186051 5.57783 5.34294 10.1504069534 -8.425284151 1.05517957016
-115.039 40.8522 8.57394341265e-05 -0.000435138504675 -0.00609053458581 0.00178796452215 5.37828 4.65471 4.05972680204 4.59232073155 -0.0834846503524
-114.204 40.8556 -0.00283637741995 -0.00117662508639 0.00739268064532 0.000878962357765 3.46744 3.36972 0.949416380907 25.5665470436 -3.0664792026
-113.187 40.8513 -0.00648439791561 -0.000264457953927 -0.00979487251876 0.00221847231993 3.95931 5.24268 3.18397964732 34.1207165848 -6.09173362315
-112.52 40.8903 0.00558171212707 0.000284463403772 0.0335862238756 0.00344536093299 2.44531 2.7372 -1.17629222228 -25.8363822836 5.37911365223
-123.82 40.1398 0.000614087392725 -0.00227919620303 0.00638566470526 -0.00295638681231 3.45282 3.49051 1.73774415385 24.2522191999 0.0770048686369
-122.788 40.1767 0.000479732851924 -0.00134945399803 0.00160676692128 -0.000834313207178 3.87441 3.83667 -1.72584044813 14.572350906 0.226690540653
-122.032 39.9971 -0.00123431585088 -0.000141740557 -0.00249071212388 -0.00026380969944 4.60319 4.4913 -2.36180508515 4.25641390399 -1.23977239929
-121.086 40.32 -0.00143720616015 -0.000294367265251 -0.00557770169792 0.00143544202507 4.42968 4.40954 1.44029498565 7.76276569779 -1.464647854
-120.918 39.962 -0.000251185630023 -0.00034339085358 -0.00355942537328 -0.00184964052511 3.81165 3.77233 11.0185056378 4.96258787055 -0.370747276097
-118.877 40.1614 -0.000346287056369 0.000626130949081 0.0291282470961 0.00437205765506 2.11844 2.14453 -11.7834816561 -7.3220508058 -0.311576868914
-118.155 40.2903 0.000808177059592 -0.000447321633012 0.0045504141316 -0.00310498707857 3.69099 4.27704 2.08485714953 2.21690918471 0.635618519742
-117.19 40.1697 0.00182208259529 0.000335872106209 -0.022470514481 0.00107399245476 7.33301 9.10214 31.2426660617 -19.1524824697 1.48126447207
-116.5 40.2917 0.00125031408736 0.000193743244681 0.0062267396825 0.00682060354933 4.35103 4.25863 -12.9060149539 -3.37635205178 1.2603201293
-115.657 40.1313 0.00108266713466 0.00022097358616 -0.000338250734823 0.00712586549233 4.82552 4.69831 -13.6653651747 -3.54978448041 1.09427929573
-114.745 40.2679 -0.000959289718226 0.000192674704925 -0.00338268608344 -0.00592756672686 3.90356 3.7549 15.173039372 4.50008760284 -0.698286794737
-113.981 40.1314 -0.00233271543483 -0.00165670754523 0.00436586762106 0.00481939623758 3.2723 3.36583 9.83650442139 31.9943319631 -2.83923928279
-123.338 39.469 -0.000176544641685 -0.000782055486911 -0.000159020460465 0.00392091035337 4.07529 4.02139 -4.17392184116 9.35928439627 -0.276431130128
-120.608 39.3028 0.000380691128278 -2.09928873344e-05 -0.000874547477021 -0.00327103786604 3.70386 3.74353 -0.149443723292 -0.801744635437 0.365678370986
-119.898 39.6785 -9.62763790788e-05 -0.000428071122304 -0.00606190130506 -0.00183746159451 4.22357 4.25506 4.05667696982 5.24422194549 -0.224495115868
-118.889 39.5399 0.000108255994474 -0.0016833880438 -0.0020823540666 0.00268993988334 4.11073 4.41108 -3.64996270134 19.7297449801 -0.216487224385
-118.08 39.6946 0.00049347091371 -0.0053279367417 0.00615043360182 0.0351459707173 3.28125 3.66032 -38.7933086406 61.7990311494 2.57454004079
-117.14 39.5516 0.000294917966505 8.74482201008e-05 0.00416061272199 0.00217739323985 4.36111 4.38608 -5.34808673705 -1.71553328936 0.30596814267
-116.464 39.6202 0.000744876942826 0.000440846333575 -0.0107611730929 7.72349798364e-05 8.02514 8.11223 9.55545172244 -8.88450836509 0.862750686942
-115.754 39.553 0.000705022824612 0.00074403813826 0.000184571586913 -0.000228738973353 3.92636 3.92003 0.700961240944 -11.397167758 0.897307061763
-114.908 39.4731 0.00104885079397 0.0010373442544 0.00760606576401 0.000120729019116 2.85581 2.84632 -1.02844704512 -16.0571230297 1.3001534649
-114.016 39.455 -4.72953553014e-06 -0.00261789375852 -0.000488988249133 -0.010807602532 3.20618 3.18505 21.569639201 25.2001522596 -1.67694043671
-112.279 39.5708 0.00248858741903 -0.00133625081842 -0.00534814229439 0.00769316520492 6.0736 8.07843 1.96283389027 4.21266180983 1.82738637253
-111.66 39.6092 0.00441875493274 0.000159651570445 0.00071011764743 -0.00249364115917 3.90703 4.24442 2.24258831595 -23.0640415787 4.15113049019
-122.015 38.6333 -0.00186546292188 0.000590448341814 -0.00602963009502 -0.00626042362776 3.97861 4.05058 5.69667735587 0.166909832028 -1.59218504907
-121.377 38.839 0.000496469366916 0.000405858669021 0.0855182907128 -0.0652018219329 1.59934 1.61418 14.2011114971 -6.98621902721 0.626544658038
-118.808 38.9383 0.000136720596478 -0.000777569935008 0.00594794275208 -0.00747952431962 3.47596 3.39931 5.37410471467 8.29289131881 -0.136588602514
-117.932 38.8606 -0.000559934800977 -0.00119670149126 -0.00315129788336 -0.00740589897379 4.31715 4.26133 9.13510243661 16.108474332 -1.0024724298
-117.182 38.834 -0.000151283973467 -0.000260204285642 -0.00224367297916 0.00364131015362 4.775 4.6854 -9.77024215024 3.36271039411 -0.177186162697
-116.4 38.8247 -0.000281992649529 0.000135904221073 0.00494063038961 -0.000810832546279 3.62595 3.79271 1.15628175372 -0.561360434778 -0.228584956554
-115.654 38.8455 0.000689514202079 0.000403913213528 -0.00593259976421 -0.00636446147135 3.68959 3.98683 16.4301752889 -8.85903346572 0.798145969893
-114.83 39.04 0.0025640100606 0.000685749356024 0.0123850985596 0.000818841646164 2.64501 2.62917 -7.08455489347 -14.1152378212 2.64539666047
-114.02 38.9551 0.00114978764612 -0.00151298860651 0.000403992720288 0.00143483240816 3.99795 3.81239 -1.12285637873 13.9548032279 0.662195587139
-112.379 38.9995 -1.10127846084e-06 -0.00112180993705 -0.015278612485 -0.0027000655991 5.35519 5.60076 21.1410307924 10.8268049093 -0.726743759132
-120.936 38.2571 0.000620517193409 0.000969919474796 -0.0147341774297 -0.0148984692012 4.89322 4.70188 18.3368002294 -13.7623495381 1.03345916978
-120.076 38.7028 -0.00500743027622 -0.00210566409496 -0.0268771527453 0.0105704232949 9.25793 8.16033 -12.0554700015 26.9308910592 -5.06281359585
-119.451 38.5226 0.00119295464545 0.000350052645543 0.0166012868789 -0.00121085000642 3.0663 3.0707 -5.1247547251 -6.39450476054 1.2326274027
-119.047 38.089 0.000485681975764 0.00132853511864 0.0073512320869 0.00193132074763 3.18564 3.12906 -2.43996277048 -16.9615838257 0.744476959306
-118.106 38.3489 0.000197166353137 -0.00101007856829 -0.00762556931118 -0.004894969044 4.40486 4.26258 6.56631457985 10.5884668153 -0.185216595532
-117.072 38.2397 -0.000249290558698 5.869933395e-05 -0.00339201372816 -0.00342386779674 4.20617 4.17267 9.58545117565 0.646609433535 -0.200820539439
-116.302 38.2886 -4.66997537811e-05 -0.000433496968522 0.00723987415077 -0.000257505599841 3.39481 3.38297 1.02937380952 5.28523659374 -0.172166425751
-115.585 38.3489 3.47013326754e-05 -0.000861980111839 -0.00595305731151 0.00204602194045 4.63334 4.69483 2.54854332908 9.95988228797 -0.250064838958
-114.608 38.3281 0.000378827833123 0.000710255109413 0.00311375892609 0.00668637572119 3.98865 4.06855 -14.837267252 -9.06407799259 0.408912582928
-113.021 38.2987 0.000461903958768 -9.46759293651e-05 -0.00214622762004 0.00572533967377 4.40254 4.2518 -2.61718901598 -0.438034840671 0.418655703781
-121.328 37.5049 0.00032712124252 0.0003872282811 -0.00207363909532 0.0128234476832 4.14752 4.07998 -2.18874290146 -5.24313871678 0.390592637709
-120.33 37.346 -0.000435488849816 0.000458033720159 -0.00268550275322 -0.00282805354302 4.14985 4.06456 8.16195587535 -3.24622927899 -0.240656244262
-119.849 37.8817 0.000792523007858 0.000885573859004 0.00251909526115 -0.0025026475057 3.5982 3.5897 -3.67554890133 -12.153169901 0.932057744135
-118.171 37.4993 0.000343483899543 0.000599154723298 0.00284762556761 0.00228140036795 3.78853 3.81073 -2.0196412097 -8.05105255329 0.464927936223
-117.225 37.7243 -0.000199751602952 0.0002003104764 -0.00276366161633 -0.00750521940772 4.20814 4.20138 12.4860052274 -1.03705932702 -0.083651714719
-116.595 37.923 0.000732523957852 -0.000154955869699 0.0037881366746 -0.00579431287747 3.85222 3.93127 7.62695559136 -1.82909819591 0.610979000569
-115.747 37.6444 0.000281951195948 -0.000525109243171 -0.00374894552514 0.00270987670536 4.62011 4.66095 -1.12684586462 5.38190260781 0.135421276104
-114.849 37.6083 -0.00126152243538 -0.000298028423887 -0.000327683359974 -0.00316029790836 4.1149 4.02793 4.5090600038 9.20424055439 -1.28345031411
-113.86 37.5808 0.000721315095762 0.000389076091195 0.00299745965976 -0.000650487853881 3.69297 3.74506 -9.56525787413 -6.10209013459 0.768253825246
-113.168 37.7601 0.00133359701887 0.000836290923812 0.00060555650073 -0.00118060621525 4.04006 4.03104 -0.7534656634 -15.0993471523 1.52224199597
-112.363 37.6761 0.000214634307445 0.000142585031144 -0.00465838354077 -0.00254167041535 4.25574 4.21364 6.23663758095 -2.7889527422 0.254699578479
-121.786 39.2291 -0.00110183663106 0.000179994638957 0.000924484363624 0.0173226232781 3.91652 3.95622 -18.0003448866 -3.35347669625 -1.1138768554
-120.674 36.8953 -0.000558350862879 0.00125927054232 0.00135913410171 0.00649563967442 4.06791 4.1993 -4.55167175146 -14.032657635 -0.375594647848
-119.709 37.0069 0.000734844461127 -0.00038528583766 0.00415901603237 0.000911785722901 3.7777 4.02101 -2.06244464574 2.83621519244 0.645563137831
-115.22 37.2408 -0.000514647602484 -0.000126509843004 -0.00252752069025 -0.00154133900294 4.22732 3.98063 4.23498301629 3.74215731492 -0.526171992715
-114.715 36.7256 -0.000641940660862 0.000554046325362 -0.00130863169968 0.00323419205815 4.06078 4.16219 -3.87652503768 -5.00311242846 -0.504329480216
-113.907 37.0195 -0.000205105009537 -0.00017835994797 0.00263360701158 0.00558988757905 3.63795 3.79255 -7.74011186581 2.64202013948 -0.231794164663
-113.084 37.0615 0.00046121609138 0.000723486509021 -0.000304001721995 -0.000297808570036 3.90505 3.96105 -4.14022262973 -10.2819809492 0.619679249538
-112.382 37.0183 0.00062692774047 0.00118067823122 -0.000853279320859 0.00144320920497 4.05363 3.93453 -3.04805289641 -16.5892875673 0.916188111532
-111.506 36.9839 0.00017492264893 0.000553424752133 0.00245963597678 -0.00343785468384 3.78854 3.77931 2.38023253431 -7.40976835183 0.364299818188
-120.783 36.3627 -0.000611371842336 -0.000937266217484 0.0380949915909 -0.0167357722915 2.42906 2.48037 6.12104566189 13.0125631751 -0.877456724994
-120.12 36.3356 0.000721354504457 0.000371332032152 -0.00502803378345 -0.00769331376099 3.49008 3.77298 11.6796802594 -7.6921642598 0.810394682383
-115.383 36.423 -0.000823075292129 7.33333738193e-05 -0.0012136010681 0.000121357371394 3.98459 4.02007 2.70137442702 2.42839423004 -0.756070832591
-114.539 36.4321 -0.00103500654786 0.000116916894224 0.0032488964604 -0.006632621052 3.43174 3.56622 10.8878811357 4.69328382239 -0.864320564795
-113.965 36.4151 0.000187711986589 -0.000426882556277 -0.00262877658762 -0.0125679383417 3.61296 3.65838 21.2993344086 2.75855606989 -0.117074490271
-113.18 36.4182 3.25850326547e-05 0.000239819733979 -0.00265802128417 0.00328174516882 4.26704 4.39331 -8.47493530619 -3.06623589017 0.0699024209309
-112.291 36.428 0.000239153604399 0.00195933364513 0.00520403255834 0.00198862775261 3.46808 3.64786 -7.18065489403 -25.1010271679 0.607744561088
-111.13 36.1428 0.00086794986813 0.000455689944879 -0.000399655907885 0.00179056093735 4.12248 4.22016 -2.33675576735 -8.78917750342 0.961677707941
-109.87 36.4199 0.000114403219167 0.000214056325764 -0.00730676081934 0.00480843370629 4.68067 4.52107 -1.3606995845 -3.09989622926 0.176485938661
-121.236 36.0214 -0.000293288968242 -0.000987582863162 -0.00204421269717 -0.00817094445747 3.94148 4.00357 7.94659702288 12.3245265871 -0.612646336465
-120.87 35.636 -0.000463069319917 -0.000347373435666 0.00205839017231 0.00276225595176 3.70006 3.75162 0.935233929515 5.32696560763 -0.529548124364
-119.903 35.8667 0.00242788924963 -0.000966277413859 0.0107848824168 0.00479813812956 3.45007 3.47882 -7.47693190336 8.91535586134 2.32758928589
-115.43 35.8384 -0.00105704225302 8.18381461252e-05 -0.00119081409592 -0.00118522151338 3.9609 4.00447 2.27540029754 3.11383054828 -0.979880533177
-114.851 35.7266 -0.000535726671528 -0.00187704622256 0.00375682564022 0.00249066032917 3.58267 3.67859 -1.30725155263 24.4948475467 -0.996931309138
-113.984 35.8522 -0.000172059155912 -0.000181897693222 -0.00157739469379 0.0112607863284 4.4233 4.31944 -10.3102199611 2.52444780416 -0.191324220951
-113.105 35.6339 -0.000865686295775 -0.000668943425697 -0.00323645106522 0.000661118197551 4.77568 4.73729 2.17084020606 11.6717680041 -1.0388148584
-112.173 35.8191 -0.000320907675909 -0.00176147770948 0.00267647197502 -0.000581608047763 3.49007 3.61167 -5.08557735532 22.8581370525 -0.70561108743
-109.933 35.7113 4.47473715653e-05 0.00134427916464 -0.00874486767617 -0.000628700944084 4.34183 4.32744 11.9016646995 -15.188465001 0.738766150398
-109.046 35.7147 0.00013455396751 -0.000267380152937 0.0121265671944 -0.00115519355018 3.26803 3.2519 -0.0996897061587 2.67586847173 0.0347341160454
-114.87 35.301 -0.000172041021575 -0.00101729449722 -0.00309980970681 -0.00491409308905 4.16015 3.99014 3.09781277707 12.7871394789 -0.493911143737
-113.885 35.099 -0.000146851263024 0.00142317770781 -0.00187570546579 -0.00503911191043 4.16457 4.16486 8.39400902073 -15.5572496024 0.465488998252
-113.083 35.2127 0.000232721659015 -5.33629894583e-05 0.00135271273354 -0.00345111814272 3.83097 3.69446 3.93277566947 -0.42770802354 0.198118068236
-112.267 35.1787 -0.000252095369157 -0.00188474296976 -0.00104936187241 -0.000210291971392 3.92236 3.86626 -2.54259613448 24.1206653485 -0.733744663623
-110.713 35.0789 -0.000323073670187 0.000292564403475 0.0032467386016 -0.00339178567104 3.22313 3.20797 -0.439998877514 -2.28754557023 -0.215420458568
-109.736 35.1181 0.0027226234266 0.000289026818366 -0.00434555920764 -0.0116033594221 3.73253 3.54702 22.8877462889 -26.6088428133 2.20956154374
-109.388 35.1118 0.000643492978749 -0.000138317952004 0.00164387178688 -0.0136201658965 3.82476 3.62037 17.4949621643 -3.62492612348 0.42975329078
-113.83 34.5935 -0.00115103384564 -0.00136777871571 0.00394666264044 -0.00489779929093 3.69001 3.99428 3.09544145878 21.2001319664 -1.54004281059
-112.891 34.4692 0.00140626379187 -0.000570851075192 -0.00333539064836 -0.00264517166683 4.71199 4.50084 1.56016926927 1.23301986414 1.15342128137
-112.237 34.4866 2.72584733799e-05 -0.00018723848935 -0.00313269026682 -0.00420775468979 4.61955 4.19332 -1.59885085797 2.21553695082 -0.0245404112748
-111.441 34.4178 -0.00134883114969 0.000184681075193 0.00138145674324 0.00754019494525 3.54015 3.79782 -18.4529191118 -2.56479082903 -1.35071171831
-110.806 34.3371 -0.001954889406 -0.000285446363983 -0.00351042524942 -0.00469940652138 2.81571 2.9118 -12.183578696 6.34878193606 -1.97410172113
-109.95 34.5293 -0.00284638043465 0.000334604982045 0.0611860787859 -0.0161974889896 2.00041 2.05619 -1.18193108845 7.14746261129 -2.60887022988
-109.29 34.4275 0.000456971443295 0.000355903965129 -0.032259799127 0.00447935226851 7.14282 7.31052 -2.25832504319 -6.20503330603 0.541375947889
-114.524 33.7503 -0.000291692742488 -0.000104174893586 -0.00133035158677 0.00784929941341 4.05072 3.94867 -8.84707328368 1.73469950552 -0.301789171331
-113.829 33.8142 0.000526818274416 -7.5344066428e-05 0.00461090738125 0.0146138400612 3.92606 3.87814 -19.8022893709 1.40137099424 0.530672510071
-113.005 33.9383 0.000914705264198 -7.59987652989e-05 0.000427888451955 0.000791509535813 4.50808 4.2477 -8.49735335599 -0.68002018943 0.894958212901
-112.333 33.9535 -0.000894801876668 0.00110245163705 -0.0100056391452 0.0113576783571 5.93249 5.91356 -27.9675462356 -16.0639218383 -1.08774130381
-111.478 33.8798 -0.0030058984215 -0.00228769816384 0.0197082845143 -0.00199640060706 2.98797 2.85581 -10.910970976 33.8264498451 -3.25096990187
-110.844 33.6953 -0.00166333249244 0.000115269919759 -0.0381414594219 0.0375402151094 9.26016 5.94914 -88.3407225775 -20.8249657501 -0.665872200542
-110.034 33.7776 9.72150144767e-05 0.000394262751074 0.0123986521937 0.0239483433762 3.29554 3.0437 -32.1631940705 -4.69552582828 0.0014044279446
-109.254 33.9571 0.000339379402546 0.00179693714502 0.00194153904068 -0.00263174244147 3.69541 3.58866 -13.926572695 -23.8437429912 0.501255860313
-112.946 33.3627 -0.000754174054295 0.000976452321191 -0.00982639702231 0.0128704807883 6.33887 6.93884 -15.1625237503 -12.2881065348 -0.733655013039
-112.158 33.2893 0.00192225409759 0.00160638299328 0.0189537543592 0.00400855487908 3.3512 3.39516 -12.8669994486 -22.3327283641 2.02903760132
-111.427 33.341 0.00153557860506 -0.000847053783344 -0.029009709873 0.000571780660377 7.29947 6.19533 17.1262252445 -2.21228359508 0.786247707047
-110.472 33.2969 -0.00899734735445 0.00301561331633 0.0402670066174 0.0063404157578 3.02297 3.73396 -10.3770197135 -23.4163684248 -8.51947782502
-110.036 33.0851 0.00345388450945 0.00854621386932 0.151056978445 -0.0530378199581 1.14783 1.18161 -2.42616353811 -119.675778876 5.64321335624
-109.266 33.2921 0.000779760624602 0.00252567331124 -0.0318357496858 0.00654751239885 5.19345 5.58685 -13.848629888 -33.9005624701 0.994842144138
