-112.228 32.7006 -0.000421930714393 -0.000439288137575 -0.0419013232279 0.00213036823987 5.17698 7.01282 -37.2943613046 -1.7072881467 0.192129573253
-111.704 32.5618 0.00269615984841 -0.00384314025411 0.0162790005466 -0.0474694503067 3.33929 3.87706 54.9322172936 19.914000564 0.391395475467
-110.739 32.5716 -0.000279735591617 0.00121051941088 -0.00685220462083 -0.0143304897008 6.50377 5.32266 20.9661837219 -12.5388058607 -0.346639558369
-109.97 32.6399 -0.00206252636437 0.00257873615993 0.008951743771 -0.0242589771101 3.93531 3.82589 92.4455195263 10.1527766853 1.65309720177
-109.303 32.7663 -5.55853164077e-05 0.00348251223185 -0.000457631341746 -0.0191072195974 5.52387 6.43129 34.9867111036 -35.276977153 0.645131965708
-111.457 32.0022 0.00100013095224 -0.00212998037892 -0.0446385574926 0.0279103851922 4.58002 4.11341 -80.9639761419 4.00282632485 1.78500040452
-110.816 31.7748 -0.0036158088736 -0.00276183605819 -0.0462601686893 -0.00935331323477 14.6092 -nan -52.3585520749 -29.3337334818 1.84706239228
-110.046 31.9737 8.31087063497e-05 -0.00666912353966 0.0601202402093 -0.00184016504842 2.10052 2.22761 21.7269403665 68.5121340917 0.326278570434
-109.259 31.9989 0.00144403948762 -0.000188471026628 -0.0428319726296 0.0314548164683 4.09831 4.9283 -50.2086268867 14.8814527869 0.588012255212
-109.991 31.439 -7.7738621354e-05 0.000840443088164 -0.0105123844568 -0.0181404115617 5.54032 5.58053 15.085935809 -8.64097400307 -0.204285644128
-109.281 31.3757 0.000113844517671 -0.00195011514666 -0.0616596937504 -0.0133372251094 10.7493 10.1608 -117.915714145 -14.980845254 1.12856386979
-122.707 48.7197 -0.000445307831019 0.000258848472319 -0.000558232269555 0.00221798272475 4.09695 4.11565 -2.83156251301 -4.72786608096 -0.513747811265
-122.085 48.9983 -0.000227130740357 0.000302306559153 -0.00219247193519 -0.00251162982257 4.5946 4.6282 -1.61069211869 -3.85681026451 -0.354203900586
-121.48 49.0983 -0.00011815469798 0.000536520407903 -0.000351609426433 -0.00581049232618 4.48414 4.38217 3.30983044835 -5.45630847504 -0.350487421839
-120.384 49.048 -0.000614544384095 0.000239375218544 -0.00120362853064 -0.00459628803111 4.25573 4.22236 4.27383220851 -4.96513053839 -0.657775185692
-119.272 48.9534 -0.000679131881028 0.000327389074879 0.00051745528375 -0.000976989683908 3.76516 3.92603 3.87231704394 -6.07713525412 -0.75386965253
-118.585 48.9752 0.000650409711558 0.00024096477462 0.00243152893592 -0.000278206877304 3.5985 3.82405 4.44382118803 0.459613027076 0.496472556477
-117.559 48.9813 0.000545791752403 -0.000195041851006 -0.00201877631318 0.00139757951867 4.11664 3.98709 -2.1340089167 4.63224516313 0.570562389492
-116.363 48.958 0.000192458631705 -0.00133526686835 0.00192895636915 -0.0148100130645 4.60845 4.35493 22.0949615816 14.2650008193 0.301153271323
-115.653 48.9339 -0.000184981123574 -0.000185350190398 -0.000892416324867 -0.00241866044659 4.47781 4.27349 0.482806790565 0.918988988077 -0.0858839294422
-114.413 48.933 -0.000430106521799 3.59509954386e-05 -0.00453197716424 0.00597858014097 4.47941 4.50642 -6.51518226568 -2.76401632457 -0.384142083651
-123.504 48.0575 -0.00090879593035 0.00012985182725 -0.00288366680349 -0.00111646927263 4.47545 4.44439 -3.9074037012 -6.44156818927 -0.811882626541
-122.096 48.2641 -0.000855515368074 0.00048698860933 0.00197399999112 0.000319313866671 3.93206 3.98517 0.0902468500008 -8.73341415129 -0.984169372382
-121.484 48.5183 -0.000613218985189 0.00107675712237 0.000295338294984 0.00149752611175 4.10762 4.12987 0.424772719103 -12.6879000383 -1.07083983448
-120.12 48.4607 -0.000416961504097 0.00117539582486 -0.000572300338507 -0.00170654446105 4.25533 4.36109 4.88833434508 -12.8238979882 -0.86945209875
-119.333 48.3584 -9.23066115635e-05 0.000117118385467 -0.00114353525587 -0.00025204654797 4.13907 4.27477 2.90824146043 -1.51155140651 -0.134394901784
-118.149 48.4226 0.00118877759303 0.000403310307929 0.00107763199304 0.00110371892176 3.89633 4.09524 1.88453735523 1.7120367458 0.887965837733
-117.225 48.2995 0.000304178998246 0.00143210809835 0.000520025824918 0.00657561969419 3.77318 3.84264 -4.79127561658 -11.0160431947 -0.507091463382
-116.367 48.4366 0.000126599963581 -0.000209870102352 0.00334317537157 0.00122716612847 4.17464 3.79014 2.70562700352 2.57094109969 0.201337693
-115.589 48.4694 -0.00179792027528 7.19720690053e-05 -0.00783483707247 0.000122334561294 5.85825 5.17258 -13.9330962623 -12.9107115626 -1.41956235959
-114.468 48.3739 -0.000728961900951 -0.000227880916525 0.00168242544311 0.000550337157931 4.20236 4.25957 -4.14081705602 -1.73399080361 -0.521065906127
-122.173 37.1311 -0.000447804517729 0.00045820912114 0.00670076549898 -0.00557265397649 3.81048 4.386 7.77462678038 -5.69875513444 -0.591519725717
-124.566 47.9475 -0.000317957214634 8.26954237004e-05 -0.00140842098311 6.18090161404e-05 4.11598 4.1041 -2.06571575773 -2.50026856797 -0.308087617471
-122.972 47.7172 -0.00105203493233 -0.000994668105442 -0.0015473596096 -0.0030937098453 4.61419 4.59747 -0.19336388928 2.92503964494 -0.368642401739
-121.689 47.6947 -0.00151984087587 0.000535673918903 -0.00134666051146 0.00212194259366 4.14818 4.19308 -4.31014539936 -13.3471838806 -1.55196483523
-120.061 47.6902 0.000413677746624 0.000355445280826 0.00168096492475 0.00634866657152 3.69999 3.75594 0.39929540369 -1.1208748241 0.188195150819
-119.045 47.7849 0.00045167297529 0.00013597160875 -0.00229925580903 0.000373607653438 4.2343 4.18293 2.6082141417 0.801619981504 0.345247516995
-118.274 47.8006 -0.000152993917143 0.000260331758607 0.000489207908389 0.000152567246075 3.94321 3.99031 4.06296883813 -3.1243575451 -0.246225255682
-117.308 47.8192 0.00058838527508 -0.000115009563355 0.00469883424253 -0.00604179755911 3.99176 4.03389 14.2536044611 2.59025401177 0.599061058326
-114.574 47.6795 -0.00113011305707 -0.000274049873436 -0.00236195760889 -0.00068134332703 4.32519 4.28452 -2.45416391577 -3.08909399878 -0.868171289937
-113.747 47.7687 -0.00106415701653 0.000283295957278 0.00458366432578 0.00072575102345 3.62953 3.66764 0.554855839858 -7.48335022171 -1.08591168036
-123.771 47.1161 2.53054617893e-05 0.000163313555703 0.000928808280182 0.0013259424699 3.76898 3.63271 -5.07410572739 -1.1466868269 -0.0788973983084
-122.803 47.1109 -0.000777545977161 0.000303780101674 -0.000391451489597 0.00038393015241 4.04169 3.62943 -3.77867017736 -7.02614575962 -0.810046402797
-121.989 47.1881 -0.00279972659862 0.000406202905642 -0.00420809451402 0.000383701373173 4.35774 4.55776 -8.05540746807 -21.0523830827 -2.4312409929
-120.844 47.1935 -0.000146003951583 0.000327351191858 -0.00100874460709 -0.000725257741625 3.88706 4.16566 2.62030162877 -3.65181855083 -0.280679326783
-119.973 47.1936 0.00111776707738 0.000734713103782 0.00601450932339 -0.0105839336953 3.51626 3.52795 21.193202655 -5.8050154375 0.999924570148
-118.921 47.0573 7.46154716377e-05 0.000336093522982 -0.00741010759275 -0.00103939558545 4.46131 4.76277 0.700762821573 -2.70075031054 -0.0921898842824
-118.309 47.0615 0.00100314445927 0.000351547365979 0.00885111033764 -0.00254918538406 3.48405 3.4721 10.4615911541 -0.280864313019 0.847069920785
-117.276 47.0547 0.000312515393747 0.000444458923613 -0.00302287785055 0.00102565892867 4.55559 4.18323 -4.70226131729 -2.17968530302 0.0268276754042
-116.335 47.0477 -0.00115791783794 0.000473658562477 -0.00343596691432 0.00338790086382 5.20009 5.28135 -20.0339147496 -12.2797216113 -1.13657659273
-115.353 47.0528 0.00034027657122 0.000351065810869 0.00225243929457 0.00121714637952 4.28425 4.05675 -2.5872198964 -1.5177507613 0.128975271651
-114.459 47.0943 -0.0013349177054 0.000105589148811 -0.0025049961187 -0.000823443935761 4.48036 4.23803 1.16734305358 -6.88952519762 -1.25911899019
-113.506 47.0816 -0.00144921955799 -0.000355432352023 0.00265217890305 -0.000954934511732 3.68882 3.82067 2.06187252934 -2.51934796773 -1.19726604013
-112.52 47.0418 -3.14968211154e-05 0.000414764684206 0.00205294594605 -0.00275673674816 3.91529 3.98509 3.20905675813 -4.2877584745 -0.178259302681
-123.563 46.5459 -0.000585349611002 0.000234479035093 0.00055621492681 0.00237883261194 3.77795 3.68678 -6.41268479633 -5.47517068159 -0.604035427858
-122.72 46.5934 -0.00131877500608 0.00138217071577 -0.00115028713853 0.00294715684581 3.83772 3.78361 -7.84752755586 -19.1446146419 -1.89610653522
-121.761 46.5605 -0.00144548876849 -0.000145058425239 -0.00539598848624 0.000583114269545 4.03665 4.24234 -1.90890779037 -6.66291226589 -1.1379348611
-120.979 46.5433 -0.00141270278771 -0.00102799463917 0.0176421698232 -0.00350589211954 2.90322 3.14013 15.7887280585 6.53408788798 -1.11153299342
-119.855 46.5585 0.00176140600682 0.000157605097025 -0.0268834356946 0.000149886716079 7.01912 9.00079 -28.7677622562 14.4757005403 0.794187084715
-119.06 46.4911 0.00113977886052 -2.86444623007e-05 -0.000670669652596 0.0011260379994 4.55418 4.56591 -6.66593174279 7.054757085 0.944133786718
-118.146 46.5139 0.000507987759442 -1.27845336646e-05 0.00681197821753 0.00344883908743 3.5547 3.57721 -1.85830770852 2.74989873388 0.445973143406
-117.11 46.485 0.000735595215654 0.00109661563173 -0.00443999472756 0.001583328284 4.41905 4.59449 -12.3521526793 -3.86108866392 -0.137912358721
-116.209 46.3559 0.000215908090228 0.000109433617316 -0.000272249150157 -0.00101307148403 4.40907 4.32964 -1.83321136383 0.0808706808609 0.136808711462
-114.188 46.4423 -0.000598002851896 0.000543650082068 0.000140782923986 0.000217647391055 4.45688 4.21336 3.68186612554 -7.71612718072 -0.757018446937
-113.493 46.4162 -0.00180758797944 -0.000412878972484 -0.000596939071897 0.00543278622365 3.85132 4.1632 -1.80239286083 -4.7553790726 -1.42765382359
-112.641 46.4246 -0.00100509366094 0.000278290225126 0.00314028010723 0.00657602739407 3.49651 3.58792 -3.54862404929 -7.68725949961 -1.01833604295
-120.728 40.6183 0.000950231381766 0.000499583591915 0.00244870504304 0.00339226281641 4.09906 4.23177 1.24294271753 0.199473055416 0.591798135299
-123.559 45.9306 -0.000276275349807 0.000366975436133 -0.000945850006402 0.000364803199695 4.19387 4.14421 -0.273148498034 -4.55853988856 -0.429800930577
-122.419 45.9325 -0.000733558216967 -0.00039090642348 -0.000225077839475 -0.00100289874211 4.0536 4.00221 4.34596370409 0.163670875265 -0.476992730057
-121.459 45.8839 -0.000973688466343 -0.00131919049803 0.00256564323396 -0.00101402106698 3.99403 4.0681 7.26916477431 8.33642432968 -0.371927980896
-120.782 45.7664 -2.64702359678e-06 -0.00101994491592 -0.000347367494792 0.00573787286766 3.88326 4.05682 0.611664101475 8.98100295366 0.499915233641
-119.928 45.8951 5.17655038877e-05 -0.00192917204186 -0.000839876884604 0.00893031380361 3.48455 3.48467 -9.63026906548 15.5910127045 1.25773026072
-118.777 45.7971 -0.00036506383836 -0.000677301474665 0.000791479164673 0.00134472886084 3.71151 3.78947 -7.16594844453 3.44049320551 0.100940710083
-117.909 45.7087 0.000194058834749 -0.000111035392618 0.00219544735735 -0.00468637007625 3.75444 4.09557 2.71898337575 1.89431906528 0.222919713651
-117.228 45.9734 0.000467963375098 -3.68226216807e-05 -0.00178151619689 0.000579715682197 4.11109 4.20688 -3.79442271472 2.85832178429 0.418613885549
-115.255 45.7565 -0.000544800550226 0.000710158303322 0.0024188805629 -0.00319445073186 4.10623 4.12595 5.63270016566 -9.00237433078 -0.759971820934
-114.332 45.7893 -0.000514768024166 0.00125186116393 -0.0020650636529 -0.00152949492715 4.95915 4.85788 4.65391634206 -14.3120277046 -0.928483975282
-113.37 45.8122 -0.000711001588014 -0.00171971689168 -0.00522623640031 -0.00435208847851 5.15326 4.6814 19.5227705972 17.5091288428 -0.545160965243
-112.493 45.8409 -0.00102614163251 6.95984731203e-05 0.00977841623688 -0.000997727180512 3.54554 3.5533 9.67739304721 -3.50383056766 -1.01031715058
-123.281 45.3153 0.000304113954256 0.000564833998928 0.0026460563287 -0.00341274438876 4.20262 4.16812 11.1062341818 -4.17604393329 0.0839305525203
-122.478 45.2059 0.000128970715517 0.000221619616026 -0.00281624489981 -0.00136116236769 4.42186 4.24845 4.40132203239 -1.39039882702 0.0146862470008
-121.317 45.2422 -0.000718523923642 -8.06489965263e-05 0.0022783468744 -0.00119988725202 3.98982 3.77713 7.755165472 -2.04697470193 -0.631504239219
-120.635 45.2357 -0.000862141193716 -0.00116711180561 -5.24861823332e-05 -0.00277173817807 4.36498 4.16433 10.6776571065 8.24934242987 -0.427038696932
-119.669 45.2664 0.000127197734614 -0.000309429420626 -0.00329881629522 -0.00182013523527 4.97466 4.62444 -0.330582556215 3.37791764636 0.263680990776
-118.96 45.2904 -0.000724544125448 -0.000435036727412 0.00601058231332 0.000722503815221 4.00101 3.90999 -0.00793217308664 0.321753347287 -0.424718483286
-117.78 45.2781 6.053647644e-05 -0.00186090254537 -0.024072268114 0.0121149368961 4.93382 5.30951 -24.4959358175 12.1704801753 1.51356396393
-117.12 45.2925 -0.000344696068847 0.000415728611696 0.00808177310323 0.00113526586472 3.83812 3.7433 -1.37791627482 -5.49566718639 -0.502834628397
-116.268 45.3997 -0.000323396795744 0.000758712456607 -0.00102747297872 -0.00195847289868 4.121 4.0978 4.03764083127 -8.59562513136 -0.593485150924
-114.233 45.0931 0.00205498524257 0.000678255980991 0.00194131030649 -0.00045603007407 3.8539 3.96042 5.32962285872 0.798267116769 1.69275753788
-113.46 45.2432 -0.000197263454707 -1.74284048307e-05 0.000253566670233 -0.00548919857707 4.26158 3.76189 9.91240829736 -0.368570054432 -0.185853176504
-112.489 45.166 -0.00236173708545 -0.000329246508748 -0.00658795934118 -0.00845112041954 5.12377 5.14069 13.2475260088 -1.43296243937 -2.25331868489
-124 44.6764 -0.000364110297704 4.87165064542e-05 0.000554135296648 -0.00610250702539 4.3226 4.42679 8.93548836783 -1.86811778838 -0.353419864674
-123.292 44.6765 -0.00015552321989 0.000225378235359 -0.00364907217082 0.00225694833762 4.61363 4.82444 -1.63757474699 -2.7105083377 -0.254126960511
-122.186 44.6837 -0.000113433923512 0.000693952879033 0.000139389293066 -0.00202129629038 4.16244 4.19162 10.7014627377 -6.88268691392 -0.348271186156
-121.227 44.6473 0.000852952736904 0.000972627670889 0.00427129904414 0.00124128985763 3.67799 3.66015 9.28582701907 -6.01724132241 0.444601152318
-120.335 44.7344 0.000217154547964 0.000182074944096 -0.00205114042654 -0.00651892858898 4.74397 4.31244 10.4356449994 -1.00768090365 0.144451753332
-119.565 44.5913 -0.000645492222277 0.000948709705752 -0.0034332970786 -0.00626352365513 5.71507 5.1844 13.7981834593 -11.0291375596 -0.87529922106
-118.67 44.5191 -0.000476427944331 -7.96713407301e-05 -0.000947186569715 -0.00174847326334 4.60302 4.37978 3.73096677316 -1.31271786965 -0.398444013863
-117.664 44.6653 -0.000372231767327 0.000185230793307 0.0031212508066 -0.00300635454558 3.86646 3.6019 3.3302115728 -3.32818298246 -0.415563145493
-116.747 44.589 -0.000589941075179 0.000645163884055 0.000464096568915 -0.000671154192519 4.14523 4.07652 3.46688522242 -8.57519391696 -0.8005923573
-116.013 44.7035 -0.00105710916382 0.000489725088108 -3.17865626235e-05 0.00122283883234 4.10733 4.16996 0.378123956697 -9.46247847129 -1.16458182488
-114.855 44.5494 -0.000417684561571 0.00043621728244 -0.00274790883846 0.0056250909178 3.89846 4.09333 -2.75714138906 -6.1151962536 -0.576223186309
-114.255 44.5642 1.43616058979e-05 0.000463136081392 0.00790597044054 0.00363168279812 3.37017 3.41141 2.13597327081 -4.40869530079 -0.171632536274
-121.551 36.3887 -0.000357211322701 -0.000327723813027 -0.00176942252604 0.00749843747249 3.5518 3.60609 -3.91105404334 0.661982824129 -0.110286732759
-121.461 40.8161 0.0002265323008 -0.000190243193811 0.00621342114764 -0.00144142651427 3.73525 3.94272 6.31610727043 2.61308998623 0.28465318664
-119.023 36.6801 0.000283164443667 -0.000316064910174 0.00301342813509 0.00029371139763 3.71351 3.73712 0.519050751517 4.02878915785 0.39927039054
-123.83 44.0035 -0.000631543871654 -0.00145487854375 -0.0158028015257 0.00495377385894 4.67652 4.82109 -17.9723719654 4.37603455274 0.714104323919
-123.278 43.9726 -0.000334528386022 -0.00117871473114 0.00429571181569 0.00082798046488 3.79151 3.85164 2.5786863217 8.5233433487 0.28480492448
-122.411 43.7941 -0.000803651903026 0.000389233182893 0.00305049162956 -0.00111545168014 3.47949 3.58596 9.44159140331 -6.53988781853 -0.890742793094
-121.268 44.1626 -0.000191208317465 8.37320318643e-05 0.00223495896579 -0.00257719583712 3.96423 4.1947 9.56600770149 -1.46556621737 -0.208497537392
-120.211 43.9437 -0.000370886556112 0.000423895086434 0.00262657447218 0.00270335291481 3.78667 3.93954 1.72139477737 -5.5226829807 -0.526520611387
-119.504 44.082 0.000614043925625 0.000179577526693 -0.0058194060206 0.00049980451531 5.62597 6.34185 -5.3661463374 2.03545583237 0.403364648365
-118.569 43.9104 7.71106270755e-06 0.000689466728758 -0.00358402661447 -0.00145769857397 5.19056 5.03044 2.26802514548 -6.25732745279 -0.299014378486
-117.741 43.9733 -0.000963209695457 9.38952684934e-05 0.00428123641947 -0.000998047693305 3.94308 3.94685 7.19675587327 -4.41082784816 -0.9335704927
-116.803 44.086 -0.000550940205614 0.00109120291525 0.000452081367826 -0.00150642729445 4.28999 4.33836 5.46440550557 -12.5673021102 -0.918731015378
-115.958 43.9121 -0.000304711824976 8.38022085765e-05 -0.00545517889605 0.000935013661068 4.40699 4.44364 -3.94511020585 -2.3637190111 -0.304667391145
-114.117 43.9146 -0.000186736771447 0.000408400225925 0.0072080485958 0.000860734251671 3.66307 3.72858 7.24403456176 -4.68857497687 -0.305888732441
-123.575 43.3654 -0.00113853099108 0.000561372646528 0.00578605882667 -0.00139190734063 3.56707 3.00572 5.12312590387 -9.96283413626 -1.26931481263
-122.965 43.3717 -0.00386669738289 0.000485031287137 -0.000914951006057 -0.00189272874833 3.58419 3.61984 9.32373592426 -18.8707107356 -3.76140716531
-122.109 43.2406 -0.00027627700333 -0.000162904252281 -0.000108128237196 0.00267105189895 3.64713 3.79693 -1.36591808923 -0.104069849073 -0.145960396295
-121.236 43.2843 0.000339392624736 0.000161473218993 0.00118957943409 0.000951046825883 4.06642 4.07248 2.26353499152 0.178375727357 0.222938474997
-120.153 43.2515 6.54886451104e-05 -2.69414630194e-05 -0.00395784274321 0.00327799808934 4.30045 4.06551 -8.54878380099 0.619213858249 0.0681100648938
-119.311 43.3736 -0.000417194581257 0.0003807319115 0.000688341360662 0.00303645770362 3.92739 3.89778 -4.83137099231 -5.54441745441 -0.558706808129
-118.474 43.358 -0.000614978219903 0.000565597973858 -0.000556180857952 3.95509583438e-05 4.31659 4.28976 2.27638000732 -7.9196928043 -0.801840408342
-117.754 43.3471 -0.000550122197814 0.000696918636004 0.00211868162107 -0.000971731531765 4.14084 4.11046 5.76690049103 -8.71639059675 -0.773459670109
-116.767 43.4275 -0.000518258405915 0.000500693168664 -0.000842419937108 0.00168790213748 4.45732 4.55816 -0.81228997179 -7.05913569723 -0.693405085159
-115.828 43.4151 -0.000176768287587 0.000348049328689 -0.00436205637994 -0.000437939722422 4.58891 4.40931 1.97992079147 -4.03901942525 -0.306443959081
-115.098 43.25 -0.000569721371188 0.000251726660537 0.0029488761595 -0.00382857181909 3.79623 3.72721 8.99497681858 -4.26143544393 -0.618811030899
-114.174 43.3979 -0.00011281017907 -6.22101885374e-06 0.00314720752956 -0.00395527268639 3.81676 3.86465 12.669924866 -0.202478483904 -0.108514455828
-111.612 43.2741 0.000114797757301 0.000395931771149 -0.00109545798235 0.000574603028265 4.21146 4.06796 1.43331247943 -3.4264217301 -0.04596983549
-124.469 42.8088 -0.000266059478295 0.000502619831164 -0.00107697239638 -0.000713792161445 4.1299 4.11301 2.23082318297 -5.51633392393 -0.483979891117
-123.49 42.7667 0.000220224851842 0.00358238666311 0.00261972804499 -0.000887448422468 3.95765 4.20209 12.2859585886 -32.2433033937 -0.999911869076
-121.731 42.6133 -0.000328431845562 9.43102033765e-05 -0.000793342292789 -0.00299937356596 3.91568 3.68395 2.22702313126 -2.37111164844 -0.333579576854
-120.893 42.7258 -0.00056136661535 0.000433759347463 0.00215873531821 0.00230764947838 3.74982 3.75245 -5.25247278938 -6.75867372971 -0.708879849035
-120.251 42.7991 5.75886945845e-05 0.00124754572815 -0.0037454163822 0.00068605936285 4.71714 4.55528 -5.8559524366 -9.8100906841 -0.679764489705
-119.247 42.6912 -0.000317629396958 0.00053866598345 0.000660585393943 -0.00209158553013 4.17297 4.12205 -1.28010589085 -6.29720692798 -0.546368323605
-118.486 42.7308 -0.000431516466663 0.000819962084911 0.000212882727084 -0.00251866380749 4.04633 3.86205 0.746351653781 -9.38324867606 -0.764401702158
-117.725 42.6996 -0.00110614766217 0.000784974588415 0.00150279935921 -0.001901657594 3.92448 3.90785 1.68761578056 -12.1624031816 -1.33974437442
-116.87 42.7779 -0.00021217857613 0.000518461442707 -0.000351190727715 -0.00280909122037 4.35908 4.47001 2.18131718813 -5.73166797359 -0.413498987183
-116.032 42.7713 4.37881206306e-05 0.00101697235 -0.00227218691987 -0.00336755357696 4.47638 4.48858 9.25558695623 -9.84927915996 -0.267245050405
-114.903 42.636 -0.000231907964104 0.000587790700976 0.00292521929284 0.000990933749675 3.63563 3.6284 5.61197508923 -6.55998495865 -0.423823679388
-114.084 42.6493 -1.74658899966e-05 -6.63938381524e-05 -0.000112276920143 0.00182350960436 3.86542 3.9308 1.71810986075 0.55967919258 0.0109884756342
-113.176 42.5452 0.000934778713555 -0.000254097304067 -0.000583281551606 -0.00205905463112 4.40457 4.54197 6.59895202751 5.64553827619 0.967115444946
-112.531 42.6852 0.000604729841643 8.58887106394e-05 0.00205706982332 -0.0024346561313 4.22417 4.12805 3.46131299564 1.46295282753 0.532787898017
-111.588 42.8321 -2.90249714382e-05 0.000796596819167 -0.0039960454897 -0.00455808469862 4.75647 4.67511 8.58610197198 -8.25050853208 -0.240106435537
-123.602 42.156 -7.40861577865e-05 0.00042973795493 0.00182912147988 0.00143473479093 3.90984 4.52449 3.17712094465 -4.01044342603 -0.27230020093
-121.891 42.175 3.20097944491e-06 0.00289943121383 -0.00137622144665 0.00607799796626 3.5365 3.33066 -11.3769397708 -21.126543316 -1.94695963828
-120.834 42.0472 4.78733185559e-05 0.000170104197708 0.00182742160884 0.00378984453036 3.79642 3.80163 -5.65346582305 -1.09080916068 -0.0606912720465
-119.34 42.0187 -0.000598517702816 -0.0001948186107 -0.00127772289235 0.00197622764066 3.9197 3.92076 -5.32950856543 -1.78737296452 -0.383068843103
-118.344 42.1901 -0.000645915864811 0.00147571456282 0.00107890853536 0.00117657130544 3.68081 3.65239 -4.43513749065 -16.070239574 -1.3442682949
-117.667 42.0192 -0.000465048288851 0.000902965266867 0.00257936299046 0.0041276007445 3.66297 3.75351 -1.01806273311 -10.3029345174 -0.845107557697
-116.471 42.0773 -0.000508416292231 0.000305830510984 -0.000948998790284 0.000224794916799 4.08664 4.33438 4.19758865013 -4.92045825422 -0.587581337742
-115.754 42.1669 0.000114657199169 0.000774998463252 -0.0031207669025 0.00127394685387 4.63125 4.94885 -1.49943336635 -6.46810730419 -0.266238676637
-115.016 42.146 0.000100656820701 0.000524812287725 -0.00110846687786 0.00229567936905 4.03401 4.11015 -0.944859797732 -4.35239688002 -0.150784120616
-113.944 42.0886 0.000702235037629 -0.000422706460686 0.00451825898244 0.00184452318993 3.35492 3.38769 0.890380680779 7.06606619869 0.814652358731
-113.24 42.0343 0.000399007061864 -0.000422045894966 0.00105957643787 -0.00129704082013 4.1937 4.21264 1.43688335591 5.73029326246 0.535079533643
-112.386 42.0041 -2.6737823199e-05 -0.000204499197642 -0.00364702465641 0.00212045399091 4.80493 4.73342 -9.14660139923 1.63546118349 0.0914097345011
-111.432 42.0149 -4.55239078416e-05 0.00030350753618 -0.000179988418841 0.00450603566921 4.03613 3.94603 -9.42059768498 -2.95462314826 -0.205166642115
-120.74 38.7552 0.000778710339553 0.000599360039322 -0.00870140787819 0.00507626423371 4.14735 4.78163 -19.3211918788 1.94935694677 0.0528832908265
-124.122 41.8473 0.000153092256651 0.000732687561333 -0.000233898815145 -0.00318416950512 4.18164 4.21321 6.12871556266 -5.70329464707 -0.186771399048
-122.854 41.392 -0.000633563767575 0.00128801928372 0.000420325007232 -0.00111492287507 4.10944 4.30739 3.91719468286 -13.9759516916 -1.15791657888
-122.122 41.2742 -3.82327914352e-05 0.000161461360834 -0.00219107834016 -0.00252158668719 4.74738 5.58239 3.92227525355 -1.57702598988 -0.107541308831
-121.839 41.7826 -5.8840428534e-05 0.00296984096773 -0.00273216888914 -0.00345675559053 4.20309 5.19842 -3.01489776362 -24.5808555629 -1.70270029534
-121.146 41.3593 0.00165152142177 0.000256435345368 0.00185989468533 -0.00621191579438 4.28817 4.67998 10.1981545787 3.23640419026 1.46207570321
-120.477 41.2047 0.000380751942454 0.00035409888659 -0.0030214615 -0.00816424854631 4.88333 4.6435 12.6167995658 -2.22728168194 0.25834348137
-119.171 41.3884 -0.00121556913553 0.000173068891523 -0.00763765960619 0.00193637107827 4.7175 4.55925 -5.07343010109 -8.25473875224 -1.10346757409
-118.379 41.4483 -0.00128919010552 0.00175188969543 0.00473380904462 0.0249686666463 3.19773 3.66497 -4.6861373808 -21.8632876224 -2.03808677951
-117.45 41.423 0.000210360375557 0.000324671274572 0.00440253424247 0.0103140443199 3.45705 3.39577 2.68760576725 -2.06802581587 0.0519449294182
-116.54 41.522 -0.000544897167864 -0.000892536023821 -0.00115810780693 0.00224719925089 4.06866 4.13929 -3.84055480505 4.91821747149 -0.00452072005559
-115.791 41.4311 -0.000392214272084 -0.000282670434758 -0.00191212970788 0.00214429823806 4.23048 4.55122 -4.77564605671 0.360675187678 -0.185869000553
-114.915 41.4157 0.000847452430458 0.000205326204265 0.00131450996941 -0.00337060218826 3.97194 3.98355 8.12370410698 0.710381712609 0.741356178567
-113.347 41.503 0.000512455602799 -0.000943977817805 0.00422754350879 0.00241416430217 3.58292 3.47654 -5.19817172738 11.212029345 0.920257161438
-112.448 41.4632 -0.000127132322641 0.000157526611268 -0.00358311490735 -0.000746490663312 4.75517 4.50965 -8.15029605682 -2.11579894028 -0.192242392117
-111.63 41.3146 -0.000779516454336 0.000212399644348 -0.00530481555405 0.00260797255746 4.39778 6.9521 -14.4977330987 -6.89984261494 -0.741262163471
-123.306 40.822 0.000103215414246 0.00081618582583 -0.00338898440285 -0.00120662606592 4.50259 4.72519 4.00686610727 -6.5209545379 -0.288981186881
-119.835 40.7484 -7.23068505512e-05 -0.00190502658789 -0.01077622642 -0.00537668710034 5.26559 4.83132 -1.63643719972 15.8129841842 0.92234144597
-118.971 40.7797 -0.00209994403331 0.000585585150273 0.00682081840513 -0.00678294514811 3.86244 4.00379 16.8348796488 -10.1059399473 -2.17597724377
-118.134 40.7811 7.23357864201e-05 -0.00289736478001 0.00075327053788 -0.0605973173141 2.02401 2.05213 90.1481430833 13.1256428454 -2.51890361218
-117.524 40.852 0.000443382769545 0.000858254065308 0.0086491299914 -0.0259556308248 3.92196 4.08314 34.9455188373 -9.1469968291 0.544359637445
-116.508 40.7186 5.47990587294e-05 -0.000132481316713 -0.010579136808 -0.00228936372337 5.29186 4.77325 -8.44280039717 1.41874345176 0.121885933211
-115.736 40.8167 -0.00117347513851 -0.000601376964877 0.00610427085953 -0.00281139342216 3.6235 3.61508 3.78651683156 0.965135977099 -0.844656607952
-115.039 40.8522 0.000182240031395 0.000280368394035 0.000139281632719 -0.000379670054482 4.00601 4.51007 1.13000328623 -1.80902149297 0.0452778209082
-114.204 40.8556 0.0014957700567 0.000240507707905 -0.00190584684219 -0.000208618868216 4.47398 4.5959 -4.40189323743 5.64651536072 1.17104020861
-113.187 40.8513 -0.000285036010109 -1.2286465571e-05 0.001331740968 0.00176504629709 3.9354 3.7049 -5.37709191209 -1.40137489447 -0.239155805083
-112.52 40.8903 -0.00178457167825 0.000440948475476 -0.000972475262791 0.00418360220929 4.00948 3.9821 -14.1453592261 -15.34346349 -1.665440083
-111.437 40.8869 -0.00293008653641 -0.00411163309524 -0.0078125499944 -0.00610191097063 4.80856 5.32216 3.52594567685 29.7837446595 -1.29855670288
-110.834 40.9425 -0.00118035639497 0.000843716793117 0.00322010468347 -0.000852980379405 3.82921 4.06636 0.728040538999 -13.132846678 -1.41611837336
-123.82 40.1398 -6.48516577295e-05 -0.000803094061681 0.00074020393888 0.00233193491017 3.94029 4.02764 -2.08958991176 6.02651460479 0.397506422835
-122.788 40.1767 -0.000274615970659 -0.000849377214646 -0.00453890272453 0.0023837175255 4.34289 4.51469 -7.97624407712 4.66566093107 0.326634222756
-122.032 39.9971 0.000432518706789 2.27429816417e-05 0.00142205878794 -0.000306884655022 4.02102 4.14207 1.33350398907 1.88167267267 0.364991818855
-121.086 40.32 0.000621551540522 -0.000445833410386 0.00373654702573 0.00556366062781 3.45445 3.43212 -5.12359970053 7.09500379643 0.764907333207
-120.918 39.962 0.00174011079385 0.000578922577428 0.00164385877157 -0.00304221867475 3.95252 3.65795 -1.54614138097 4.13653030493 1.17604914624
-119.827 40.165 -0.000591104088841 0.000484087393543 -0.0125067950736 0.00599366561938 4.05234 3.44506 -12.4249689333 -7.46797989026 -0.763264527589
-118.877 40.1614 -0.0022277186242 9.96500905267e-05 0.0298379542296 0.00187678098096 2.06634 2.09733 16.7319198367 -5.62683528609 -2.1990364746
-118.155 40.2903 0.000195836145485 2.19134826142e-05 0.0113964418404 -0.00175444181992 3.55756 3.4492 8.38577805434 0.46465355967 0.176542814815
-117.19 40.1697 0.000440934834097 -0.000870949445366 -0.0397353759626 0.0169095368299 4.46736 4.33158 -74.5317333886 2.47582945112 0.757113702272
-116.5 40.2917 0.00024763079862 0.000369203963458 0.0056847284569 0.00424248086379 3.98365 3.73533 -4.28608547514 -1.87382822046 0.0174167197081
-115.657 40.1313 -0.000891872660818 0.000122314479375 0.00262258454081 0.0045695752662 3.6405 3.59444 -4.25649294329 -5.76189783909 -0.827205155953
-114.745 40.2679 0.000198854590198 -0.000307728205819 -0.000670431869061 0.00156620098043 3.91146 4.09607 -3.61065516946 3.76075542653 0.325546800033
-113.981 40.1314 0.000971376774637 0.000308307084934 0.000723275801005 -0.00300348978509 4.29914 4.23046 1.00841386871 1.30436366943 0.753365944349
-112.469 40.2807 -0.00102647869315 -0.000206824908615 -0.00217707051881 -0.00197345213112 4.5385 4.1463 -3.90417037242 -3.25448223677 -0.801200647792
-111.502 40.2067 -0.00186248581421 0.000426851953784 0.00198826654996 -0.0040254898902 4.23987 3.99298 6.16253169558 -10.3392407911 -1.90315523608
-110.008 40.2655 -0.000380076794196 0.000324024143278 -0.000417371158355 -0.0129952058584 4.27304 4.60802 9.2928106327 -4.32406159752 -0.447063510478
-123.338 39.469 -0.000129714937207 -0.000472966253009 -0.00236719179715 0.00107774295033 4.03743 4.003 -2.78589442903 3.033246732 0.161126148767
-120.608 39.3028 0.000343974361591 0.00175781513413 -0.00596020080219 -0.00129643461132 4.68199 5.10938 0.446225488763 -13.3141160825 -0.566113877505
-119.898 39.6785 -0.000236451424794 0.00281062794415 -0.0016978759597 0.00337487394152 3.74458 3.53428 -4.94058362552 -24.172339438 -1.78440639802
-118.889 39.5399 -0.00111415401491 -1.82830841008e-05 -0.00169558647912 0.00464084753422 3.70252 3.84731 -7.88619186921 -6.46943283314 -0.882004523837
-118.08 39.6946 0.000764885927191 0.0020418964921 -0.00438092019938 0.0605723679662 1.68367 1.7165 -45.9458486516 1.82832865385 -1.7581949782
-117.14 39.5516 0.000817783035844 0.000280876284194 0.0051815990394 -0.00296020536948 3.7157 3.5498 5.02362494206 0.569671619873 0.645940066439
-116.464 39.6202 -0.00131113773417 0.000596160643776 0.00747072546152 -0.00379437937509 3.36219 3.28628 10.5816697822 -9.59217123781 -1.42723598437
-115.754 39.553 -0.00090747037589 -9.76584864779e-05 -0.0071378837935 -0.00255103480252 4.64298 4.90498 3.45577231583 -2.753781106 -0.794001353552
-114.908 39.4731 0.000174132937852 -0.000620527342878 0.00651786488831 0.000201160486438 3.66194 3.65572 4.54923694971 6.55419468364 0.392005683364
-113.069 39.5906 0.00025570803634 0.000605922498604 -0.00310631305614 -0.00142007039808 4.64712 4.447 -5.29405728422 -4.07155598348 -0.0870675365049
-112.279 39.5708 -0.000670609113987 3.53157169707e-05 -0.00515167823587 -0.00194091008871 4.73516 3.78649 -3.65857199782 -3.64959792378 -0.606860202922
-111.66 39.6092 -0.0029504413013 0.00034231035291 0.0161213920433 0.000823766853636 3.26264 3.17008 2.36128416077 -14.9027640652 -2.86429045845
-110.74 39.473 -0.00556951569343 -0.00214059374936 -0.0658975322576 -0.0224419654208 7.3203 -nan -164.170225192 -14.2449566355 5.22001428849
-110.246 39.6279 0.00289024973174 -0.000667249223079 0.0191916667754 0.0192705955874 2.8582 4.36168 -6.55218117582 21.4474434887 2.83639410835
-122.015 38.6333 -0.000993295654873 0.000254260277279 -0.00114644364659 0.00309384057208 3.86263 3.73212 -4.05807368893 -7.48867636663 -0.960246054859
-121.377 38.839 -0.00159338124559 0.00052830455002 0.00861712552546 0.00275924635206 3.08056 3.31966 2.14412928545 -11.8375749987 -1.65351103713
-118.808 38.9383 -0.000158076362604 0.000173411179299 -0.00357185190895 -0.00402910841629 4.31943 4.26643 -1.90932157547 -2.27541699041 -0.224449388593
-117.932 38.8606 -0.000809587975593 -0.000642544911886 0.000889711952389 -0.0251963364295 3.96637 4.10574 21.7773273484 5.45496022287 -0.732223010034
-117.182 38.834 5.67185416508e-05 0.00140835099809 0.00568433858495 -0.0131737644428 3.77718 3.9418 28.5074234563 -14.1182923882 0.0750114376072
-116.4 38.8247 0.000565169909778 0.000209567540234 -0.00421741698884 -0.00211062316816 5.10799 4.98491 2.3226239925 0.488169672776 0.423999599834
-115.654 38.8455 0.000477151783968 -0.000138515771755 -0.00156920290277 -0.00254856772146 4.669 4.26211 4.45461471916 3.13914730456 0.493971033795
-114.83 39.04 -7.82429637382e-06 0.000195080655356 0.0046563086326 -0.00113250955065 3.83979 3.72046 4.41836053523 -1.87848019489 -0.0799684038813
-114.02 38.9551 -3.86550841568e-05 -0.000142091737902 -0.000144294308448 0.000141075280248 4.53351 4.34916 -3.19995351405 1.08388104816 0.0350938035467
-113.277 38.9882 0.000213881305719 0.00045451660491 -0.00407109814472 0.00344890663748 4.64533 4.39961 -13.7713163578 -2.24874780381 -0.120852212463
-112.379 38.9995 -0.000530936163468 0.00475973504615 0.00150032664822 0.00351226252217 4.09837 3.94056 -5.82878262879 -45.4160570049 -2.88209033069
-111.172 38.9176 5.35688467476e-05 0.000112669635331 0.00346111320299 0.0158299805806 3.74582 3.91258 -10.2758131635 -0.65885374869 -0.0193570553179
-110.133 39.1025 -0.00127852706574 -0.00191910537053 0.00103215128829 -0.00508024007467 4.36401 5.74183 5.91752226702 15.2952299067 -0.641359244201
-109.263 38.9553 -0.000880551296654 -4.07340544172e-05 -0.00117305376058 0.0182736376872 3.49841 3.35131 -13.8183410849 -5.26221113026 -0.681159800981
-120.936 38.2571 -0.000522031921923 0.000121316360642 0.00141874305314 0.00473964714686 3.55375 3.61401 -4.66685605727 -3.85620327545 -0.497965767588
-120.076 38.7028 0.000428597784956 0.00127914582498 0.000346728248104 -0.00348999120792 4.09298 4.01658 4.91636704174 -9.63127912246 -0.144370641588
-119.451 38.5226 4.18370918002e-05 0.00128276837169 0.00254189902225 -0.00703039120789 3.62986 3.63403 14.0563934128 -12.0655378102 -0.29435452174
-119.047 38.089 4.53670149023e-06 0.000672252474501 -0.00293889599335 0.00126694913351 4.28078 4.35864 0.905778989194 -5.8176349474 -0.311735198223
-118.106 38.3489 0.00016175224439 -0.000185290673108 0.00367052156286 -0.00329589304499 3.89345 3.88483 11.3824966145 2.22695650917 0.208752703395
-117.072 38.2397 0.000840809189904 0.000484291219835 -0.000682968359675 0.00874922295169 3.92401 4.03669 -7.38290776973 0.868412415664 0.409792320173
-116.302 38.2886 0.00039471544741 0.000419738807182 -0.00416685665433 0.00300325191809 4.34207 4.02626 -7.55130819659 -1.20403853964 0.0848550403629
-115.585 38.3489 -0.000391583188143 0.00132538620623 0.00102032569935 0.00126711532 4.05567 3.83377 -1.35003186593 -13.6961299577 -0.970214712687
-114.608 38.3281 0.000290753042736 0.000886339947619 0.00111337607804 0.000600704545588 4.14697 3.91979 -3.53992937659 -6.3774987478 -0.186969249766
-113.969 38.1802 -0.000594892362505 0.000964860792658 0.00529522496269 0.00281639353538 4.12611 3.6007 -3.39143666305 -11.5941853742 -0.989938455586
-113.021 38.2987 -0.00735313580573 0.000196112498064 -0.019844641907 -0.00610922423499 8.60575 -nan -6.65121099167 -41.7875516561 -6.34771625483
-112.277 38.2108 0.000593903999202 0.00113049379884 0.0102229972321 -0.0121863802547 3.70827 6.31584 13.2012634439 -10.2514664319 0.354825946342
-110.711 38.4187 0.0025875544679 0.000552028371107 0.0173999621978 0.00283689853221 3.27058 3.39138 4.94906442399 3.31398909763 2.26949846174
-109.894 38.3862 -0.000352332304854 0.000835338842793 -0.0172646914891 -0.0104788179075 7.00093 5.19015 5.03339928386 -9.55436877361 -0.597084424182
-109.261 38.2916 -0.00177611228413 0.0014477924987 0.00483844660762 -0.017434513929 4.25359 4.12626 23.1917171445 -15.3076542692 -1.77102952554
-121.328 37.5049 -0.000779012926689 0.00089825457566 0.00161396049369 -0.00684539939916 4.04694 4.50549 9.85821632611 -10.7286058711 -1.04395514012
-120.33 37.346 0.000517221419214 0.000576623836743 -0.00410314241686 -0.00539480829118 4.84647 6.54667 10.5442863011 -3.63750089107 0.299446441697
-119.849 37.8817 6.89722695085e-05 0.000728848670656 0.00452276297069 0.00317719741556 3.53312 3.62113 3.98892666158 -6.13870895807 -0.250624760759
-118.171 37.4993 -1.65245518903e-05 0.000213152755842 0.00134334810436 0.00250171256705 3.8173 3.77885 1.76401257268 -1.95500551691 -0.110213344084
-117.225 37.7243 -0.000298491042827 0.000435885272668 0.000185424333516 0.00125568271227 3.91331 3.8781 -2.92037047244 -5.25067512201 -0.479217184613
-116.595 37.923 0.000161098159263 0.0010969547152 -0.000179607381088 0.00249671865457 4.30423 4.30365 -5.59798862243 -8.3385863767 -0.462300696222
-115.747 37.6444 -0.000259549812312 0.00204689256562 -0.00374632876464 0.00271920210803 4.26731 4.00932 -12.0142374839 -17.6851845595 -1.48737170444
-114.849 37.6083 0.000556985403157 0.00191807026982 0.00404319321548 0.0047993815089 3.46972 3.75539 -9.02126749465 -12.592013695 -0.655977154223
-113.86 37.5808 0.000718924398538 0.00288222137014 0.00271160204613 -0.00473952451299 4.08252 3.59731 8.46695636743 -25.9367704989 -0.170028759243
-113.168 37.7601 -0.00228939120598 0.0014097766357 -0.000937188013704 0.000841215225946 4.31889 3.58592 -4.55628650801 -24.2971547475 -2.68741124697
-112.363 37.6761 -0.00305342557201 -0.00916547177269 -0.00879347561484 -0.0135949225304 5.37203 -nan 2.04588631726 75.1275022259 0.739463533309
-109.995 37.6903 -0.00082279443599 0.00144129392703 0.00906401141856 0.00592725305144 3.35561 3.34134 -5.07894341895 -17.4773842928 -1.41154272264
-109.137 37.7459 -0.000597852425048 0.00100728659131 -0.0111450935099 0.00114262838423 4.92693 4.98935 -3.50241130203 -12.3886601708 -0.984137678632
-121.786 39.2291 -0.000506137420504 7.79782881833e-05 0.00498722886747 0.000642899570015 3.6208 3.56418 -2.84900980162 -3.34156632952 -0.464905171396
-120.674 36.8953 0.000160856622579 -0.00043280437163 -0.00384597395405 -0.00421534241782 4.61778 5.19517 5.15488219911 4.44169638602 0.327176939131
-119.709 37.0069 0.000596781824097 -1.06295744185e-05 -0.000961288598214 -0.00478445881419 4.24014 4.19136 5.84482857304 2.40523735033 0.551721583471
-115.22 37.2408 0.000218356982155 -0.000151561746018 -0.0126020422945 -0.0213197854498 5.7668 -nan 16.4243505573 1.89412632116 0.241646125206
-114.715 36.7256 -0.000398312816961 -0.0014473634393 0.00563821752763 -0.000336149589883 3.61588 3.2725 -1.93261202254 10.988928935 0.333189349354
-113.907 37.0195 0.000411565273908 0.000859005587091 0.00357408346419 0.000932658839761 3.74879 4.09955 -12.4654810361 -4.27469667546 -0.208782212196
-113.084 37.0615 0.00084147104238 0.00158350149497 -0.0119250163849 0.00531704403368 4.47329 4.92935 -23.0434595028 -4.34269593059 -0.624128737584
-112.382 37.0183 -0.00115570106804 0.0016505237822 0.0130170693197 0.00773688371476 3.04025 2.5336 -1.99340048094 -20.5656303111 -1.7773128455
-111.506 36.9839 -0.00141724190217 0.000531523863096 -0.00647099022151 -0.021039484431 4.92035 5.04636 19.7414947432 -6.69145105373 -1.45567794054
-109.874 37.1364 6.77832233221e-05 0.00105122781902 -0.00160114503379 0.00938056230692 4.0655 4.13311 -15.697666183 -8.12655554656 -0.610945305067
-109.025 36.8299 -0.000602652770645 0.0013376539548 0.0106786202821 0.0123977379054 3.19526 3.25721 -11.8540323894 -15.2510816451 -1.25869355709
-120.783 36.3627 0.000257797925617 -0.000274850914252 0.00673726169908 0.00470494728367 3.06448 3.12111 1.77312013338 3.49759229273 0.356982176519
-120.12 36.3356 0.000594942760066 -0.00186182524261 -0.0048675661696 0.00116475002255 3.86466 3.76068 -8.403159283 17.7191953595 1.61357828231
-116.33 36.4193 -3.25795428035e-05 1.40111800109e-05 -0.00653024743984 -0.000868530241846 4.51416 4.51937 -6.68555865036 -0.296992642563 -0.0348536240094
-115.383 36.423 0.000634398615911 -0.000640161389086 -0.00253154080937 -0.00136634779701 4.89175 4.27915 -4.19303113834 8.78429361029 0.872983533125
-114.539 36.4321 -0.000330804764504 0.000517244812528 0.00237349135639 -4.58365194926e-06 3.93096 3.60188 -4.48508402294 -6.20246213825 -0.548345870343
-113.965 36.4151 -0.00246269353837 -0.000431427542144 -0.000893188780925 0.00397318368611 3.66255 3.36425 -13.1649947472 -12.334961769 -1.64207022904
-113.18 36.4182 -0.0020471813154 0.00128321954745 -0.00407650294228 -0.00252273013478 4.28605 4.22792 -5.07106913909 -21.9036809264 -2.41514485317
-112.291 36.428 -0.00326955541786 0.00156481702626 0.00967562866926 -0.00112960583147 3.33218 3.57353 -1.15308905623 -29.230206187 -3.62461498517
-111.13 36.1428 -0.000248852458587 -7.12129308761e-05 -0.016822770985 -0.00763973765449 8.3951 -nan 14.4515125065 0.289969150549 -0.233161917313
-110.662 36.5996 0.00109732085022 0.00285747911372 -0.00790385825796 -0.00852635797297 5.8507 9.69781 -3.32989360697 -21.2529689429 -0.333247302867
-109.87 36.4199 0.00112524713381 0.0015714298682 -0.0118852132071 -0.01677281169 6.70694 6.34022 13.5403308915 -14.1939922088 0.836867740038
-121.236 36.0214 0.000231370937965 -0.000529579700007 0.00290366788134 -0.00125072461508 3.73494 3.79841 2.07664515108 5.50508868444 0.453595325874
-120.87 35.636 0.000864394065767 -7.19545160683e-06 -0.00143339000594 0.00121670451365 4.02666 3.92288 -3.07484777352 4.56114536876 0.728756554322
-119.903 35.8667 0.000574664799236 -0.000958502120241 -0.00350884596603 0.0117708663401 3.59995 3.52324 -11.4478567461 10.6264735145 1.06138976288
-115.43 35.8384 0.000399017213356 0.000338024865783 0.00178341104696 -0.00210685454701 4.10516 3.88013 -0.205971330364 -1.20911706865 0.202824500149
-114.851 35.7266 -0.000334135065001 0.000899792308867 -0.00491447873897 -0.00224747102178 4.17094 3.90655 -15.1680489453 -8.99393854685 -0.846749436216
-113.984 35.8522 -0.00150802313066 0.0019630335784 0.000295857674065 -0.000939561460534 3.98067 3.90073 -7.98902643984 -25.010851273 -2.34590307221
-113.105 35.6339 -0.00145896791008 0.00128586831894 0.00055045448765 -0.00275556178424 3.91669 3.74422 -2.52433174782 -18.5275701321 -1.89098938065
-112.173 35.8191 -0.0040391640553 0.00126209462177 0.00145362297639 0.00570336229756 3.62465 3.85194 -5.31722394477 -32.0439254776 -4.12670419907
-109.933 35.7113 0.000134440416762 -0.000493609254283 -0.00941904240812 0.00803958100202 3.71788 3.94129 -34.0208828277 3.95106026025 0.48878082491
-109.046 35.7147 -0.00131327918825 0.00297779657615 -0.0280230653215 -0.00484655464141 6.84812 15.5997 -44.3928461778 -24.7769478245 -3.2537363762
-114.87 35.301 -0.00058966846541 0.0017618498185 -0.00517372097221 0.011225507123 3.82348 3.93175 -20.0209921992 -16.4621466665 -1.68252885342
-113.885 35.099 -0.00119967322364 0.00187403928614 0.000928090669599 0.00514823055588 3.62262 3.64445 -9.66474493986 -22.4377319639 -2.06468297837
-113.083 35.2127 -0.0011854353141 0.00192767727822 0.00597625564979 0.00487343263534 3.38461 3.37128 2.29691724601 -22.7553660485 -1.84589074774
-112.267 35.1787 -0.00132511581082 0.000728144169869 -0.00586102630662 0.0114554424212 4.8914 5.18923 -5.53397123648 -13.2940697598 -1.5113690432
-111.532 35.0951 0.000245680999826 -0.00147899937948 -0.00188711570092 -0.0141820042716 5.50929 7.45226 21.2362376308 15.338719431 0.329332622393
-110.713 35.0789 0.000435752663545 -0.00209718614692 0.00629491787361 0.0104686222211 3.58921 3.6166 -6.94485624063 20.9464457729 1.45320032207
-109.736 35.1181 -0.00577391887236 0.000365454596234 0.00787197818556 0.00720757199808 4.11616 -nan -17.0909278324 -42.1210855461 -4.62253249773
-109.388 35.1118 0.00834019061315 0.000372777838182 -0.0628914968256 -0.000386383829999 9.8436 -nan -82.4915100669 85.0869911338 -2.62921836223
-112.891 34.4692 0.000493656071592 0.00327898447128 0.00486869888399 -0.00727634628553 3.59652 5.42993 23.0858148305 -33.0618804069 0.36844382513
-112.237 34.4866 -0.000636872099164 0.00133862773802 0.00590156383388 -0.0582405569483 3.64285 3.52945 47.3315594616 -10.1467670243 -0.0780199882645
-111.441 34.4178 0.000671596961888 -0.00108580175159 -0.0028004050096 -0.00581382465259 6.44247 4.08035 15.6211466369 12.0758410615 0.830613550825
-110.806 34.3371 -0.000527475500077 0.00147344716504 -0.0117663173687 -0.0084432809924 8.45836 4.79034 2.26925291062 -16.1341993231 -1.03806398171
-109.95 34.5293 0.0010374847082 0.00408452278874 0.00553655061464 -0.00850566878353 4.16226 4.07652 21.2974938605 -41.9892509788 0.869023072527
-109.29 34.4275 0.00122882374936 0.000617078302964 0.00306741804683 -0.0017377678258 3.75285 3.64987 4.59678030555 -1.99063785991 0.96610741291
-114.524 33.7503 -0.00117929338168 0.000730758856274 -0.0141013930561 -0.00576121556995 5.04288 3.8996 -3.58401926715 -12.1713073913 -1.38648858554
-113.829 33.8142 -0.00428155594609 0.00161390687027 0.0249962846172 -0.00602439713428 2.89466 2.80417 7.30145209673 -29.0002097025 -4.5723845669
-113.005 33.9383 -0.0018000184275 -0.00655037217748 -0.0704781031405 0.0055606270214 7.63487 6.67447 -99.0609309602 -52.4505201419 6.42171552008
-112.333 33.9535 0.00332539801026 0.0031831246042 0.0201573982399 0.0098430171812 3.78033 4.03534 4.91629118403 -18.8137572147 2.0322162052
-111.478 33.8798 -0.000279335095298 0.00166714845785 -0.00709138493515 0.0159219637705 4.64886 5.87501 -17.0255449803 -14.6748678451 -1.31449949885
-110.844 33.6953 -0.00257529401429 0.00464663578396 0.00680441723222 0.00561102286387 5.20352 17.3576 -1.88704229693 -54.56419462 -4.35469489101
-110.034 33.7776 -0.000565569135938 0.00254344079189 -0.00430488634369 0.00353929797937 5.47006 6.80489 8.52979204789 -26.9558143521 -1.21277531644
-109.254 33.9571 0.000441701296003 0.00400316691107 0.0101604909767 0.000277572210526 3.52351 4.23898 11.4301097928 -39.9143221838 -0.391574412183
-112.946 33.3627 -0.00409314262114 0.0051365210839 -0.0244870469695 -0.0207130377547 6.35661 -nan 29.5041810442 -48.6793193679 -3.70698469503
-112.158 33.2893 -0.000146638595782 -0.00282993934692 -0.0626306690341 0.0191308132613 4.11087 5.17604 -50.833180603 5.64365213519 2.70637622153
-111.427 33.341 0.000696787601061 -0.00141322647391 0.00330995994581 -0.0261045617456 4.31431 4.36254 35.3417523128 12.8437129737 0.418420436235
-110.472 33.2969 0.00248708173258 -0.00315040954254 -0.0138519099025 0.0129916463344 12.1994 -nan -45.3698306105 35.4044614958 3.82492642192
-110.036 33.0851 0.00274343881694 0.000631357430092 -0.00310271850717 -0.00463332020302 7.19001 11.0823 49.1292837397 -18.0252628444 2.74944453833
-109.266 33.2921 0.00174895258346 -8.2489304253e-05 -0.00252860655003 0.00340165735503 4.20299 3.79473 -2.29997593902 8.64748913558 1.61230990073
