-112.228 32.7006 -0.00177557608645 -0.00282648270595 -0.00299719402325 -0.00658534686079 4.2703 4.30959 -0.1834601013 -8.7445075686 2.15059644331
-111.704 32.5618 -0.00138886684948 6.24776191065e-05 0.0047201587123 -0.000721502926891 3.78236 3.80658 12.3550429118 -12.9493664803 -0.759366820741
-110.739 32.5716 -0.00156477344576 0.000649041952038 -0.000358495658602 -0.000840814247571 3.76014 3.78414 8.68479924299 -17.8508818024 -1.29465752646
-109.97 32.6399 -0.000625846133911 0.00189277829922 0.000335479556633 -0.00112395909152 3.78155 3.83307 6.19250865882 -14.545761304 -1.97920324413
-109.303 32.7663 -0.000533890913295 0.000400607171024 -0.000421547081665 0.00278129452387 3.57357 3.59403 -0.760398577803 -6.74002427063 -0.549553447808
-111.457 32.0022 -0.000849110216209 3.6961384841e-05 0.00668477638604 0.000958748096302 3.57982 3.57478 9.02942018971 -8.09478634268 -0.422371191801
-110.816 31.7748 -0.00198087644424 0.000196101680263 -0.000127464787839 0.000447082867547 3.68103 3.69748 4.05009355881 -19.9689128601 -0.942899485896
-110.046 31.9737 -0.00193986378935 -0.000269121278201 -0.00441730428996 0.00401888025758 3.52708 3.56669 -4.37094374761 -19.0630450358 -0.227193036895
-109.259 31.9989 0.000485898080836 0.000405920029532 0.0033856779668 -0.000685185268249 3.74456 3.76814 3.17480174888 3.1032323452 -0.189405055308
-109.991 31.439 -0.00105075289969 -0.000379042302307 -0.00379323659626 -0.00595801282114 4.122 4.14506 0.379048731462 -9.07570628533 0.0100216885612
-109.281 31.3757 -9.80197664441e-05 -0.000530830636598 0.00470388063913 0.000418336919197 3.68138 3.69626 4.53727227508 1.30717975825 0.446110545747
-122.707 48.7197 -0.00107664148569 0.00017321423954 0.000260239444932 -0.00162405450543 3.90811 3.8863 1.91058745201 -13.0250441325 -0.452896642516
-122.085 48.9983 -0.00224976623616 0.000571645883185 0.000439822538719 -0.000257425847237 3.763 3.73701 4.55674264395 -27.9136701202 -1.2526511593
-121.48 49.0983 -0.00243720918757 0.000695830939463 0.00250095790189 0.000289764520605 3.58191 3.59282 10.1602087956 -30.2846340621 -1.63852041268
-120.384 49.048 -0.00177215093904 0.00105181842209 -9.57257514832e-05 0.00138280628792 3.63748 3.66579 9.09345851002 -24.7440414908 -1.67877674003
-119.272 48.9534 8.90001836897e-06 0.000861300756276 0.00226446279812 -0.00311781479067 3.82715 3.86874 11.3180161412 -4.58354676535 -0.765648424616
-118.585 48.9752 0.00139383371415 0.000270637774572 -0.00256176744714 0.000156323596974 3.80972 3.85214 1.1904288464 15.2077601228 0.146596278784
-117.559 48.9813 0.00148063107873 -0.000234686933454 0.000667842878596 -0.00120828012268 3.83629 3.84426 4.13904538519 17.8414904172 0.736348980915
-116.363 48.958 0.00030978673417 -0.000187767057079 0.000148022303062 -0.000425460073484 3.80267 3.75799 3.44445124372 4.32718766906 0.28377907358
-115.653 48.9339 -0.00133080501531 -0.000526194691604 -0.000400429143272 0.000786934556034 3.74541 3.70186 4.12488707441 -12.7483780244 0.00421471113392
-114.413 48.933 -0.00169052057 -3.23783515828e-05 0.00170326705886 -0.00091088862163 3.76478 3.76461 7.65147971203 -18.4371188096 -0.700860061686
-113.422 48.9725 -0.000963800709247 0.000590034229304 0.0025269552923 -0.00371330444643 3.91354 3.91371 6.37772710496 -13.7288862719 -0.940300931667
-123.504 48.0575 -0.000776551800917 1.50392720998e-05 0.000794371810268 -0.000946293215649 3.83998 3.81979 3.30342024412 -8.94215874463 -0.232573528858
-122.096 48.2641 -0.00294252352596 0.0011999845656 -0.000121950885008 -0.000855546859249 3.90865 3.89715 5.09909574631 -37.9982291696 -2.08771569856
-121.484 48.5183 -0.00292198444684 0.00115437252602 0.000152994420053 -0.0005415074895 3.76335 3.78867 8.35551876781 -37.7453035327 -2.18420429878
-120.12 48.4607 -0.00142561168161 0.00107813671026 0.0030521805545 -0.00279496636538 3.77217 3.82199 15.3522512841 -21.3555919373 -1.64905292853
-119.333 48.3584 0.000986608232273 0.000224891467369 -0.00172875468761 0.0018216412265 3.65731 3.71077 3.93309963724 10.3262599853 0.11213475981
-118.149 48.4226 0.00188548944309 -0.000268954136186 -0.000171803502481 -0.00066470162735 3.82727 3.86095 4.5817101301 22.4534628338 0.911875539355
-117.225 48.2995 0.000982142744421 -0.000249210099693 1.74210492155e-05 -0.000908127841492 3.97461 3.95135 5.0046059107 12.1403351166 0.590225822803
-116.367 48.4366 0.000227306229272 -8.33925789301e-05 -0.000327686475063 -0.000150800639287 3.97419 3.90966 4.76110282245 2.93066317528 0.161251617775
-115.589 48.4694 -0.00125259716781 0.000315873414994 0.000683987435271 -0.00186568032418 4.10139 4.02078 8.73141039656 -15.3342236194 -0.832945741747
-114.468 48.3739 -0.00268480262265 0.00100083645708 0.00203441342362 -0.00280986159373 4.07926 4.03954 11.1582042345 -34.4067766252 -2.17707361084
-112.562 48.3129 -0.00126730789725 0.00135801538177 -0.00235416342529 0.00109019954075 3.91139 3.97927 0.582691916621 -20.0589153943 -1.70207805971
-124.566 47.9475 0.000135133109634 -1.04657663376e-05 0.00136826078658 -0.000558559488754 3.81467 3.81677 2.30884448724 1.5870244496 0.0445033387662
-122.972 47.7172 -0.00202181656282 0.000672023706197 -5.54445758042e-05 -0.00025188910591 3.84383 3.82373 3.05074390457 -25.3436174852 -1.21319442455
-121.689 47.6947 -0.00344137107317 0.000997481606721 -5.10738979009e-05 4.54805533204e-05 3.80816 3.84046 6.49957692948 -42.6007782728 -2.13737818963
-120.061 47.6902 1.18958825626e-05 -0.00106543727843 -0.000756550241559 0.00147868581089 3.66401 3.73364 5.55869012361 4.56926021684 1.00285796509
-119.045 47.7849 0.00152391131697 -0.00112021779881 -0.000697741420381 0.000157128035073 3.7689 3.82574 6.12625123372 21.9103455716 1.60079010397
-118.274 47.8006 0.00193359871489 -0.000529909333316 0.000231568446641 0.00119902564939 3.77567 3.78103 7.06847644703 23.8520583447 1.23924751349
-117.308 47.8192 0.00114412861518 -7.94679535165e-05 4.31443589914e-05 0.000954464723913 3.87817 3.8406 6.17053460801 13.0761837732 0.510658161106
-116.256 47.8397 -0.000295701445502 0.00085068320655 0.000332476423135 -0.000810228010879 4.04063 3.97182 7.84852569418 -7.51884159541 -0.896415750718
-115.475 47.7092 -0.00212530774356 0.00176641670726 0.000213002139764 -0.00421148493511 4.10648 4.04442 9.42324078554 -32.4402692195 -2.53247163264
-114.574 47.6795 -0.00389693295428 0.00287118250229 0.000786986788149 0.00720997941178 3.64145 3.65438 8.18923304962 -57.4382804157 -4.28522673423
-113.747 47.7687 -0.003144978348 0.0027489288459 -0.000771332754517 0.00241905081333 3.98069 4.06348 5.15518944983 -48.0948186537 -3.76910889826
-112.607 47.775 -0.00135316359602 -0.000523708982445 -0.00275758809669 -0.00108593328103 4.11611 4.18543 -1.30235455832 -13.7468265969 0.0938890935165
-111.746 47.8012 0.0006014306176 -0.000135843237006 0.00483528820216 -0.000148344915034 3.83917 3.86621 3.29955634938 7.38127083119 0.355647628699
-123.771 47.1161 -0.000987456586906 -2.40212460735e-06 0.000821642365032 0.000912645656134 3.77453 3.75065 1.91571442797 -11.2854691264 -0.248580295649
-122.803 47.1109 -0.00286537530975 0.000933455577423 0.000297716176311 0.000950526920595 3.71172 3.70694 3.50293661051 -35.6734118287 -1.72287607216
-121.989 47.1881 -0.00321683956794 0.000425454434101 -0.000284438280034 -0.000121775196299 3.79079 3.83948 5.72125335319 -37.659598324 -1.47400926119
-120.844 47.1935 -0.00146014446216 0.000318981390628 0.00102789731034 0.000424790064151 3.65821 3.71831 8.30302752669 -17.4735706169 -0.857196145929
-119.973 47.1936 0.000651373902985 -0.00213834665493 -0.00124211370728 6.90643362276e-05 3.77315 3.82656 5.5121641392 16.1167258784 2.23141257735
-118.921 47.0573 0.00154755650069 -0.00149382490166 0.000596659179655 -0.000386170343433 3.86088 3.88192 8.89708832947 24.1114118867 1.99798637413
-118.309 47.0615 0.00127683587526 -0.00128568653695 -0.000731076824452 -0.00110998215217 4.01199 3.98752 8.37187196321 20.1483484179 1.69469731087
-117.276 47.0547 -0.000365053629837 5.00470583481e-05 0.000248689108675 -0.000638255326956 3.97089 3.93185 8.72532803485 -4.20408935231 -0.199470549803
-116.335 47.0477 -0.00158638796219 0.001542601388 0.000192763077411 0.000108670802814 3.97442 3.94573 8.80803225224 -25.0760505816 -2.07587633789
-115.353 47.0528 -0.00391570819075 0.00508352830355 0.00661074280389 0.0149869488302 3.27763 3.34306 5.87011492769 -67.0736043577 -6.21275215461
-114.459 47.0943 -0.00270377597529 -6.92038211626e-05 -0.0236869814683 -0.0458318331417 11.6955 22.5371 -58.5365437041 -25.1138520373 1.81973757722
-113.506 47.0816 0.000962864818299 -8.43994479029e-07 0.0103161339718 0.00146976041112 3.35686 3.42339 9.78810492112 10.2315955707 0.452754747424
-112.52 47.0418 0.000898076951206 -0.00101222412928 -0.00357255543233 0.000164529146711 3.9551 3.97189 -0.710483210124 14.0604763096 1.24024606482
-123.563 46.5459 -0.00128773334631 1.51624109806e-05 -0.000644544081009 -0.000389303953347 3.94604 3.92671 0.705573504246 -14.7693745467 -0.317201568867
-122.72 46.5934 -0.00319402521182 0.000679674941291 0.000647366449649 -0.000295242294796 3.7743 3.78363 4.18875503165 -38.3090681706 -1.60965915179
-121.761 46.5605 -0.0032038513562 3.29181272788e-05 0.000148494805908 0.00100826948044 3.62372 3.68468 5.32652442819 -35.8357444242 -1.08291270587
-120.979 46.5433 0.000675276179421 -0.00098260991328 -0.00123260550774 0.00151746163631 3.57776 3.63892 5.56883296828 11.4394817851 1.15337033593
-119.855 46.5585 0.000897464149909 -0.00131563410812 0.000341035380565 0.000124185595664 3.77068 3.75463 7.970860279 15.8292408525 1.56071485036
-119.06 46.4911 0.000712054571786 -0.00129235019364 0.000903908652726 -8.27391071784e-05 3.77481 3.75493 12.1073722468 14.5263104696 1.47503485712
-118.146 46.5139 6.71933707871e-05 -0.000541760957302 -5.77316329969e-05 -0.000497634877611 3.94821 3.90842 8.98899730067 3.41341947014 0.520182632209
-117.11 46.485 -0.00192077742488 0.000488217572625 -0.000441664874797 -0.000491212696164 4.04039 3.98929 7.70074087724 -23.2143339605 -1.22679069783
-116.209 46.3559 -0.0040738164769 0.00118918899496 0.0120970179345 0.000781940347983 3.64308 3.68033 11.5099163169 -49.3612154429 -2.97575861144
-115.571 46.4151 -0.00291737614792 -0.000503107925272 -0.0232854222583 -0.0701969304741 12.9369 20.4416 -102.891704997 -8.51237343215 2.94631414884
-114.188 46.4423 0.000239985559254 -0.00088011156045 0.00796776962018 0.00745994197287 3.5048 3.56335 7.78690193582 7.1253410226 0.897459284986
-113.493 46.4162 0.000832962866568 -0.00150474231836 -0.0027927462989 -0.000837485597351 3.87996 3.91769 3.33452993691 15.8604903607 1.70526409796
-112.641 46.4246 0.000803415909777 -0.0012372835782 0.00178059421061 6.13555627403e-05 3.94633 3.94532 3.81169139834 14.5481307147 1.45008690154
-120.728 40.6183 -0.00159717328441 -0.000187093530161 0.000200681277216 -0.000670996832974 3.71726 3.70763 6.48582924598 -15.9877832944 -0.384773231444
-123.559 45.9306 -0.00142212899076 0.000440072102934 0.000664386970634 -0.000925672112016 3.98385 3.9737 1.89142493035 -17.4002514898 -0.787303333306
-122.419 45.9325 -0.00321345786973 0.000691085744807 -0.000646126920022 -5.29754570708e-05 3.80991 3.87037 1.92979016499 -38.4599099343 -1.51849608803
-121.459 45.8839 -0.000670370226314 -0.00111903803542 -0.00106275548312 0.000424344660757 3.82911 3.87637 4.75561894455 -3.23816871395 0.844885425483
-120.782 45.7664 0.000481479990041 -0.00115687300973 0.000853704849295 -0.000600123748498 3.73116 3.75956 11.8129834704 11.0464801113 1.25070570448
-119.928 45.8951 0.000852002065944 -0.000669823591582 0.00110360798359 -0.000391173905172 3.84617 3.84143 11.9940182362 12.4957692295 0.981655376025
-118.777 45.7971 0.000341415725379 -0.000297449607958 0.000359289442983 0.000119648605668 3.83651 3.80783 10.0649870427 5.13463862043 0.415208135979
-117.909 45.7087 -0.00100908116024 -0.000188690264226 0.000816985863877 0.000439769733822 3.86016 3.80273 8.01038728122 -9.98111044063 -0.234782040959
-117.228 45.9734 -0.0023770677321 0.000718097376775 -0.000353696064373 0.000184987825173 3.89231 3.85789 6.52469501323 -29.2131826012 -1.57988709512
-116.155 45.8883 -0.0033925660539 0.000402848116493 0.00157777415252 0.00264463242397 3.69881 3.71269 3.64114494605 -39.3214256633 -1.55849898484
-115.255 45.7565 -0.0019674257746 -0.00126414859172 0.000595669051163 0.015983361132 3.23783 3.2695 -0.272899478985 -17.9458477594 0.637262179611
-114.332 45.7893 4.72338510141e-05 -0.000736980242812 -0.000805271005866 -0.000311812539997 3.92048 3.9393 4.69245843785 3.84635250129 0.699568135582
-113.37 45.8122 0.00123278076766 -0.00142358143941 -0.000733345444942 -0.0020262042613 3.98274 3.9339 5.11613459539 20.1666786789 1.79481714547
-112.493 45.8409 0.000345686170449 -0.000951288506409 0.00220299050026 0.00034602494826 3.95091 3.93749 5.14811276431 8.34115738905 1.00994445906
-123.281 45.3153 -0.00175034974686 0.000316596974484 -0.00126998052461 0.000454550723456 3.90392 3.89242 -0.712849568293 -20.6877577885 -0.680519720571
-122.478 45.2059 -0.00334933649542 -7.22970015383e-05 -2.35747810728e-05 0.0010655814736 3.71888 3.76853 2.68187454051 -37.233173998 -0.856751618171
-121.317 45.2422 3.57914994919e-05 -0.00103769860105 0.00109294424912 -0.00100864400692 3.93938 3.96835 9.82090356882 5.26835939044 0.963849341199
-120.635 45.2357 0.00018543769697 -0.00117320021119 -0.000142782843587 -0.00064128408592 3.87414 3.8767 11.7590280131 7.97249410781 1.13513507272
-119.669 45.2664 0.000420786995928 -0.000732327234468 0.000919064023533 -0.000326563901696 3.90284 3.89872 12.2311061509 8.28444589466 0.843601614215
-118.96 45.2904 -8.29338491618e-05 -0.000366923776008 -0.000195872856599 -0.00124538451637 3.96 3.92723 10.0049924177 0.953412033197 0.296578018865
-117.78 45.2781 -0.00163160836974 0.00062287918146 1.73552911868e-05 -0.00042136442748 3.88352 3.82138 6.34847744455 -20.4996489483 -1.19284815208
-117.12 45.2925 -0.00323289816662 0.000576650261558 0.000469789769001 0.000196894737946 3.77791 3.75909 4.16765699554 -37.9939621521 -1.66474716069
-116.268 45.3997 -0.00250484456243 0.000634943555943 -0.00165320649707 0.0030853309716 3.73724 3.76894 0.687687644623 -30.4140620537 -1.35170010742
-115.326 45.1285 -0.00116832870002 -6.95160968532e-05 0.00176068815521 0.000987906902095 3.69094 3.70865 3.89604118501 -12.5561797101 -0.353540355218
-114.233 45.0931 0.00106513167464 0.000266053408121 0.000320789977004 -2.32170192742e-05 3.82769 3.85781 9.52378939269 9.74909191548 0.24971087216
-113.46 45.2432 0.00127505981934 8.35087892682e-05 -0.00117548572001 0.0142425556014 3.6217 3.62094 2.96702928578 13.7324695623 0.379468853931
-112.489 45.166 0.000566726546477 -0.000757400277785 0.00576339403973 -0.00291038260738 3.9989 3.97454 9.19048596668 10.1225345236 0.9341230392
-124 44.6764 1.50140947164e-06 0.000422799339166 -0.00198492040752 0.000296431115586 3.92106 3.90158 -2.73421879445 -0.814821007321 -0.41636940633
-123.292 44.6765 -0.00153306333474 0.000448645575473 -0.00291499762553 0.000108535630417 3.9995 3.99088 -3.39522828593 -18.3486442234 -0.69594200541
-122.186 44.6837 -0.00113148087684 -0.00127880072246 0.000464056762637 0.000970374422413 3.74923 3.78259 7.76336003604 -6.84738582065 0.781565618739
-121.227 44.6473 0.00112741947033 -0.00112183103103 0.00167489758951 0.000491071528677 3.75493 3.77251 11.9238242287 17.455314134 1.50178280087
-120.335 44.7344 0.000475777374339 -0.000902412964816 0.000397711458977 -0.000579775963393 3.79199 3.77131 13.1066636286 9.76287902642 1.02014570037
-119.565 44.5913 -7.18532726552e-05 -0.000641952700659 0.0012626707809 -5.45165223058e-05 3.76527 3.74396 11.4001776996 2.55384570328 0.543908097362
-118.67 44.5191 -0.00114465139131 0.000289156752406 -0.000287138149473 0.000337190163297 3.81452 3.78295 5.52443280604 -13.6502053212 -0.677517949596
-117.664 44.6653 -0.00200908797288 0.00108675181062 -0.000300978111916 -0.000861444558524 3.87702 3.85712 3.30760456465 -26.3271388984 -1.68588483097
-116.747 44.589 -0.0030942297758 0.000365453304711 0.00499338676385 0.000821759723441 3.66076 3.68189 3.82693290775 -35.4295846201 -1.40868851473
-116.013 44.7035 -0.00139534097635 -3.48238442207e-05 -0.0215586795374 -0.0288626819091 6.38117 6.59465 -25.4841458794 -16.222117417 0.247405327102
-114.855 44.5494 -0.00110129715303 0.000130416911345 0.00280265455189 -0.000154742594533 3.67379 3.72234 10.3248519649 -12.155266673 -0.625943979681
-114.255 44.5642 0.000559903323698 0.000562876291251 0.00946049994017 -0.00145121827837 3.51094 3.56185 14.3500145799 2.08273184872 -0.181424926591
-113.367 44.6165 0.00268410174866 -0.00336338269277 -0.0249195306597 -0.0380340509408 17.3165 24.0768 -51.1099121334 4.88006454391 1.35441953966
-112.644 44.6173 0.000742621387308 0.00110203582446 0.0131579641789 0.00198697457633 3.56796 3.52616 11.3152256074 1.15986284181 -0.588717218321
-111.248 44.7038 0.000241569546452 7.3776340862e-05 -0.00297815576188 -0.000234628844033 3.85218 3.83841 0.464040031378 2.4007114482 0.0114894696461
-119.023 36.6801 -0.000332226681852 0.000214657002467 -0.000118259434148 0.00197930128213 3.77098 3.76039 2.66545120108 -4.11445859218 -0.304251870184
-123.83 44.0035 0.000345984558992 0.000199238339767 9.5207954151e-05 -0.000211815302143 3.85976 3.82717 -0.595273157074 3.41142780815 -0.122971968873
-123.278 43.9726 -0.000518711740294 0.000215887170104 -0.00301643449363 -0.000799768285348 4.01298 3.99264 -2.16910093096 -6.31835516148 -0.308538470065
-122.411 43.7941 -0.000526089379226 -0.000422343600905 0.000139926800111 -0.00122310429613 3.94955 3.96267 7.08101689936 -3.97282665093 0.212396579282
-121.268 44.1626 0.000550416262943 -0.000620010442888 0.00342779129214 0.000129575952812 3.73882 3.73489 13.2407508047 8.92676548479 0.802990280497
-120.211 43.9437 0.000125725022336 4.00099590689e-05 0.000854793569794 -0.000171773128583 3.71501 3.6931 10.862033715 1.11429259124 0.0176577626915
-119.504 44.082 -0.000639359065413 0.000321141123415 0.000381364705438 0.000414424268827 3.71753 3.67172 8.23897121379 -8.26665639451 -0.546212372728
-118.569 43.9104 -0.00174925929381 0.000700807365465 -0.00141766940296 0.00029239272889 3.73424 3.72961 4.71205660782 -21.806409739 -1.25785571417
-117.741 43.9733 -0.00197227384931 0.00152836065005 0.000436946479673 0.00755321716787 3.5091 3.52467 2.33572708575 -27.2590165018 -2.06541430572
-116.803 44.086 -0.00238455534661 0.000449529772161 0.000252601900169 -0.000130613615935 3.87631 3.89567 1.70169526227 -28.005543353 -1.16267542381
-115.958 43.9121 -0.0017921808127 0.000318511084866 -0.00172715659213 0.00889946483062 3.43913 3.4743 2.30554357137 -20.9249131843 -0.883983794475
-115.133 43.7945 -0.000967686836425 0.00033733755492 0.00068390705606 -0.000899699104752 3.70539 3.73974 6.12438886818 -11.9022279206 -0.691368826407
-114.117 43.9146 0.00103448489612 -0.000986863650434 0.0163519530783 0.00686971623983 3.01402 3.03796 15.0660055748 16.3927665324 1.3891736426
-113.452 43.9286 0.00114799490354 -0.000896972062527 -0.0297667354367 -0.0343225193995 17.8467 10.8587 -80.4742788884 -3.11465004355 -0.604785685518
-112.485 43.9997 0.00124678460873 0.00100753248885 0.0103333459806 0.00166232012393 3.44532 3.43985 7.99928360425 7.83271275489 -0.347048800802
-111.487 43.8756 0.000324782014431 0.000736647299689 -5.73974343793e-05 0.00227899552546 3.61708 3.59951 -0.2224998465 0.837972185089 -0.593568861209
-123.575 43.3654 -0.00044286058414 0.000144241386667 -0.00139763204682 0.000691817326471 3.74941 3.76249 1.04626083118 -5.30445294774 -0.2453021439
-122.109 43.2406 0.000338275832426 -0.000603488276152 0.000334387102454 -0.00123974168412 3.99591 4.0061 11.2448989124 6.39750586397 0.68962730621
-121.236 43.2843 0.000294517925698 -0.000574297154267 0.00071038651378 -0.00115755090512 3.8287 3.8105 10.2393397264 5.77038022033 0.644528635295
-120.153 43.2515 -0.000972601041295 0.000229608137788 0.000411754564432 0.000967901489976 3.67557 3.65988 8.93301637329 -11.2879512061 -0.597046559804
-119.311 43.3736 -0.000792995316454 0.000781687534626 1.82545965209e-05 -0.00016370742367 3.73182 3.7126 7.45555049971 -11.8588236483 -1.02465405345
-118.474 43.358 -0.00191931962891 0.000219440860634 0.00272038151171 -0.00067178040317 3.72411 3.72744 4.32248474666 -21.6725987651 -0.852546524281
-117.754 43.3471 -0.000975787764406 -0.000318817697119 -0.0126987971105 -0.0279961522608 6.59282 6.70271 -9.78922446172 -10.816053699 0.216426288632
-116.767 43.4275 -0.00164932395073 0.000486617507118 0.00849412328317 0.000441710316724 3.60932 3.63337 7.03141304082 -19.7476044052 -1.09826230468
-115.828 43.4151 0.000104022225662 -0.000845066226946 -0.0150019590315 -0.0203422225227 5.50401 5.56658 -13.5653628088 1.73893019215 0.849491031469
-115.098 43.25 -0.00049579192041 -0.000583511123843 0.0022876029048 0.00103339205407 3.4814 3.48616 7.21754495906 -2.45661903034 0.3280717068
-114.174 43.3979 -0.000777694133941 -0.00135875984847 0.00656734711163 -0.00299873097847 3.58888 3.5839 10.1690024071 -0.65980823266 0.84137102515
-113.518 43.3234 -0.00258477882567 0.00415737587356 -0.01901096146 -0.0302664617246 12.2998 17.2856 -12.6228242248 -34.3562355453 -4.37607064919
-112.433 43.3998 0.000731158233179 0.000880536163703 0.00496598835002 0.000958448752603 3.47362 3.48587 4.86508861733 3.77614287526 -0.51990887052
-111.612 43.2741 -0.000122576136886 0.00144148676671 0.000922739577637 0.0013049730727 3.5654 3.55486 0.980838376063 -7.04568393252 -1.39782846309
-124.469 42.8088 -0.00024793806423 -0.00022006498632 -0.00164209437719 0.00155867069214 3.75086 3.75104 -0.933172792468 -2.27089120152 0.167387142954
-123.49 42.7667 -0.000334105212766 -0.000475882769456 0.000455635467161 0.00101655939389 3.6753 3.67932 3.66642630786 -2.11681395576 0.362376360191
-121.731 42.6133 4.74565213641e-05 0.000376059795832 0.00238558912232 -0.000335159925592 3.69331 3.67591 9.3320245911 -1.17078559053 -0.327788269918
-120.893 42.7258 -0.000734949924107 0.000470813598318 -0.00107410627919 5.60504784914e-05 3.78642 3.74937 6.55255424397 -9.73365576818 -0.699391751074
-120.251 42.7991 -0.00138521610907 0.00033598125648 0.00108324249087 -0.00142711022462 3.7805 3.76948 8.99913087081 -16.0469002831 -0.858347585783
-119.247 42.6912 -0.000899005166479 0.000826771589963 0.000919722553054 0.000252403399647 3.65769 3.6479 5.33898047721 -12.9135780881 -1.08677241099
-118.486 42.7308 -0.00223936115254 0.000456886296505 -0.00183648035507 0.000723523727901 3.76251 3.74425 -0.394906776027 -26.1304575447 -1.01744766331
-117.725 42.6996 -0.00264563444866 -7.72991158515e-05 0.0014759664871 0.00867781503725 3.30932 3.32112 1.50701187784 -28.7182509219 -0.708137681299
-116.87 42.7779 -0.000933673363595 -7.2809259106e-07 -0.000970770388269 0.000246442356564 3.66393 3.68253 -0.643229668308 -10.3398746803 -0.248541113904
-116.032 42.7713 -0.000705927223167 -0.00108035825484 -0.00134108100389 0.00614063045523 3.52066 3.52291 0.939504317842 -4.01290080483 0.818227561063
-114.903 42.636 -0.000459998562871 -0.000846663961641 0.00332217095784 7.56503521812e-05 3.49322 3.49409 6.80312874019 -0.890487081006 0.587486358853
-114.084 42.6493 -0.000339085015401 -0.00186576782332 -0.00194496619388 0.00319962821784 3.48299 3.52101 2.02346336394 3.5191554616 1.64474703733
-113.176 42.5452 -0.000580350921084 -0.0015684780269 0.00115992885301 0.0056182452402 3.44169 3.47897 4.68191867911 0.792584883354 1.22391692424
-112.531 42.6852 -0.000757267727345 3.09670550093e-05 -0.000724712552037 -4.53761989628e-05 3.72678 3.75886 2.91819657563 -8.31079566325 -0.303023465888
-111.588 42.8321 -0.000141245752745 0.00139882568318 -0.000400992232852 -0.000703217582381 3.73614 3.76012 0.339624228787 -6.88202790703 -1.36788612538
-123.602 42.156 -0.000360427428566 -0.000347969607673 -0.000253600175036 -0.000514872236991 3.87438 3.8616 4.28873515396 -2.75022418325 0.22806586126
-121.891 42.175 -0.000424874951156 0.000240563707604 0.0013733774311 0.002555543136 3.4697 3.48281 8.4058735572 -5.48015506769 -0.381777174259
-120.834 42.0472 -0.000763762464613 0.00074582270092 0.0012315736488 0.000121747947725 3.69094 3.69134 8.50897302556 -11.2338177603 -0.981783509307
-119.34 42.0187 -0.00117473843227 0.000990474628635 6.37611051027e-05 -0.000368250430316 3.68272 3.68789 4.81447144566 -16.3474491485 -1.32761753574
-118.344 42.1901 -0.00112728282939 0.000480064718981 -0.00230035310747 0.000512615402148 3.76999 3.77597 -1.20369573775 -13.7960911806 -0.740808797499
-117.667 42.0192 -0.00109218212124 -0.000531816106395 0.000166445955558 -0.000972197725926 3.76463 3.77508 1.81980780704 -10.048053808 0.178906393136
-116.471 42.0773 -0.000343452351905 -0.000452098366607 0.00194373981091 -0.00193562919465 3.77868 3.77484 4.70015517714 -1.81451211922 0.299121335683
-115.754 42.1669 -0.000816335290876 -0.000300449449754 -0.00133677259172 -0.00528397569795 4.06858 4.05175 2.20162868753 -7.73703011105 0.0205294296322
-115.016 42.146 -0.000712061447738 -0.000172472660151 -0.00062478857129 -0.000317230800359 3.6163 3.60802 4.720281356 -6.85356333058 -0.103567703418
-113.944 42.0886 7.87959451376e-05 -0.0031964533791 0.000693361457029 0.00374530836579 3.25442 3.25961 4.24895703477 14.4833633643 2.99702755642
-113.24 42.0343 -0.00103075441636 -0.000500407689508 0.00255689814428 -0.00195497732023 3.71696 3.67154 9.90651621629 -7.80149029252 -0.0382691671055
-112.386 42.0041 -0.00187655483142 0.000221626736753 -0.00184302620934 0.000145485973752 3.83094 3.84486 1.26098765518 -21.225080476 -0.837893758689
-111.432 42.0149 -0.00163403933195 0.000391176869072 4.07819918067e-05 0.00073428213133 3.71762 3.73825 -0.60719624896 -19.3361980112 -0.881745082937
-120.74 38.7552 -0.00107365783488 0.00117608934641 -0.00261041882254 -0.00118108177164 3.96413 3.96748 -0.0120301346486 -14.5504174462 -1.40016785897
-124.122 41.8473 -8.41776542947e-05 -0.000104850569781 -0.000526152111588 -0.000538805012312 3.92128 3.92002 1.24610058088 -0.643246673891 0.082144637875
-122.854 41.392 -0.000481399447248 -6.2390070699e-05 0.00171956992216 -0.00130875451989 3.80556 3.80029 7.63195327236 -4.80937071811 -0.111065893935
-122.122 41.2742 -0.000724740020405 -5.92264685409e-05 -0.00024081721862 -0.000900009732757 3.80693 3.77565 8.0388801458 -7.33017051112 -0.209186813049
-121.839 41.7826 -0.000568911708603 -0.000745503393365 0.00158183133369 -0.00206508343541 3.87947 3.90046 9.88366992337 -2.54943949715 0.45818041363
-121.146 41.3593 -0.000845754119084 -0.000111104251716 0.000249838035402 -4.9649645144e-06 3.7055 3.69212 7.46735117833 -8.40870673291 -0.204087312258
-120.477 41.2047 -0.00116406320457 0.000513044733562 0.00196141683817 0.000722631078989 3.64084 3.6472 7.35866259978 -14.2966760548 -0.904814307539
-119.171 41.3884 -0.000748352433849 0.000586471891313 -0.00107759849666 0.000790991305368 3.64012 3.65618 2.06691071306 -10.0152835306 -0.77906227741
-118.379 41.4483 -0.000887114428444 -0.000174848455562 -0.00153284342531 0.000473629746797 3.75498 3.751 -0.314788783391 -9.18879227086 -0.0601479524086
-117.45 41.423 -0.000997687947395 -0.000361258897053 0.000275764944119 -0.000203092135222 3.76793 3.76652 4.17972869195 -9.23666677629 -0.000437159139595
-116.54 41.522 -0.000462095168189 0.00033190146839 0.000415523616972 0.00645774846852 3.46405 3.45216 3.92044552 -6.23060119145 -0.470688052481
-115.791 41.4311 -2.24775174996e-05 0.000928859843365 0.00347381069345 0.0167003027911 3.22162 3.25182 3.73903592862 -3.90990989755 -0.878833936721
-114.915 41.4157 0.00395005085591 -0.000366037358359 -0.00445335978956 -0.00294995193608 4.20935 4.09305 -3.33101905171 44.7187766165 1.29075193923
-114.165 41.3602 -0.000309999876219 8.95230280082e-05 0.00138698502771 -0.00206273954852 3.98473 3.75425 4.98378388274 -3.65886922525 -0.200806419694
-113.347 41.503 -0.00424543482039 0.000268546736742 0.00482149214488 -8.70072042809e-05 3.38914 3.42965 15.7244041265 -42.1931172514 -2.56930446725
-112.448 41.4632 -0.000798669813143 0.000506108080675 -0.00449568341384 -0.00125581369093 3.99736 4.01358 -2.08760530947 -10.4081246005 -0.708477953851
-111.63 41.3146 -0.00161507192521 -0.000670968727152 -0.000606320582523 0.000341696720543 3.95309 3.93891 -0.0731053119052 -15.1067466439 0.121575663764
-123.306 40.822 -0.000233506255233 -3.7080426864e-06 0.00251314757678 9.54351871189e-06 3.81289 3.80551 5.74039470414 -2.45658022249 -0.0704261850968
-119.835 40.7484 -0.00142080564567 0.000312364484123 -0.000390119111237 0.000218481499538 3.7717 3.77571 4.28228081284 -16.2085029798 -0.753213390353
-118.971 40.7797 -0.000203229594815 8.12570770058e-05 -0.000687058533673 -0.000344776896426 3.74351 3.74727 2.49170300002 -2.45154606983 -0.138415435716
-118.134 40.7811 -3.05113791657e-07 0.000657081663308 -0.00024540864235 -0.00164082332395 3.93285 3.89222 2.93485531001 -2.32508645338 -0.623935607326
-117.524 40.852 -0.00224689600507 -0.000186147025396 0.00213791171436 -0.000777027434269 3.76525 3.74196 4.57785860685 -23.036714501 -0.603307555441
-116.508 40.7186 0.000307550416596 0.00125040151519 -0.0046652743312 -0.0226862141609 6.0657 6.03631 -3.38092529315 0.2574003651 -1.15115993542
-115.736 40.8167 -0.00730273982454 -0.000989226595259 -0.00618296949163 -0.0587690309735 14.1831 98.8809 -78.8819474058 -48.2991895644 6.92585087128
-115.039 40.8522 0.00184419609948 0.000611781782228 0.0132286705335 -0.00113980797782 3.43327 3.54116 18.9979007637 12.8557944057 0.586621983142
-114.204 40.8556 -0.000184006927022 0.00449282262555 -0.00578729653282 -0.00404978753578 5.08134 5.03169 7.01152812937 -22.9378864862 -4.1688929175
-113.187 40.8513 -0.00217633634705 -0.000183975647848 0.00148130907297 0.00110822342107 3.64671 3.62909 7.61690972245 -21.4581799892 -0.76959587317
-112.52 40.8903 -0.00139329169031 0.000202497123979 -0.000525588228077 0.00295807109904 3.57534 3.58631 2.5089666834 -15.6751342607 -0.681659576122
-111.437 40.8869 -0.00249444790253 0.000438159064028 -0.000163234430355 -0.00292347815127 4.20126 4.06227 4.5141623821 -28.1731308796 -1.3862890118
-110.834 40.9425 -0.00432622256674 0.000955747286991 0.00366628053106 -0.00279156938326 4.00683 4.06888 4.0900420598 -49.8619980414 -2.5763943255
-109.673 40.9763 -0.000453720570088 0.000865386428316 -0.00403807274679 -0.000740551222177 4.05594 4.11025 -16.0985323504 -5.80537158848 -0.891320882804
-109.177 40.8936 0.000845983634194 -0.000198071591148 -0.00681865824752 -0.00275624301343 4.27976 4.27594 -8.08694881107 9.98200281004 0.365828047762
-123.82 40.1398 -9.84374301143e-05 -1.9694553294e-05 0.0018171732427 -0.000318819925836 3.7946 3.79055 3.61874356969 -0.986684468473 -0.00828652867136
-122.788 40.1767 -0.000411724293927 0.000288565601163 0.00114374572599 0.000823346848437 3.79018 3.78143 7.67456829156 -5.40103686702 -0.415162377909
-121.086 40.32 -0.00105433143283 -0.000193859565172 0.00152503426453 0.000592406016875 3.72111 3.66479 6.32479108115 -10.2799043492 -0.181528997415
-120.918 39.962 -0.00142610488651 0.00142471955593 0.00181025152919 0.000663595510569 3.71532 3.72453 6.23641800486 -20.3161830207 -1.82878764672
-119.827 40.165 -0.00130756566096 0.000903077982621 -0.000259376554456 0.000178581357677 3.71418 3.7373 5.18088961406 -17.1152328673 -1.29033031812
-118.877 40.1614 -0.000849452635948 0.000102714282761 2.91540969777e-05 -0.000953058626942 3.81831 3.82896 3.10753185428 -9.37551647824 -0.361096934334
-118.155 40.2903 -0.000807353914717 0.00115002199888 0.000235367306014 9.31583477001e-05 3.78639 3.80096 1.80961682422 -12.4357260293 -1.33689212898
-117.19 40.1697 -0.000652919870614 0.000241533605262 -0.00230427733742 0.00276570805563 3.81196 3.81646 1.35510140558 -7.79092646303 -0.423488296133
-116.5 40.2917 -0.000886072859941 -0.000765137385875 0.00325467282958 0.00805266832653 3.47997 3.50577 7.99877270371 -5.56518719697 0.335404366728
-115.657 40.1313 -0.000475078013553 -0.000589617929615 0.00220395714303 0.00908348870659 3.70135 3.68462 8.85465768382 -1.97651171623 0.328468123233
-114.745 40.2679 -0.00113222845948 0.00111077764743 -0.000666412689988 0.00249977847045 3.7631 3.81256 7.7359159895 -16.8426446175 -1.48299856037
-113.981 40.1314 -0.000148731937904 0.000265567203504 -0.00108108779853 0.00174389029328 3.93392 3.97702 3.50199766307 -2.63686805622 -0.30116088371
-112.469 40.2807 -0.00105996383011 0.000346123377845 -0.00032589527738 -0.00236958183104 4.05274 4.01234 3.97222587409 -12.6100253285 -0.719986068145
-111.502 40.2067 -0.00299544139027 0.00174629701261 0.00234532561245 0.00130331173122 3.81136 3.76505 4.31206428319 -39.0535738678 -2.77578748936
-110.738 40.1948 -0.00577358026 0.00203727816258 -0.000397894957209 0.00301521565217 3.59846 3.67186 -6.62625498782 -69.1163221154 -3.22734254731
-110.008 40.2655 -0.000398802557048 0.000629220466982 -0.00681676535743 -0.00861262129381 4.50942 4.66283 -3.43433106077 -6.34175277482 -0.714497484277
-109.124 40.2982 0.000836369440812 0.0017693834625 -0.000521649755898 -0.00350880314183 4.25254 4.29638 -0.572829208482 2.37101563928 -1.39552271215
-120.608 39.3028 -0.000808133386662 0.000977294443598 0.000867869546602 -0.000310409961818 3.92201 3.91858 3.93358214838 -11.8158743311 -1.17901470355
-119.898 39.6785 -9.60581416537e-05 -0.00106407891987 9.1826987242e-05 -0.000656739264919 3.83574 3.89318 0.204729624513 1.94981992256 1.00534332036
-118.889 39.5399 -0.000408606439068 3.52870467412e-05 -0.000262074617092 -9.4680276815e-05 3.72002 3.72759 3.61325245817 -4.42554024919 -0.163374022118
-118.08 39.6946 -0.000630815019951 -0.000224810632727 -0.00115261682922 0.00169246171122 3.67873 3.696 2.21909672322 -5.94251821788 0.0240140265989
-116.464 39.6202 0.000251329504167 0.000757237715246 0.0028669275976 0.0046182764162 3.64974 3.58866 9.31904595005 -1.10195217694 -0.575598998787
-115.754 39.553 -0.000415414986363 0.00109050321205 -0.000966198386837 9.08164828428e-06 3.87743 3.85345 3.99366505682 -8.61576828917 -1.16692436499
-114.908 39.4731 0.000106682722745 -0.000219854929212 0.000152301152853 0.00153917561332 3.71509 3.72568 5.36954957262 2.03727006935 0.243888668732
-114.016 39.455 0.000132374425133 -0.00102372922371 0.00124863076065 -0.000100139215882 3.67614 3.631 6.17739819954 5.94177096404 0.991458082448
-113.069 39.5906 -0.0016041437459 9.07689104754e-05 0.000522611330254 -0.00129019990251 3.80491 3.77084 6.65774976064 -16.8450628926 -0.747395584139
-112.279 39.5708 -0.00407174620561 0.00126152793653 0.00343101733339 -0.00225226730073 3.8224 3.81361 7.99022322315 -47.4404311371 -2.92962834412
-111.66 39.6092 -0.00416249027249 0.00229331933463 -0.00481360221148 -0.00181472414443 4.13287 4.20311 -10.55954281 -50.1178336614 -2.84728393794
-110.74 39.473 -0.0035339320898 0.00104806891417 -0.0014443751821 0.001266939446 3.56935 3.6561 -10.5938156079 -41.2285308487 -1.55057457675
-110.246 39.6279 -0.00173866698264 0.00114577290093 0.00246106682936 0.00263969990968 3.57606 3.6902 -0.937626299362 -22.7739092088 -1.63290616343
-108.981 39.6333 0.000776452465614 0.000923496210612 -0.00208838437571 0.00408097526302 3.49095 3.52768 -5.39921728946 5.93579894726 -0.701236509085
-122.015 38.6333 -0.00048709040717 0.000387355535586 0.0038863230291 -0.00204384498116 3.82256 3.82204 5.92201227012 -6.42613114845 -0.526148153453
-121.377 38.839 -0.000523175038242 0.000968828287662 0.00238987764495 -0.00206747472958 3.82594 3.82428 8.37392463861 -9.30704540931 -1.09428790712
-118.808 38.9383 0.000100598490175 -0.000337849094398 -0.000542451264042 0.00234825549024 3.68165 3.67143 2.40009779961 2.17170840585 0.352477273478
-117.932 38.8606 -0.00120506308897 -0.000469749517437 -0.00109954973775 -0.00139779889318 3.84158 3.79216 4.73351583752 -10.72022232 0.0267701274692
-117.182 38.834 -0.00279168648648 0.000362124893842 0.00824418159501 -0.00338682367816 3.74914 3.73721 13.6659530547 -28.8766619164 -1.68660455324
-116.4 38.8247 -0.00152935914036 7.51988723175e-06 -0.022433126779 -0.0381013885228 7.79901 9.06541 -28.8568439725 -16.5160559399 0.329326969593
-115.654 38.8455 0.00111912917433 0.0016195620835 0.00695281984399 0.00558750601218 3.47224 3.55586 8.86077565381 3.5222720111 -0.983813857547
-114.83 39.04 0.00108768332925 0.000315171578924 -0.00254970667655 0.000684995398275 3.82668 3.79392 3.51374092507 10.131988373 0.0845540708035
-114.02 38.9551 0.000216298944347 0.000611964893757 0.00199230335679 0.00268994799068 3.61234 3.56786 4.08751707912 -0.245589634194 -0.490780462497
-113.277 38.9882 -0.00272069622624 0.000800704847229 -0.000175077810199 0.00212705743753 3.60514 3.57755 2.38592083867 -31.6404208197 -1.68589307967
-112.379 38.9995 -0.00340594721928 0.000935595523461 0.00163364076639 0.00259717350478 3.35219 3.36943 -1.29652739229 -39.5625161442 -1.88168092566
-111.172 38.9176 -0.00351655893854 0.000261326532823 -0.002985963874 -9.92098784687e-05 3.53639 3.57431 -6.48833053283 -39.2139842397 -0.99966273153
-110.133 39.1025 -0.00159373673011 -0.000586870995848 0.000654055296097 0.00217246629277 3.46073 3.53731 -8.73168882903 -16.4685980211 0.286979055966
-109.263 38.9553 0.00108227837563 -0.00338249282492 0.000441458863127 -0.00319261613543 4.19212 4.28343 1.89221235477 25.3680347168 3.54371702927
-120.936 38.2571 -0.000842904600752 0.000587318465996 -1.41654799735e-06 0.00502802955135 3.45031 3.45597 1.27983200203 -10.5587733931 -0.786849032191
-120.076 38.7028 -0.00149362032069 0.000458133147607 -0.000566713919802 0.00140629204915 3.6266 3.63944 0.582788629745 -17.151526335 -0.826204308473
-119.451 38.5226 0.000633594205388 -0.000239398965951 -0.000132054363529 -0.00142007098822 3.64365 3.65122 5.15934643838 7.43624059339 0.439502712982
-119.047 38.089 0.000182743049792 -0.00115240588512 -0.0145931116316 -0.00422572445444 4.15405 4.17284 -13.4974766417 2.28302947656 1.15622657415
-118.106 38.3489 -0.000745297073778 -2.01643673208e-05 0.00563233897349 -0.00132665026921 3.79946 3.77708 9.37781194261 -7.35364928442 -0.292467132602
-117.072 38.2397 -0.00130425969207 0.000747164071177 -0.00157263119863 0.00362995722364 3.58359 3.58128 4.03601467616 -16.2903142049 -1.14506673504
-116.302 38.2886 -0.00125939438643 -0.000988303807554 0.00405033293204 0.00522666414824 3.52933 3.55135 6.38293652204 -8.64823021948 0.429861163254
-115.585 38.3489 7.83010439786e-05 -0.00023806678816 -0.014418855945 -0.0346948208949 7.97824 8.4911 -8.5181660139 1.2233198604 0.246649533793
-114.608 38.3281 0.000431546131109 0.00116271964581 0.00421473099257 -0.00062631928199 3.58961 3.59282 8.37269358553 -1.19977953816 -0.865628271934
-113.969 38.1802 -0.00129811135387 -0.000451738720198 -0.00366841691916 -0.0172082552977 5.02979 4.97717 2.47150563185 -11.836282812 -0.0141716662033
-113.021 38.2987 -0.00189483365599 0.00124223902292 0.00270437965791 -0.00010001479739 3.68617 3.67373 2.70042614696 -24.5566658143 -1.82658067808
-112.277 38.2108 -0.00332786564199 9.22746702971e-05 0.000304443597622 0.0014202422522 3.51138 3.5288 -4.1674243409 -36.1731131691 -0.892634506779
-111.483 38.2843 -0.00253717270197 0.00138808420357 -0.00258067546824 0.00460510486437 3.39294 3.43883 -9.92727993548 -30.2942278009 -1.75154155308
-110.711 38.4187 -0.00155812834874 -0.00196012730057 -0.00405491136648 0.00114777266901 3.62399 3.68226 -10.4468331842 -14.0219707889 1.70985067863
-109.894 38.3862 0.00187087100255 -0.00311394546919 0.00630451659151 0.00147693176612 3.50187 3.50702 10.1301162929 35.4117513334 3.63135999177
-109.261 38.2916 0.000879288627435 -0.00248721229791 -0.000203236517782 0.00264324190667 3.69672 3.67432 2.35739363442 19.5744611109 2.63561013725
-120.33 37.346 -0.00013946229021 -0.000307605652034 0.00258878314119 -0.000839574220127 3.86458 3.92583 3.91425167494 -0.405264015422 0.249333887955
-119.849 37.8817 -4.16356813318e-05 -0.000554398150765 0.00680878272478 -0.0003683254039 3.63561 3.63276 7.59237019616 1.84024454191 0.498567897971
-118.171 37.4993 -0.000945754636063 0.000401823254081 0.00143452868945 0.000150940976441 3.70842 3.68169 4.8775306236 -11.1854459058 -0.702112742396
-117.225 37.7243 -0.00176505653363 0.000143855017827 -0.00096971963944 0.00163557871637 3.57323 3.59736 4.43939093184 -18.6825412824 -0.742300597968
-116.595 37.923 -0.00023222673559 -0.000113949590718 0.00432019046169 0.00215825086869 3.57205 3.60127 8.59546919974 -1.79801401229 0.00694246173211
-115.747 37.6444 -0.00138597652241 -0.00016143908154 0.000605339769911 0.00944995777718 3.41116 3.35542 2.79255461615 -13.7800053592 -0.30340292291
-114.849 37.6083 -0.000331571587354 0.000117266498575 0.000232936806363 0.000310977438577 3.78116 3.87203 4.69483289896 -3.86344988717 -0.230831268067
-113.86 37.5808 -0.000714736014061 -0.000611950363117 0.000360173590026 0.00530642704033 3.61086 3.58069 2.73303790514 -5.08250370603 0.32960632752
-113.168 37.7601 -0.00104037350951 0.00145159178478 -0.000662801595566 -0.000534525317321 3.87238 3.83324 -0.30976238632 -15.7631358832 -1.69595203445
-112.363 37.6761 -0.00266356729203 0.00079308135732 -0.00264508196837 0.000796782880013 3.77664 3.7812 -7.05839277475 -30.6063335018 -1.28689790012
-111.596 37.7222 -0.00151181530991 0.000386972288882 -0.000711861459214 0.00164360796118 3.84294 3.93138 -7.77746187834 -17.2726281706 -0.659840330391
-110.802 37.6354 0.00129562069409 -0.00269097889057 0.00027332787805 -0.00105570470982 4.01186 4.05768 1.28210631029 23.7768114435 2.97229007043
-109.995 37.6903 0.000735928969699 -0.00204620233289 0.000375090861306 -0.00245636854911 4.21009 4.21596 6.68274703018 17.3156244152 2.16221410864
-109.137 37.7459 0.000577655606528 -0.00135663588282 0.0039343091196 -0.00149324837849 4.01814 3.9979 7.65414763076 12.6705586058 1.47054502157
-119.709 37.0069 -9.20056086744e-05 -0.000250996242152 0.0010188250855 0.00131207317024 3.86858 3.81308 5.98264621608 0.013551888515 0.203184746517
-115.22 37.2408 -0.000150190278931 -0.000915333595878 0.00204713545213 0.00552023351491 3.36999 3.45101 3.81195097245 1.96210381265 0.805067858255
-114.715 36.7256 -0.000503103527799 -0.000179130749301 0.00506563383044 0.000524576954551 3.70414 3.6169 12.0013306234 -3.85963286108 -0.0861191290505
-113.907 37.0195 -0.000682964539404 0.000199584962944 0.000877365060836 -0.00264434009418 4.01022 3.9004 6.13891949893 -7.73402510695 -0.454607829489
-113.084 37.0615 -0.0032275428566 0.000840418658794 0.00138564001093 -0.00091290207977 3.83964 3.83855 1.44906680164 -36.5080415462 -1.85181521107
-112.382 37.0183 -0.00335709868018 0.00212611373031 -0.00178143615147 -0.00296581135106 4.24165 4.3743 -9.21425377671 -40.0559890145 -2.61492234564
-111.506 36.9839 0.000838700016153 -0.000271519699809 -0.00567761796511 -0.0119333965217 5.48541 5.7181 -4.37307978958 9.68911876816 0.467201653802
-110.804 36.9969 0.00202341474092 -0.001295066499 0.0016802335907 -0.00154522120021 4.0843 3.90895 5.68922341408 26.2479041018 2.01671924863
-109.874 37.1364 0.000541034776448 -0.00106405633359 0.00209520222051 -0.0013036112949 3.96629 3.91493 10.5077573297 11.0513901739 1.19230233733
-109.025 36.8299 0.000117641742729 -0.0003740275326 0.00070056129426 -0.00233174890147 4.18762 4.16922 5.77103332418 2.95169186297 0.388354627277
-120.783 36.3627 -0.00026735783878 -0.000116599943709 0.00310997113123 -0.00304372290374 3.86478 3.90286 6.89047496186 -2.23715421265 0.0143168961993
-120.12 36.3356 -0.00058692529014 0.000402833290466 -0.000248547108246 -0.00083230965863 4.02857 4.11875 5.64928675256 -7.39132491947 -0.578124149674
-115.383 36.423 -0.00073781674776 -0.000813384735442 0.00360932637447 -0.00212529488163 3.9239 3.87361 7.82417662031 -3.65273231536 0.436588517601
-114.539 36.4321 -0.0016723745004 0.000982997722691 0.00386703188142 0.000538611405277 3.52004 3.51228 11.099688811 -21.0784937888 -1.65396516785
-113.965 36.4151 -0.00154300122253 0.00291353789519 -0.00289992312448 0.000436312131104 3.98597 3.9866 -2.13689447228 -24.4815096102 -3.21478639558
-113.18 36.4182 -0.0023446412312 0.00163506114092 0.00017907972762 0.000921623922815 3.56617 3.55394 -4.15909250477 -29.0276883768 -2.13553639538
-112.291 36.428 -0.000989281265505 0.000659722542458 -0.00110417377798 0.00353716810114 3.45679 3.50988 -5.66010046059 -12.1131454996 -0.856405054389
-111.13 36.1428 0.00122864587621 -0.000805125004941 0.00143012067196 0.00179200739806 3.70574 3.73688 5.31987207611 15.8547482201 1.23382074227
-110.662 36.5996 0.00120815480791 0.000857834581179 0.000505427672704 0.00034323512021 4.00513 3.9677 5.65515182008 8.18571301947 -0.280188246843
-109.87 36.4199 0.000444395147712 -7.42491777986e-05 0.00140645951222 0.0032113608649 3.69915 3.70237 7.18389743447 4.74422590339 0.263907755491
-121.236 36.0214 -0.000237534926467 5.42255765432e-05 0.00377639006795 -0.0022798913036 3.85444 3.87359 4.33973123709 -2.59004990844 -0.124837844635
-119.903 35.8667 -0.000330868587919 -0.00352637166713 -0.00382942430518 -0.00844149254625 4.3812 4.41348 -1.21336266121 5.08013074319 3.36010558019
-115.43 35.8384 -0.00103426994899 0.000397082776482 0.00120520567876 -0.00396697505882 4.26783 4.18681 4.52987633428 -11.9530940336 -0.741715282271
-114.851 35.7266 -0.00315086298922 -0.000223421898009 0.000245109509834 0.00129726202841 3.71744 3.8331 1.51244017445 -31.5317452652 -0.776446720946
-113.984 35.8522 -0.00248300598104 0.0020433442268 0.00170744000046 8.68316321709e-05 3.58032 3.641 2.35104108727 -32.7412008945 -2.75637512099
-113.105 35.6339 -0.000643702158796 0.00115505756385 -0.00484452946344 0.000923307442014 3.47464 3.53058 -10.5965886748 -8.44639319387 -1.2250294434
-112.173 35.8191 0.000753853713851 -0.00130456010667 0.000353079304706 -0.0041539412793 3.7875 3.81896 0.594376756745 12.3059395467 1.47717793901
-109.933 35.7113 -0.000137347666505 -0.00047868296015 -0.00776297930873 -0.00522260648087 4.29634 4.28308 -5.41225428207 -0.218393877769 0.432492854554
-109.046 35.7147 0.000626396191867 0.00096169901783 0.0154598681988 0.000459935904304 3.62601 3.62703 14.1259430974 -0.128371598449 -0.453219090976
-114.87 35.301 -0.00154809128962 -8.40244450517e-05 0.00164731239916 -0.00269846024037 3.87072 3.96233 2.88697884681 -15.3657972903 -0.441087206787
-113.885 35.099 -0.00232977563292 -0.000164444787768 -0.000363862320618 0.00240738651215 3.41136 3.47739 -4.38366050187 -24.0299453393 -0.357143172018
-113.083 35.2127 0.000187611305751 -0.00122436482913 -0.00620590487971 -4.11429241707e-05 3.83505 3.97516 -7.98846176352 4.20119495723 1.23850063609
-112.267 35.1787 -9.17077967526e-05 0.00024972396174 0.0146072414378 0.0131599532439 2.98958 2.99206 5.34760236462 -1.97883770223 -0.265621784565
-111.532 35.0951 0.00120747803847 -0.000582750651025 -0.0005444890273 -0.000739010919842 3.80898 3.80902 6.85973454933 14.5014881785 1.04141852352
-110.713 35.0789 -0.000357893634628 0.000134160945431 -0.000581539479276 -0.000120310211757 3.86663 3.86394 7.86449229303 -4.11964207143 -0.280172104182
-109.736 35.1181 -0.0029528417811 -0.000319470042242 0.00138660630133 -0.00240957369162 4.01071 4.10444 14.5207354128 -24.7776333934 -1.37293897299
-109.388 35.1118 -0.00131770194116 0.000523780713939 0.000462360379409 -0.00307937204355 4.16592 4.24675 8.75958551561 -15.3325829157 -1.08283150725
-112.891 34.4692 0.000329877353196 -0.00155429489393 -0.00196498991356 -0.00153616168917 3.98506 3.99589 -1.11129213453 8.13279620952 1.58384535551
-112.237 34.4866 0.000308946095851 -0.00133986807883 0.000706168064059 -0.00315682234274 3.81257 3.84319 7.66289250114 9.21298127581 1.3415815797
-111.441 34.4178 -0.000457619595377 -0.000174899362279 0.00238945991376 -0.000753887361201 3.81483 3.77123 12.0812314472 -3.28814162032 -0.0810487180087
-110.806 34.3371 -4.97654743801e-05 -0.000646391130948 -0.00272718355972 -0.000311807468002 4.06885 4.04067 9.35829797136 2.79328291278 0.54729143896
-109.95 34.5293 -0.00040175931469 0.000248306163423 0.00213736789884 -0.000543379153517 3.88458 3.81894 10.9799249754 -5.10030090296 -0.416082738213
-109.29 34.4275 -0.00124136730252 0.000821062596035 0.00307051735916 0.00138879298787 3.72624 3.6982 7.06962859841 -15.9714920356 -1.2878421348
-113.829 33.8142 0.00069794250612 -0.000556924811895 0.000486092905653 -0.000682528290144 3.84383 3.78866 0.505812456095 8.85739460064 0.7428432746
-113.005 33.9383 0.000964048209698 -0.000459821997838 -0.00151808386992 -0.000496878657515 4.04244 3.97796 0.314362126621 11.2785466716 0.734078685907
-112.333 33.9535 -0.000220400894723 -0.00146119390086 -0.000284455672952 -0.000739624651836 4.00079 3.87851 7.09750612772 4.46367271147 1.23089619939
-111.478 33.8798 0.000493167240173 0.00079100798572 0.00232243599107 3.81111229764e-05 3.61108 3.71694 13.1931839314 0.0744341616366 -0.416559579883
-110.844 33.6953 -0.000285115331278 9.61814411897e-05 0.00112376741258 -0.000161923345529 3.74946 3.7199 9.16688275865 -3.17560006308 -0.217981438026
-110.034 33.7776 -0.001978039167 0.00103145170523 -0.000756916808815 -0.00023459521678 3.93609 3.90065 6.86616906083 -23.9087219574 -1.7909140326
-109.254 33.9571 -0.000953285999951 0.00167052684466 0.00105589772087 0.00089423672126 3.76906 3.80568 2.96876038878 -16.3246938554 -1.90745083736
-112.946 33.3627 0.00116393725373 7.19514935104e-06 0.000348274988701 -0.000142425550839 3.89881 3.90773 4.05780682975 11.4306173496 0.423105423856
-112.158 33.2893 -0.000973997160207 -0.000397632248423 0.00109656487302 0.000962045212156 3.95024 3.98324 7.21232296672 -7.55366027403 -0.0548336450724
-111.427 33.341 -0.00183486878883 0.000644926475654 -7.05087973709e-05 0.000855357800469 3.66207 3.62007 12.3700717988 -20.2806650032 -1.49127874491
-110.472 33.2969 -0.000474406381943 0.00150950223088 0.000571998150708 0.000492090578454 3.69718 3.63879 9.09610349999 -11.9908691807 -1.55618965918
-110.036 33.0851 -0.00232890038348 0.00241897990809 -0.00206396132115 -0.00198661675558 3.91547 3.90094 -0.566849673304 -31.665404526 -3.03048144813
-109.266 33.2921 -0.000977386301314 0.000249711658279 0.0030955115058 -0.00234218402493 3.91384 3.9288 5.98721823238 -10.5908513148 -0.643714234104
