-113.767 32.7683 0 0 0 0 3.8 3.82323 0 0 0
-112.883 32.7513 0 0 0 0 3.8 3.8063 0 0 0
-112.228 32.7006 0 0 0 0 3.8 3.80646 0 0 0
-111.704 32.5618 0 0 0 0 3.8 3.79921 0 0 0
-109.97 32.6399 -0.000436387167856 -0.00206674606497 0.00025741871184 -0.00729820150536 3.67129 3.62948 4.06134867653 29.6512110768 -1.23459940284
-109.303 32.7663 -0.0157881861081 0.00122916103044 -0.000800498198103 -0.00323139546299 3.87305 4.01949 3.30610261576 75.1786210452 -13.9625795111
-108.633 32.5466 -0.000950312391378 0.000308355825904 -0.00430273171804 -0.00314344748619 3.95393 4.03033 4.38225964068 1.80017444539 -0.729396494879
-107.785 32.5324 0.000356904379825 0.00801422003417 0.000781454185082 0.0211620709803 4.13357 4.15072 -22.1312632195 -116.473025681 0.255992414346
-107.001 32.6995 -0.00478750046814 0.00255921955382 0.00820772884633 0.00489632372883 3.54611 3.72143 -4.95142456448 -14.9894302712 -3.81468795445
-106.262 32.6349 6.99978972829e-05 0.000778147643101 0.00239619814636 -0.00677805385434 3.54119 3.57623 4.3589400898 -10.6308337088 0.416712790608
-105.454 32.7001 0.0328813003383 0.00747038254937 -0.0290347166621 -0.0375304610225 5.36455 6.52924 42.8443459153 -487.973676604 20.0524937928
-104.657 32.6588 0.000883830565478 0.00563159336355 0.00103545168476 -0.00827926686735 3.40615 3.34823 10.9432109897 -75.7801361135 3.95788100256
-104.02 32.6462 -0.00823249327545 -0.0103690687774 -0.00248880580224 -0.0151395986114 3.06854 3.12376 21.944570087 194.785010246 -13.1902376724
-103.357 32.6764 -0.000997232446547 0.00548416880238 -0.000831208043441 0.00256158406095 3.96947 3.94578 -5.72281195958 -72.1227803316 0.894095679157
-112.812 31.9559 -0.00121751376986 -0.00203892766749 -2.76763653892e-07 -2.16438297118e-08 3.80001 3.81384 8.89676575326e-05 32.5764398627 -1.76519051054
-111.457 32.0022 0 0 0 0 3.8 3.80185 0 0 0
-110.046 31.9737 -0.00785754482975 -0.002758903752 0.00984511356579 0.00239047961547 3.29903 3.31331 -29.5959293863 18.6440436091 -7.23179689847
-109.259 31.9989 0 0 0 0 3.8 3.81264 0 0 0
-108.527 31.9041 -4.85300679612e-05 -0.000196688479813 0.00124980174627 -0.000756295914548 3.75308 3.59652 -0.0131447432773 2.91943216846 -0.113788743136
-107.778 32.0094 0.000293322137524 -0.00294798741237 -7.61637354596e-05 0.00198404052991 3.78597 3.79117 -1.09858283631 38.9188836034 -0.72749784762
-107.101 32.1046 0 0 0 0 3.03243 3.01367 0 0 0
-106.428 32.0062 0.000698497486142 -0.00184325107118 0.00625927949879 0.00436901877753 3.57155 3.55799 -5.2311879905 22.9305890532 0.134320396854
-105.523 32.076 -0.0138068570766 -0.00888054293126 -0.0124054830424 -0.0178342708762 4.45896 4.78792 30.331636816 241.682935036 -15.3801968975
-104.823 32.1101 0.000113859997946 -0.000708591684993 1.08252057059e-05 0.000415529857966 3.80706 3.82954 -0.289153968832 8.98515182026 -0.17461084074
-104.101 32.0618 0.000283763410418 -0.000899478205429 0.000605375930534 -9.03643018977e-06 3.76571 3.67744 -0.227589459739 10.5363179387 -0.104091117072
-103.292 32.012 -0.0227368254322 0.015519212149 0.000766190207242 -0.0118063010989 4.90406 5.63212 38.6634769216 200.06884779 3.69331946916
-109.991 31.439 -0.00144289681459 -0.00259614138038 -0.00317357332207 0.00476463609822 4.32957 4.31583 -3.6855546614 41.4870397425 -2.07159336078
-109.281 31.3757 -0.00416240558767 -0.00436675475842 -0.00724509074983 -0.00155612859594 4.80694 4.79838 8.45677748541 83.8949527774 -5.71810373586
-108.528 31.3369 -0.00489057354972 0.031130845301 -0.00651250858665 0.00395206256261 4.85553 5.82171 -39.1973389412 -450.184006288 -14.918166858
-105.483 31.4425 -0.000106390679323 -0.00364055363993 0.00227159173866 0.004344591753 3.61515 3.60776 -4.63449178704 51.7617277891 -1.21063183175
-104.971 31.3711 0.000493569303637 -0.00763834484745 -0.0022567721059 0.00977917990788 4.2218 4.21403 -12.8994805534 110.417486786 -0.818602662545
-103.979 31.3165 0.00332256778212 0.0124600535735 0.00968032491862 -0.01063658546 3.16686 3.2106 4.02789922302 -187.837502873 8.70868607555
-103.492 31.3691 0 0 0 0 3.04493 3.04925 0 0 0
-102.81 31.3818 0.00258570859434 -0.000647875343415 0.000914498889914 -0.00216663141977 3.71661 3.70132 1.79911126817 -8.54556151966 2.02840072819
-104.986 30.7862 0.00273127178854 -0.000910424058317 0.00253401918935 0.00565236056471 3.75795 3.74543 -7.81729941974 3.01387120854 2.41916774021
-104.029 30.6689 -0.00130655503525 -0.0010113945654 0.000356282655998 0.00163711989967 3.81738 3.83318 -3.12192295901 20.8391930744 -1.57171531685
-103.402 30.8498 -0.0161674172486 -0.00161735078454 -0.000569857835522 0.00294333965009 3.52242 3.64453 -5.05322080581 100.097484503 -15.8426365574
-102.685 30.7263 0.00652357791158 0.0069467545792 0.01200201565 -0.00310219860089 3.34258 3.40884 -2.13266642151 -133.82532166 8.64829643956
-104.09 30.0609 -0.0091085909424 0.0114300747217 0.00561871781359 0.000116277858583 4.04187 4.07663 -23.0812126623 -172.973379593 -9.26358547448
-103.612 30.1456 0.00214067676991 -0.000517762157162 0.000885405645428 0.00031617339091 3.76852 3.81943 -0.447654620183 -5.01680387104 1.78353550334
-102.788 30.1615 0.00655718509918 -0.00822517080755 0.00220935104935 0.00700370562231 4.16556 4.28751 -20.9033145204 119.482511911 6.18048352085
-104.133 29.554 -0.00221132425475 0.000493701257629 0.00268447923868 -0.00111788774606 3.65329 3.70553 -1.78907140832 4.39035013713 -1.90883391689
-103.389 29.4528 0.00433906672068 -0.00313351083628 0.00857344789095 0.00322136809225 3.11087 3.1088 -6.87605966417 28.0899575826 3.34816847407
-102.888 29.4862 0.00157516352049 -0.00122488120166 -0.00103071930276 0.000367767178057 3.75603 3.74063 -2.65486946931 9.1929556188 1.05801512555
-115.653 48.9339 0 0 0 0 3.8 3.8031 0 0 0
-114.413 48.933 -0.00450924724809 -0.0167268638671 -0.0120313380133 0.00177386340732 5.15194 5.38087 -32.8004102722 213.758286602 -2.55969311035
-113.422 48.9725 0.011569982177 0.000999422985848 -0.0121854194913 0.0327422070572 4.14946 4.28113 -34.3750711942 6.20142815484 11.3521627366
-112.733 48.9777 0.0043266853608 0.00327443351408 0.0114317158011 0.000929181090102 3.19725 3.19764 -6.06300348892 -62.1510645938 5.23137919956
-111.597 48.9482 -0.00105359405861 0.0026015490481 0.00307712126392 0.00525573765619 3.76496 3.75316 -5.33238247001 -26.4547850762 0.071382344988
-110.699 48.9448 5.14228432486e-05 -0.00276615350462 -0.00526071858252 -0.0110704605004 3.4383 3.4395 14.2216178689 26.4564517629 -1.88123743304
-109.846 48.9198 0.00314408232652 0.00211973379374 0.00499194589185 0.000113223531889 3.57364 3.58768 -2.45326198923 -45.450998979 3.77146065199
-108.743 48.9286 0.00183330197997 0.00246496572616 -0.00105048228773 0.00803501963506 4.11595 4.13626 -5.75991338593 -41.1571590011 2.72338807777
-107.926 48.8799 -0.000174359832574 0.00439215097214 0.00169908391275 0.000599349830212 3.73108 3.74601 -0.971265181271 -50.1182327055 2.13696310839
-106.925 48.9912 0.000618358190715 0.000395155102643 -0.00426212293989 -0.00721751308041 3.67639 3.65505 7.4265558151 -9.66862219363 0.72627907054
-105.915 48.9926 0.00102076601547 0.00232671785062 0.000448088279227 -0.00410730566967 3.6533 3.64194 1.77956109208 -34.2592455307 2.19727970765
-104.879 48.9592 -0.0122470224801 -0.0051775034188 0.000995358466718 0.0165058434848 4.31247 4.4529 -18.0519635522 119.289534911 -13.2342396342
-104.002 48.9239 0.00578935411126 0.000333764380168 4.9922464263e-05 -0.00103096538299 3.80613 3.83911 0.253623958825 -51.7601633569 4.84936870679
-115.589 48.4694 -0.000471728722546 -0.00305726762193 -0.00445288009884 -0.003754436834 3.96659 3.95262 5.07308650667 38.1318922262 -1.93640872359
-114.468 48.3739 -0.00195879897466 -0.00136078289814 -0.0125395761768 0.00169761963506 5.06613 4.95879 0.647020761798 27.8311353338 -2.36031280722
-113.273 48.3609 -0.0234689677618 -0.0197756248828 -0.0549646020066 -0.00133637033813 5.78597 7.85601 22.5158300936 410.669397457 -30.2811376749
-112.562 48.3129 0.0140621450702 -0.000752768723442 0.00116864446946 0.00192382089829 4.15465 4.4851 -14.3642318274 -33.390997491 13.5164545527
-111.707 48.4128 0.00217173846946 0.000623628650035 -0.00573898037993 -0.00398506494151 3.98128 3.9929 5.11217500995 -23.1910366206 2.15447171736
-110.799 48.2921 0.00272537401057 0.00214763570821 0.00253244462453 -0.00369266432974 3.50183 3.49401 3.57037833602 -44.4574584801 3.45430978534
-109.777 48.3943 -0.00299999037344 -0.00251363279908 0.000336347731618 -0.00593350434067 3.60036 3.6087 4.20377598735 51.2998639036 -3.89592404029
-108.944 48.4551 -0.000352011890438 -0.00253387830443 -0.0026715768053 -0.000544079654666 3.93574 3.95186 1.75725225725 31.6738877477 -1.67058428147
-108.021 48.4389 -0.000636799238079 -0.000168442828507 -0.00644953276737 0.00908845706607 4.63276 4.61882 -1.71095878732 6.3990705091 -0.634845710257
-107.017 48.4278 -0.00705395464919 0.00936779707996 -0.013537341193 -0.00397217236636 4.30853 4.40381 15.1372113929 -13.8206185884 2.26435209568
-105.996 48.3008 -0.00134287633345 0.000342887619672 -0.00461321189053 -0.00747148255437 3.739 3.7359 7.17811957527 8.64613677156 -0.7865939805
-104.991 48.4643 0.00226717485168 0.00113977325817 -0.0126933347828 0.0127768431509 5.24513 5.22777 -7.23080172624 -28.7095283302 2.53707887276
-116.256 47.8397 0 0 0 0 3.19799 3.19884 0 0 0
-115.475 47.7092 -0.00113297482524 0.00374846881695 0.0154901087686 0.00406835429246 3.21383 3.22192 -5.78937062039 -42.2108694893 0.137975081408
-114.574 47.6795 0.00649010114019 0.00289813539212 0.00755980274358 0.0321256129712 3.62699 3.63692 -32.6297704231 -27.4691700541 6.07519175769
-113.747 47.7687 -0.000332650786087 -0.000503068456233 -0.00103431425483 0.00454419482172 3.8122 3.79742 -5.75195815973 7.86239027315 -0.487565100501
-112.607 47.775 -0.00383800669967 -0.00260228228079 0.0107011217191 -0.00292439675655 3.2611 3.26646 -5.93402568949 51.4042840661 -4.5217475226
-111.746 47.8012 0.00269536577682 -0.00256975354173 -0.00999025452676 -0.0274477177421 3.5322 3.54938 17.9187315568 -2.07932856781 0.0237198547649
-110.763 47.6327 0.00565117323655 0.00540906922555 0.00272547368347 -0.00506734285692 3.21216 3.22784 10.5415868462 -105.522441025 7.80071380489
-109.049 47.7343 -0.0011691046021 -0.00280953574622 -0.00432515300279 -0.00878998056581 3.75829 3.74947 7.63810572824 40.117904081 -2.65722815422
-108.004 47.7133 -0.0056167957592 0.00220435261466 -0.000251781760896 -0.00907908537582 3.5615 3.57067 6.92485861517 24.4080596353 -3.02115146284
-107.096 47.8264 -0.00048815558773 0.00102696958301 -3.26284373016e-05 -0.00306534323516 3.74409 3.75735 2.46580968874 -7.7456731847 0.189579124774
-105.884 47.7456 0.000586398644749 0.00437900295676 0.0187266716712 0.0120883290529 3.14629 3.14952 -15.0047648247 -60.2251135312 1.95990807919
-105.184 47.8026 0 0 0 0 5.7209 5.77096 0 0 0
-104.425 47.5302 0.00444286322087 0.00931629464081 0.000120015206209 0.0130677757582 4.48441 4.56151 -13.8010200948 -144.04494453 7.51797772933
-115.353 47.0528 -0.00277274659488 -0.00484833390212 0.0151197706292 0.0147324407477 3.02868 3.06039 -23.9633020473 64.7841411936 -2.80945031657
-114.459 47.0943 -0.000289695210127 0.00435414946033 0.0123907365762 0.0133607052569 3.28282 3.29454 -10.5744692751 -55.3210091873 0.820613063452
-113.506 47.0816 0 0 0 0 3.01323 3.01303 0 0 0
-112.52 47.0418 -0.000116781169094 -0.0131225173062 0.00433014568165 -0.00466108532381 3.9803 4.03369 -15.3480828484 173.834980569 -2.75436953531
-111.549 47.0308 0.000118329949691 0.000952186297893 -9.25178875103e-05 0.00125642127176 3.80672 3.80237 -1.22902306549 -12.2665849361 0.532377912343
-110.687 47.1523 -0.00351065457305 -0.00249011316205 0.0199804847912 -0.00650689293116 3.00251 3.01441 -0.537776535689 52.4599635643 -4.27047175438
-109.802 47.1961 0.000826767979422 -0.000275618243964 0.0124476708797 0.00545633816839 3.46618 3.45209 -8.26849499568 -0.597158251776 0.670081376273
-108.88 47.1646 0 0 0 0 3.04721 3.04016 0 0 0
-108.136 47.0911 0.00113276997175 0.000125156548881 0.00421521342021 0.0172978699577 3.83945 3.85242 -14.6179165783 -6.0894237633 1.12167533143
-106.994 47.0658 -0.00438518750642 0.00295091509339 0.00922906368913 0.00643369228114 3.54537 3.56838 -8.33395602583 -12.794153294 -2.81511681355
-106.18 47.1498 0.00622107303025 0.00183892234274 -0.000952831824391 -0.0043931237577 3.82914 3.8632 4.56358841729 -73.086591226 6.04961095629
-105.207 47.173 -0.0136343201379 -0.0086166983882 -0.00784540943333 0.0618246141016 5.92321 6.2794 -41.0791601406 96.1613464311 -12.4779157583
-104.327 47.1152 0 0 0 0 3.22897 3.2663 0 0 0
-115.571 46.4151 -0.00877806274807 -0.0221598917521 0.00235167929905 -0.00451983065648 3.91972 4.0937 -0.367148579717 317.284379562 -16.8879649352
-114.188 46.4423 0.00104635636664 -0.00119695256142 -0.00514446564453 0.00507558700443 3.91907 3.95404 -2.53620082373 9.43597344945 0.506554962916
-113.493 46.4162 -0.0002901302411 0.00440657026131 0.0280342042537 0.016759575409 3.06749 3.08209 -16.6787478679 -57.9754896908 0.406561374754
-112.641 46.4246 0.00166890775418 0.00260444359297 0.00651978990401 0.0160113049666 3.78537 3.78299 -14.3154602408 -39.1876473506 2.1812000848
-111.676 46.5336 -0.0141035556505 -0.00059602646271 -0.0155824626143 0.02892904728 5.18906 5.26695 -23.8448835023 20.1275659347 -14.1131192008
-110.858 46.462 0.00826866950601 0.006722006959 -0.00279204568577 -0.0116050052773 3.26197 3.26647 14.4732483794 -143.862108486 10.6360157442
-109.914 46.5663 -0.00444990211368 0.00640135122745 -0.00522978534841 -0.00504346989358 4.70144 4.74471 -11.8928765421 -65.7122234816 -2.35509464839
-108.786 46.4611 0.0037209357816 0.00294467349294 0.0107147970594 -0.0104372871041 3.12318 3.13871 -1.00773627868 -60.3997319026 4.68357902489
-108.13 46.5038 0.00211752597699 -0.00452332397072 0.00868569214663 0.0108294446658 3.63362 3.62869 -8.22331960015 46.5075350143 0.220401896496
-107.076 46.5408 0.000281052154698 0.000393251263748 -0.00032387120767 -0.00455608739763 3.60053 3.6329 6.14184816695 -6.70674858006 0.463504904526
-105.949 46.4386 0 0 0 0 3.04422 3.06078 0 0 0
-105.306 46.4978 0.00437635731317 0.000290161012612 -0.00189354716236 0.000417334792573 3.99111 3.97089 0.254799327892 -37.4738124831 3.797954802
-104.307 46.5608 -0.000895055632101 0.00194833037086 -0.00222780254581 -6.93362818758e-05 3.97752 3.95416 0.509547634148 -15.1784806815 0.388104445053
-115.255 45.7565 -0.00167852752315 0.000749158155498 0.000364967640021 0.000421787840082 3.81189 3.77329 -0.201259721682 -0.1931844976 -1.23817405696
-114.332 45.7893 -0.0300506312106 -0.000815888318224 -0.000377388089961 0.00546488602202 5.13147 6.28032 3.63008905803 200.846213504 -26.8537053832
-113.37 45.8122 0 0 0 0 3.07018 3.09484 0 0 0
-112.493 45.8409 0.00332395330738 -0.00240933706633 0.00631245501852 0.0123558977951 3.82138 3.8092 -9.85022184909 18.556850996 2.50472655063
-111.626 45.7843 -0.00677611409877 0.00199691368284 -0.0138865362709 0.00876097653116 5.8128 5.88589 7.35047130752 29.7494120909 -4.46043804495
-110.659 45.9054 0.000415025681999 0.00397813160446 0.00398750469826 0.00583352387558 3.57069 3.61129 -3.66039843279 -51.9282930968 2.01999150937
-109.716 45.9046 -0.00203242653535 0.000386608515735 0.00533407622129 0.0184651523823 3.89013 3.93272 -14.1846925817 1.96638256789 -1.86726259916
-108.944 45.8538 0.0154751317117 -0.00527459431551 0.0113576909204 -0.0150763384358 3.08116 3.11589 6.52827116337 -67.2080757649 9.38493615942
-108.149 45.8006 -0.00237763231796 -0.00200649233562 -0.00601644230879 -0.00795587493212 3.63604 3.59427 10.3752748437 42.5745624555 -3.11098406947
-107.123 45.8231 -0.0021084053023 -0.0151295908942 0.00208368049297 0.0218037267793 4.21913 4.27822 -38.8852806993 205.033631078 -0.106153671398
-106.257 45.7794 0 0 0 0 3.58689 3.58927 0 0 0
-105.406 45.7212 -0.00150064548365 -0.00263433488086 -0.00115135899646 -0.0287622266422 3.14494 3.14943 14.7932982183 40.4752996038 -2.95918892358
-104.445 45.8452 0 0 0 0 3.05033 3.05039 0 0 0
-115.326 45.1285 -0.000851416300321 0.000116165400654 0.000902210765125 0.0103493303602 3.98349 4.00503 -8.61226855158 1.40715396531 -0.79354282039
-114.233 45.0931 -0.000826805229284 0.00302096195884 -0.00835494569054 -0.0200773085914 3.67522 3.69607 14.3399593146 -24.8124375769 1.24271532941
-113.46 45.2432 0.00250431569485 -0.00041692732404 0.00415015406676 6.53541205338e-06 3.56023 3.56582 -1.79641817917 -8.22530731453 2.13481633475
-112.489 45.166 0 0 0 0 3.00315 2.99464 0 0 0
-111.805 45.2285 -0.000392849252515 -0.00366012716605 0.000280739532483 0.0123276288375 4.01355 4.02797 -10.7238571352 49.4856641988 -1.37882606044
-110.74 45.3212 0 0 0 0 5.83889 5.86212 0 0 0
-109.563 45.3171 -0.000197735038322 -0.00248054095374 -0.00266893106978 0.0157259842856 4.41133 4.38854 -11.606308131 33.4962016671 -0.91884475986
-108.214 45.2202 0 0 0 0 5.36342 5.27471 0 0 0
-107.207 45.225 0.00153259381705 -4.18188055448e-05 0.00118652901668 0.000276028377904 3.73355 3.69702 -0.752644680634 -10.2387822485 1.30421719645
-114.855 44.5494 -0.00555659924371 0.000274404807704 -0.0111590651626 0.00411018055492 4.37947 4.6781 -0.365692814113 25.9734405384 -5.0020903676
-114.255 44.5642 0.0162877861443 -0.00137925032749 -0.0491021572187 -0.00570043303386 5.98137 6.58534 25.6660427229 -155.614754858 9.48355025822
-113.367 44.6165 -3.89626424178e-05 0.00342949832554 0.0108197887819 0.0292722307918 3.98926 3.94715 -24.3084962471 -46.4926041772 -0.00702799417889
-112.644 44.6173 -0.00565208511452 -0.00276394606961 -0.00527353752901 -0.026306889143 3.42811 3.42491 15.9633062417 79.120189617 -6.06605813498
-111.248 44.7038 0 0 0 0 3.31619 3.3113 0 0 0
-110.576 44.3951 -0.00159032554878 0.0023033964232 0.00259481127565 -0.00216856912753 3.63842 3.58756 0.327354976318 -17.9863287114 -0.344265374673
-109.664 44.6769 -0.000522355206866 0.00518514884008 -0.0195995203809 0.0156623322629 5.3281 5.31242 -15.4741893347 -68.2811294932 0.636481799225
-108.986 44.6704 0.012123106939 -0.000827211204046 -0.0351930572423 -0.00543307809571 5.16715 5.28996 32.4789155945 -142.012627965 5.08641104369
-107.999 44.4868 0.0016451814202 0.0116007334754 -0.0169378267417 -0.00201236654724 4.4705 4.53436 21.5487120905 -119.155346074 10.0760204837
-107.042 44.6277 -0.00144214480229 -0.000742476985349 0.00158012125913 0.000113266597867 3.73077 3.73901 -0.769843095076 19.0825006231 -1.62027312271
-106.352 44.5943 0 0 0 0 3.8 3.79065 0 0 0
-105.401 44.562 0.000161708947385 0.00136175130914 0.00065075006397 -0.000167409687784 3.76573 3.76622 -0.15230081809 -17.4963067239 0.860651567367
-104.552 44.7473 0 0 0 0 5.00534 4.98529 0 0 0
-115.133 43.7945 -0.00274603046497 -0.00120271245854 0.00161049489333 0.000317114055654 3.73772 3.76914 -0.879466703213 28.8517620393 -2.99655886542
-114.117 43.9146 0.00436136054118 0.00271276550664 0.0149038980854 -0.00399279447882 3.08192 3.13638 -1.11453450839 -56.6405571396 5.06998503747
-113.452 43.9286 -0.00134584917789 -0.0153550991726 -0.00186763197847 0.0256784431212 4.05953 4.31345 -6.72345102336 204.318020396 -5.93881856741
-112.485 43.9997 0.00115698269608 0.00917780415023 -0.00310086591041 -0.0111955623127 3.12498 3.15337 19.8695727437 -99.5708896679 7.32188816931
-111.487 43.8756 -0.00209963113982 0.00545106619335 -0.00331662489507 0.0077678993062 4.24428 4.31576 -5.38223777964 -59.8097779636 -0.0360734803907
-110.576 43.92 0.00434298211689 0.00899614247288 -0.00367133994454 -0.00124385304914 3.76166 3.86192 5.37944267826 -136.884506155 8.4804122002
-109.817 43.7013 0.00335792727809 0.00683444494373 0.00807869597289 0.0125777749211 3.72005 3.7706 -7.28981603599 -104.959646938 5.51307190293
-108.994 44.0363 0 0 0 0 3.00879 3.00883 0 0 0
-108.128 43.9496 0 0 0 0 3.8 3.8078 0 0 0
-107.292 43.8122 -0.00182222524669 0.00438256226781 -0.00542047041608 0.0176777691964 4.6324 4.71333 -9.24538151607 -48.4833418955 -0.155661392216
-106.484 43.8924 0 0 0 0 3.8 3.72208 0 0 0
-105.463 43.9605 0 0 0 0 3.8 3.75723 0 0 0
-104.626 43.8594 0.015933873483 0.0413854256993 0.000940507615301 0.00219457951931 3.55058 4.46045 10.8640315763 -582.73390573 40.0229084806
-114.174 43.3979 -0.00426914133517 -0.0166596924903 0.00692117253369 0.0144785017242 3.32472 3.41317 -26.4894758111 222.440653841 -3.37771224933
-113.518 43.3234 -0.00451928895379 -0.0330611032327 -0.0112315617931 -0.0119232182133 4.72617 5.54906 -11.7660142755 452.718745896 -11.4060372244
-112.433 43.3998 -0.00423888592964 -0.00956071487412 0.00374292748727 -0.00297220711649 3.56224 3.59552 4.14571405882 142.521557641 -8.35493077166
-111.612 43.2741 0 0 0 0 3.13464 3.14539 0 0 0
-110.712 43.3629 -0.000912190081282 -0.00320623295906 0.00817210708403 0.00955561162076 3.66476 3.67492 -9.8163196387 46.0348593582 -1.79357430471
-110.02 43.2112 -0.00217449982615 -0.00504896742183 0.0160793866918 -0.0148447542727 3.11476 3.14576 4.73349633211 75.4133830931 -4.50617484093
-109.053 43.2649 0 0 0 0 3.05073 3.04113 0 0 0
-108.084 43.3531 0.0073965921397 0.000340713919796 0.00309816812141 -0.00558224325273 3.33749 3.33854 0.200315310812 -54.5318148556 6.62850465232
-107.446 43.3459 -0.0033717837956 -0.00312689773991 0.00299570748142 -0.000782258098392 3.53896 3.53314 -0.873368542771 61.2387471777 -4.45771462044
-106.479 43.4126 0.00760648736045 0.0120981141197 0.0128159105123 -0.0138675704884 3.11261 3.16098 5.68473154626 -201.140414359 13.2789035693
-105.552 43.4036 -0.0012014666568 0.0246821149181 -0.0034333865311 -0.0342165834205 4.08907 4.44252 -2.62361995578 -298.574641342 10.812404813
-104.661 43.3305 1.50915549921e-05 0.00627116662507 -0.00720394038751 -0.0227294770247 3.38958 3.46743 18.9000787169 -56.260926974 4.88894671954
-113.176 42.5452 -0.00293940201309 0.00155819364763 -0.000866254246765 0.000251168604473 3.85227 3.82186 0.0588890661061 -3.21754502835 -2.0573994707
-112.531 42.6852 0.0021643998643 0.000480330007365 -0.00113726022018 -0.00159947924728 3.81986 3.80776 1.61358712065 -18.956881606 2.15527384542
-111.588 42.8321 0.00246256921907 -0.00284453802574 0.00674919761117 -0.00835052320611 3.3751 3.38708 4.06839914327 17.4438890782 0.746108169936
-110.92 42.7507 0.00194577833899 0.000143242443315 -0.0150978657342 -0.00539283421696 4.88509 4.86272 8.165278803 -16.7189673726 1.69171106283
-110.042 42.6372 -0.00199195269617 0.00262518543117 -0.0015193018479 -0.0240485464748 3.40081 3.34304 15.1453182824 -8.75276107658 0.264263355132
-108.847 42.8247 0.0104530406443 0.00874242791618 0.00279918587288 0.00823624965263 3.11696 3.16911 -12.7505858707 -156.007334464 12.3702065247
-108.342 42.6579 0.0125963355306 0.00432471836693 -1.0208797882e-05 0.013340249785 3.22831 3.24567 -29.3452729812 -57.1411909255 12.5088159228
-107.251 42.6332 5.8560987103e-05 0.001766057216 -0.000206208650422 7.74866725847e-05 3.77223 3.73447 0.601980840805 -22.0109937417 0.929183283773
-106.524 42.6507 -0.0141420352609 -0.00435277353169 -0.00168977193153 -0.000455747565074 3.97792 4.07 2.43503700962 159.124085424 -14.2754985202
-105.625 42.7546 -0.0166195892148 0.00490217340064 0.00337232532774 0.0246783529617 4.10062 4.30605 -22.0832285115 -32.8049530615 -15.6771089841
-104.815 42.7225 0.00343513731547 0.000780303073957 0.00700121165886 0.00120537670117 3.55561 3.59715 -3.48497707974 -32.9276595045 3.39705989836
-103.87 42.612 0 0 0 0 5.44302 5.48356 0 0 0
-103.178 42.7016 0.000450747152501 -0.000304386721274 -0.00190458922219 0.00220595308925 3.99842 4.01461 -0.517115947243 0.178523522956 0.214667027942
-102.236 42.7036 0.00321825671309 -9.15909509489e-06 -0.000165507182997 2.99788435897e-06 3.80602 3.81532 0.0603916782318 -26.0549739561 2.65478855858
-113.24 42.0343 -0.00149127703057 -0.00228487546323 -0.00118817380857 0.000111432685659 3.88312 3.91567 0.291822441517 36.8440365348 -2.28507429114
-112.386 42.0041 0.000648691086471 -0.00179726513792 -0.0055695213975 0.00972252384918 4.36775 4.39517 -8.03174171235 21.262708913 0.123467905432
-111.432 42.0149 0.00424638843197 -0.00275443224574 -0.0101295338169 0.014220801897 4.34029 4.59967 -7.15246568733 18.234512701 3.19674469479
-110.873 42.0995 0.0289992155486 -0.00805921449389 0.00024912993572 -8.31087626344e-05 5.37191 6.30019 33.4031235356 -286.84972648 8.04424854791
-110.036 41.9243 -0.00133565118023 0.00123914302401 -0.0019461913717 -0.00160694094594 3.87535 3.81472 2.13930778482 -6.36125757756 -0.58733435512
-109.357 42.1012 0 0 0 0 4.34259 4.37279 0 0 0
-108.34 42.0073 -0.00073457974593 0.000517381531462 -0.0102097344998 0.00396075173559 4.65289 4.66663 1.09686516533 -1.37704350751 -0.393101335641
-107.369 41.9641 0.000350666304066 0.00685475743369 -0.00439398535646 -0.00967019747463 3.83841 3.86255 13.9442447917 -74.6107850483 4.89939203531
-106.434 42.031 0 0 0 0 3.0868 3.06862 0 0 0
-105.701 42.1143 9.38287052261e-05 -0.000594570870059 -0.00229265239646 -0.0142783807737 3.51961 3.52621 8.87759973788 5.71192601783 -0.303388173757
-104.933 42.0432 -0.000541664201291 -0.0166096162061 -0.00499867779896 0.0423351935352 4.51285 4.74441 -35.0764804541 236.325818562 0.625089180976
-112.448 41.4632 -0.00112005525696 0.00421222111979 -0.00116887168394 0.00187258011798 3.95681 3.96394 -3.285990514 -48.9349830017 0.426329865269
-111.63 41.3146 0.000363490218039 -0.000606869014516 0.00732316953968 -0.0029136552631 3.41604 3.41962 -1.40906995263 5.76680662827 0.0974972077636
-110.666 41.4729 -0.000757154653615 0.00181331751638 -0.00354201984936 -0.00903527386864 3.69775 3.68337 9.69693522548 -14.5977873564 0.421524313835
-110.067 41.4272 0 0 0 0 3.8 3.80175 0 0 0
-109.157 41.5047 -0.00312924808322 0.00023567783228 -0.00831360047084 -0.0278033019873 3.34198 3.34351 18.8952327757 29.0431119335 -2.02014501604
-108.187 41.4906 -0.00119675459578 0.00338701846876 0.00162183788953 -0.00789706798672 3.58476 3.59123 5.26685542898 -30.9347348482 0.833023665848
-107.364 41.6067 0 0 0 0 3.15617 3.17787 0 0 0
-106.596 41.4033 0.0016714275987 0.00341126068844 0.00379568843818 -0.000674038465863 3.62385 3.68316 0.592153776189 -53.8888232029 3.13886565047
-105.722 41.468 -0.00413217795335 -0.00315278105768 -0.00387085313522 -0.0129250394022 3.86797 3.85832 21.0422773038 74.1492817737 -5.05191134499
-104.825 41.4676 -0.00190832557142 -0.00122230396221 -0.00569345610422 0.00328327452812 4.4798 4.43662 -1.76728845691 28.5895202221 -2.26162806747
-104.055 41.4347 0 0 0 0 3.01803 3.0199 0 0 0
-102.772 33.9696 0 0 0 0 3.04864 3.08945 0 0 0
-112.52 40.8903 -0.00103306785642 0.00145341903028 0.0046240726709 -0.0194408680239 3.2 3.20974 10.5851480942 -8.6676738249 -0.0449503479627
-111.437 40.8869 0.00072422813169 0.00105553613705 0.00708819312836 0.0165604231896 3.62921 3.6266 -15.10071422 -16.0660797361 0.883757663368
-110.834 40.9425 0 0 0 0 3.02099 3.02591 0 0 0
-109.673 40.9763 -9.70417948579e-05 0.00373860310419 0.00708997094451 0.013517676287 3.69071 3.70338 -20.3005134744 -51.9795882018 0.269318419488
-109.177 40.8936 0.00255562412009 -0.00106504948349 0.000374548069094 -0.01987916342 3.26668 3.2739 15.0536862622 -12.4941984591 1.21433618684
-108.263 40.8338 0.000995719720342 -0.000487976185734 0.0112737741268 0.00215102780907 3.349 3.3523 -4.81178207116 1.04418060615 0.73631239807
-107.52 40.76 0 0 0 0 3.06066 3.0469 0 0 0
-106.454 40.8023 0.00086927703478 -0.00727663056969 -0.0150457047145 0.00793688670212 5.11326 4.96914 3.32865008606 81.3181728332 -3.12747555063
-105.944 40.8947 -0.00259485483887 0.00109221283618 -0.0210095168505 -0.0160137910937 4.10881 4.11411 25.7892324876 21.4671364728 -0.589804881891
-104.882 40.8271 -0.00307620848237 0.00157279213576 -0.00208010748125 0.0149216574272 3.97301 3.99003 -37.1095478911 -27.7118193544 -3.24186979825
-104.087 40.8132 0 0 0 0 3.8 3.80653 0 0 0
-112.469 40.2807 -0.00212381352467 -0.00137337773965 -0.00476733399306 -0.0155762577747 3.68272 3.6939 12.2305713698 32.452908024 -2.52699883173
-111.502 40.2067 -0.00481781536353 0.000414013329329 0.0233067600231 -0.00258824047572 3.05148 3.06061 -2.44701983629 19.0465624318 -4.33571357909
-110.738 40.1948 -0.000949151017124 -0.000126607933459 0.0100475628506 0.0113839267917 3.61186 3.62773 -11.2514853358 4.75125229316 -0.952954181709
-110.008 40.2655 0.00816491180019 -0.000370055525585 0.0177248436678 -0.00349137478865 3.40753 3.43476 -4.16969521212 -36.1392718488 7.49082463318
-109.124 40.2982 0.00485301947194 0.00183423619856 -0.00491212283556 -0.030175696765 3.05237 3.05505 24.2210037593 -69.0275738291 4.51648037809
-108.242 40.1348 0.000375199487516 -0.00498248850335 -0.0121150025927 -0.00201405170302 4.36914 4.37394 6.8306152818 55.9065381903 -2.43513723064
-107.47 40.2149 -2.04904957373e-05 0.00341057889159 -0.00188606161851 0.00916385151287 4.17978 4.1262 -7.21098253209 -45.388705824 1.15782164953
-106.547 40.1618 -0.0147362210218 0.0182920978127 -0.0275061369845 -0.00039773612062 3.36267 3.43892 44.2514511466 121.988714134 13.0027643615
-105.918 40.2109 0.00307844719121 0.00151992395075 0.00276865239427 0.0016523927098 3.79009 3.82003 -0.872402624187 -39.9166099415 3.43172997455
-105.073 40.1227 0.00714257393633 -0.00503137050235 0.0124815871613 -0.00129989522641 4.44017 4.52071 10.4368557955 -10.6356382285 2.23553145124
-104.12 40.1129 0 0 0 0 5.22104 5.21988 0 0 0
-103.313 40.2422 0.00244865026051 -0.000215040921745 0.000414784491979 1.15871415234e-05 3.79181 3.797 0.0400211857065 -15.8593766146 1.97783014678
-112.279 39.5708 -0.0024603373265 -0.000252696530421 0.000139466612553 -0.00240663412359 3.76348 3.78809 1.81723844072 17.3752786592 -2.34267411961
-111.66 39.6092 0.00263340983876 -0.00375145992347 -0.00843737032497 0.00775959591841 5.04685 5.12349 -3.19992976965 36.4352443352 1.18386632637
-110.74 39.473 -0.00304040356867 -0.000219110077928 -0.00365914278706 0.00799582411981 4.19421 4.2072 -5.01502890538 16.7398992965 -2.94635309605
-110.246 39.6279 0 0 0 0 3.03341 3.0453 0 0 0
-108.981 39.6333 -0.00370289677602 -0.000456235465273 -0.00166859326788 0.00207142450975 3.7594 3.78077 0.890502947956 29.1276849571 -3.51675809458
-108.391 39.4998 0.00505971850895 0.00218689035296 0.0135164969267 0.00467789237654 3.31714 3.32542 -7.15218329854 -52.5883949579 5.49546083281
-107.449 39.524 -0.00297139161257 0.000464131046168 -0.00452500593753 0.0171542417851 4.12312 4.18944 -5.73435218381 9.1484754977 -2.60230934646
-106.759 39.5952 0 0 0 0 5.29479 5.51155 0 0 0
-105.839 39.3741 -0.00533021534229 -0.00300767940911 0.00619942799742 0.0106374148201 3.77212 3.72723 -13.213933331 61.719587047 -5.92977217123
-104.908 39.5144 0.00154873387791 0.00164143896591 0.000943685709708 -0.00975444641823 3.58214 3.57096 9.51143013304 -32.4867229103 2.23554827622
-104.168 39.5125 0 0 0 0 4.48487 4.46587 0 0 0
-111.172 38.9176 0.000415902545331 0.00292543520153 -0.00136799860081 -0.00457303907745 3.74696 3.7416 4.34377753614 -38.9537316442 1.72411695621
-110.133 39.1025 0 0 0 0 3.18394 3.18582 0 0 0
-109.263 38.9553 -0.0014025517579 0.0041701056407 -0.0146669675466 0.00935180780723 5.17701 5.19149 -1.86161800212 -46.4640595637 0.343569535602
-108.296 38.9541 -0.00113278244379 -0.00359004477398 0.00645040914089 -0.00503340845508 3.34592 3.31689 2.38521465036 52.5752280389 -2.69329891129
-107.574 38.8347 0.00514140443223 -0.0123851809055 0.0178038509484 0.0201025332941 3.14109 3.12893 -23.1157190286 172.36087883 4.43600325639
-106.91 38.8627 0.000470601921006 -0.00473879554695 -0.0177819750286 -0.000620298759551 4.80767 4.75845 9.69169887408 50.4264581767 -2.45155029841
-105.834 38.9045 0.00691567521064 0.00701640117132 0.000811829251063 0.0145800336958 4.64836 4.85104 -17.9311708086 -116.892264731 8.03405726732
-105.149 38.9641 0.000140257514102 0.00115556249646 0.00192114996946 -0.021609611775 3.37327 3.41078 13.4686075579 -13.7448598813 0.879221841407
-104.247 38.9145 0.0131863213496 0.00178332575748 0.0120219483845 -0.00223690596469 5.60966 5.84963 37.1273774686 -186.05021381 6.87171032188
-112.277 38.2108 -0.00321306949367 -0.00239365085788 0.00696418622807 -0.00428420439247 3.44945 3.46854 -0.726803522489 47.2382772966 -3.86021789293
-111.483 38.2843 0.00388880814382 0.00388569681298 0.0169349563678 -0.00345519030087 3.11834 3.1384 -1.73146643813 -70.1595441981 5.01710108048
-110.711 38.4187 -0.00481394787497 0.00599450874299 -0.0122208820778 -0.00113687494682 4.47165 4.51337 3.42124643324 -44.767820684 -1.60191511979
-109.894 38.3862 -0.000294556737732 0.00357925850241 0.000610753118693 -0.0125503814625 3.47402 3.50549 8.48349706965 -40.3789626396 1.67340420887
-109.261 38.2916 0.00417875916381 0.00167505438144 0.00999205600844 0.0108711127577 3.3223 3.33556 -11.6860091905 -36.2445326557 4.4458716651
-108.379 38.1888 0.00266079980342 0.0112711365942 -0.00262678552045 -0.0063186503188 3.62555 3.70712 5.59170952258 -157.31284335 8.05140933253
-107.55 38.3685 -0.00271025440557 0.000700827912641 0.00550264838036 0.00469447069432 3.62669 3.61282 -8.4429293025 2.15887248732 -2.37173769784
-106.756 38.2289 -0.000924767401812 0.00396222299069 0.00779494949033 -0.00420800414199 3.33818 3.32684 1.26299784784 -44.0852738849 1.03738247651
-105.826 38.1907 -0.0154078944346 -0.0261275789086 -0.0173101921946 0.0134249744639 5.33987 6.61046 -11.8725543592 423.236388093 -21.8637591282
-105.107 38.2315 0.00328223627055 -0.00725223369701 2.68169672476e-05 -0.00398147872369 3.76167 3.86841 -3.03558297035 74.9717249178 -0.107633597802
-104.283 38.1474 0.00307717092747 0.00285490375745 -0.00631287023407 -0.00610176736928 4.06718 4.10394 4.32100587703 -59.3222380642 4.13800886664
-111.596 37.7222 0.000271006170949 -0.00388043557359 -0.0216789168117 -0.0231870550729 3.96511 4.00348 33.6577776612 27.4312597928 -3.05579365351
-110.802 37.6354 -0.00607389794607 -0.0041044362038 0.00464115854836 -0.00805136550344 3.06722 3.08435 19.3647185101 100.149486714 -7.25882541625
-109.995 37.6903 0 0 0 0 3.22845 3.24771 0 0 0
-109.137 37.7459 0.000336068238681 0.000585280311956 -0.00504823688145 -0.000365464321854 4.08697 4.10425 2.4605945818 -9.56986513304 0.562955423694
-108.36 37.83 -0.00050315386657 -0.00247890738667 -8.64609397082e-05 0.0014925911349 3.79213 3.89543 -0.0143801074988 35.0813955991 -1.50071773544
-107.792 37.662 0.0011390463984 0.00173684815831 0.00423464344954 0.00138555798236 3.65649 3.70506 -2.39182675122 -29.2462724864 1.72548894262
-106.829 37.7461 -0.000309594699541 -0.00112735543315 5.79443702146e-06 -0.0162823253581 3.50785 3.52042 7.95536301556 15.9180249115 -0.889494017648
-106.002 37.7059 0.000196421174632 0.000571834144405 -0.00241998006343 0.00244794417925 4.03141 3.84252 -1.62711659755 -8.68449828892 0.42208636145
-105.213 37.6407 -0.00134501013677 -0.00369531203293 -0.00218283400395 0.000551957308477 3.94233 3.90633 0.607430195796 56.5019775305 -2.9327933924
-104.435 37.6606 0.00241891295816 -0.00600319808607 0.000410994409458 -0.0101187284394 3.26747 3.30683 10.2293493165 46.4104084646 -1.85336542981
-110.804 36.9969 -0.00305682411336 0.00219870090701 -0.00419693640931 0.00412038731253 3.9917 4.00974 -2.0851968296 -14.2234678997 -2.11031897202
-109.874 37.1364 0.00115127507022 -0.000864835305894 0.00318662190385 -0.0041554109297 3.59031 3.59517 1.55818848254 4.3157540614 0.684508230187
-109.025 36.8299 8.38699023421e-05 -0.00431697294341 0.000376607840086 0.00428576760403 3.87976 3.86357 -4.38819238413 57.6917216443 -1.34450084895
-107.534 36.9914 -0.00543980033343 -0.000416519496981 -0.00717081787918 -0.0136687186756 3.66957 3.70906 13.2686755231 53.1455018955 -4.5263436728
-106.903 37.0138 0.0193298770976 -0.00543747114961 -0.0348222706208 -0.00150166927183 4.74749 4.96351 11.7768692133 -106.960454452 12.054225921
-106.037 37.0361 0.0029221203995 -0.00295222430762 -0.00415934236238 0.00404822974692 3.86777 3.87857 -2.81718434632 22.2452509697 1.49628797849
-105.052 37.0738 -0.00689577390153 -8.35070833362e-05 0.00167003798428 0.00143383145042 3.74719 3.74853 -2.35132575109 43.5047070029 -6.28584328292
-104.411 37.1388 0.00796451600907 0.000544517614629 0.000782498540702 -0.00580242765008 3.50642 3.48718 7.83676799423 -74.5231834545 6.77716330253
-112.291 36.428 -0.00283543464495 0.000740623680324 0.00361110192761 0.0149891766604 3.8178 3.82203 -16.2732699512 -7.29059514158 -2.77021243389
-111.13 36.1428 0.00379417555139 -0.00124390447537 0.0011645560335 0.000853821956721 3.78832 3.80642 -0.91728654676 -2.30513696793 3.11841723767
-110.662 36.5996 0 0 0 0 5.50604 5.57148 0 0 0
-109.87 36.4199 0.00987681182482 -0.00152485892498 -0.00579794872664 0.000619840945679 4.43047 4.30029 5.87832505165 -47.9449512786 7.95016376284
-109.208 36.2925 -0.00349835856046 0.00129860912707 0.00010290199445 -0.0012096907775 3.76983 3.71492 1.14948400931 3.60790971039 -2.65619367177
-108.52 36.3758 0.0147478861092 -0.00407537357827 -0.0224172699707 0.0180796774525 5.39376 5.63869 -10.2134707742 7.32601532985 13.385075909
-107.658 36.4277 -0.00352633545621 0.00245762318881 0.00510697338383 -0.0127616117839 3.33702 3.33707 8.24242930132 -2.27555160174 -1.635273272
-106.855 36.3773 0 0 0 0 3.21407 3.23224 0 0 0
-106.192 36.3289 0 0 0 0 3.08046 3.0823 0 0 0
-105.278 36.4093 0.000164256025144 0.0020526555222 -0.00518451417044 -0.00554781754204 3.95758 3.95359 5.90876932321 -26.5129677554 1.24210460527
-104.408 36.3998 -0.00534188031214 0.00535501862769 0.0187248248515 -0.00325550503938 3.06735 3.11738 1.08853781893 -31.6093139359 -2.14053989031
-103.744 36.3945 0.00502537459734 -9.62934846142e-05 0.0136137689257 0.000325213505429 3.38689 3.41293 -5.57529170107 -26.8847653503 4.60814059506
-112.173 35.8191 -0.00138958413161 0.00163171211417 -0.00694286274757 0.00826354711851 4.47647 4.51312 -5.40605113391 -17.0925350726 -0.921573906587
-110.794 35.6218 -0.000822994229011 0.00109401122224 0.00808362882956 -0.00429481921142 3.48522 3.51005 2.05920864136 -9.59390135203 -0.32132866462
-109.933 35.7113 0.0202258346218 0.0120860506007 -0.00524707125223 -0.00422866915061 3.81266 3.98269 44.1272636039 -332.650551165 19.2180855486
-109.046 35.7147 0.0012026560829 0.00285740439971 0.000268452605962 -0.00103098249284 3.5635 3.52477 4.10404754826 -44.2203107912 2.36608566092
-108.466 35.7992 -0.00654913357577 0.000982394389046 0.00579493411309 0.00930681586112 3.51292 3.52065 -14.1207217611 1.18262807174 -6.30626037594
-107.638 35.8054 0.000439146606618 -0.000602455503152 0.00131183326626 0.00144444958689 3.82777 3.82202 -2.42201575311 5.73509054372 0.185874554233
-106.909 35.9138 0.00138636743839 -0.00257743994933 0.00583061154985 -0.0128648124649 3.25875 3.24793 6.92167226654 21.1821946516 -0.175175013375
-106.183 35.7452 0 0 0 0 3.04871 3.0437 0 0 0
-105.272 35.7259 0.00722414098058 0.00269406829317 -0.0226677491743 -0.0219291542711 4.16262 4.1572 26.1661040307 -107.549930186 6.55276645621
-104.616 35.8383 -0.00284966244884 -0.000302148450606 0.000443870637389 0.00216192025912 4.06418 4.01792 -0.176782564221 22.6551202328 -2.68351670112
-103.786 35.7964 -1.31995306079e-05 -0.0017770890658 -0.0115635610382 0.00707052127104 4.5736 4.61179 2.49858993382 22.7617008678 -0.89980421564
-111.532 35.0951 0 0 0 0 3.8 3.79708 0 0 0
-110.713 35.0789 0 0 0 0 3.8 3.80093 0 0 0
-109.736 35.1181 0 0 0 0 3.29467 3.29537 0 0 0
-109.388 35.1118 0 0 0 0 3.16157 3.20577 0 0 0
-108.5 35.1259 0.00387380905091 0.00137869491707 -0.0255055763788 -0.00686501636831 5.07924 5.06983 18.2714968032 -51.532008412 3.82530962586
-107.648 35.117 -0.000854528955731 -0.000346027908931 0.000734671866254 -0.00488918705283 3.69469 3.68497 2.17932592707 9.85928031956 -0.920030547319
-106.867 35.0719 -0.000604092098051 -0.000841043460492 -0.00434771310537 0.0070929917653 4.18412 4.13582 -4.99297242901 14.4060617034 -0.846884178571
-106.15 35.1605 -0.00346803786009 0.00503991689025 -0.0110217885505 -0.00701031497392 4.1236 4.10459 13.0628271066 -26.8573146132 0.362125805625
-105.408 35.2106 0 0 0 0 3.15932 3.18005 0 0 0
-104.461 35.2177 0.000317728781399 0.000802858061531 0.00167693971034 -0.0016178708042 3.70601 3.72523 1.36438245359 -12.6195332551 0.655247763857
-103.766 35.0891 -0.0046062738263 -0.00799351144766 -0.000548746569344 0.00750574109311 5.44082 5.5766 -13.5443370085 130.557062478 -6.33249249031
-103.063 35.0637 0.00055010261822 -0.00790127171432 -0.00176983691961 -0.00042319050333 4.64816 4.73998 -20.7007208552 115.298295627 -0.398045708105
-111.441 34.4178 0 0 0 0 3.8 3.80043 0 0 0
-110.806 34.3371 0 0 0 0 3.8 3.80713 0 0 0
-109.95 34.5293 -0.00195783312064 -0.000367021764083 0.00199413351788 0.000559931569545 3.71925 3.91729 -1.10630330021 14.5244669048 -1.96471069883
-109.29 34.4275 0.0399957577892 -0.00427287054375 0.00551727867758 -0.016153604406 3.31683 3.68099 22.1144384368 -352.439838174 25.9214854128
-108.498 34.5421 -1.12599352613e-05 -0.000411876540694 4.49532495783e-05 -0.000952131254285 3.78323 3.60865 0.770465875799 5.5154170802 -0.17238583204
-107.786 34.4457 -0.0332111333836 -0.00134958553508 0.00593866962492 0.0086959502029 3.89006 4.42731 -45.1132299024 -163.400871972 -30.239227662
-107.01 34.5058 0.000891256609176 -0.000140576432716 0.0103387693485 0.00366389486889 3.40194 3.54492 -8.01919368265 -1.51268101775 0.820674844094
-106.188 34.581 0 0 0 0 3.16323 3.19453 0 0 0
-105.435 34.5646 0 0 0 0 3.24726 3.23405 0 0 0
-104.662 34.5271 0 0 0 0 3.1052 3.13514 0 0 0
-103.81 34.5508 0.00402684174061 -0.00518696117043 -0.00269769720871 0.0117990407517 4.40679 4.39075 -25.1677689309 75.3483952631 3.90967121453
-103.097 34.6469 0.00058309640729 -0.00249893811822 -0.00460891153231 0.00999179475055 4.59885 4.51036 -17.7262568539 35.1596922165 0.164544514873
-114.524 33.7503 -0.0440089948115 -0.0749893979885 0.0146638113648 0.0340434811711 4.95749 -nan 21.4303508956 1196.67647753 -81.1828249777
-113.005 33.9383 0 0 0 0 3.8 3.82648 0 0 0
-112.333 33.9535 0.000776794321723 0.000585840249912 -1.82058862171e-07 4.8924457986e-08 3.80001 3.7975 9.09452724329e-06 -11.3604212215 0.924888699363
-111.478 33.8798 0 0 0 0 3.8 3.79879 0 0 0
-110.844 33.6953 0 0 0 0 4.73362 4.72896 0 0 0
-110.034 33.7776 -0.00332177510585 0.0022967945397 -0.0105225509677 0.0043124142176 4.47408 4.46968 -1.75657782605 -15.7518909058 -2.40271131467
-109.254 33.9571 -0.00034076649958 0.00236284787993 -0.0138219803414 -0.00691394989013 4.33304 4.33742 15.3009829616 -24.3000595093 1.1367172724
-108.377 33.9085 0 0 0 0 3.8 3.80603 0 0 0
-107.674 34.0087 0.00211054622545 -0.00351927922974 -0.000906436514296 -0.00707763057298 3.72049 3.74904 6.79515977625 29.3588785621 0.106730809751
-106.965 33.937 -0.0235384569146 -0.046859709163 -0.00687263648148 0.00798784667194 3.48364 4.59757 44.9083211019 572.119579211 -52.2569835828
-106.921 34.0739 0 0 0 0 3.02621 3.15784 0 0 0
-106.055 33.9315 -0.00655124199183 0.000527111728976 0.00404598154471 0.047353937336 4.16138 4.19736 -20.6900030821 -2.22030670177 -6.5103983107
-105.436 33.9257 -0.00848681733677 0.000553132999674 -0.00772719272172 -0.0249467721115 3.50673 3.57713 21.5432329743 84.056478715 -5.49321674715
-104.693 33.9229 0.00279442503873 -0.0209118360297 0.018565454095 0.00721628292457 3.04905 3.12484 -37.6228151849 309.962546575 7.24804754621
-103.825 33.9232 0.00402083455853 0.00125662960644 -0.000373334813843 0.00454211741397 4.1552 4.06179 -9.1724874849 -34.9911796474 4.21238455256
-103.163 33.8839 -0.00835170978336 -0.00192173589044 -0.00279498908788 0.010771826663 4.54537 4.55436 -17.1289343286 48.3817740505 -8.55294811442
-113.657 33.1999 0 0 0 0 3.8 3.78132 0 0 0
-112.946 33.3627 0 0 0 0 3.8 3.80176 0 0 0
-111.427 33.341 0 0 0 0 3.8 3.79955 0 0 0
-110.472 33.2969 0 0 0 0 5.51302 5.51873 0 0 0
-110.036 33.0851 0 0 0 0 3.32467 3.31658 0 0 0
-109.266 33.2921 0 0 0 0 5.57295 5.70938 0 0 0
-108.592 33.1132 0.018621239173 -0.000926052711756 -0.0894824391278 0.0360336376979 5.99864 6.93572 -0.411494131932 -83.0851638823 17.0772626526
-107.671 33.3086 0.000879023110402 0.000393207428976 -0.00121746755321 -0.00439209972116 3.8668 3.8224 5.78344123452 -11.0185719538 0.960841172235
-106.964 33.2555 -0.00680160840133 0.0019203102869 -0.00873928832191 3.51591175434e-05 4.88655 4.38243 14.5851378392 37.7354363298 -4.25241775709
-106.232 33.2621 -0.00665967341713 0.000788187569092 0.00574088496819 0.00736573168751 3.67623 3.69441 -4.99539022359 19.6294932964 -6.07643827842
-105.365 33.3298 0.0254052141269 -0.00205799962991 -0.00504913012522 -0.00516415070097 4.54734 4.67754 11.8310843813 -194.676801813 19.3733701027
-104.717 33.2797 -0.00080313952456 -0.00155005229119 0.00162153238024 -0.00178820795954 3.67868 3.58588 2.04838246807 25.7886209551 -1.41274256931
-103.98 33.2716 0 0 0 0 3.17998 3.19909 0 0 0
-103.215 33.315 0.003101306531 0.000857975778567 -0.000918378100029 0.00796856542378 4.25326 4.24753 -15.2436743321 -21.1368823098 3.20667313118
