-122.707 48.7197 0.00115247144025 0.000424917890125 0.00551332467759 0.00185577210807 4.08504 3.99048 5.93976311595 16.458241594 -1.08589153536
-122.085 48.9983 -0.00749935053251 -0.00407892933448 0.00471242236365 -0.0052303833299 4.63494 4.51039 -1.66334549559 -114.881640983 8.34944708107
-121.48 49.0983 -0.0105880934011 -0.00693457482103 -0.00514535578047 -0.0155433462173 4.28355 4.73489 -33.5072794082 -122.061716178 11.5334366629
-120.384 49.048 0.00777543596386 0.00136076423957 -0.00277508823914 0.0192463031563 3.04471 3.08506 9.73775584732 100.264729869 -5.80308542993
-119.272 48.9534 0.00190483511435 0.000810038054996 0.00629662222625 -0.00456376638233 4.49734 4.34491 -0.961270087197 26.8260821274 -1.95282553687
-118.585 48.9752 -0.00045491606133 0.00208330195468 -0.00611614356507 -0.00368836074656 3.657 3.61991 -9.663126211 20.9492182108 -0.786471834312
-117.559 48.9813 0.00372752476361 0.00233012747763 -0.00435723241901 0.00295635323665 3.42867 3.43381 -5.44634070478 58.7130911028 -4.3669732506
-116.363 48.958 0.00210277356978 0.00247298720563 0.00442842506131 -0.0026297064796 4.06017 3.97583 -0.348594646311 45.6567213955 -3.23148127653
-115.653 48.9339 -0.000656516513621 -2.23842644936e-05 -0.00145908419181 -0.00269673783126 3.78574 3.71153 -5.89083835148 -6.04519067975 0.52470217326
-114.413 48.933 -0.000135323581428 0.00038451950152 -0.00902283682917 -0.00542561759716 3.67574 3.67565 -11.473604449 3.41222968645 -0.101932829632
-123.504 48.0575 0.0088217188569 0.00818971703941 -0.0131870061916 -0.0132632852241 3.58866 3.72366 -11.1953442392 166.705930086 -11.782964759
-122.096 48.2641 0.00186858937059 0.00110140330383 0.00476980821267 0.00334636170084 4.04944 3.986 6.05934715486 30.577696879 -2.06034626518
-121.484 48.5183 -0.00537342982648 -0.00388670106595 0.00114027525463 0.00104468326232 4.05799 3.97025 3.10224125214 -94.079960501 6.53148031957
-120.12 48.4607 -0.0144004225275 -0.0108865250136 -0.00910574655356 -0.00638366614145 3.35539 3.60608 -19.3106552314 -225.299376601 17.5834851737
-119.333 48.3584 0.00579909248073 0.00720982827501 0.00729677295392 -0.0104322885618 4.94594 5.70887 -8.98480407016 131.111336309 -8.87164742101
-118.149 48.4226 0.000925483127447 0.00175490891443 -0.0131133447637 -0.0177517074395 3.89327 3.91457 -31.8995931725 27.0363493742 -1.27552804735
-117.225 48.2995 -0.000278598815132 0.00581496552263 -0.00848168488313 -0.0300825050264 4.00009 4.27496 -37.1521819528 80.7500301246 -0.470822209648
-116.367 48.4366 0.00353390708606 0.00419407637672 0.00600888360127 -0.00380909181497 4.18191 4.27075 1.08718120717 76.6957539206 -5.47110234544
-115.589 48.4694 0.00274694421075 0.00224331417367 -0.000293245638733 -0.00308311720637 3.81683 3.83037 -3.65812843594 49.0567974412 -3.5439471567
-114.468 48.3739 0.00040450680899 0.00121323036028 -0.00403376323342 -0.00412225786727 4.12561 4.1233 -12.7320910585 17.2794114871 -0.998194003855
-122.173 37.1311 -4.66231566816e-05 -0.00194519898201 -0.00265382118958 0.00862962143992 3.39318 3.41062 5.22121271491 -16.138421523 1.58883431091
-124.566 47.9475 -0.00359663586729 -0.00438061913662 -0.0114637159436 -0.00794660258168 3.57159 3.60885 -12.8018408824 -80.6635961623 5.2748719726
-122.972 47.7172 -0.00388782755567 -0.00781094534275 0.0286209626054 0.00688958661795 4.67346 4.98513 21.7747478613 -98.7245507504 8.72392952578
-121.689 47.6947 0.00333443260876 0.003454655955 0.00563188058805 0.00284841221664 3.94591 4.03293 7.62394237817 68.1007309651 -4.7847517129
-120.894 47.923 -0.00310697221078 -0.00110602251257 0.000350154266274 0.00236936552921 3.82984 3.74549 2.82315970408 -42.8704780131 2.95011352404
-120.061 47.6902 -0.0053052271594 -0.00464936049001 -0.00392904562278 0.00304434924806 3.57162 3.57726 -3.30997762886 -99.082438256 7.05357835422
-119.045 47.7849 -0.0132254060356 -0.0138977652514 0.000813441227142 0.00471271442814 3.58738 4.03493 1.03046240473 -271.314356862 19.1800337579
-118.274 47.8006 -0.00135463128314 0.00256012878545 3.43571492069e-05 -0.0161178043836 5.00105 5.28116 -18.1141405214 23.9244010668 0.0813091359868
-117.308 47.8192 -0.00766367067069 -0.00846066880615 -0.0282932930995 0.0380061126721 1.9027 1.94275 -0.34245477648 -160.344368033 11.3952523773
-114.574 47.6795 0.00195836046873 0.00171714872693 -0.0054322375441 -0.00245826479178 3.90761 3.90541 -9.12600088505 35.4193536721 -2.59664493948
-113.747 47.7687 -0.000695229502243 0.000302975187832 -0.0018204472474 -0.00316334889653 3.95161 3.91591 -8.27977929991 -2.60816184912 0.362385780991
-123.771 47.1161 0.000175813456679 -0.00566292796926 -0.0049469779272 -0.00749059640519 3.93431 3.92226 -12.0890311812 -68.6465252862 2.73600921271
-122.803 47.1109 -0.000636410865677 -0.00403015649856 0.00136329845595 0.00455383438983 4.01356 3.91489 5.31430972334 -45.068389632 3.43647703705
-121.989 47.1881 -0.00381734827424 -0.00322181779673 0.0134122068595 0.0115716940189 3.66455 3.75607 28.5619895218 -66.0230027124 4.2482573934
-120.844 47.1935 0.00304933309142 0.00339072520543 0.000465692707045 0.00328724005322 3.91767 3.88187 -0.779718809395 64.7420889267 -4.54243700348
-119.973 47.1936 -0.00155398336008 -0.00103447003549 -0.00357755819298 -0.0031183811558 3.84219 3.65647 -11.0844450205 -24.2537864651 1.86668972116
-118.921 47.0573 -0.00256615717382 -0.00541971019692 0.00160734017627 -0.00340053493825 3.97536 3.77315 -10.731947091 -83.5341698844 5.14788375435
-118.309 47.0615 -0.00743691399017 -0.0100527021865 -0.00263404904527 -0.00382626454904 3.88674 4.13277 -15.3346344301 -174.373248605 11.4170236298
-117.276 47.0547 0.000170212336957 -0.00258526900065 -0.00288259505692 -0.0208686808871 4.57596 4.61299 -22.1344190122 -32.3664674239 0.854641271129
-116.335 47.0477 -0.00100738725935 -0.00577662353358 -0.0255122250596 -0.023819720602 3.53689 3.61002 -29.2347839267 -81.2581598769 2.58721116276
-114.459 47.0943 0.00413782796692 0.00504625383563 -0.00472396174886 0.00166288819591 3.74348 3.75272 -4.23405385222 90.2786181584 -6.45150460609
-113.506 47.0816 0.00159876342031 0.0035804616253 -0.00294046286814 -0.000281486019586 3.88046 3.83219 -6.81438261547 52.077580973 -3.51999935592
-112.52 47.0418 0.00240749948895 0.00214805082542 0.00276384247202 -0.00716675540421 4.2588 4.26217 -2.69522412379 44.2381252528 -3.22320642522
-123.563 46.5459 0.00247091762052 0.00145491276909 -0.00422845937188 -0.00351195552792 3.96134 3.85437 -11.0878332206 36.3905475522 -2.86635687938
-122.72 46.5934 -0.00148511667745 -0.00151988132743 -0.00202038953952 -0.00492255736265 4.14963 4.05484 -5.64335945552 -30.0978400274 2.10489458939
-121.761 46.5605 -0.00514195526789 -0.00234430413243 0.0135312183191 0.0042009702362 4.09653 4.1548 17.0831141524 -79.9910918522 4.55143550403
-120.979 46.5433 0.00715703491667 0.00894909801377 -0.0185106602697 -0.0272299800276 3.1674 3.31285 -35.760532818 139.995281548 -8.37453826333
-119.855 46.5585 0.00571350502295 0.00390294974408 0.00365068961761 -0.00144217401674 4.23512 4.15316 -9.01611927697 91.5266192055 -6.9180370833
-119.06 46.4911 0.00148472905046 0.00117668827773 -0.00267093073481 -0.00195558090921 3.82594 3.71937 -9.99328537827 25.4755377653 -1.89072507605
-118.146 46.5139 -0.00254731889495 -0.00294666492573 0.00119295021813 0.00110038106518 3.98565 3.8547 -7.49190277018 -54.4429838237 3.81638122563
-117.11 46.485 -0.00522840861264 -0.0102347188477 0.00202922243054 0.00539600420469 3.85369 3.95946 -14.6757690393 -159.877702833 9.73536574561
-116.209 46.3559 -0.00574290719773 -0.00661256580579 -0.00805515256482 0.0025598592805 3.31619 3.40966 -28.6007684653 -111.364886325 7.45041627579
-114.188 46.4423 0.00427538942352 -0.000304761209424 0.0165700200761 -0.0135142622591 7.07293 8.69511 -6.53062033837 34.7483671712 -3.07359608158
-113.493 46.4162 0.00446352672938 0.0103557109439 -0.00691694415782 -0.0167073559691 3.9813 4.61478 -24.2465316731 154.969176857 -8.11034095397
-112.641 46.4246 -0.000220171365969 0.00305282970614 -0.00534859365625 -0.000495832113272 3.64007 3.69302 -10.018785625 31.4756665732 -1.67158309262
-120.728 40.6183 -0.00319884189317 -0.000939502171716 -0.00136502860172 -0.00436740006544 3.93548 3.96372 -5.47341900554 -38.6380651818 3.0161063745
-123.559 45.9306 0.00216408774562 0.00649751801401 -0.011011897613 -0.00373727412005 3.80319 3.90635 -21.5341150361 97.4258300053 -4.43814346987
-122.419 45.9325 0.00225526661532 0.00141481867713 -0.000288798845717 -0.00154040213762 3.93727 3.9001 -1.44175983769 36.4131298869 -2.61897754643
-121.459 45.8839 -0.00167660663559 -0.00327932513457 0.004312162206 -0.000330898444574 4.04732 3.92823 7.43966667462 -47.3197079163 3.61259578559
-120.782 45.7664 -0.0055894071262 -0.00490509986324 0.0038576548243 0.00616094498081 3.68729 3.79979 11.1057714351 -103.981958571 7.20320283001
-119.928 45.8951 0.00493586087631 0.00377910352763 -0.0132289061134 -0.0168614097122 2.98573 3.06278 -44.6242487801 53.2855227053 -4.94650994763
-118.777 45.7971 0.00627609032994 0.00422289304667 -0.00410954811009 -0.00388496283161 3.91254 3.91109 -24.0510789361 86.7480609172 -7.37830243121
-117.909 45.7087 0.00263579992537 0.000822536083085 0.00285912841195 -0.00473257653121 4.38377 4.06719 -15.8776293591 28.1413208848 -2.69681969775
-117.228 45.9734 -0.00213643669991 -0.0029152428074 0.000649683571464 -0.00591524517021 4.24535 4.02586 -16.2229001784 -49.9165131072 3.29491890763
-116.155 45.8883 -0.00325986914516 -0.00742939298807 -0.00200069691102 -0.00252274911933 3.78825 3.78293 -31.8692234637 -110.794840609 4.99244139059
-115.255 45.7565 -0.00113314832734 -0.00276854904595 -0.00338184252941 -0.0179132501097 3.69738 3.70337 -22.5059297257 -41.2125631639 2.16291523002
-114.332 45.7893 -0.00466481188791 -0.00954298121841 0.00284959822579 -0.0083052068318 4.26257 4.45522 -18.6289697646 -145.80582121 8.62639808688
-113.37 45.8122 -0.0119829096616 -0.0135277054116 -0.0043595380946 0.000322711808913 3.28825 3.61811 -49.7805463556 -177.69882074 11.3705170285
-112.493 45.8409 0.00104654033613 0.00111670978061 0.0185707106254 -0.0177893435059 8.10132 9.80714 -17.2490079457 20.3598377899 -1.46706524224
-123.281 45.3153 0.00251588774618 -0.000460854342274 -0.0119109824782 0.00162832885746 3.13398 3.15957 -6.39327285414 16.5756546906 -1.71365781528
-122.478 45.2059 0.00512826407123 0.00191615288455 -0.00155695500687 0.00353742902514 3.5819 3.58545 8.50338387768 74.1144528375 -4.62797174843
-121.317 45.2422 0.000605861420687 -0.000871955498156 0.00593206702086 0.00256862146945 3.9031 3.75192 14.6935766792 1.07686250229 0.4411018955
-120.635 45.2357 -0.00502604162923 -0.00283209831737 -0.000792140362643 -0.00112072035086 3.91674 3.8513 8.59757608442 -80.3493535999 5.26704511158
-119.669 45.2664 -0.00403646717087 -0.00455232407626 0.00669201320283 -0.000616308621 4.03079 4.20444 7.88830914762 -83.3691805025 6.06410104502
-118.96 45.2904 0.00261002930165 0.00414036816103 -0.00586476062065 -0.0149629766503 3.10621 3.17923 -39.5151761062 61.1944408455 -3.02320156368
-117.78 45.2781 0.00624205938038 0.00842832947537 -0.00115996339279 -0.0078859877507 4.25294 4.36201 -20.9324838688 142.620214081 -9.21277188134
-117.12 45.2925 0.00105987244338 0.00290904419814 0.00154442322437 -0.00428737722974 3.94451 3.85435 -10.496126467 41.2975494112 -2.55495653596
-116.268 45.3997 -0.00180288340354 -0.00130174529982 -0.00227904742928 -0.00615065821093 3.82217 3.73193 -17.9136984674 -27.6612257226 2.20520217361
-114.233 45.0931 -0.000406288583758 -0.00204903138786 -0.00609929491143 -0.00677561433303 3.78869 3.67681 -19.7728565167 -27.4257477288 1.30530025973
-113.46 45.2432 -0.00391357795898 -0.00384542677669 -0.000884911698821 -0.00399663961166 3.76164 3.6696 -12.3266275217 -73.6458745512 5.41341386281
-112.489 45.166 -0.00341957468425 -0.00546634847789 -0.00408767331926 -0.0155689562428 4.0577 4.18408 -13.9981218364 -87.5700460383 5.88486126188
-124 44.6764 -0.00122963165553 -0.0019536482724 0.00736440049496 0.0115536326603 3.40997 3.44169 11.8054183243 -29.9800182099 2.30707935815
-123.292 44.6765 0.00162268127917 -0.000602413921155 -0.0083354112149 0.00638034946659 2.89041 2.92361 -3.381932429 8.58983978344 -0.831791096432
-122.186 44.6837 0.0049720966825 0.00178108350187 -0.000198453344026 0.00141952377933 3.78438 3.86689 4.87279457081 69.5289881116 -4.58242067482
-121.227 44.6473 0.000660629356663 0.000322979458717 0.00335096053679 -0.000875869598725 3.95407 3.89182 9.36080526657 10.1673497484 -0.647506241829
-120.335 44.7344 -0.00407476323124 -0.00261269624536 0.0011331883642 0.00155583198869 3.81438 3.82457 15.7675436042 -67.528693052 4.2602574464
-119.565 44.5913 -0.00358095683954 -0.00484037436764 0.00168637010298 0.00501776036863 3.45073 3.48789 18.5282946124 -74.2994874049 5.91833975274
-118.67 44.5191 -0.0040346730967 -0.00294732461176 0.00455831279409 0.0193521285232 3.15256 3.20991 23.7532042289 -66.6789450327 4.16561508885
-117.664 44.6653 -0.00174810703886 -0.00382082049593 -0.000217065479558 -0.00973437777079 4.54138 4.93518 -4.4540587286 -55.5108477889 3.84804742845
-116.747 44.589 0.00703708020196 0.00532542167389 0.00462349390916 0.00185945527017 4.09777 4.25338 -0.913053172621 120.549787844 -8.72761406324
-116.013 44.7035 0.00156616026608 0.00131965646377 -0.00272198552077 -0.00477468032627 3.81977 3.73189 -11.3423406739 27.2458739947 -2.04111886885
-114.855 44.5494 0.00100472906975 1.25297771294e-05 -0.00122270336075 -0.00405473579179 3.73853 3.67752 -17.2111371914 7.01898702615 -0.876120902304
-114.255 44.5642 -2.0675088601e-05 0.00184171940919 -0.00608928678055 -0.00213401235595 3.76934 3.74206 -20.8668311808 22.3269716677 -0.805760094012
-121.551 36.3887 -0.000886615599443 -0.00150476206596 0.00183530644808 0.00511165408966 3.76194 3.72121 1.02552061199 -22.0686475026 1.72064316492
-121.461 40.8161 -0.00012517670212 0.00036896354833 0.00440564337934 0.00174070587101 3.88669 3.81045 5.67820933844 1.72557209338 -0.216188887437
-119.023 36.6801 0.00131075431699 0.00106871732367 -0.00263161502182 0.00444509120803 3.72797 3.72699 0.196666622562 22.3970754273 -1.66495828053
-123.83 44.0035 -0.00137978587238 -0.00644376183606 -0.0056638523906 -0.00364484706647 3.61586 3.6124 -10.2209782865 -86.1643232598 4.76821107899
-123.278 43.9726 -0.00275559794004 -0.00860154029535 -4.88169697893e-05 -0.00127320648005 4.0829 4.20461 -9.54601150955 -121.427915453 7.20318044713
-122.411 43.7941 -0.00356889776319 -0.00490764836796 0.000594557475836 -0.00720396320432 4.56415 4.71003 -20.8177223174 -83.2926351678 5.26824537284
-121.268 44.1626 0.00255446290049 0.00271349872238 0.00385732726818 0.0029242275149 3.73805 3.7251 10.3970929169 50.9194156879 -3.68195001561
-120.211 43.9437 0.000345905067224 -0.000191441251062 0.00168725407552 0.00248007642749 3.6015 3.56088 8.30507688642 2.32576349881 -0.0485682571286
-119.504 44.082 -0.00355740119691 -0.00229639379165 -0.00120288085608 -0.00175547615861 3.70283 3.62583 4.67013552502 -58.3829099659 4.03444478444
-118.569 43.9104 -0.00800227397356 -0.00627724964308 -0.000831632584176 -0.00384335255204 3.91923 3.98584 4.93407004991 -140.503421448 9.90747586112
-117.741 43.9733 -0.00127030377405 0.000281921144978 0.00927959189529 -0.012563545733 5.03132 5.19863 -2.55630806738 -9.34394146154 0.719215548696
-116.803 44.086 0.00310433638769 0.00114310958935 0.0169804011783 0.0147888243263 3.62222 3.70528 26.4114464972 45.3489792412 -1.99288914674
-115.958 43.9121 0.00391534073982 0.00179707779631 0.00172220568123 0.00929699152944 3.61047 3.52214 3.96259531043 57.0869854073 -3.85746726641
-114.117 43.9146 -1.21762489439e-05 0.000881081919354 -0.0048488651186 0.000718937308411 3.80778 3.78304 -11.1668151942 9.50019210295 -0.515699612149
-123.575 43.3654 0.0015032614086 -0.00186413519496 -0.00300659810484 -0.00225607653508 3.81031 3.778 -4.36564640513 -6.1810031417 0.0690470642178
-122.965 43.3717 -0.00369438621486 -0.00231365343336 0.00425929456896 -0.00359764464651 4.18357 4.12939 -0.911110690981 -59.3626380302 4.26196051148
-122.109 43.2406 -0.00545648152679 -0.00264310639729 -0.00535735943971 -0.00442786421751 3.67231 3.70309 -10.8304778233 -73.6256295469 5.99251672891
-121.236 43.2843 0.00312351127347 0.00178793530175 -0.00992520327197 0.000736652005894 3.23261 3.27108 -1.8095814994 48.0565551739 -3.49102780352
-120.153 43.2515 0.00202337771103 -0.000293769487346 0.00965169615771 -0.000192578684436 3.75626 3.74178 24.0300919152 24.9592724682 -0.413883165901
-119.311 43.3736 -0.000325840745931 -0.00054865140944 0.00136009230837 0.00075392795243 3.8423 3.77833 11.1049474908 -7.8789686239 0.637747500524
-118.474 43.358 -0.00262882245366 -0.00233799454007 0.000623768683353 -0.00104975852134 3.77108 3.6826 4.09361908631 -48.3923618068 3.4750530636
-117.754 43.3471 -0.00588293351148 -0.00485628363279 -0.00575385683226 -0.00414121230574 3.65168 3.72737 -7.36677593881 -102.757458878 7.62837266842
-116.767 43.4275 0.00130428119158 -0.000105451348138 -0.00253050883219 0.0110870927862 3.24181 3.30368 4.55742125417 13.0893843111 -0.727046175672
-115.828 43.4151 0.00571485089158 0.00530837523111 -0.000498922239205 -0.00873728658903 4.11065 4.50895 -10.0045613862 104.741228703 -7.76397623073
-115.098 43.25 0.00239996211079 0.00288884453274 -0.00147856781437 0.0023084074183 3.70642 3.7881 -4.78557841341 50.8882014344 -3.72481084736
-114.174 43.3979 0.000135127454467 0.0010916284891 -0.0023247457047 0.00145969090924 3.78541 3.73857 -6.55321667793 12.2874053493 -0.823532027726
-124.469 42.8088 0.00051294568405 0.000266302972929 -0.00087039405417 0.00120770049921 3.75919 3.74421 -0.231917832286 7.73586423529 -0.551941319658
-121.731 42.6133 -0.00156114550709 -0.00552757912699 -0.00580305189493 -0.00206831025047 3.37746 3.4569 -10.5237462844 -75.1851156816 4.46947584234
-120.893 42.7258 0.00433033479861 0.000754804627298 -0.00831749336803 -0.00467831166635 3.49516 3.51891 -10.0391957756 43.7211377998 -3.94671391657
-120.251 42.7991 0.000928032533469 0.000178500641504 0.00623357670827 0.000931525491828 4.16055 4.11335 11.2292529836 12.1384052864 -0.649869296253
-119.247 42.6912 -0.000615086032559 -0.0012294948801 0.00254488859659 0.00278977693107 3.5229 3.50665 16.8727618255 -15.1274964866 1.37476831457
-118.486 42.7308 -0.00202558476378 -0.000679015057905 0.00156302654675 0.00141840686165 3.62757 3.6054 17.4446142553 -29.0705572419 1.49152357509
-117.725 42.6996 -0.00166208015407 -0.000687889955322 -0.00224336674072 0.00228413317237 3.58573 3.56241 7.55035721901 -23.9710756109 1.52320678414
-116.87 42.7779 -0.00474571890033 -0.00355658221507 0.00175468046851 0.00375651392457 3.65873 3.65245 8.31742330548 -80.7560128091 5.61464552897
-116.032 42.7713 -0.0164506385765 -0.0148545398812 -0.00283247799898 0.00171078399811 3.63477 4.243 5.44836980615 -299.858183975 21.760199571
-114.903 42.636 0.00821096498476 0.00756648315019 -0.00669498323734 0.000480157440983 3.44158 3.52326 -13.987963197 146.802383627 -11.0396987698
-114.084 42.6493 0.00231768567358 0.00114215838935 -0.000822832746998 -0.000768089846757 3.81174 3.73076 -9.59701860879 31.5199006912 -2.52280183265
-113.176 42.5452 0.000244397336996 0.0010349937913 -0.00147693528018 -0.00175228672027 3.85505 3.80974 -5.30692509757 12.3396194365 -0.88825618528
-123.602 42.156 0.00068894761763 0.00166521007497 0.00328580991446 0.00184541612901 3.88982 3.8646 4.57311114963 22.2958308064 -1.71926662813
-121.891 42.175 -0.00214527583756 -0.00580926224251 -0.00260541836766 0.00525127554863 3.41694 3.41221 1.47299751845 -76.3576526712 5.73150549615
-120.834 42.0472 -0.00134325329897 0.00156136502201 -0.000525911264235 0.00258647072427 3.53172 3.54619 -17.3125406471 9.82028715476 0.415320106576
-119.34 42.0187 0.000714768449965 -0.000229347840489 0.00300927639718 -0.000230962575949 3.75731 3.73653 7.04155868332 6.06351897667 -0.235846159378
-118.344 42.1901 -0.00263913285577 -0.0011392473368 0.000793975745177 0.00166799199481 3.53356 3.55267 15.2756306775 -39.1687249473 2.23329604004
-117.667 42.0192 -0.00251357519167 -0.00140816156533 0.000242366927472 0.000335828717865 3.56195 3.57837 12.8864456963 -39.2176383944 2.46933805537
-116.471 42.0773 -0.0031468817311 -0.00228654070566 -0.00160212899177 -0.00178505077146 3.88859 3.73177 3.98495952208 -52.6672796106 3.74426200172
-115.754 42.1669 -0.00700244428712 -0.00305380682653 0.0106443052511 -0.00165613555452 4.40806 4.46813 13.6156593134 -102.893119338 6.02028576547
-115.016 42.146 0.00875929563011 0.0109387291211 -0.00204290933442 -0.00358402787915 2.99911 3.18016 -32.8507430458 173.383505108 -11.3417842497
-113.944 42.0886 0.00337398386776 0.00388160135849 -0.00151932048122 -0.0054004780277 3.99631 3.95991 -10.1491071179 68.9072368971 -5.05569367482
-120.74 38.7552 0.00218494090285 8.8040573071e-05 5.55733802027e-05 -0.00163542312893 3.9164 3.75502 -2.56771181151 21.8302467461 -1.59983787346
-124.122 41.8473 0.0014465020709 0.00135429264362 0.000126163921231 0.00188503551655 3.63712 3.64358 4.42003100052 27.6378604982 -1.96750596757
-122.854 41.392 0.00241715690387 0.00150310238524 0.00139312687557 0.00251697008781 3.7487 3.61801 4.86876973864 39.1368787653 -2.68982023314
-122.122 41.2742 2.84261066206e-05 0.00082195593177 0.00316182302786 0.00082785860894 3.82247 3.63403 4.40123926163 7.48142283408 -0.654634420413
-121.839 41.7826 -0.00200099604947 -0.00139322651224 -0.000583352569092 -0.0039065827928 3.80635 3.77445 -1.36010270161 -33.1779002667 2.40121020719
-121.146 41.3593 -0.0042896508239 -0.00338808707135 -0.00265936894609 -0.00261608816848 3.68948 3.60617 -7.77156828233 -73.3096942985 5.46604385179
-120.477 41.2047 -0.000659556228531 -0.00241335385847 -0.00382391720646 -0.00204101837246 3.30453 3.21727 -23.107962253 -33.9138549166 1.57628138439
-119.171 41.3884 0.00144977860473 0.000266738150333 0.00117371491417 0.00356176475526 3.5125 3.49154 5.99903816079 18.0193613127 -1.08228111783
-118.379 41.4483 -0.00136746939873 -0.00208720332585 0.00209095662288 0.000722344169954 3.78739 3.78073 11.4974221161 -30.5994753432 2.4935447231
-117.45 41.423 -0.00232053513606 -0.00159096613972 0.000232682479659 -0.000209771021479 3.71921 3.715 12.6124117521 -37.9959559839 2.53134088755
-116.54 41.522 -0.00365523814613 -0.00118190329407 -0.000379345109058 -0.000726536875254 3.63163 3.62614 12.6629753119 -50.8573237515 2.82337982284
-115.791 41.4311 -0.00602978807732 -0.00477778876237 0.000681264941157 0.000738919629069 3.61626 3.66139 15.586662294 -101.20240643 6.94819510578
-114.915 41.4157 -0.00979260402206 -0.00607824359781 0.0060133331102 0.0166428828632 3.12413 3.28176 24.1187473791 -149.64885604 8.72353252588
-114.165 41.3602 0.000619054117041 -0.00196902175627 -0.0113947569072 -0.00303068380723 3.62789 3.59068 -11.0723980536 -15.7546385608 0.714759564746
-113.347 41.503 0.00634292884987 0.00491119849412 -0.00369140835602 -0.00733890492771 3.86401 3.86201 -15.2862568794 101.388253387 -8.00215198372
-112.448 41.4632 0.000365429190112 0.0031055808673 -0.00402943291285 -0.00479784169079 3.75396 3.65079 -7.43944905841 33.9388020495 -2.34537142771
-123.306 40.822 0.00409005232006 0.00186676538519 -0.00331046033695 -0.00364575988032 3.71937 3.76853 9.24015108535 61.2734926948 -3.85572115291
-119.835 40.7484 0.00208993284709 0.000678803116879 -0.0026226414666 -0.00108243110467 3.1748 3.18783 -21.3566576155 20.7712327146 -2.17646845083
-118.971 40.7797 0.00309020592583 0.000633391400318 0.0021417716985 -0.00255903045383 4.14221 4.12046 -0.807675026188 36.4531498049 -2.5802429813
-118.134 40.7811 -0.00169486924339 -0.00229746695731 0.0018525457108 0.00124053830955 3.8624 3.77502 7.12366879765 -36.6580638922 2.85424924098
-117.524 40.852 -0.00337289600267 -0.00261488652041 -0.00154967883926 0.000920260647371 3.62838 3.63848 9.20720633149 -57.4399805971 4.02698485996
-116.508 40.7186 -0.00240670855251 -0.00258678671087 0.000883721710276 0.00206242698842 3.45564 3.50314 15.2639645413 -44.4464494324 3.38801689501
-115.736 40.8167 -0.00332621353997 -0.00181083364584 0.000511844804648 0.000150765703569 3.68637 3.64532 10.3853504594 -50.7165804714 3.26951335964
-115.039 40.8522 -0.0102891591863 -0.00451426653557 0.00134795713364 -0.00645532395481 4.03036 4.22049 6.37775395493 -147.333446213 9.59186345125
-114.204 40.8556 0.00066593289431 0.00760895420128 0.0011845475046 -0.0295349264054 5.92964 6.87543 -43.6982903527 101.760523288 -1.36143163466
-113.187 40.8513 0.00578833396569 0.00746139105459 -0.00748511536565 0.00684646092887 3.31875 3.41385 -4.81874755788 124.430701205 -9.35785345336
-112.52 40.8903 0.000221078568761 0.0113346658623 0.000327493948082 0.00603935555608 3.63734 3.75317 -1.67786791675 102.869572564 -8.5488025181
-123.82 40.1398 -0.000364770331598 -0.00153463010331 0.000230932837365 0.00124373921752 3.69555 3.71491 2.22252260861 -17.7878692312 1.39299722728
-122.788 40.1767 -0.000416702865958 0.000268506786793 -0.00191595592596 0.00253966594856 3.57099 3.57289 4.01747689216 -2.09663271078 0.0561289846404
-122.032 39.9971 0.000622907157946 0.00183892750123 -0.000895566129189 0.00303249459917 3.63909 3.64576 12.3805657021 20.1803797532 -1.89959598125
-121.086 40.32 -0.000261590083059 0.00230240923567 0.00761869230068 0.00306046084849 3.85152 3.82574 9.60310347217 14.2921706501 -1.78062494345
-120.918 39.962 -0.00134575372656 0.00194858919627 0.0101005695948 0.00450393058036 3.31767 3.33664 18.8180882662 -6.01670672708 -1.23674594049
-119.827 40.165 0.000865662802278 0.000861180531637 -0.00674392986659 -0.00776726133142 3.44545 3.47383 -21.393613444 15.6803014658 -1.15642307988
-118.877 40.1614 0.00347871590243 0.00324992632123 -0.00166458248129 -0.00354726586544 3.7289 3.65966 -9.83225352577 63.6142620277 -4.74184636608
-118.155 40.2903 0.000623816049926 0.00050882462435 0.000903107597208 -0.00133623038058 3.9083 3.77048 -0.202696485512 10.8506810877 -0.796067516957
-117.19 40.1697 -0.00160873577698 -0.00225933566718 -0.001711642141 0.00028525674521 3.7298 3.66969 1.51140435143 -36.0945614749 2.76406412533
-116.5 40.2917 -0.00373347772228 -0.00420881006048 0.00127384290089 0.00156416267071 3.61503 3.64151 12.4781769152 -71.1499017776 5.49253771845
-115.657 40.1313 -0.00433629775237 -0.003489174255 0.00308967875562 0.00275453517659 3.45189 3.47739 22.835363383 -69.5930928854 4.67889164625
-114.745 40.2679 -0.00386227561068 -0.00251224624488 0.00245307101131 0.00473780197256 3.56255 3.61688 11.8049997731 -61.1576065077 4.076644291
-113.981 40.1314 -0.00597000701652 -0.00512903056355 -0.00293034060618 0.0158603041481 2.94728 3.05038 6.8208137844 -103.553609713 7.58602940752
-123.338 39.469 -0.000805704236936 -0.000741841649162 0.00014290009504 0.00101039841431 3.76344 3.77717 1.1591865086 -15.0373638914 1.0903828073
-120.608 39.3028 -0.000770187358908 -0.00249851599017 0.00534846861044 0.00454132142323 3.66923 3.67627 8.72176489054 -27.4495540525 2.50707210356
-119.898 39.6785 -0.00295276424656 -0.00170865348161 -0.00210818481254 0.00709268896818 3.25485 3.32612 5.7246728956 -45.9189543382 3.13161873026
-118.889 39.5399 0.00460003409137 0.00980156139198 -0.000409765662947 0.00496529880825 3.39862 3.51702 -6.11736698848 139.711686219 -9.97176961897
-118.08 39.6946 0.00378645601719 0.00364949309808 -0.000819477200291 -0.000706273578693 3.74403 3.72132 -2.98150766096 70.6960882079 -5.25756551078
-117.14 39.5516 0.00173541583023 0.00088134261877 -0.00038131660956 -0.00257076555666 3.83547 3.77942 -1.98775784767 24.9664255663 -1.83317524289
-116.464 39.6202 -0.00183611118408 -0.00149531091739 -0.00136460675339 -0.00281444762321 3.87766 3.74562 -1.15541239206 -31.552073765 2.34249866001
-115.754 39.553 -0.00523878502623 -0.00415346816087 0.00109158925052 -0.000541368058347 3.91023 3.92272 5.18835146277 -88.8318791652 6.4346744154
-114.908 39.4731 -0.00443015468217 -0.0076065411065 0.0017712262846 0.00250263218031 3.26892 3.34047 17.9242570986 -93.1704725431 8.72939431752
-122.015 38.6333 0.00146799363759 0.000795060500319 -0.00733815558709 -0.0107166879593 3.80422 3.82821 -20.8541481459 18.6133399821 -1.66871238458
-121.377 38.839 0.00391551573157 0.000465985109415 -0.00058755605585 -0.00440624017111 3.74749 3.69887 -7.27754823292 39.2186983343 -3.28491667104
-118.808 38.9383 -0.00273441672829 -0.00426951106221 -0.00923794914497 -0.00832971679597 3.40896 3.49846 -22.0547837868 -67.6368379652 4.3409730546
-117.932 38.8606 0.00459698119231 0.00105320191506 0.00195216733392 0.00528363689408 3.42374 3.5099 8.26935672072 59.1458146059 -3.39525879949
-117.182 38.834 0.00535663402044 0.00264891584012 0.0012332116173 0.00113519216501 3.77419 3.79427 7.14911582322 78.8839008941 -5.19350143566
-116.4 38.8247 0.00249710748977 0.000951226866731 6.02691704817e-05 -0.000761383838431 3.89344 3.77812 2.09110887124 33.7368277972 -2.30759885055
-115.654 38.8455 -0.000796782120426 -0.00138972140388 -0.000364728787 -0.00280355158878 3.97663 3.82017 -0.855543195824 -20.0983497316 1.56822674403
-114.83 39.04 -0.00362004862686 -0.00665707218014 0.00020989961293 -0.00266923096056 3.97745 4.01262 -0.746985796676 -93.9421656406 7.39001958766
-120.936 38.2571 0.0024013761829 0.00323179362364 -0.00270547714571 -0.00705753895184 4.03371 4.20379 -13.8867358412 54.267295667 -3.80077760499
-120.076 38.7028 -0.00063058761176 -0.00107458548168 0.00221062566344 -0.0010396560549 3.95169 3.9019 0.280884075882 -15.9767818109 1.22195667197
-119.451 38.5226 -0.00269835140086 -0.00220424950207 -0.0011130484414 -0.00163837373381 3.79296 3.83956 -4.65876809577 -46.4196206087 3.4739956864
-119.047 38.089 -0.00137496513572 -0.00153158929698 -0.00202738810836 -0.00297150455942 3.65618 3.67509 -7.61921948574 -27.5082275093 2.04230690913
-118.106 38.3489 -0.00230193238679 -0.00302427071676 -0.00447407210861 -0.00430244989191 3.56995 3.67966 -17.1687167401 -50.4267828625 3.5444145933
-117.072 38.2397 0.00243897419717 0.000539355240049 0.00251401101903 0.00448386023098 3.59469 3.74689 7.80872929856 31.0052242882 -1.7846191584
-116.302 38.2886 0.0028992409979 0.00184808557217 0.00133342739068 0.0012152428251 3.83698 3.86342 8.14767483478 45.4714920377 -3.11863033944
-115.585 38.3489 0.000490926160187 0.000769842448917 0.000236723264186 0.000110328011568 3.81205 3.84876 3.9673411014 11.2510767472 -0.910767207347
-114.608 38.3281 -0.00199699253676 -0.00134385884776 0.000113492614143 -0.00217958099512 3.91581 3.86521 -0.414317422074 -31.3932572642 2.3206859175
-113.021 38.2987 -0.00294732327366 -0.000511365390583 -0.00538834977141 -0.00676170259946 3.79503 3.7939 -13.2501661236 -28.4504451472 2.66192189531
-121.328 37.5049 0.00165175437277 0.00182100044152 0.0229960804858 0.0268852731394 3.70149 3.72749 7.45704248126 32.1639547814 -2.4353438233
-120.33 37.346 0.0034932086413 0.00471453658715 0.0143488894942 0.0108808025939 3.81067 3.85369 3.9237188593 75.5014791322 -5.86672791357
-119.849 37.8817 0.00129483559888 0.00143783668525 -0.00574248066523 -0.0113763573473 3.86509 3.83304 -2.62382547083 25.863659643 -1.9335341299
-118.171 37.4993 -0.000284932137014 -0.000609939876342 -0.00530841390679 -0.00478514368011 3.60792 3.56418 -14.0506912854 -8.79726597862 0.583134303195
-117.225 37.7243 -0.000371865076858 -0.000956469338965 -0.00180770468729 -0.00564237763764 3.77169 3.7552 -10.6863790913 -12.9652848159 0.886635853941
-116.595 37.923 0.00186914662155 0.000676449580006 0.00275341439221 0.00287675232445 3.84184 3.86767 7.97834921821 25.6076633062 -1.57921027502
-115.747 37.6444 0.00182087805525 0.00140496943727 0.000723351016675 0.00340874162815 3.61606 3.58153 8.98080427347 30.0378839487 -2.14745105805
-114.849 37.6083 0.000153637423981 0.00070078400124 0.00185238075968 0.00184858921772 3.72819 3.73763 9.01257940684 6.45391357388 -0.679556066283
-113.86 37.5808 -0.0021965324902 -0.000909756082719 0.00205576912929 -0.000726051473548 3.99478 4.01023 4.4265528778 -30.1949186636 2.01295016723
-113.168 37.7601 -0.00402733062645 -0.00382593980099 -0.00383231017417 -0.00486690957009 3.88735 4.00191 -8.79865010195 -71.9677649782 5.55166762913
-121.786 39.2291 0.00101652136268 0.000657610880646 -0.00415262220861 -0.00231223333431 3.84896 3.87449 -7.22858656136 15.7734416137 -1.20102099988
-120.674 36.8953 0.000827557874638 0.00256268178767 0.040871047445 0.0376698907281 3.70136 3.78892 11.8693856918 26.4964609367 -2.63774916344
-119.709 37.0069 0.00342837267243 0.00380882330453 0.00935166538262 0.00343488433179 3.84985 3.90903 2.05171670761 67.4185350447 -5.11818688563
-115.22 37.2408 0.000959025561484 0.00073568506819 0.00305074442233 0.00301960180827 3.6158 3.60529 10.5582907124 15.6506216991 -1.11257680856
-114.715 36.7256 0.000126446953852 -0.00105776644753 0.00207150823443 0.00237866420729 3.54612 3.55532 9.93057572029 -5.4125692766 0.854847968406
-113.907 37.0195 -0.0011823717623 -0.000448466104819 0.00255252411822 0.0019990278079 3.56362 3.53411 10.8688659071 -16.2574039779 0.96180572219
-113.084 37.0615 -0.0028561910213 -0.00116783028452 -0.00103024612357 0.00153383779638 3.62992 3.5828 3.35851745814 -38.774242025 2.6244003054
-112.382 37.0183 -0.00085924302734 -0.000817980929961 -0.00276052940493 -0.000603321047553 3.6197 3.61928 -3.07757207833 -15.2940331544 1.18319963856
-120.783 36.3627 -0.00730750123693 -0.00237042660313 0.00759965419381 0.0109564412149 3.74944 3.85375 2.78007367076 -95.9051068357 6.39939241795
-116.33 36.4193 0.000409208783103 -0.000824624593998 -0.00301005991937 -0.00441275702882 3.76332 3.76871 -5.25547097831 -3.90846567332 0.288416455682
-115.383 36.423 0.000542649820079 -0.000811569782531 -0.00247116852964 -0.00163791402807 3.72812 3.72136 -4.18106836342 -2.26092800255 0.206537313334
-114.539 36.4321 0.000343395840002 -0.00136051546241 0.00100728110047 0.00189397542625 3.87984 3.85581 5.58057356063 -6.18106084487 0.935448124208
-113.965 36.4151 -0.00122614835813 -0.000396886300834 0.00248600616394 0.00245631507842 3.72214 3.70803 10.9086709327 -16.3839953165 0.934312431651
-113.18 36.4182 -0.00195785925797 -0.00185821185734 0.00170913423113 0.00129692426424 3.57094 3.57433 8.61022099585 -33.9126085805 2.59613414512
-121.236 36.0214 -0.00161360429027 -0.000888443966249 0.00339152893024 -0.00096018444437 3.84307 3.8138 0.422679304454 -24.0106527247 1.72661133337
-120.87 35.636 -0.000749856918216 -0.000849486676474 0.00735196948075 -0.00142138905947 3.88642 3.88506 1.02870150238 -14.8651188189 1.13271206047
-119.903 35.8667 -0.000437742813067 -0.00485442981481 0.0166801357107 -0.00120048364147 3.97417 4.0051 2.69664822935 -44.2083123504 4.08918940053
-115.43 35.8384 0.000571421836079 4.77894289e-05 -0.00396956126784 -0.00264945478369 3.77493 3.76725 -6.19268965588 5.60576294888 -0.443316501011
-114.851 35.7266 0.00027292298307 0.000452310423667 -0.00190818240975 -0.0023858554284 3.9062 3.88778 -4.47113123293 6.59665483739 -0.515076013755
-114.87 35.301 0.000325320788578 0.000620614563657 -0.00242194643464 -0.000296368245553 3.86305 3.86583 -3.47618422029 8.51278111672 -0.676341715376
-113.885 35.099 0.000514299795256 -0.000879412218393 0.000115554115542 -0.00186370715833 3.89513 3.8794 -0.958297852551 -2.18928129526 0.343530319855
-113.083 35.2127 -0.000808734051222 -0.000770454035667 0.00113401220418 0.000170508174142 3.81338 3.80124 2.06960206591 -14.1723851721 1.10124211169
-112.267 35.1787 -0.00108504338679 -0.0010173498227 -0.00051883912993 0.00166973589893 3.63458 3.6363 2.26811938563 -18.7997233488 1.46237007551
-113.83 34.5935 -2.76743243341e-05 0.000235695725354 -0.000768569364885 -0.00101673283062 3.84796 3.83296 -1.53522830413 1.68091593508 -0.161590755089
-112.237 34.4866 -0.000157209867988 -0.000635632428116 -0.000638518758052 0.000799556017568 3.70306 3.69945 0.305054180117 -6.53423039522 0.597285438482
