-113.767 32.7683 -0.00546360223675 -0.00173686352367 -0.00155713218353 0.00523434926619 4.32805 4.358 2.53461224106 69.8712044881 -2.72348463064
-112.883 32.7513 0.000329337966102 0.00109877560017 0.0267386734255 3.98804381937e-05 3.46291 3.46252 -16.7062537845 -10.1303113709 1.11972825183
-112.228 32.7006 0.00186473470399 0.000117610462125 0.0161890208205 -0.00213497082848 3.3851 3.3938 -10.9858773607 -21.7121485887 0.835292497613
-111.704 32.5618 0.00280797291446 -0.00328849852712 0.00285980562508 0.00011127085199 3.77071 3.79024 -1.35291764068 -24.7357965925 -2.58001870629
-110.739 32.5716 -0.00698924617925 0.00245613353874 -0.0144455253359 -0.0134058715855 3.03128 3.03951 -341.717225652 89.6135391146 3.35740593275
-109.97 32.6399 0.000228259299606 0.00732968038303 0.00833018978993 0.00689516219644 4.52168 4.52834 -11.3444478617 -35.6510491971 6.90872531585
-109.303 32.7663 0.00119923766852 0.00438728789708 0.0127977273232 0.00209815498573 3.74049 3.74788 -13.5656090716 -34.8381471037 4.50696486246
-108.633 32.5466 -0.000472020730511 -0.000888462833435 0.0101297197174 0.00628371788949 4.10076 4.07569 -12.6886477098 9.48783013394 -0.999776861207
-107.785 32.5324 0.000777520046895 0.000957766711553 -0.00782985470384 -0.00845528675741 3.16947 3.16609 -351.477283877 -9.56771337805 0.952647581106
-107.001 32.6995 0.000884958744589 -0.00337705470501 -0.00535782939397 -0.00368824272908 3.40935 3.41864 4.78379245437 -9.0066131189 -3.33210587317
-105.454 32.7001 -9.131995006e-05 -0.00124295044067 -0.0153385126309 -0.0092028396507 3.3213 3.33265 -349.380965641 -0.0829137857917 -1.23192421138
-104.657 32.6588 -0.000491909872554 0.0012030436159 -0.0198743113472 -0.000941051279696 3.67116 3.6802 -342.791269497 9.03914162768 1.27818801315
-104.02 32.6462 0.000987223496049 0.00157415561689 -0.0126197091413 0.000179857306785 3.7888 3.80266 -345.763167321 -8.92074928726 1.39223359221
-111.457 32.0022 -0.00220873233453 4.69069018e-05 0.00405699918613 0.0012915796698 3.79317 3.79724 -2.89227164272 26.414538606 -0.498158192434
-110.816 31.7748 0.000481938791208 -0.00197156523098 -0.0017178309829 0.00150833698254 3.93139 3.92311 1.98857878257 -2.15868446487 -1.87418643514
-110.046 31.9737 -0.00810478078674 -0.00627354798275 -0.0143625433499 0.000308518651883 3.96384 4.00629 -347.253927549 97.1219996062 -5.89883700969
-109.259 31.9989 0.00429715470412 0.00121557448086 -0.000754662333502 -0.00157563330636 3.59501 3.60056 -2.94278350272 -55.4715705269 2.11009133417
-108.527 31.9041 -0.00450621045946 0.00338685204887 0.0111491335534 0.00198344566312 3.64897 3.63702 -13.7845404134 35.6173436345 1.39377003148
-107.778 32.0094 0.00208247861745 -0.000253443740492 -0.0105089033052 0.00191286653888 3.90597 3.90687 -351.020225715 -25.9967652477 -0.28281331264
-107.101 32.1046 0.00013591472993 0.000602932846022 -0.00707896593618 -0.00770268044342 3.2967 3.27837 6.53763855778 -1.82959541064 0.605296860229
-105.523 32.076 0.0027451170208 -0.00449247935252 0.00820868906016 0.00191663351769 3.74614 3.75702 -5.73847068922 -21.9288570785 -3.82770272832
-109.991 31.439 -0.00494341697713 0.000314400016022 -0.00648224093402 -0.000407955883476 3.84116 3.85719 5.62086816847 61.2563827169 -0.0753874727923
-109.281 31.3757 0.0052044347609 0.0036063458065 -0.00521347960974 -0.000117810675837 3.67701 3.68514 1.44941749315 -70.8027511033 4.30129379729
-108.528 31.3369 -0.000623784084596 0.00270468131659 0.015913973218 -0.00871660152127 3.09089 3.08692 -10.8116738706 -4.05157103607 2.33666092176
-105.483 31.4425 -0.00438797866053 0.000527388367342 0.00711249344093 -0.000402719599168 3.70237 3.73335 -5.75107168454 52.5197509061 -0.391921027156
-104.971 31.3711 0.00813941473071 -0.00369817088124 0.00204019293948 -0.00115260947224 3.51735 3.538 4.95400630303 -101.628683936 -3.58588260752
-103.979 31.3165 0.00281956560964 -0.00109563303889 -0.0125527310139 -0.00240774755902 3.40938 3.39719 -339.659212888 -37.8628596043 -1.80812989643
-103.492 31.3691 0.00105418690636 -0.000262905533782 -0.0063003860112 -0.00178622100715 3.67221 3.66239 -351.555348547 -13.458615069 -0.335957487987
-104.986 30.7862 0.00125613209521 -0.00122837639988 -0.00379600636386 -0.0020520170222 3.7456 3.74662 -353.674401348 -16.0119625409 -1.24028203517
-104.029 30.6689 0.00109902857851 0.00254777101792 -0.00439381430785 0.00160866035084 3.63502 3.62484 -349.322064296 -10.6103201421 2.42505575675
-103.402 30.8498 0.000199488685413 0.00129224886786 -0.00348108517809 -0.00160938109976 3.26669 3.26555 -351.937034088 -1.46466294847 1.27673131045
-102.685 30.7263 0.000427258605182 -0.000489162887438 -0.00103278207524 -0.00477006246106 3.418 3.41757 2.1032809875 -5.22796925301 -0.476767547044
-104.09 30.0609 0.00268428549086 -0.00409673668639 -0.00748083707913 -0.00174800282988 3.02816 3.04534 -343.628987999 -43.7307011341 -4.54511363796
-103.612 30.1456 0.00424836383478 0.0011237837354 -0.00185650443997 -0.00639753147433 3.298 3.30617 -352.879822064 -53.3229714068 0.934766953093
-102.788 30.1615 -0.000358563801051 -0.000735037525335 -0.00246793268059 -0.000871645472119 3.53562 3.53417 -355.535313234 4.45884457936 -0.731135725282
-104.133 29.554 -0.00150647871909 -0.00194282081676 -0.00584386110898 0.00235633220528 3.87598 3.86226 4.64572682569 19.4282695226 -1.95402702969
-102.888 29.4862 0.00139751875439 0.00158528644715 -0.0068978852332 -0.00228473552956 3.54844 3.54757 -352.931829361 -16.7491381422 1.50715339743
-122.085 48.9983 -0.00691991666152 -0.000332130856464 0.0138024577218 -0.00100774087447 3.45992 3.47058 -8.68934609675 64.996131886 -3.51796076346
-121.48 49.0983 0.00561192814207 -0.000996899541217 0.0090139789957 0.000700839114784 3.69688 3.72025 -7.98564751329 -47.3567609948 1.62013640636
-119.272 48.9534 -0.00322586925708 0.00304741896687 0.0159870387463 0.00573115822781 3.58093 3.60477 -15.4050017059 11.4774120982 0.855156221762
-118.585 48.9752 0.000157112202496 -0.000336233103034 0.0127478461731 0.0019762763801 3.64013 3.66181 -8.82209952764 0.00572743919812 -0.237685597653
-117.559 48.9813 0.00106925959435 0.000903003932986 0.00750138370555 0.00114788024364 3.7721 3.78746 -6.20996688129 -13.8754113579 1.23435374038
-116.363 48.958 -0.00468427720888 0.00138122770737 0.00209246653324 0.0162537202912 4.89611 4.98998 -4.45428888829 41.7040730024 -0.218077821748
-115.653 48.9339 0.00305201067547 -0.00017347200954 0.0164591573097 -0.00123854176272 3.38755 3.41154 -13.6240546243 -27.5423772129 1.25972086618
-114.413 48.933 -0.00241594622724 -0.000948080207683 0.000415812404798 -0.00173078401333 3.62439 3.63198 -1.9457157132 27.1136723045 -1.53795801437
-113.422 48.9725 0.00774137166861 -0.00136305895898 -0.025397398616 -0.00274307414229 3.6773 3.6508 -337.679227308 -82.7419594441 -2.70605571564
-112.733 48.9777 -0.00442159174685 -0.000797124177217 -0.00759028484038 -0.00482162176624 3.59526 3.57174 -348.190671676 46.5578722416 -0.782045826945
-111.597 48.9482 0.00046765037189 -0.000887060333292 -0.0127491929927 0.00185368329251 3.94181 3.9317 9.24462013831 -4.69749394293 -0.874930793324
-110.699 48.9448 0.00144268281135 0.000170857079198 -0.00640372091552 0.00577161179761 4.19758 4.19586 4.46339381896 -15.3485937538 0.308484414322
-109.846 48.9198 0.00478998437144 -6.32019247409e-05 0.00613994801992 -0.000424515811258 3.68788 3.68362 -5.45880468113 -48.8443281731 1.15726853111
-121.484 48.5183 -0.000407911170554 0.000455140768018 0.00218187304181 0.000676592133536 3.79921 3.79959 -2.54676416968 2.25125711715 0.277181931638
-120.12 48.4607 -0.00199885999758 -0.000280270053671 0.0119549441194 0.000863649797793 3.5018 3.5001 -11.6423819816 19.6758105073 -1.21923831111
-119.333 48.3584 -0.0017288183533 -0.00388723674761 -0.00427804637988 0.00409588743908 4.20571 4.21011 1.59229601419 28.2495679827 -4.20591677788
-118.149 48.4226 -0.00370463578864 -0.00399334262489 -0.000423187642192 -0.00938103822694 3.28667 3.29124 1.0090002928 48.41279504 -4.81445866216
-117.225 48.2995 0.00481145017278 -0.00625907075719 -0.0152947118454 0.0060916816905 4.47573 4.47255 12.0537321962 -46.9398982446 -5.98223368437
-116.367 48.4366 -3.62435620048e-05 -0.00159888496112 -0.00667321983716 -0.00377369052511 3.62528 3.62702 5.90615051898 2.90832837066 -1.58617851939
-113.273 48.3609 -0.00609587307688 -0.00147728259436 0.00789605959695 0.00172211807793 3.8668 3.89697 -9.54245084994 65.8128370789 -3.61789177269
-112.562 48.3129 -0.000831486512245 0.00344335095918 -0.0210266391655 -0.00756633820494 3.24631 3.27553 -341.819627733 13.0210451004 3.51678876583
-111.707 48.4128 0.000785158015448 0.00462976313842 0.00818589626951 0.00367404515335 3.89708 3.90897 -6.70161450065 -22.717914084 4.65163438327
-110.799 48.2921 0.00297148972473 0.0018152148881 -0.00333760054276 -0.00648518940111 3.39187 3.39625 4.61720683706 -33.2991751538 2.08888211799
-109.777 48.3943 0.00370713426614 0.00340982656469 -0.00443455500135 -0.000785210433956 3.72748 3.73491 3.8011396696 -42.6956997547 3.74520391907
-120.894 47.923 0.000311808000893 0.00174765174814 0.0076077262116 0.00169414653137 3.6613 3.64857 -8.06325273757 -11.0409089473 1.70553468347
-120.061 47.6902 -0.0023075741624 -0.00280791607766 0.00382502668423 0.000562911600784 3.71812 3.70965 -4.4490337906 33.6198747131 -3.46710837468
-119.045 47.7849 -0.00278557797662 0.00162127798385 -0.0107845961063 -0.00152565969943 3.98236 3.98508 8.08932180665 26.4973629775 1.1858957725
-118.274 47.8006 0.00275463355355 -0.000490187557295 -0.00134424122951 0.000510944876359 3.78406 3.78535 -0.927800723606 -26.3146630411 0.337277237614
-117.308 47.8192 0.00444881072874 0.00322667684946 -0.00902226113976 0.0069762143304 4.58758 4.56251 7.29765794873 -51.3833279479 3.81555815026
-116.256 47.8397 -0.00304194693395 -0.00276065353347 -0.00129409407824 -0.0150847392212 3.22334 3.21476 2.53519395928 37.6031132299 -3.3301322162
-115.475 47.7092 -0.00619913828801 -0.00302774536917 -0.00616685545765 0.00089771453951 3.8797 3.90571 2.65252831822 70.886773144 -4.17382976234
-114.574 47.6795 0.00625275300767 0.000670512217765 -0.0175901906778 -0.00706533104603 3.57109 3.58947 12.654800687 -66.6361735733 0.721693412967
-113.747 47.7687 0.000171061669888 -0.000378497096696 0.00464657403407 -0.0023912242933 3.7069 3.7061 -1.50074985963 -0.795947430925 -0.326064870382
-112.607 47.775 0.000383623441828 -0.00178949933624 0.000772139529457 0.00832135539355 4.34052 4.36222 -2.34436035708 0.606424918363 -1.64522828846
-110.763 47.6327 -0.000234876541946 0.00173398339042 0.00330237112593 0.00548687968519 4.05884 4.07084 -2.98970161584 -1.73721785654 1.63635226813
-122.803 47.1109 -0.00375932367675 0.000651492114515 0.0109380389521 -0.00612290103525 3.31031 3.31606 -6.38893611503 32.5520830292 -1.06740535549
-121.989 47.1881 -0.000504531075058 -0.00173461493147 0.000794140879566 -0.00569397582133 3.47537 3.48294 1.09255893945 10.7006896513 -1.80567057276
-120.844 47.1935 0.00116345634453 0.00527150556017 -0.0066926259733 0.00713452015395 4.4745 4.47373 3.98080111103 -25.564546232 5.39594882475
-119.973 47.1936 0.000143926154759 0.000491521049327 0.0109621472976 0.00440527160432 3.73115 3.71158 -9.29154884795 -3.70469191057 0.503707703359
-118.921 47.0573 0.000659884836732 0.000535317996239 0.00697903262713 0.00117230297262 3.85643 3.85582 -3.80821157798 -8.5604372794 0.731981429727
-118.309 47.0615 -0.00109018895609 -0.000186434715179 -0.00426179619889 -0.000206627612884 3.89356 3.89592 2.92985784779 11.7500300962 -0.430528155269
-117.276 47.0547 -0.000363306197339 -0.00206049938149 -0.00650691330099 0.00252791724944 4.22317 4.23807 3.46614780295 8.30258618007 -2.09120058289
-116.335 47.0477 0.00522383301982 -0.000376877963325 -0.012832718477 -0.00347569052309 3.65724 3.64132 13.1436502982 -55.6983588967 -0.248008227623
-115.353 47.0528 -0.00276579125665 0.00158463289317 -0.00274873504112 -0.000797220824991 3.84517 3.84164 4.78710626506 26.590394005 1.13350390098
-113.506 47.0816 0.00188900922997 -0.00341268920708 0.000823462287806 0.0104660907777 4.70781 4.71893 -5.15281668214 -8.3696537344 -2.69011605143
-112.52 47.0418 0.000612879791705 0.000484265020477 -0.00895433704606 -0.00339109963551 3.66253 3.65544 6.66356210019 -7.00265234708 0.534034560572
-111.549 47.0308 -0.000415303560812 0.00481335754718 -0.0136053026315 -0.00879720838094 3.37853 3.38644 -347.179333273 6.38994149302 4.82544955054
-110.687 47.1523 -0.00195133790231 0.00214511025539 -0.00668590195499 -0.00273739784584 3.6868 3.69698 6.71086397408 19.6482074048 2.02990833652
-109.802 47.1961 0.00679552338781 -0.000147288400201 0.00271004758103 1.08116836226e-05 3.73713 3.75405 -3.05022467744 -71.1661624005 1.30621657951
-123.563 46.5459 -0.000570662226768 -0.000786660104419 0.00299284681749 0.00177377781206 3.79903 3.79821 -3.46607550562 8.87422471045 -0.949936132689
-120.979 46.5433 -0.00509529501042 -0.0021417313536 0.00506810123863 0.00342530035129 3.90273 3.94116 -5.2586304226 58.7966026313 -3.99768151749
-119.855 46.5585 -0.000501860711236 0.00266263315758 0.00405487944014 -0.00526226192677 3.38242 3.39167 -1.24962500562 -3.99786062842 2.36284736739
-119.06 46.4911 -0.000917763182159 0.000516346501656 0.00947856933334 -0.00109912180761 3.57008 3.57015 -5.23483134119 7.03012772982 0.135242710217
-118.146 46.5139 0.00161844612731 0.00104128617223 0.0024997080066 -0.00156888810545 3.74677 3.75089 -1.50660419839 -19.879177691 1.48033957154
-117.11 46.485 -0.0028982747755 0.003341112173 0.00791423955487 0.00474153763775 4.15148 4.14784 -11.8107863638 11.4302919763 1.66089263222
-116.209 46.3559 0.00454293265229 0.00281359923672 -0.00913832121654 -0.000733733419081 3.85721 3.88738 8.96422955536 -51.5705495822 3.23686608037
-113.493 46.4162 -0.00462132425543 0.00420880297357 0.014546379991 -0.00196932061416 3.6149 3.63102 -11.2400952487 27.6276032029 2.0144882014
-112.641 46.4246 -0.00091669926956 -0.0020219399824 0.000535138563092 -0.0016527291264 3.6449 3.65719 -1.74433519294 14.6927489554 -2.17888830962
-111.676 46.5336 0.00293968418093 -0.00459658806915 -0.0118768066383 -0.00123733972416 3.90641 3.94186 -347.222826881 -33.4900068746 -4.69478936102
-110.858 46.462 0.000563715591711 -0.00349746786567 -0.0119255382432 -0.00949891956623 3.4082 3.41814 -347.329715306 -7.77258701014 -3.51890170503
-123.559 45.9306 -0.000637702120148 0.00198455882465 0.00487627238596 -0.00169906919233 3.48273 3.48444 -4.4203652986 -2.6736927718 1.53554502808
-122.419 45.9325 -0.00122707226535 -0.00189221269719 0.00992884413891 -0.0008414893236 3.44448 3.44126 -9.72828413945 21.2641393853 -2.25027187278
-120.782 45.7664 -0.00525763845018 -0.00225229270285 -0.00342671048232 -0.000942177702603 3.75972 3.76245 2.14751193473 60.8637379688 -3.61358562912
-119.928 45.8951 0.00190695551644 -0.00019096488819 0.00297982569205 0.00107736920785 3.83773 3.84158 -2.44437695503 -18.5456344833 0.469603727591
-118.777 45.7971 0.000552997530204 0.000344189711268 0.00257205361874 0.00572188399184 4.08533 4.08312 -3.94570426833 -6.87567419714 0.51600613529
-117.909 45.7087 0.00082982979568 -0.00390689761803 0.00540829449442 0.00822612533292 4.31484 4.34128 -6.69672879082 7.90526834335 -3.28977869385
-117.228 45.9734 0.00237470539536 0.0013437248164 -0.00336130993666 0.00180712370972 4.08551 4.09666 2.69089368315 -28.1511741265 1.82985253221
-116.155 45.8883 0.00295994804332 -0.00158114879942 0.00385968129708 0.00512134844657 4.27869 4.26864 -5.70712988994 -24.1557156004 -0.464551274516
-114.332 45.7893 0.00138993616308 -0.00296367749564 -0.00538442061679 0.00236441313045 4.1063 4.10035 6.83228517478 -11.5573016074 -2.79775285475
-113.37 45.8122 -0.00719209690457 0.000725878624865 -0.0120824166247 0.00240556131139 4.04697 4.08542 11.0000477561 78.0011212271 0.574853992995
-112.493 45.8409 0.00415342005606 -0.000924755127226 -0.0132662651842 -0.00107519826928 3.76969 3.78508 9.00025562972 -44.715847293 -0.743382143293
-111.626 45.7843 0.00130831202541 0.000190481436927 -0.00636326034607 -5.83283335349e-05 3.67633 3.67203 6.12573966911 -14.3831000119 0.296193410752
-110.659 45.9054 0.00562907210346 -0.00443446106271 0.00435160974949 0.00606674948879 4.11114 4.1337 -4.68735105012 -47.1028098784 -2.86256911967
-109.716 45.9046 0.00264743507534 0.00414003059123 -0.00727377474254 0.00223675371962 4.02792 4.02884 5.74828824824 -31.5817425129 4.29312590612
-122.478 45.2059 -0.00325242257628 -0.000282759841016 0.00651135385315 0.00031696634744 3.6605 3.66325 -6.13534176285 32.8124971327 -1.66201199442
-121.317 45.2422 0.00266502535068 -0.000166886459241 0.00363562338928 -0.000932795406122 3.69442 3.67051 -0.945139949389 -26.4450345095 0.733505912182
-120.635 45.2357 -0.0043869016911 0.00229067968443 -0.00896829551262 -0.00452767464147 3.6313 3.62038 7.99134769908 42.2750081608 1.48984770778
-119.669 45.2664 0.000794677540979 0.00100234725608 -0.00172152679499 0.00390590527195 4.06282 4.09223 -0.655428172816 -11.5036309628 1.19832307261
-118.96 45.2904 0.00367151908673 0.000561273095447 -0.00368294047823 -0.00851439557817 3.43514 3.43469 5.06596100598 -40.1280373503 1.29080869833
-117.78 45.2781 -0.000582848595642 -0.00313869932035 0.0106795184124 -0.00181464061613 3.52003 3.53833 -7.76875436915 19.3901261723 -3.11030045159
-117.12 45.2925 0.0101098422241 0.00558346294718 0.022761512468 0.00287119119648 3.30822 3.35891 -19.0715029731 -124.840892853 10.3107843062
-116.268 45.3997 0.00281220710624 0.00244290638672 0.00505703234269 -0.00109219765752 3.74028 3.73662 -3.86347936186 -37.369188884 3.20623131101
-114.233 45.0931 -0.00262897145784 1.24269355547e-05 -0.0011832303373 -0.00155027472813 3.7058 3.69823 0.964571360966 28.0937118379 -0.532570722385
-113.46 45.2432 0.000991339113664 -0.00065120298313 -0.00218115411205 0.00168394056429 3.91392 3.92311 1.45552956141 -9.30473273388 -0.453193228588
-112.489 45.166 -0.000742033202148 0.000230196610862 0.00216713878336 -0.000135239436422 3.7299 3.74585 -1.82302293544 7.32860516848 0.0529117825956
-111.805 45.2285 0.00608145494309 0.00172724580402 -0.00282737431614 -0.0122461820891 3.11489 3.11611 4.42197389786 -68.3644945413 2.40734071367
-110.74 45.3212 -0.00140057129977 -0.00387363757407 -2.96473377496e-05 -0.00427591701971 3.49028 3.48267 1.04161156672 21.8360697551 -4.04555069399
-109.563 45.3171 -0.000919371144467 0.00434702330479 0.00576896176369 -0.00421929380088 3.42255 3.42639 -5.70743630364 -2.45423884736 3.96706636914
-122.186 44.6837 -0.00133375275983 -0.000402624364489 0.00121156761461 0.00184302398001 3.91526 3.91801 -0.811614407628 15.0275177882 -0.836490685416
-120.335 44.7344 -0.011554701586 -0.00378207638102 -0.0128475856402 0.00106467066294 4.05647 4.16855 9.8159061699 129.808097799 -5.35510559676
-119.565 44.5913 0.00334951505371 0.000997157234599 -0.00176611134772 -0.00438541972417 3.38781 3.4213 2.15826948542 -38.0061776108 1.83330489571
-118.67 44.5191 0.00119370902658 0.000382639365982 0.0058739746942 0.00405222923673 3.84163 3.83874 -5.18096595564 -13.6404969473 0.796740159296
-117.664 44.6653 -0.00123880041614 -0.00081854686102 0.00552606332273 0.00186795714186 3.77218 3.76684 -5.70584381023 15.8474136777 -1.21420949792
-116.747 44.589 -0.00367900529041 -0.00557411025095 0.0111515904722 0.00455535028291 3.86811 3.89178 -7.8071164343 60.7217869066 -6.56370328284
-116.013 44.7035 0.00166758421387 -0.000932991942596 0.0037734303966 0.00133055360359 3.75771 3.7695 -4.16073331911 -14.0569146151 -0.35454066763
-114.255 44.5642 -0.00248088608985 0.00407954508382 0.00203780110867 0.00121377260919 3.71222 3.72002 -1.5227873424 15.1883850362 3.32952567672
-113.367 44.6165 0.00336203353453 -0.0016221385066 0.00749250356957 -0.0023807596389 3.49573 3.49794 -8.70516742386 -28.1629168253 -0.313241518547
-112.644 44.6173 0.00186060649589 -9.22902334327e-05 0.00501656260555 -0.000759145861702 3.53421 3.53107 -3.54367016364 -19.507169119 0.398568253409
-111.248 44.7038 0.000262656789119 0.00323391216729 -0.0112888296581 -0.00828199358838 3.37761 3.37437 10.3735926038 -2.98107190959 3.23453277342
-110.576 44.3951 0.00096308559808 0.00464456061722 -0.00120924278259 0.00171144308818 3.99244 4.05191 1.16118783963 -18.4057645651 4.73726631345
-120.211 43.9437 -0.00359756704512 -0.00142532697053 0.000645852533975 -0.00115369254783 3.67886 3.68363 0.17415862974 42.1987914735 -2.44571568788
-119.504 44.082 0.000552453541236 0.000969177648493 -0.00417027519404 -0.00244032939889 3.56947 3.57836 4.02285442889 -8.29640653126 1.06955907524
-118.569 43.9104 0.00199983278316 0.00106022912762 -0.00180866081776 -0.00219341011331 3.71293 3.70119 1.53503451 -24.2026865633 1.53940996516
-117.741 43.9733 0.00180664321818 0.00109914976888 0.00661873014458 9.34099729536e-05 3.62666 3.61206 -6.46892186975 -22.942567714 1.70158613545
-116.803 44.086 -0.00343349152302 -0.000861919793036 0.00627029645759 -0.00102439558869 3.63628 3.62958 -6.9126592635 38.5529170962 -2.08265268038
-115.958 43.9121 0.00247773896311 0.000117500392881 -0.0109779270544 -0.00147129233766 3.73179 3.71761 10.1890298404 -27.3501015858 0.297402283904
-115.133 43.7945 -0.0010919406935 -0.00199820619297 -0.00339703090708 0.00220534388228 3.9519 3.92767 3.26891155598 15.8753037556 -2.16285665433
-114.117 43.9146 0.00191678716437 0.00209453476489 0.000678207834936 -0.00580148381069 3.34012 3.3528 -1.04573684537 -26.1581817629 2.49406188028
-113.452 43.9286 0.00137915084201 -0.00166786327697 0.00895593939219 0.00152148527473 3.74317 3.72747 -8.56216478491 -7.68162679904 -1.06635450005
-112.485 43.9997 -0.00048020841999 0.00188253576985 0.000854638748155 -0.00187730116939 3.44831 3.44571 -0.138529748112 0.987825414961 1.7463312218
-111.487 43.8756 -0.000992379858738 -0.0045275150071 -0.00528512919464 -0.00867935188347 3.46289 3.46638 7.94202679592 13.4621105008 -4.57045247846
-110.576 43.92 -0.000119046394017 -0.003652014798 -0.0194839172284 -0.0231060430534 2.83742 2.83337 -344.354241368 -2.6882528103 -3.62246271116
-109.817 43.7013 0.00240651050523 0.00141327045085 -0.00671416555818 -0.00740121732361 3.38339 3.38917 7.36279847192 -27.3768893311 1.49669160989
-120.153 43.2515 -0.00447080958081 0.000494789499736 0.00191406888333 -0.00264784771259 3.59323 3.60032 -0.717764708916 44.9507008472 -0.9467607879
-119.311 43.3736 0.000109034574943 0.000192777110696 -0.00277623665619 -0.00224720126956 3.56047 3.57864 2.88102551113 -1.68481444931 0.213624655863
-118.474 43.358 0.00619082929553 0.00347271052594 -0.0057170221267 0.000667381178118 3.89061 3.94382 3.0393859785 -75.326021964 4.80974860258
-117.754 43.3471 0.00319049313573 0.00173760820672 0.00533107392192 -0.00181424412966 3.37217 3.36908 -4.1159935535 -39.6993724349 2.72172153502
-116.767 43.4275 -0.0054014992107 -0.00118713926803 -0.00078433987033 0.00192301312672 3.8456 3.85777 -3.39749170047 60.8560979462 -2.83387090337
-115.828 43.4151 0.00281411613199 0.00272137257641 -0.0171125238839 -0.00643760124842 3.46814 3.47129 -344.145613809 -30.3528225586 2.64277605177
-115.098 43.25 -0.00398527840653 0.000154196454921 -0.0041894889524 -0.00403386408965 3.5268 3.51789 6.328197399 43.7218489815 -0.35793405654
-114.174 43.3979 -0.0019002519162 0.000173507478527 0.0141950903099 0.00963485786375 4.13103 4.14524 -14.0105971495 17.9601159027 -0.706510071841
-113.518 43.3234 0.00461394738286 0.00350285008755 -0.00487908882232 0.000645492274058 3.94105 3.96793 3.29386832036 -56.9233564239 4.18941262298
-112.433 43.3998 0.00288786002589 0.00174598457322 -0.019445593077 -0.00353033496436 3.57634 3.56772 -341.471698987 -29.5799010743 1.38063629089
-111.612 43.2741 -0.000178566708316 -0.000405811938711 0.00380681147624 0.00253661681044 3.68771 3.66309 -2.83431129398 3.01199771567 -0.43654319802
-110.712 43.3629 0.00112966307751 0.0022305151234 0.0446073569904 0.0115081238644 3.14845 3.15971 -46.6606487367 -27.776757328 2.16713995468
-110.02 43.2112 0.00157464769994 0.000233291150823 -0.00280384716449 -0.0010812857322 3.63714 3.65006 2.32297370267 -17.8319790016 0.429583833897
-119.247 42.6912 -0.00506150129027 -0.00142507477493 0.00457284813346 0.000564667978047 3.7399 3.76221 -2.08326809095 58.2016028499 -3.00564374468
-118.486 42.7308 0.00195516296387 -0.00240845374605 0.0158809757159 0.00109259387575 3.54907 3.56122 -12.1983929308 -6.23240838426 -1.17648723683
-117.725 42.6996 0.000202536056403 -0.000126195786966 0.00721555258189 -0.000861196038587 3.40987 3.40358 -8.73162602378 -1.46519656023 -0.0305636266984
-116.87 42.7779 -0.00177238112118 0.000198207517223 -0.00162630268785 -0.00068961052869 3.5945 3.59917 -1.57754936354 18.2620165462 -0.320155251963
-116.032 42.7713 -0.0030300390978 -0.00336444417962 0.00148680597123 -0.00165027626539 3.48215 3.4881 -2.14121044137 43.1018304673 -4.09021584363
-114.903 42.636 -0.00184405142408 -0.00295423179643 -0.013635223079 0.000887832930492 3.61827 3.63431 11.8859694083 21.587981926 -3.00687222814
-114.084 42.6493 -9.73422001479e-06 0.000563324145839 -0.026175158209 -0.00823027184561 3.27591 3.27989 -335.608524391 1.36450876189 0.553962259116
-113.176 42.5452 -0.00198720076285 0.00283202519073 -0.00494484132307 0.00206962407992 3.96378 3.97229 0.95267217814 15.7078115223 2.39178737662
-112.531 42.6852 0.00465820097278 0.000500297045416 0.000565291433857 -0.00273300977669 3.55918 3.57338 -0.646059527052 -52.2850916167 1.47913889361
-111.588 42.8321 -0.00106673167866 0.00276751210982 0.00567166101203 -0.00275967955699 3.3607 3.35626 -5.22708682148 2.9018579189 2.36383294834
-110.92 42.7507 -0.00222831855657 -0.00616022081453 0.00238706092911 0.00163596254116 3.63535 3.65451 -3.16322974943 40.4938530785 -6.50981179129
-108.847 42.8247 0.00332892060762 -0.00368138673609 0.00955618855844 -0.00919093867534 3.3012 3.29129 -6.88361116754 -25.0623195196 -2.65915304522
-108.342 42.6579 -0.000946451048734 -0.00252796471883 -0.000998493981581 -0.000294933790528 3.5837 3.58017 -0.157264901064 14.7093414665 -2.63855318163
-119.34 42.0187 -0.00311769624875 -0.00168010047423 0.000298091111858 -0.00308172683438 3.52142 3.52711 1.35028375643 38.5772158527 -2.46611858655
-118.344 42.1901 0.00100649737488 0.00310499499566 0.0121354804575 0.0039528143937 3.72598 3.72183 -11.9634660716 -26.3344333114 3.21081635423
-117.667 42.0192 0.00396513850345 0.000578529915447 0.0059097249101 0.00349809297344 3.80235 3.8091 -6.19119397439 -43.5868359801 2.02262763695
-116.471 42.0773 -0.00396161043446 -0.000668990446582 -0.000457524356499 -0.00567111252826 3.32457 3.34066 0.541804361489 44.910234391 -1.62775037171
-115.754 42.1669 0.00692269126567 -0.00237099980998 -0.0134334662679 -0.00212964478147 3.5017 3.50949 -340.710109831 -79.7120677596 -2.96730166104
-115.016 42.146 -0.00102615852614 -0.000496072307043 -0.00713640752805 -0.000286826885846 3.63928 3.60606 8.44455683077 11.9926989724 -0.587553082755
-113.944 42.0886 0.00367890199127 0.00540703742394 -0.0242545735685 -0.00615575273192 3.61193 3.59518 -341.198888184 -34.8541732951 4.99322748222
-113.24 42.0343 -0.0040253314894 -0.000962293424331 0.00550109225586 -0.00401420882588 3.33149 3.34501 1.26041976474 46.6553984982 -1.71094530014
-112.386 42.0041 0.00490428904097 -0.00107287447294 0.00150776708259 0.00531600080579 4.24926 4.2454 -2.55168845561 -50.8052882626 0.153216849745
-111.432 42.0149 -0.00318560678873 -0.000175166853897 0.00314179204373 -0.000884976297913 3.58238 3.59104 -2.83417923584 35.5021900421 -0.918695342054
-110.873 42.0995 -0.000331190471327 0.00178414132038 0.00350708386715 -0.00119966058358 3.62404 3.60959 -1.90300726871 -0.601159940453 1.67393260895
-110.036 41.9243 0.000663862214939 -0.00259964354972 0.00176333461681 0.0014936994084 3.93554 3.91319 -1.90843622719 -1.49117012462 -2.41474629225
-109.357 42.1012 0.00419665701104 -0.00238711171581 -0.00708084684653 -0.00545357469834 3.44279 3.43042 8.25730783178 -47.1936035309 -2.32934067995
-108.34 42.0073 -0.00292593709504 0.00040813178723 -0.00379993364505 0.000328894513684 3.54513 3.52737 -350.703592775 33.3147669468 0.463789523749
-107.369 41.9641 -0.00124200793621 -0.00781196656264 -0.00456853912411 0.000312502090286 4.01066 3.98792 3.75182433039 19.7554051338 -7.87520364372
-106.434 42.031 0.00291400131152 -0.00180188371551 -0.00144667779634 -0.00140735757973 3.5476 3.55064 0.950693934333 -30.9598384354 -1.50499067338
-119.171 41.3884 -0.00388247775335 0.00131529357509 0.00449801391064 -0.000902077117043 3.54415 3.54859 -3.29137891081 35.7343629884 -0.117402686632
-118.379 41.4483 -0.00474747140366 -0.00245370657337 -0.00495454637548 0.00461724691245 4.18671 4.21997 4.23141975374 57.9891862929 -3.40123227587
-117.45 41.423 0.00100937136927 0.00120704105517 0.0123453525392 -0.000407241518165 3.52023 3.52414 -9.90709169235 -16.1281857552 1.52459624958
-116.54 41.522 0.00137718855709 -1.82177440557e-05 0.0167538313654 0.00266986920828 3.55376 3.55704 -11.3991888279 -13.8238824177 0.594732133105
-115.791 41.4311 0.00213398684483 -0.00043021778147 -0.0179316842038 -0.00354091247439 3.4867 3.48833 -342.116114682 -24.3684994813 -0.561340011522
-114.915 41.4157 -0.00138558427237 0.00143367029842 -0.00881281191519 -0.000756421460735 3.60524 3.57138 10.8045341439 14.8651287768 1.36365223886
-114.165 41.3602 -0.0123047878802 -0.00893224538117 0.0145771002166 -0.00156033797379 3.60451 3.62567 -7.78883075631 166.413357994 -12.7210374032
-113.347 41.503 0.0015260626252 -0.000152143706643 -0.00147367543508 -0.000693491782489 3.65746 3.66488 1.97524856439 -16.711010466 0.125032365072
-112.448 41.4632 0.0048512219271 0.00308641430099 0.00530989272092 0.00105213962478 3.95646 3.96891 -5.77561694745 -63.0628653069 4.39502842125
-111.63 41.3146 0.00184690914839 -0.00286619801985 0.0024489894023 -0.000483114916291 3.55405 3.54015 -2.1654682176 -13.0810699081 -2.37255622813
-110.067 41.4272 -0.000893976211064 0.00533960787405 6.12184591693e-05 -0.00218496301705 3.85373 3.86306 -1.81306738252 -2.11245481759 5.05533187048
-109.157 41.5047 0.00237403361534 0.00363493493716 -0.0081165814559 2.30118183283e-05 3.67407 3.66264 -349.564044899 -25.9491203207 3.56990844523
-108.187 41.4906 -0.00261983524762 0.0063156970033 -6.45381772872e-05 -0.00854007130274 3.32445 3.32666 7.02166302418 28.5547206788 6.26556142077
-107.364 41.6067 -0.000834418621151 0.0090475514697 -0.00554845849644 0.00118204421998 4.00245 3.96892 5.02227770758 5.21660683382 9.00497528622
-106.596 41.4033 0.00164822561446 -0.00223585652235 -0.00341103302642 -0.00315945841866 3.32979 3.3316 4.22688621035 -17.7043838907 -2.16033798726
-116.508 40.7186 -0.00289454601469 0.000625481549709 0.00256550299986 0.00184556902022 3.77111 3.75508 -2.72620166476 29.1730818765 -0.283404167423
-115.736 40.8167 -0.00103417797261 -0.00309338735721 0.0120813154758 0.00212906568725 3.5574 3.56353 -9.49196659821 24.9552214016 -3.2475621464
-115.039 40.8522 0.00279212074595 0.000971270030004 -0.0144587005391 -0.00630435486048 3.28451 3.27764 -344.58328577 -31.4344476541 0.890042371824
-114.204 40.8556 -0.00609260967675 -0.00143107797779 -0.00642034552916 0.00145580710385 3.92903 3.91688 8.74928624641 70.4486170348 -1.8867523568
-113.187 40.8513 0.00183077481496 0.00249471774067 -0.00400882360061 -0.00180917369943 3.64459 3.65837 2.51068235593 -25.4072065287 2.76834666285
-112.52 40.8903 -0.000952549992833 -0.00270238255035 -0.0313403795767 0.00467660182659 4.20159 4.20365 -337.222682628 4.74371706422 -2.4689156791
-111.437 40.8869 -0.00346974798386 0.00290964914831 0.00412810194078 -0.00160443639426 3.46173 3.46953 -3.06852951702 30.5494713987 1.99279240326
-110.834 40.9425 0.000283327360757 -0.00136412126894 -0.016839819171 -0.00557462929772 3.40646 3.40875 -347.521402763 -3.83124497181 -1.37388563386
-109.673 40.9763 -0.00275983492312 0.00283027502444 -0.00720947384283 -0.0016007842614 3.46468 3.47378 -350.439489545 31.7339790087 2.84068371248
-109.177 40.8936 9.09560881921e-05 0.00659376391862 0.00306308146384 0.000928931300271 3.42311 3.47054 0.506034955968 -12.119345479 6.53585775839
-108.263 40.8338 0.000643386351653 -0.00235626253357 -0.00583463867381 -0.00283577068614 3.45771 3.47636 5.76243196835 -6.24319873186 -2.32703895482
-107.52 40.76 0.00355321108875 -0.000811160697948 -0.00880416398936 -0.00500982199003 3.40441 3.41958 -348.744029374 -41.3939913965 -1.03827726259
-106.454 40.8023 -0.000187833889197 0.00130584169647 -0.000202168344016 -0.00395420917606 3.44786 3.45031 3.83637961669 1.41534725392 1.29494171048
-116.5 40.2917 -0.00421847066513 0.00337089595336 -0.00185795389704 -0.00193089149077 3.55721 3.56605 1.53969259201 37.8686439135 2.29832336058
-115.657 40.1313 0.00097298688824 -0.00214467149193 -0.00495285208555 -0.00147441347185 3.66425 3.66872 5.61511464931 -7.2998168356 -1.97313665506
-114.745 40.2679 -0.00507300195441 0.00315699156047 -0.019599766541 -0.00254884241392 3.45347 3.46179 -337.934273319 62.779055735 3.87340109165
-113.981 40.1314 0.00247966367488 0.000262411382523 0.00693046979347 0.00102622132218 3.74742 3.75803 -6.89452292623 -27.7914620185 1.08789268137
-112.469 40.2807 -0.00331415785145 -0.00389707794252 -0.0042458250337 -0.00272098578124 3.69876 3.70244 5.72915425783 42.5085433324 -4.21982486784
-111.502 40.2067 -0.00157158881146 0.0038866831405 0.010570312956 0.000797958672564 3.60816 3.62307 -8.47591274493 2.23224559698 3.14568466901
-110.738 40.1948 0.00355415956487 -0.00124036773417 -0.0127953831559 -0.00226421397481 3.55179 3.55652 -348.775910947 -41.1953431695 -1.30017846314
-110.008 40.2655 -0.00305793990577 -0.00121308519755 -0.00963099558573 -0.00615522111626 3.5282 3.53409 -349.69872334 35.0888708031 -1.17824821287
-109.124 40.2982 0.00302353638759 -0.00146016625139 0.0046325647615 -0.00590115747611 3.16942 3.18016 1.1225926251 -32.2736795328 -1.03679453935
-108.242 40.1348 -0.000940795133368 -0.000277970086009 -0.00986693366903 -0.00211390256395 3.50266 3.50286 -350.906813515 10.8279404371 -0.263039888808
-107.47 40.2149 0.00526754326798 -0.00369253536803 -0.000829001533658 0.00191158572622 3.62364 3.64304 -0.880812250349 -54.0086812544 -2.88133540702
-116.464 39.6202 -0.00149398380042 -0.000558584349446 -0.0124177005838 -0.000357421727784 3.8249 3.85013 11.0021822542 17.5556429223 -0.661079431836
-115.754 39.553 0.000297517521253 0.00173630126941 -0.00825900274418 0.0019097619392 3.85367 3.8473 6.91894514654 -5.99829975061 1.76027489565
-114.908 39.4731 0.00101817393789 -0.0026024000527 0.00497539109084 0.00200918968468 3.80372 3.7869 -4.71181394385 -1.64618470388 -2.14675791424
-114.016 39.455 -0.00237460615338 -0.00160589621076 7.75549173109e-05 -0.0017717030271 3.53234 3.53411 -1.27494077963 31.1492729265 -2.14173118783
-113.069 39.5906 -0.00153650839962 0.00152053533745 0.0101047512392 -0.000505696489448 3.63413 3.62386 -7.42281844612 10.8154333563 0.915851904838
-112.279 39.5708 -0.00601584941296 -0.000979424166839 0.0013248622243 0.0016021282199 3.76763 3.78488 -2.43471678881 70.2637698642 -2.40527812022
-111.66 39.6092 -0.00067290427444 0.000530271924164 -0.0135480872701 -0.00231448748331 3.71128 3.74806 8.52966555115 7.51105016725 0.500205140968
-110.74 39.473 0.000488366832057 0.00130180519065 -0.00259887768056 -0.00224281253246 3.48881 3.47853 1.46440021686 -7.91762033519 1.36133043159
-110.246 39.6279 -0.00127302959062 -0.00425959660558 0.00206734734083 -0.00310791794844 3.48446 3.47529 -1.1212516963 23.9073825436 -4.42420509559
-108.981 39.6333 0.00111361148099 -0.000449008713818 -0.00551166642805 0.000838326246352 3.71615 3.71721 6.3037042489 -12.6882574435 -0.399644770819
-108.391 39.4998 0.00466601684083 0.00189762552569 0.00134913909081 0.000578746462906 3.45114 3.45664 -0.405840636103 -57.003279443 2.58458373537
-107.449 39.524 0.00354699721759 0.00148117346863 -0.000613922508561 -0.00586232981657 3.36721 3.36393 1.13330047825 -42.9591373269 1.86806731404
-117.182 38.834 -0.00750899573701 0.00068518076428 -0.00337124674105 0.000176467490221 3.75881 3.78147 1.15687336272 81.9905112236 -1.21208689996
-116.4 38.8247 0.00742685609764 0.00301958283984 -0.00543861087633 -0.00395700067714 3.58078 3.58707 6.82153677114 -89.9959715214 4.04370294041
-115.654 38.8455 -0.00188949474094 0.00205527119489 -0.00895086777098 -0.00402149544327 3.34921 3.34239 10.7614408797 20.3383025738 1.93206119341
-114.83 39.04 -0.000644385707886 0.005628405607 0.00924396337032 0.00241667703278 3.75149 3.74324 -8.18570841713 -17.3548775243 4.98308089873
-114.02 38.9551 -0.000512362391358 -0.00227335379366 -0.00240507137313 -0.00143680177499 3.74909 3.7597 1.90806993113 10.9212041335 -2.3294911647
-113.277 38.9882 0.00370317415441 0.000821990408422 0.0115032167835 -0.00350363536852 3.47974 3.48346 -7.5977899085 -43.6756619148 2.03974828
-112.379 38.9995 0.00138125796843 0.000324221511942 -0.00908073830065 -0.00102030401754 3.63961 3.63356 8.02560588756 -16.2687580015 0.411458657547
-111.172 38.9176 0.00231956226263 -0.00159548075782 0.0016945763656 -0.0053549717355 3.21581 3.21513 0.540212176334 -23.3441499176 -1.16233571427
-110.133 39.1025 -0.00279295621084 -0.000117429088408 -0.00442230264761 0.000427360032347 3.71735 3.70076 3.64342912455 32.504936655 -0.416477560106
-109.263 38.9553 0.00658571064905 0.00227209774814 0.00154712291921 0.00568097080709 4.28158 4.30052 -3.63141206354 -80.8850615131 3.66605038509
-108.296 38.9541 0.00167856111366 -0.00133503114429 0.00395119937176 -0.00163701014214 3.39536 3.39901 -2.37707502235 -16.4047415149 -1.00171942582
-107.574 38.8347 0.00305141477626 -0.00198040846524 -0.00661887301711 -0.008675452164 3.08091 3.08733 -349.712318953 -36.7702486576 -2.11744579231
-106.91 38.8627 0.00453189187174 0.00138163378148 -0.0055331778794 -0.00142145615888 3.67056 3.6766 5.35519325625 -53.5867055089 1.52023300564
-118.106 38.3489 -0.00296743057029 0.000414257831962 0.0062556608825 0.000388834850486 3.72033 3.722 -4.39504030248 30.4142568501 -0.666498452766
-117.072 38.2397 -0.00357770654062 0.000861246236779 0.0124043213572 -0.00199391883766 3.51421 3.52109 -7.18394446701 34.4488575613 -0.589736478936
-116.302 38.2886 -0.000689547168061 0.00100810003875 0.00559730316766 0.00735541942897 4.23291 4.25526 -8.06544304987 2.79831298702 0.65839980514
-115.585 38.3489 -0.00172239414815 -0.000573230695841 -0.00446393973317 -0.00215280667377 3.4209 3.42188 4.26713563163 20.9001032582 -0.865976643014
-114.608 38.3281 0.00467426342146 0.00218737576028 0.00860339468091 0.000650218550777 3.37484 3.39032 -7.09496513988 -59.9882605488 3.69500600856
-113.969 38.1802 0.00173386839905 -0.000787199580487 0.000564203481141 0.00235797212422 4.04935 4.04407 -1.52001779566 -17.302328047 -0.326230868513
-113.021 38.2987 0.00745562846747 -0.00307044683647 -0.00723129050118 0.00208212737425 4.08855 4.11398 6.18916497498 -82.9031732741 -2.26689668216
-112.277 38.2108 -0.0044265071423 0.00194442853497 -0.00845800150759 -0.00771973902825 3.37097 3.38163 7.0650159115 49.8810975963 1.58579627712
-111.483 38.2843 0.0033810472039 0.000269395092222 -0.0172183888877 -0.00733151083762 3.25566 3.26349 10.9588302035 -39.6304353365 0.269936202183
-110.711 38.4187 0.000363549440319 0.000395270015619 0.000676544998901 -0.00239593671178 3.52436 3.51754 -0.0835258377706 -5.02669639569 0.454411567067
-109.894 38.3862 -0.000502570695554 -0.0005956096073 0.00508756991402 0.00032282451231 3.61602 3.60786 -5.42397576371 7.51123844813 -0.705747507983
-109.261 38.2916 -0.00137361510341 0.0016428824622 0.0256066015253 -0.00149495120084 3.04157 3.04816 -39.6335134372 -3.87099387659 0.0506568026955
-108.379 38.1888 0.00199371232888 0.00117168864308 0.00276780409138 -0.00429120933761 3.44648 3.44777 -1.08993264958 -25.429802544 1.48365358722
-107.55 38.3685 0.00245853400051 -0.00153602499885 -0.0128370508011 0.00571082647197 4.03016 4.02648 -348.027769969 -30.2041463141 -1.71600764434
-106.756 38.2289 0.00230899761763 0.000913201246005 -0.00550822366534 -0.00200568333064 3.65308 3.65582 6.18683967202 -27.3782516764 0.946238835327
-117.225 37.7243 -0.00284817611303 0.00233506987441 0.00833723315279 -0.00343468341476 3.46041 3.4639 -5.52604445097 21.0877694557 1.14340238963
-116.595 37.923 -0.000157353446447 -0.00134925298948 0.0195174775791 -0.00427271143268 3.2533 3.26506 -11.1669114871 8.6317329947 -1.27872350441
-115.747 37.6444 0.000878304127084 0.000165809075638 -0.000111698981588 0.00310169747464 3.86377 3.86712 1.07642520026 -10.4529076605 0.365631495651
-114.849 37.6083 0.00024131344805 -0.00114555423241 0.00296991804092 -0.00359646940245 3.33523 3.34237 -2.82607392393 1.13166823472 -1.02865477999
-113.86 37.5808 0.00057590666173 0.00677524352073 0.0117725870731 0.00385264860342 3.98875 3.96778 -9.13292290559 -36.2530345116 6.49360201918
-113.168 37.7601 -0.00433754307517 -0.00414641582125 0.0248380710372 0.00233340665305 3.47174 3.46501 -18.2085194101 68.6615745026 -5.77713972801
-112.363 37.6761 -0.00109851846486 -0.00244465510736 0.00885312637951 -0.00113719072076 3.58987 3.61787 -4.11340792521 20.2990709028 -2.65171215037
-111.596 37.7222 0.00205369338231 2.44779741889e-05 -0.00921551896195 -0.00627590811807 3.4221 3.44035 7.01193723648 -24.1529159435 0.170572683427
-110.802 37.6354 0.00580747846861 0.000680092428137 -0.004609129845 -0.00124821854771 3.62646 3.62292 4.22055833778 -69.0118007841 1.30465568149
-109.995 37.6903 -0.000922559050278 0.00201491453248 0.00203368349889 -0.00157057987975 3.62724 3.61046 -2.10863911401 5.76986772848 1.78218965289
-109.137 37.7459 -0.00479630142776 -0.00205490362575 0.0269356460274 0.00757872607177 3.77788 3.78501 -25.2091162889 60.510300519 -4.39755792877
-107.792 37.662 0.000458179537632 0.000887698733887 -0.00523301940068 -0.00515881263421 3.4297 3.43202 4.4021343257 -6.0578252106 0.914027314797
-115.22 37.2408 -0.00174714895429 -0.00150451536332 0.00280517978087 -0.00216751454686 3.50457 3.50775 -1.00079261811 24.4581165689 -1.90831389366
-114.715 36.7256 -0.00640240154957 -0.00217760268791 -0.0055889467542 -0.00352034515182 3.52904 3.49741 7.58238629612 78.0642279094 -2.85232068276
-113.907 37.0195 -0.00027799400201 0.00145000373852 0.00306104827701 -0.00659766084276 3.22192 3.23013 -3.74079096579 -1.80654222926 1.30779416231
-113.084 37.0615 -0.00555664458348 -0.00187139869067 0.0215940400978 -0.000461932324554 3.35985 3.35406 -14.00145888 68.7034372928 -4.1449205345
-112.382 37.0183 0.00299158208425 -0.00189781330655 0.0099073296379 0.00315796321303 3.94822 3.95178 -5.75619498645 -27.0065175632 -0.907689651739
-111.506 36.9839 0.00583539041247 0.00200682131901 -0.0379739901637 -0.000932401135853 3.70306 3.71149 -332.836660395 -59.9024445431 0.309406028175
-110.804 36.9969 0.0013142830347 -0.00152122229699 -0.0100297713921 0.00161811861805 3.87878 3.85601 -346.720813604 -16.4705054108 -1.58380712645
-109.874 37.1364 -0.00406066281009 0.00340370316456 -0.000488550643998 0.00350320939439 4.05094 4.06209 2.88610237952 43.0870663882 2.89927879816
-109.025 36.8299 0.000984130874866 0.000711327398343 0.00230839287289 -0.00200654041266 3.64241 3.64988 -2.52426391723 -13.1837827844 0.89334135208
-116.33 36.4193 -0.00433144491071 -3.54156554779e-05 0.00477446913539 0.00315905112967 3.89363 3.9043 -4.07266703796 48.5227494204 -1.45589627932
-115.383 36.423 0.00413764048139 0.00143309260895 0.00576610212068 -0.00245034391433 3.49334 3.47931 -1.13940465478 -51.7732727875 2.48415373764
-114.539 36.4321 -0.0133214300058 0.00115257908938 -0.0079335592371 -0.00448098285246 3.47688 3.5156 9.85160142795 156.815167863 0.27432201701
-113.965 36.4151 0.00812076961424 -0.000742539212673 0.00923207217642 9.56085491141e-06 3.30973 3.32661 -11.8502230011 -83.7003855651 2.75851060146
-113.18 36.4182 -0.00136177930513 -0.000377856479899 0.0130650860642 -0.00285955658999 3.26748 3.26397 -10.3930846046 16.6692175355 -0.877707833152
-112.291 36.428 -0.000345030860294 0.00018873790711 0.0148875841792 0.00262076075356 3.77608 3.78505 -11.8104184101 2.86805966703 0.0350902258313
-111.13 36.1428 0.0012349511416 0.0007953704685 0.00902739549523 -0.00593208689029 3.4357 3.44098 -2.65981998103 -16.5785084589 1.06085165287
-110.662 36.5996 -0.00431355584126 0.00446614157821 -0.00754499250987 -0.00515325743086 3.52274 3.50567 6.21679086468 47.4162522358 4.14168662273
-109.87 36.4199 -0.000900460331267 -0.0019558676723 0.00278516990779 -0.00182858379642 3.67767 3.68285 -2.60910783878 15.5019680901 -2.10300001462
-109.208 36.2925 0.00116812678672 0.00316316003268 0.00423444677346 -0.0039225343171 3.35194 3.35473 -5.16124729158 -22.9229002644 3.35382608272
-108.52 36.3758 0.00182562852659 -0.00303324132855 0.000327570503833 -0.00162071003401 3.78085 3.76538 -0.677609323492 -15.7347366934 -2.70015776608
-114.851 35.7266 -0.00129185457956 -0.00108652358675 0.0015301995276 0.00404872336723 4.04808 4.06947 -3.88098730337 18.6447010875 -1.42961274121
-113.984 35.8522 0.00746941438359 0.00241064154606 0.0158436651034 0.00100318600654 3.48177 3.49453 -13.5874254802 -92.5771316381 5.51836825899
-113.105 35.6339 9.59528088143e-05 -0.00162140984505 0.00999429154885 0.00239879361561 3.57902 3.55692 -10.0177746898 6.37171920398 -1.46125823116
-112.173 35.8191 -0.00417149981971 0.000602050667114 0.0135570282581 -0.000659236290388 3.40436 3.39845 -12.0817048034 42.8183923719 -1.13053205032
-110.794 35.6218 0.00283343434129 -0.000200586268813 -0.0125079401964 -0.000814983919238 3.80233 3.81426 -345.939018585 -34.1498961267 -0.374171163188
-109.933 35.7113 -0.00182175771079 0.00216970435963 0.000924727372558 0.00499630686905 4.09876 4.09315 -0.342729686713 16.9681022534 1.81467956677
-109.046 35.7147 -0.00530745228838 0.00153565477853 0.0259992523491 0.00742356691096 3.83223 3.84266 -20.3198683128 46.6136637108 -1.26529948473
-108.466 35.7992 0.00506308227393 0.00261123150728 -0.0101339865238 0.000557924032668 4.00404 4.04166 -349.838403861 -60.0474289233 2.4686112424
-107.638 35.8054 0.006424507552 -7.02833353018e-05 0.00278226217547 -0.00709525845079 3.36197 3.37208 -3.76986555642 -75.6456942063 1.22560594713
-114.87 35.301 -0.00226860621085 0.000752823102771 -0.00158787172966 0.000274369827514 3.91954 3.92777 1.16253635658 24.4990727617 0.230783534408
-113.885 35.099 0.0042899507838 0.000204339798887 -0.00320124375104 0.00148360966098 3.97391 3.95664 0.0541046237728 -50.7864519509 1.17277972985
-113.083 35.2127 -0.0015009644378 0.00387566424913 0.0116189283004 -0.00106707579145 3.50103 3.4715 -8.52698940239 0.12942709331 3.07927566992
-112.267 35.1787 0.0019056616828 0.00481451847786 0.0176938628455 -0.00385681260342 3.23023 3.23005 -10.1512108724 -42.9776860055 5.17784027858
-111.532 35.0951 -0.00468844338152 0.000228555353845 -0.00600191058458 0.000619249597958 3.81122 3.81322 2.39021477036 55.4898606143 -0.491953372648
-110.713 35.0789 0.000997699262026 0.00120581985916 0.00429455075185 0.00292695487596 4.03332 4.0493 -3.03837987091 -15.1328101177 1.40594420905
-109.736 35.1181 0.0132645827605 0.00430467010381 0.0135603767515 -0.00403744957139 2.83043 2.81086 -18.0282556955 -166.244492116 9.97781688542
-109.388 35.1118 0.000619203170583 0.000338529510204 0.0110668111007 -0.00659952220871 3.18785 3.16448 -10.5466744297 -8.44024153852 0.5292885873
-108.5 35.1259 0.00271942587172 -0.000997474939256 -0.0132370832003 0.00500856459722 4.44326 4.51463 -349.963127269 -33.2251313972 -1.06431801103
-107.648 35.117 0.00755105212614 0.00144551513831 -0.00911835971459 -0.000592351782488 3.57049 3.59435 -348.116578743 -90.1060275212 0.916801778997
-106.867 35.0719 0.00147171166021 -0.000358184008936 0.00196575899958 -0.00280808605551 3.46191 3.46238 0.278331612117 -17.2062230231 -0.177452841777
-113.83 34.5935 -0.00402138766328 0.00316575294541 -0.00978583004714 0.00482347568331 4.2975 4.31879 8.48812334454 45.2898873817 2.82717426279
-112.891 34.4692 -0.00269333378639 0.00170487586627 0.00457476278048 8.28116250809e-05 3.72075 3.73925 -4.03802285758 25.4483872632 0.873732745673
-112.237 34.4866 -0.00024609144736 -0.000212078956499 -0.00364271438761 -0.00452394340047 3.45348 3.4593 3.75010202511 3.31474834852 -0.244577690629
-111.441 34.4178 -0.00514242229847 0.000647308757115 -0.00670546816102 0.00247788708496 4.01021 4.02833 3.24488652334 60.7659160684 -0.0675422259621
-110.806 34.3371 -0.00210235977962 0.000515110530616 -0.00971513106207 0.00405874728425 4.20997 4.22555 9.25307134843 25.4126166992 0.464369075529
-109.95 34.5293 -0.00370625498119 0.000553635851143 0.00656764513659 -0.00858618392824 3.30385 3.33041 -2.81845113413 42.46771952 -0.275396895409
-109.29 34.4275 0.00366327283908 -0.00265204184794 0.00829929301323 0.00389063758891 3.92512 3.94229 -5.61640416397 -34.7656606399 -1.61713369088
-108.498 34.5421 0.00305030223817 -0.00241155605093 -0.00274831988106 0.00316644919556 4.03683 4.02052 4.50525363461 -34.9196664938 -2.18472797585
-107.786 34.4457 -0.00157792982381 -0.00165839617599 -0.00877866190247 -0.00290091306213 3.72319 3.68611 7.90942791797 19.2922719129 -1.66215266598
-107.01 34.5058 0.00318239236713 0.00266637150888 0.00280386482275 -0.00685896646501 3.31517 3.32016 -0.032530604312 -42.6911385127 3.0545096422
-114.524 33.7503 -0.00180558979923 -0.000791546840228 -0.000240622805319 -0.001643908353 3.69631 3.6904 -1.92999756639 23.7329504954 -1.25183211953
-113.829 33.8142 -0.00867334986919 -0.00447985784918 0.0105781602893 -0.000769314529901 3.46158 3.49292 -18.7810982985 118.330277008 -8.39601410596
-113.005 33.9383 0.00200554819936 0.00144137031132 0.0170548105233 0.00638947866325 3.86119 3.90547 -18.9000750183 -29.9628998614 2.27557949866
-112.333 33.9535 -0.00295446450605 0.000630826299778 0.0118060267934 2.99220332148e-05 3.49784 3.50528 -11.36109253 29.9989729352 -0.590025501744
-111.478 33.8798 0.00300165052325 -0.00018085360271 -0.0131797785825 -0.0012651449663 3.75704 3.74572 -345.160430636 -36.6894142356 -0.369262015557
-110.844 33.6953 0.000404260599105 0.00172644275606 -0.00756585289493 0.00138365988457 3.9838 3.9829 -345.44843545 -3.51826773346 1.69546100118
-109.254 33.9571 0.000292323137439 -0.00715176103372 0.00638439852398 -0.00379684992543 3.29185 3.30706 -3.4580946439 15.8755202514 -6.90959450375
-108.377 33.9085 -0.00362594699356 0.00393704944436 -0.00389292641607 -0.0063803453903 3.32602 3.35047 4.14042035812 40.5392275589 3.64442309843
-107.674 34.0087 -0.000742948817193 0.0142137128145 -0.0140809949443 0.0101952953521 4.61346 4.72443 -346.489404036 25.8537149209 14.2190614309
-113.657 33.1999 -0.00458729101902 -0.000748135066337 0.0134008745937 0.00658045666389 4.20475 4.22126 -16.3474304413 53.3518016502 -2.90873250097
-112.946 33.3627 0.00329589091538 -0.00538452673552 -0.011929986427 -0.000262863475452 3.86259 3.85717 12.1312132755 -39.8609968121 -5.36215463633
-112.158 33.2893 0.00145973501996 -0.00143920450718 0.000976394005767 0.00452706181324 4.13087 4.11533 -2.28928904882 -13.0341951411 -1.03886511676
-111.427 33.341 -6.07643001763e-05 0.00301006005114 -0.00731519829873 0.000404636577079 3.91774 3.9213 7.55603710165 -1.6207052921 2.99998461861
-110.472 33.2969 0.00381984677741 -0.000144197363769 0.0058190712114 0.000867003452558 3.70458 3.69869 -5.67241456429 -44.586519205 0.920072219547
-110.036 33.0851 -0.000706930428456 0.000437189889086 0.00115661763752 0.002000780198 4.08015 4.05194 -4.57720775619 7.061561369 0.244402891483
-109.266 33.2921 -0.00279771632937 -0.00100658117122 0.00452646912596 0.000660959980678 3.77545 3.76055 -3.56851734568 36.3160199059 -1.60797247387
-108.592 33.1132 0.00489610333279 -0.00501838988161 0.0227290207486 0.00623769301637 4.19226 4.23616 -13.9316482733 -31.7556382012 -2.73530286712
-107.671 33.3086 0.00138440946596 -0.00396224673116 -0.0066350743761 0.00502633313426 4.03829 4.06073 5.15124472241 -14.6060581509 -3.8883800753
