-113.767 32.7683 -0.0005017375804 -0.000248018846089 0.000609621513487 -0.00101666162198 3.79388 3.6757 -2.75126690523 6.76057069031 -0.376804474291
-112.883 32.7513 -0.00107410049882 -0.000368611999569 8.0946524875e-05 -0.000425697070184 3.87243 3.81979 -10.8995373423 13.9216166329 -0.765070412068
-112.228 32.7006 -0.000596906094955 -0.000481261145678 0.00182661605066 0.00108517073509 4.10201 4.15771 -14.2965081289 9.21453070509 -0.695671444912
-111.704 32.5618 -0.000300257934989 -0.00072629836601 0.0030707373686 0.0010371122703 4.09484 4.127 -8.69255328218 6.57419770376 -0.785313396675
-110.739 32.5716 -0.000139322030291 -0.000878264077113 -0.00104404067407 0.000486318343948 4.42756 4.40924 5.90958346699 2.62105985067 -0.886826532406
-109.97 32.6399 -0.000137648587698 -0.000812277569532 0.000304704858709 3.19545527429e-05 4.31199 4.42825 -343.877512006 0.626267495629 -0.793080564027
-109.303 32.7663 0.000419142044811 -0.000766910321767 -0.00116128033469 -0.00142129601631 3.84296 4.10137 -337.36787128 -7.20535446737 -0.842298670866
-108.633 32.5466 0.00089784289146 -0.000491380667373 -2.38286790351e-05 -0.00136920476122 3.8225 3.98083 -339.08055124 -12.1519181924 -0.667821947363
-107.785 32.5324 0.00103128551431 0.000103090846857 -0.000777794719936 8.21598473856e-05 4.01718 4.08664 -343.155851161 -12.4535219415 -0.0540369163573
-107.001 32.6995 0.00103018636459 0.000161265891388 -0.000948424392561 0.00114499054772 4.33606 4.76087 -346.286917578 -12.477708399 0.0480436346037
-105.454 32.7001 0.000597349126724 -6.6166127298e-05 0.000619687775233 1.87227941792e-05 4.21831 4.7449 4.99994651799 -7.39842614755 -0.0545813391455
-104.657 32.6588 -5.60688360543e-05 0.000162222950299 -0.000327137640512 0.00203849507508 4.30773 4.62873 -353.931423898 0.719682836802 0.162851962535
-104.02 32.6462 -6.06888462173e-05 0.000187438545347 -0.00151039683485 0.00101229980933 4.19969 4.67421 -352.835391579 0.847732521714 0.18972922139
-103.357 32.6764 -7.29315342989e-05 0.000135493794858 0.000288873266627 0.000792108461496 4.12153 4.15553 1.11058427789 0.812464056605 0.131259875077
-111.457 32.0022 -0.000126825816336 -0.000400183271659 0.00142299512973 0.00145469494619 4.24395 4.20012 -2.2367159631 2.69603496222 -0.418780911831
-110.816 31.7748 -0.000290368069231 -0.000363901858858 -0.000439204826897 0.00155508413452 4.37578 4.33374 5.05135814419 4.04962017804 -0.391248827455
-110.046 31.9737 -0.000116346847575 -0.000916959957392 0.0011759584239 0.000500675889224 4.43152 4.39457 9.7200461923 1.53050886498 -0.917791918225
-109.259 31.9989 0.000165378821776 -0.000731067089234 -0.000232855131027 -0.000932861495944 4.05896 4.07008 -341.238809876 -3.5012313796 -0.748185307552
-108.527 31.9041 0.000436665514046 -0.000166914045981 -0.0019125982941 -0.000470844666232 3.96902 4.04765 -338.343274567 -5.76893528569 -0.259696839443
-107.778 32.0094 0.000820255348918 6.07390928243e-05 -0.00194913653464 0.000564194162471 3.94251 3.99963 -340.884440086 -9.89349859457 -0.0960985883754
-107.101 32.1046 0.00108180086909 6.03086373299e-05 -0.000311716274591 -7.20263407593e-05 4.08973 4.0228 -344.326411955 -13.240697004 -0.0926746538774
-105.523 32.076 0.000457936822235 0.000427363523609 0.0001544521829 0.0010473172311 4.62848 4.26787 4.9730080214 -5.82875313907 0.43704019745
-109.991 31.439 -3.64099005687e-06 -0.000378518890418 0.00100032833605 0.00029645837662 4.28588 4.21589 8.25753604197 0.200136717511 -0.378435438325
-109.281 31.3757 -0.00028916593101 -0.000303926838546 -0.00181505987795 0.00300285066474 4.37471 4.36596 -340.608841898 2.91235761415 -0.249854791587
-108.528 31.3369 8.78759366535e-05 -0.000215937294944 -0.00584896349141 0.00257731251206 4.28368 4.35665 -340.857315342 -1.5656668795 -0.228149558599
-105.483 31.4425 0.000349543672616 0.000332831063698 -0.00216317253667 0.00202110588398 4.48106 4.54451 -351.65429531 -4.22749142721 0.319447338505
-104.971 31.3711 8.64040877996e-05 0.000159829318734 0.00107602958162 0.00098148983599 4.53064 4.55552 3.41315703272 -1.16644068199 0.163208321933
-103.979 31.3165 -4.74500474524e-05 0.000262691330462 -0.000805567854701 -2.09786799087e-05 4.2753 4.3903 -354.551211621 0.630408615321 0.263158811749
-103.492 31.3691 5.66174713299e-05 0.000223796749544 -0.000590729073449 0.000161184802501 4.30473 4.47408 2.60706400786 -0.801630423119 0.225489717513
-104.986 30.7862 -0.00011278657082 -1.33494174356e-05 0.000655227234065 -0.000283021913007 4.18479 4.22652 1.10789302096 1.43349430445 -0.0224918990537
-104.029 30.6689 3.80837969866e-05 -0.00021346202931 -0.000635817254253 -0.00102860948102 4.22658 4.35092 -354.56273453 -0.505378315781 -0.213786408751
-103.402 30.8498 9.69903357449e-05 -0.000210502038851 -0.000264859414586 -0.000830308235222 4.22615 4.28256 4.29374559191 -1.22191840802 -0.210367675591
-102.685 30.7263 4.03620934904e-05 -0.000187115731411 -0.000840531141101 3.28636779564e-05 4.21098 4.2375 1.84605128196 -0.432278190242 -0.1856803724
-104.09 30.0609 0.000106210769918 -0.000319638944337 -0.000853140657517 0.000895818486081 4.38459 4.37064 3.56868062761 -1.24783327739 -0.316858307481
-103.612 30.1456 6.74105709123e-05 -0.000330538747608 -0.000396436996449 0.000335573916195 4.39278 4.36491 -354.906608684 -0.894214236695 -0.331123868761
-102.788 30.1615 1.54561740066e-05 -0.000280666973861 -0.00160852562811 0.00154023529892 4.47629 4.4531 3.40362019736 -0.168862568983 -0.280538657111
-104.133 29.554 -8.48533046849e-06 -2.18301206853e-05 -0.00116201161993 0.000219498092467 4.15769 4.12909 3.84640501174 0.11433828307 -0.0220068994315
-103.389 29.4528 5.30295798748e-05 -7.06563628311e-05 -0.0023256240809 0.00212882366547 4.25522 4.13116 -352.657492748 -0.72363805096 -0.0732768079464
-102.888 29.4862 -6.84837044204e-05 -7.03995639465e-05 -0.000102928545457 0.00189818365762 4.24131 4.21404 0.937465977001 0.922201142034 -0.0739115575895
-122.085 48.9983 4.15273766458e-05 8.97924560725e-06 -0.00488740028073 0.000749192297581 4.25589 4.28967 8.95620559425 -0.439600689985 0.016138939284
-121.48 49.0983 9.6363892271e-05 4.38384442703e-05 -0.0038437488074 -0.000488772117793 4.06056 4.08154 -339.470130902 -0.982212046242 0.0405701157586
-120.384 49.048 0.000121187822474 0.000139524472195 0.000144068492345 -0.00155302277956 3.97893 4.00886 14.1693077693 -1.34652544651 0.14679139628
-119.272 48.9534 0.000431516988382 0.000347145754254 0.00094470927679 -0.000767148833618 4.0822 4.16236 12.0113579159 -4.78651437842 0.382341972117
-118.585 48.9752 0.000814295831219 0.000399377408164 -0.000341594207357 0.00125345198359 4.22975 4.30526 10.5682529282 -8.87009263528 0.478812838541
-117.559 48.9813 0.000422455380354 0.000370244516187 -0.000235790635334 0.00177444596699 4.30497 4.20914 6.61194208474 -4.9604445731 0.431000738322
-116.363 48.958 -0.000101045404645 0.000298434796352 -9.19157448729e-05 -0.000676912257205 4.20064 3.87449 4.06301764252 0.472851749079 0.275101241957
-115.653 48.9339 -0.000853979234439 -3.9565677529e-05 1.35288170134e-05 0.00233908993593 4.50131 4.10605 0.985801328301 8.82578776794 -0.230356264725
-114.413 48.933 -0.00117147067326 5.86633487747e-05 0.000730054365433 0.00134074087419 4.26619 4.31296 -3.34683572004 11.6486476456 -0.272802729408
-113.422 48.9725 -0.0013584024661 -8.08972372711e-05 -0.00133051625736 0.00308801756387 4.41076 4.47242 -3.68853096785 13.9875540125 -0.449019458415
-112.733 48.9777 -0.00130242259792 -0.000103631464422 0.000561902561594 0.0038750975568 4.39058 4.52682 -7.86612878135 13.3011865138 -0.532031085592
-111.597 48.9482 -0.00100385157169 -0.000192475063561 0.0016928884757 -9.46568193488e-05 3.98628 4.1567 -9.50366866169 10.6458592357 -0.52725958015
-110.699 48.9448 -0.000204400880602 -0.000412111571156 -0.00178852190379 -0.00259352342864 3.88337 4.0909 -3.29367947414 3.10152833518 -0.448012732767
-109.846 48.9198 0.000379033369317 -0.000392081420968 0.00215859985264 -0.000574283297424 3.96027 4.0049 -3.21681872843 -3.01800669197 -0.300798765261
-121.484 48.5183 -8.75863618539e-05 -0.000336819121111 -0.00344537269773 -0.000106802008074 4.14015 4.20052 12.2615072477 1.29527856418 -0.344443774716
-120.12 48.4607 -1.16424350805e-05 0.00018308694261 7.3442801936e-05 -0.001098351155 3.87751 3.93037 15.7234076729 0.0610846581533 0.182626772521
-119.333 48.3584 0.000172645737654 0.000306865048942 -0.00143118200169 -0.000228361269618 4.00333 4.09174 16.3650983915 -1.84079680602 0.30851083564
-118.149 48.4226 0.000484986473836 0.000699094233492 0.000121589723644 0.000665923753706 4.27033 4.35263 10.8391328951 -5.72947719566 0.739680431815
-117.225 48.2995 0.000364022340062 0.000893580214757 0.000679769632552 0.000651552326564 4.32433 4.28144 6.36337674487 -5.24022079432 0.939037405504
-116.367 48.4366 0.00014990763801 0.00094382041698 -0.000830739156386 0.00176428667065 4.65092 4.4005 5.8828062179 -3.05914292474 0.955632395989
-115.589 48.4694 -0.000495414395908 0.00073292227841 -0.000711428692241 0.00129206475082 4.65386 4.36214 2.17105832938 3.54053745323 0.616655687826
-114.468 48.3739 -0.00093802795852 -3.53550207013e-05 0.00171873646752 0.000312199642465 4.61449 4.45631 -4.25928605291 9.58255526447 -0.312443331273
-113.273 48.3609 -0.00118981012743 -0.000286244665326 -0.00120438156088 -0.00200991571068 4.3552 4.35645 -3.51611001387 12.9576649983 -0.595236552104
-112.562 48.3129 -0.00112298420029 -0.00049903832877 -0.000938243245687 0.000772319658157 4.48774 4.68436 -9.59326914119 13.0233822998 -0.869566478644
-111.707 48.4128 -0.000534140874799 -0.000746905028003 0.00173883241227 0.0024696593206 4.51477 4.83831 -14.9459729388 8.54841511157 -0.904763592011
-110.799 48.2921 -0.000131965586116 -0.00108875352906 0.00166663127592 0.00229542744306 4.54256 4.75837 -11.7487953736 5.60616175604 -1.0598567237
-109.777 48.3943 0.000199303944821 -0.000647925283493 -9.68361664884e-05 0.000485623552739 4.42912 4.51681 -2.51516235685 -0.672948036057 -0.593795032013
-120.894 47.923 -0.000414393381741 -0.00019041613895 -0.000848975370153 -2.4938406852e-05 3.99422 4.09731 11.4199902395 4.55357845285 -0.237755503004
-120.061 47.6902 -0.000244176688976 -2.75356969826e-05 -0.000685529464304 0.00115561987896 4.05252 4.18951 15.4450579331 2.58206555018 -0.0363160482717
-119.045 47.7849 2.98780222763e-05 0.000180156924571 -0.00110715242737 0.000440969731901 4.01014 4.12442 -342.980640918 -0.304670595211 0.179988129707
-118.274 47.8006 0.000203413929012 0.000399813456749 0.000609835929537 -0.000303283195154 3.98569 4.06476 12.4946376019 -2.40953245492 0.411770157369
-117.308 47.8192 0.00016136189002 0.000718604985074 -0.000155627640257 -0.000762178842622 4.0773 4.13195 10.9830979186 -2.27709816502 0.728738535668
-116.256 47.8397 -5.5516531481e-05 0.000815574436555 -0.000890910464208 0.000150723060331 4.47252 4.476 8.1590727727 -0.365725842104 0.804524414804
-115.475 47.7092 4.81640924227e-05 0.000752637202587 -0.000893154719685 -0.000561119615612 4.43738 4.33513 3.48844354362 -1.94232235171 0.749027763701
-114.574 47.6795 -0.000245712941464 0.000394413355809 0.00187931454012 0.000418400519587 4.53733 4.35335 -6.84823369478 1.02453517456 0.286765778575
-113.747 47.7687 -0.000831236765723 0.000142617599168 0.000577921542133 0.00085070719703 4.6186 4.44786 -6.76932451692 7.86037376117 -0.139049041355
-112.607 47.775 -0.00076846930918 -0.000418752572483 -0.0027674169221 -0.0013231839789 4.24625 4.18601 -2.06062150624 9.01935057851 -0.587661110412
-111.746 47.8012 -0.000348818260737 -0.000533852870468 0.00129572286687 -0.000794350010826 4.23309 4.24774 -11.5076657023 5.61256996138 -0.626380580688
-110.763 47.6327 -5.33235250453e-05 -0.00075724022578 0.00308778074033 0.000661880690158 4.40474 4.32608 -11.7898225668 3.54638667042 -0.722756605966
-122.803 47.1109 -0.000166713855148 -0.000323454288437 -0.000560407041841 -0.000245823269545 3.97964 3.94117 2.11520655518 2.70294542666 -0.358694871953
-121.989 47.1881 -0.000831070659485 -0.00037533363912 0.000446940580699 6.9411457097e-05 4.04361 4.04109 5.427845604 9.45022457074 -0.560457322406
-120.844 47.1935 -0.00086596896663 -0.000492483080228 -0.000485961623893 -0.000402220107766 3.92613 4.07194 11.5180503993 9.69566872973 -0.589101169855
-119.973 47.1936 -0.000327693652874 -0.00037160421787 -0.000844980231468 -0.000365474949329 3.85904 4.03971 15.792632292 3.58395953631 -0.380943063764
-118.921 47.0573 -0.000356193757197 -1.4478818841e-06 -0.000679625484469 -0.000727316922019 3.82029 3.95149 16.2569282361 3.78671719297 -0.00371118195844
-118.309 47.0615 -9.92343189057e-05 6.17728362871e-05 0.000886966274969 -0.000739389848514 3.857 3.93282 13.4790567266 1.02462134366 0.0571099049008
-117.276 47.0547 1.58288753093e-05 0.000455704802101 6.81348966758e-05 -0.000132475109021 4.10575 4.13862 12.8231908971 -0.379469071762 0.455962510466
-116.335 47.0477 -7.65598461867e-05 0.000538101941527 -0.000557671878837 -0.00150134178845 4.02706 4.02768 11.5828285619 0.518698159888 0.533406586856
-115.353 47.0528 -0.000151613620735 0.000624695673886 -0.000401720095346 -0.000370065174038 4.23275 4.20802 8.08091691923 0.952226446954 0.606600379728
-114.459 47.0943 -0.000248124220287 0.000869707225488 -0.00177065533291 0.000917874605568 4.60543 4.44432 1.68207683797 0.770222291191 0.803766583245
-113.506 47.0816 -0.000288671074685 0.000592479951199 0.00269213036814 0.0030296893601 4.69264 4.52529 -13.393205289 0.0376834498005 0.408945033541
-112.52 47.0418 -0.000378262632633 0.000273958218473 0.000864106340727 -0.000589102057159 4.14829 4.03897 -8.78233828614 2.79469120377 0.125989535173
-111.549 47.0308 -6.18273868941e-05 -0.000133579252901 -0.00265892680869 -0.000470484598006 4.31038 4.28419 -6.10011519948 1.05274471948 -0.145746348915
-110.687 47.1523 0.000127095795109 -0.000280317200226 0.00264170353538 -0.000406708497906 4.19485 4.13351 -12.0865202072 -0.133592586367 -0.211989058628
-109.802 47.1961 -0.000103015462527 -0.000511383603325 0.000725394833957 0.00103339650706 4.57347 4.54649 -5.61390661462 2.4871218687 -0.520685931571
-123.563 46.5459 -7.64215025597e-05 -0.000476474879478 -0.00136602014781 -0.00240904458686 3.79699 3.80289 3.21541498689 2.25256310363 -0.477898052967
-120.979 46.5433 -0.000672885198905 -0.000847956902195 0.000873115391561 -0.000386732220905 3.95207 4.02532 6.7028671348 8.82199244885 -0.965650952867
-119.855 46.5585 -0.000671038619232 -0.00086842627795 -0.00112826198333 -0.00146026877759 3.74271 3.84634 14.5984741073 7.59612576634 -0.899945177048
-119.06 46.4911 -0.00044185174377 -0.000428879869886 -0.00051394825835 -0.000760925305457 3.81477 3.90766 -342.100144138 4.62962234094 -0.419918819305
-118.146 46.5139 -0.000309103392302 -8.88979536115e-05 -0.000204988069484 -0.000161050493638 3.91463 3.9955 -343.241049125 3.29658813552 -0.0849041254412
-117.11 46.485 -0.000261789678746 0.000257632322085 0.000508551201173 0.000151157870261 4.07106 4.12948 13.6542096047 2.73375593905 0.250509383609
-116.209 46.3559 -0.000276678003941 0.000732178209471 -0.000746551356306 -9.94704577041e-05 4.25989 4.23961 11.5711397978 2.57447816797 0.717221482874
-114.188 46.4423 -0.000327924166515 0.00094292390772 -0.00119646859685 -0.00168666903379 4.2097 4.23981 4.67605246494 2.05648205605 0.886760862597
-113.493 46.4162 -0.00022729712327 0.000879013144152 0.00134546799207 -0.00144654882438 4.03653 4.10732 -7.26719099128 -0.863912928513 0.752267034028
-112.641 46.4246 5.05217408669e-05 0.000815694163095 0.000997617790615 0.00210102028729 4.42069 4.58879 -12.0639256457 -4.04081414681 0.767409415186
-111.676 46.5336 0.000180747253993 9.30608696914e-06 -0.001673144339 0.000194587356904 4.2445 4.28569 -5.80115503548 -1.90251968419 0.0605888257952
-110.858 46.462 0.000358085331016 -0.000181889947178 0.000536836926598 5.9893857561e-05 4.30415 4.28399 -7.98200309894 -3.07473616856 -0.0614466057074
-109.914 46.5663 0.00018711538596 -0.000292528004904 0.00250516862975 0.000890423790414 4.60359 4.54266 -6.76015136201 -1.06701070185 -0.229004864336
-123.559 45.9306 -0.000216127951563 -0.000318911026481 -0.00218256406223 0.00116959962133 4.1606 4.14176 2.86170322525 3.2108756931 -0.369059524569
-122.419 45.9325 -0.000544793476143 -0.000538632022587 -9.72371179589e-05 0.0021221935114 4.32899 4.28073 4.31277501962 7.1084079093 -0.662037905981
-120.782 45.7664 -0.000476881860594 -0.000976514489651 0.00175167500601 -0.000136206433277 4.07143 3.96743 3.99412891826 7.51920270035 -1.06344524138
-119.928 45.8951 -0.000752033527922 -0.000970772939434 -0.00188427016692 0.000929575317438 4.19965 4.15808 13.4532431181 8.77880791022 -1.02092405091
-118.777 45.7971 -0.00105776436312 -0.000444369733844 -0.000739257962133 0.000753532794649 4.09179 4.2386 -342.328867562 11.2944646813 -0.423532402584
-117.909 45.7087 -0.000751280756274 -4.00103491074e-05 0.000734965152801 -0.000134946132819 4.06196 4.15718 -343.809897157 8.1087128183 -0.0356550617009
-117.228 45.9734 -0.000529112136208 0.000167014588338 -0.000855288709569 -0.000549827576884 4.00343 4.03134 -343.533128684 5.7405237156 0.177718278128
-116.155 45.8883 -0.000485495329342 0.000734301035152 -0.000901711821778 0.00132041893797 4.39926 4.50611 14.201639665 5.21570188582 0.732223777881
-115.255 45.7565 -0.000445304507096 0.000850728384006 0.000426481367249 -0.000269493984081 4.21742 4.28028 7.37600000913 3.77895746982 0.796257589338
-114.332 45.7893 -0.00041349916239 0.000722675783477 -0.000566125909559 -9.79131231072e-05 4.08273 4.22574 2.25494111461 2.9506599628 0.633091596754
-113.37 45.8122 -3.86712548354e-05 0.000737177223786 0.000520963537416 -0.00115941123666 3.90678 4.08693 -3.3392560487 -1.74211252658 0.699863112697
-112.493 45.8409 0.000479366059414 0.000212541708233 6.25019141466e-05 -0.00108504160477 4.01403 4.13322 -7.24547144477 -5.68274480626 0.35525825856
-111.626 45.7843 0.000814438157953 8.47533584038e-06 0.000491397379882 -8.54402327027e-05 4.21751 4.25441 -7.42033804933 -8.46226547064 0.262541012703
-110.659 45.9054 0.000475053732645 -0.000171627671029 0.000309691039115 -0.000552805953645 4.24678 4.12691 -5.27672666084 -4.50269262669 -0.0404129594007
-109.716 45.9046 0.00010142305936 -0.000265849729697 4.55778489569e-05 -0.000175189911406 4.51793 4.36848 -3.66648385051 -0.431447795478 -0.236509760205
-122.478 45.2059 -0.000152181099854 -0.000247314552714 -0.00107634714291 -0.00141059452148 4.01085 3.97027 3.07242865311 2.31924801855 -0.280254630667
-121.317 45.2422 -0.00037568525576 -0.000355533248233 0.00162211603451 0.000633159503753 4.14472 4.01744 1.84499239228 4.97635863101 -0.448661192197
-120.635 45.2357 -0.000735825747789 -0.000476760962934 0.00043183280589 0.0017106789564 4.4413 4.22849 7.64263890784 8.73381510023 -0.601763135343
-119.669 45.2664 -0.00116734832557 -0.000797859286931 -0.00146382509722 -0.000636373511928 4.22374 4.11155 12.802444473 13.2469455075 -0.886480524167
-118.96 45.2904 -0.00139644945943 -0.000811598991203 -0.000208412668386 0.000297874918103 4.1476 4.20156 16.2616258819 15.175747112 -0.822526350887
-117.78 45.2781 -0.00112873487201 -0.000202708443781 0.000545539744287 0.00182814986643 4.19637 4.35871 -342.403439739 12.1653995789 -0.166628048053
-117.12 45.2925 -0.000896015998348 0.00023450549672 -0.000405569113493 0.00105848011028 4.14383 4.26632 -342.946251573 9.80434818055 0.262731946624
-116.268 45.3997 -0.000731565659884 0.000410141398437 -0.00107711520664 -0.000384496245682 4.05896 4.14082 -345.033408521 7.97917199594 0.415411497858
-115.326 45.1285 -0.000546803098482 0.000728592037401 -3.05992600114e-05 0.000391115087332 4.09486 4.24615 9.0571236711 5.28764506966 0.680842902102
-114.233 45.0931 -0.000157954954707 0.000410200203616 0.000386747274168 -0.000255970669536 4.0541 4.20486 1.40050894859 0.796371016828 0.370381269967
-113.46 45.2432 0.000281562645714 0.000335210584929 0.000555563870123 0.000262691137417 4.0472 4.23389 -4.03077290359 -3.98360374767 0.400835212663
-112.489 45.166 0.000786233304017 0.00021003487335 -8.31455959331e-05 -0.00040690691814 4.11268 4.17983 -4.24917025232 -8.91443987618 0.415640034829
-111.805 45.2285 0.00068292131485 0.000163419433898 -0.00033566490681 0.000131087652901 4.31267 4.22237 -4.29973140918 -7.6914592212 0.337280984573
-110.74 45.3212 0.000560940379223 0.000298754420398 0.000463288088724 0.000435045355072 4.44128 4.2826 -5.32597442131 -6.79918058355 0.437028975618
-109.563 45.3171 5.15020340812e-05 0.000242136151832 -0.000301656033931 0.0010284941977 4.45416 4.33233 -1.92543042519 -1.06424561155 0.247517709389
-119.565 44.5913 -0.000684299450649 -0.000382383286487 -0.00347250329797 -0.000160573624785 4.28086 4.18751 10.1912857043 7.89751468987 -0.463245158225
-118.67 44.5191 -0.00165227584348 -0.000768685985549 -0.00151536496781 -0.000440022580477 4.11721 4.06001 16.2705130579 18.0564246292 -0.775585492066
-117.664 44.6653 -0.00158457091905 -0.000323770965727 0.000561050965741 -0.000973862289347 3.8568 3.94005 -343.750754285 17.2585482746 -0.308566393774
-116.747 44.589 -0.00129231430885 0.000307695867322 -0.000326873035395 -0.000152235032875 3.97746 4.15089 -343.355050681 14.2315427897 0.345382511714
-116.013 44.7035 -0.000836874617684 0.000474611137625 -0.00101194530517 0.000131976416753 4.00783 4.14945 14.1552796718 9.13828426857 0.471427648236
-114.855 44.5494 -0.000296479116069 0.000438296542135 0.0012262172306 0.000114859992831 4.08703 4.30136 7.0182157332 2.6966457334 0.402356216656
-114.255 44.5642 0.000127374256836 0.000329332415976 -0.00044380858539 -7.93279012073e-05 4.08661 4.15913 2.7224222735 -2.02097110072 0.346726283284
-113.367 44.6165 0.000200340340956 7.60781148491e-05 0.000573336174681 -0.000163473824882 4.17542 4.25978 -2.09209155674 -2.34245452811 0.123296828435
-112.644 44.6173 0.000541725809995 0.000359943817466 -0.000362274445622 0.000777644864319 4.39988 4.45422 -3.87653672036 -6.80905301581 0.491819922708
-111.248 44.7038 0.000453970764591 0.00052576241103 0.000277141154226 0.000643075037332 4.44288 4.32598 -4.74514592823 -6.35345331364 0.626689534549
-110.576 44.3951 0.000205348845955 0.000684497530812 0.00136999707691 0.000105830842529 4.44255 4.33712 -5.4863038917 -4.20952621099 0.714468414264
-118.569 43.9104 -0.00113352661845 -0.000792457040681 -0.00227776129052 -0.00125459343293 4.05762 3.91135 8.42380521634 13.53280476 -0.943069932801
-117.741 43.9733 -0.00210023241134 -0.000713752897105 -0.000418800137251 -0.000350997471928 3.96514 4.0603 15.3217637163 23.1362525746 -0.730892527337
-116.803 44.086 -0.00169229510475 -0.000122981387771 -0.000884191831647 -1.85023823316e-07 3.82685 4.09217 -342.255174681 18.5197823824 -0.0427767642177
-115.958 43.9121 -0.00111755475547 0.000287742842318 0.000289961214506 6.40811660354e-05 3.82459 4.13922 -344.656061627 12.3787511406 0.306891198699
-115.133 43.7945 -0.000336992733832 0.000432644063042 -0.000199660155949 0.000331202131765 3.91964 4.22593 11.2160692889 3.51585798444 0.4176449717
-114.117 43.9146 0.000209222070587 0.000524517022106 0.000974560080815 0.000823589321975 4.27954 4.35184 4.00297312524 -3.18175727653 0.55050044427
-113.452 43.9286 0.000284427082738 0.000526083857265 -0.000926052091318 0.00109950959877 4.4311 4.29593 1.56990459207 -4.18212481603 0.569938882133
-112.485 43.9997 0.000307013952582 0.000461362932672 -0.000213999893584 0.000497256398853 4.50524 4.4129 -2.66112327472 -4.55289201117 0.522588994095
-111.487 43.8756 0.000375681788378 0.000886561155204 2.6904179837e-06 5.17064140946e-05 4.39365 4.30705 -4.66084805766 -6.6392817895 0.954478302023
-110.576 43.92 0.000333238208156 0.000868458830685 0.000803964349569 9.16998829899e-05 4.30522 4.25647 -5.40465981916 -6.13527170237 0.92575423769
-109.817 43.7013 0.000259905422954 0.000841784711467 0.000145598112564 -6.46207943644e-06 4.30815 4.29392 -3.44555844932 -4.90925697513 0.878465621585
-118.474 43.358 -0.000906903594527 -0.000397655377365 -0.00273288368939 0.000957852843772 4.30643 4.16013 6.08532201858 10.632171257 -0.553685548106
-117.754 43.3471 -0.00218777119817 -0.00104859385164 -0.000860278457646 0.000254037551798 4.14475 4.13823 12.3887876844 24.8324475545 -1.17798574283
-116.767 43.4275 -0.00222700442597 -0.000761909003267 0.000510065989128 -9.98489890194e-05 3.73905 4.0419 14.7761484822 24.6796503347 -0.771845953892
-115.828 43.4151 -0.00143870611652 -0.000251624183306 -0.000412685225438 0.000100555518932 3.62595 4.00789 -343.506162523 15.8289671291 -0.195734089782
-115.098 43.25 -0.000656412684065 2.83221277831e-05 -0.000456260371042 -0.00123500945785 3.65094 3.93615 -345.474960987 7.30160224461 0.0378511134969
-114.174 43.3979 1.04344222958e-05 0.00066402908719 -0.000201208238749 0.000980496383065 4.10078 4.26435 10.0346973703 -0.48983690882 0.663705274312
-113.518 43.3234 0.000196529283293 0.000895587891963 -0.00015762507103 0.00084316698938 4.1792 4.20229 3.51923198367 -3.70396761894 0.915198122711
-112.433 43.3998 0.000265820615269 0.00101237533542 0.000195942671271 0.000982987635256 4.32905 4.21475 -1.6986618262 -5.46596580419 1.04633705391
-111.612 43.2741 0.00022065254771 0.00138834925196 0.00116081630341 0.000383145915796 4.27657 4.17503 -5.40114185751 -6.7102380845 1.39461053654
-110.02 43.2112 0.000516455254329 0.00106053608285 -0.000596301910855 0.000383689796439 4.25665 4.27352 -3.18691468291 -8.26451486403 1.14831387933
-117.725 42.6996 -0.00119167936197 -0.000942901048784 -0.00190904128727 -0.000893229764345 4.15494 4.0444 5.36686673099 14.9394304338 -1.14373956303
-116.87 42.7779 -0.00247949252533 -0.00122906690897 0.000309375647157 -0.00159125738599 3.91933 4.03195 10.8765149091 28.5452970069 -1.41020693878
-116.032 42.7713 -0.00192611084929 -0.0011071704708 0.000454083109768 -0.00249859659126 3.50432 3.6636 13.4192966416 21.7002451559 -1.14227054323
-114.903 42.636 -0.00145585414995 -0.000210617071261 -0.00266483042785 -0.000665812571753 3.64917 3.84425 -341.652471093 16.0342365944 -0.0884009058618
-114.084 42.6493 -0.000569115786743 0.000534723210986 0.000643544209532 -0.00142268281922 3.74188 3.91911 10.7372997603 6.14497268754 0.512916833241
-113.176 42.5452 -0.000245240596834 0.00133649160509 0.000205226813106 -0.00163108743058 3.86228 4.00283 6.29553775824 1.20598761391 1.30443932653
-112.531 42.6852 -7.22587622046e-05 0.00141280815521 -0.000550672820641 -0.000651357942108 4.0202 4.066 2.22999937949 -1.78932153697 1.38204600272
-111.588 42.8321 0.000292129395935 0.00155081080532 0.00106020097274 0.00015104434196 4.0018 4.15736 -4.27063213247 -7.70574822409 1.57332025825
-110.92 42.7507 0.000682197407746 0.00120799526541 0.000940111009313 -0.000709065539412 4.0212 4.12423 -4.74822617484 -10.9336955611 1.34372665183
-110.042 42.6372 0.000917294426866 0.000997654858213 -0.00293389392224 0.000290256258269 4.14118 4.26398 -1.14801447562 -12.2485674222 1.15108176882
-108.847 42.8247 0.00091323399114 0.000421458834977 0.000359964609116 0.00458413288414 4.26726 4.27216 -5.06502898707 -11.1150053875 0.625262121245
-108.342 42.6579 0.000966566936654 0.000580410090282 0.00773024515094 0.00269942550048 3.99823 4.02936 -9.22384088989 -12.3692603127 0.843035316994
-117.667 42.0192 -0.000763872542788 -0.00078242155014 0.000214624266882 0.000663614150476 4.3667 4.24646 0.534123559066 10.5599956096 -0.956152908723
-116.471 42.0773 -0.00213916576871 -0.000911194556713 -0.000175685154785 0.00108972627714 4.2561 4.10323 5.71263764902 25.312817784 -1.23957589968
-115.754 42.1669 -0.00247471039846 -0.000863427698899 0.000452477333278 0.00193062387483 4.18837 4.30426 12.656909286 28.0321682014 -0.932876940517
-115.016 42.146 -0.00185079721944 -0.000451362044389 -0.00254504950816 0.000417346073067 3.87104 4.11431 -340.866654286 20.2233492312 -0.273263733094
-113.944 42.0886 -0.00149529495346 0.000225646651767 0.000714172679077 -0.000381155721067 3.75129 4.00407 12.1659254029 16.8149011728 0.208928367206
-113.24 42.0343 -0.000747933707296 0.000982123618842 0.000102044938839 -0.000140609612411 3.79809 4.13523 8.20719840798 7.64014272146 0.92717683529
-112.386 42.0041 0.000155376382979 0.00107189745129 -0.000908267826835 -0.00147869424616 3.80452 4.05236 3.65286528895 -3.40095467269 1.08307834331
-111.432 42.0149 0.000597606549084 0.00102917492769 0.000868919311794 4.82392703142e-05 3.9293 4.13216 -3.30930715606 -9.38902282601 1.1435430352
-110.873 42.0995 0.000859614416445 0.000837999877614 -0.000122222872236 0.000649550126261 4.04708 4.19699 -3.9919863608 -11.764461018 1.02417304595
-110.036 41.9243 0.000962810203733 0.000895345569909 0.000281049650843 -0.000921288144298 3.82705 4.00793 -3.96133379318 -13.0019860977 1.09626252417
-109.357 42.1012 0.00139501531469 0.00077516592091 -0.00245608979973 -0.00239050419501 3.78017 3.88763 -2.12037071157 -17.2144429892 1.0305840952
-108.34 42.0073 0.00179223342275 0.000391150383543 0.00597394467902 -0.000952553626667 3.76167 3.85194 -10.6559733072 -20.6991953555 0.949528402708
-107.369 41.9641 0.00190640309986 0.000841007069783 -0.000416504968978 -0.00563930257569 4.04947 3.94966 3.72129790583 -22.2519424996 0.961688408329
-106.434 42.031 0.000551344710007 0.000147589285114 -0.0076127188999 -0.0014185137745 3.98427 3.96264 -350.789347157 -6.1897165601 0.122556569564
-117.45 41.423 -0.000717612910677 7.22022697776e-05 6.56140496513e-06 0.00316894374691 4.47203 4.27706 0.237764074275 7.57563951138 -0.121480722458
-116.54 41.522 -0.00236087763772 -0.000347053011886 -0.000884587041678 0.000913564407898 4.57798 4.27848 7.80191785228 26.8976407095 -0.637768376887
-115.791 41.4311 -0.00240922969741 -0.000639801057006 -0.000379631104669 0.000292488515357 4.21121 4.23884 9.96944083184 27.6959943453 -0.821498894325
-114.915 41.4157 -0.00230810528465 -0.000270446586569 -0.000153377403792 0.00141529913615 4.22653 4.46471 11.3070136399 26.228712394 -0.363737910117
-114.165 41.3602 -0.00180538580642 -9.65335425757e-05 0.000172873292839 0.000209942449538 3.97273 4.182 10.7195459419 20.499797501 -0.16895482529
-113.347 41.503 -0.00110135489111 0.000166587154977 0.000897349193048 -0.000151409284393 3.84892 4.13639 8.52085179116 12.3345848826 0.0927619992215
-112.448 41.4632 -0.000258577910207 0.000316134477398 -0.00136627060963 0.000495967050452 4.12745 4.35168 6.34431314979 2.59514238578 0.291064543598
-111.63 41.3146 0.000493305179795 0.000689773629254 -0.000302921721764 -0.000781586856143 3.87777 3.98911 1.01503309168 -6.88841774576 0.764507987222
-110.666 41.4729 0.000679392446041 0.000775408697265 0.000977451841131 0.00019942953979 3.94858 4.03298 -5.26684439526 -9.80363809712 0.928085432773
-110.067 41.4272 0.0010201516825 0.000510335381717 0.00038553839586 0.000120953928504 3.80978 4.01431 -5.75242093884 -12.7566940207 0.76299974487
-109.157 41.5047 0.00167972592281 0.000215878858586 -0.000283409645088 -0.000827075638575 3.87405 4.11231 -2.17465779125 -19.2702946583 0.534457661675
-108.187 41.4906 0.0017964281348 -8.87386113617e-05 -0.000912661569418 0.000803051594169 4.02362 4.17878 -0.711215775499 -20.1121341966 0.18729688952
-107.364 41.6067 0.00183837112743 0.000772451493513 0.000938587400749 0.00730105445403 6.90158 6.73046 -5.98166234445 -22.4525479503 1.17717045404
-106.596 41.4033 0.000880608954607 0.000333195928238 0.00237123968731 0.00188593241276 4.35299 4.28994 -1.49982066847 -10.5208619985 0.456479852177
-116.508 40.7186 -0.00111276694853 2.888269045e-05 0.00168253136456 0.000594946746946 4.38582 4.1046 -0.449158316119 12.100998439 -0.267810248159
-115.736 40.8167 -0.00231138038318 -0.000236287716915 0.000344372967796 -0.00101308904485 4.12313 4.00614 5.58307083224 26.3771011499 -0.584914446425
-115.039 40.8522 -0.00254931336769 -0.00031079596314 -0.00290900594806 -0.000805120660381 4.10501 4.21421 -343.508666336 28.8034400854 -0.188871787923
-114.204 40.8556 -0.00192156609765 -4.236804099e-06 0.00186830808923 0.000448114951315 4.01131 4.17244 7.43027921701 21.7918754186 -0.193287601665
-113.187 40.8513 -0.00135093283047 0.00026623412926 0.000568958863828 0.00129198044648 3.96677 4.14774 8.00242089565 15.1507603973 0.165563486727
-112.52 40.8903 -0.000361268462217 0.000715883499995 -0.00135603093382 0.0022864830397 4.33713 4.61219 6.1637580042 3.31831323957 0.677720587809
-111.437 40.8869 0.00027586215916 0.000727529925791 0.000178793759867 0.00175589865189 4.01212 4.27579 0.577034980754 -4.58281619069 0.764952278914
-110.834 40.9425 0.00100740684888 0.000838829448349 0.000247908457648 -1.18593751566e-05 3.80419 3.98724 -3.68778542976 -13.5046464974 1.05752886498
-109.673 40.9763 0.0016714164963 0.000133010667953 0.000497889950538 0.000535230133065 3.90291 4.15402 -4.42801512787 -18.9570307966 0.527082606964
-109.177 40.8936 0.00210832570091 -6.54558861677e-05 0.000563690745588 8.43088995849e-05 3.98968 4.19445 -2.28385883145 -23.5740266136 0.346021204434
-108.263 40.8338 0.00189035838713 -0.000256205640017 -0.000809729560116 -0.000109490512724 4.1213 4.15763 1.68975763434 -21.2442912375 -0.040922158295
-107.52 40.76 0.00154260479079 -0.000293381726545 -0.00165710234115 -0.00420997710549 3.90061 3.87107 4.11890002338 -17.5120017599 -0.200153156734
-106.454 40.8023 0.000560982914792 5.37142449767e-05 0.000679662136833 0.00230589050252 4.34188 4.34455 -0.425319476462 -6.48432724859 0.122634144439
-116.5 40.2917 -0.00105701257205 0.000184898579735 0.000333082410414 -0.00116414207608 4.1787 4.10561 2.15616244208 11.2891088917 -0.0542655765465
-115.657 40.1313 -0.0020242660096 3.30706323629e-05 -0.000225063969054 0.00125583931881 4.44886 4.285 4.3839058635 22.7517936386 -0.316048672328
-114.745 40.2679 -0.00248803670048 -0.000102116882627 -0.00104145673691 -0.00106323839354 4.01113 4.10556 9.70263652946 28.4935598658 -0.26883079605
-113.981 40.1314 -0.00215794456507 0.000110799623816 -0.000605128560334 -0.000633963830516 3.91676 4.13256 9.15716665123 24.6273468562 -0.0315103736699
-112.469 40.2807 -0.000859825139384 0.000654385729908 -0.000857495846007 -0.000887595288508 3.80306 4.08776 6.48355972343 9.15512497019 0.573773312628
-111.502 40.2067 0.000562890755877 0.000610244971925 8.23950016459e-05 -0.0011098831686 3.67106 3.94073 0.580518601572 -7.6320715297 0.70112283287
-110.738 40.1948 0.00152525498157 0.000365940803855 0.00108018635203 -0.00049425043287 3.72434 3.96668 -3.86491154389 -18.0755364549 0.7270223365
-110.008 40.2655 0.00194390578529 0.000130284521561 4.48674977588e-05 0.000214556335166 3.91391 4.09516 -2.4870388649 -22.2230644142 0.536079711632
-109.124 40.2982 0.00213219318747 -0.000164003989535 0.000623943279687 0.000723564348042 4.15448 4.29161 -1.00976319648 -23.9026975419 0.205907024222
-108.242 40.1348 0.00187199315879 -0.000369013801566 0.000818921700758 -0.00010623928811 4.1555 4.11149 0.664155688959 -20.9044733582 -0.120786724952
-107.47 40.2149 0.00110958127167 -0.000333866561787 -0.00260180958116 1.77874743209e-05 4.18303 4.06092 3.61636282114 -12.5380226223 -0.257158843236
-116.464 39.6202 -0.00100407213444 -0.00021679076727 -0.000670471744207 0.000187091387135 4.2044 4.08378 1.33147738695 11.7887762464 -0.447724057773
-115.754 39.553 -0.00217905607018 -0.00013799513041 -0.00040748555818 -0.000249089861692 4.21128 4.21355 4.47407102561 24.963213506 -0.512062735813
-114.908 39.4731 -0.00243343484087 5.581732539e-05 -0.000401698038981 0.000672256666101 4.21666 4.35173 5.55992588198 27.6793584826 -0.290442818603
-114.016 39.455 -0.00233714873683 -0.000102161406188 0.000866500056455 -0.000234467952042 3.95324 4.10928 4.56025189895 26.8720463578 -0.443956464232
-113.069 39.5906 -0.00173476531233 6.88966236692e-05 -0.00119169361688 -0.00149526589277 3.76841 4.00075 8.07084931343 19.9297349472 -0.0565269682391
-112.279 39.5708 -0.000316752752487 0.000279166688318 0.000466826562133 -0.00102983123821 3.73683 4.10249 2.83153875591 3.13154539938 0.227859541702
-111.66 39.6092 0.000688230859195 2.6449226171e-05 3.66512290017e-05 -0.000517255367563 3.71677 4.05016 0.843367657538 -7.89376398098 0.14794903973
-110.74 39.473 0.00143087193387 3.37602131543e-05 0.00026843677392 -0.000350742050349 3.84349 4.17938 0.0513354031276 -16.4079907701 0.287607407427
-110.246 39.6279 0.00213094263712 7.43102392669e-06 -0.000159368761886 -0.000180372526612 3.91273 4.22111 0.390640110168 -24.3822766349 0.358426042599
-108.981 39.6333 0.00227577292323 -0.000265759830537 6.00780681084e-06 -0.000529985645852 4.10817 4.18366 -0.356115920681 -25.5928506425 0.100637826762
-108.391 39.4998 0.00205126394059 -0.000415317514115 0.00169128727332 -0.000903511392983 4.09052 3.98132 0.607922202179 -22.996017605 -0.135781105886
-107.449 39.524 0.000904520859485 -0.000381850884166 -0.0027084057893 -0.00022235516445 4.32409 4.25607 3.88281490495 -10.2242737203 -0.323279889492
-117.182 38.834 -0.000517728265733 -0.000564660573076 0.000748845269707 0.00130133058053 4.18569 4.13109 -0.981398644965 7.59275791772 -0.689049934045
-116.4 38.8247 -0.00185403844947 -0.000328002682676 -0.000312771716445 0.000473701662505 4.18181 3.981 1.9333113291 21.7484316843 -0.738256994622
-115.654 38.8455 -0.00253163323086 -0.000495923495137 -0.00102726888353 0.000150549330723 4.11917 4.0775 4.6238804736 29.8682717027 -0.917580428877
-114.83 39.04 -0.00247581887514 -5.08711372292e-06 0.000427198764289 9.29412758249e-05 4.04071 4.21901 3.86078593007 28.2529313517 -0.427621668084
-114.02 38.9551 -0.00217506949795 4.18807267405e-05 0.000903302326515 0.00116764240714 4.0658 4.23856 3.10697856449 24.7754045706 -0.333564442617
-113.277 38.9882 -0.00174216567839 -0.000116831366381 -0.000621467659211 0.00126899570305 4.03464 4.28183 5.42165981098 20.246772374 -0.328107702873
-112.379 38.9995 -0.00066902895731 7.05603009042e-05 -0.000308629363437 0.000397888123563 3.88763 4.1544 4.64959121051 7.6208049875 -0.0117863179917
-111.172 38.9176 0.00107769234243 8.58691396168e-05 0.000607591482827 -0.000281893018817 3.86037 4.08825 0.77287818489 -12.5478209723 0.269952476235
-110.133 39.1025 0.0021074060586 -0.000122555245537 -0.000945536741716 -0.000114972362092 4.08537 4.36777 2.23857159239 -24.1555995842 0.155969031916
-109.263 38.9553 0.00244206275664 -5.59753062821e-05 0.00120631326458 -0.000914893502473 4.0482 4.09208 0.538945829302 -28.112563679 0.307547305051
-108.296 38.9541 0.00196954363611 -0.000172868440004 0.00115204308994 0.000262675511637 4.32697 4.17069 2.2267889414 -22.6905627739 0.0356497924893
-107.574 38.8347 0.00145300935057 -0.000181655594892 -0.00222863265279 0.000773360814285 4.4273 4.09829 -351.385710706 -17.0557676421 -0.205450304288
-106.91 38.8627 0.00036165710825 -0.000470021244526 -0.0021396333623 0.00164774515255 4.46599 4.34465 3.44081967433 -3.87683306306 -0.445872408093
-117.072 38.2397 -0.000834070527434 -0.000265057802737 -0.00021620355994 -0.000409468506705 4.11888 3.93795 0.0965886937506 10.1574422034 -0.47801164725
-116.302 38.2886 -0.00207856502895 -0.000232829119611 0.000441157317948 -0.000233267825087 4.05516 3.96175 0.235069823519 24.0623228909 -0.752896519289
-115.585 38.3489 -0.00243534715247 -0.000403370845822 -0.000307602166605 -0.000764242338519 3.95539 3.98893 3.09011559671 28.7086864934 -0.871211945063
-114.608 38.3281 -0.00332514408462 -0.00035324391981 -0.000813933745069 -0.000725984399584 3.80516 4.01465 6.64046414969 38.9810786837 -0.750756994097
-113.969 38.1802 -0.00217219549939 0.000141022872463 0.000432079572648 -1.01982687091e-05 3.85145 4.12713 2.91799274366 24.703370421 -0.242697708583
-113.021 38.2987 -0.00161616993794 0.000293610066765 -0.000712170646194 0.000865599888606 3.93657 4.24734 5.14044678548 18.3277921712 0.0914959460896
-112.277 38.2108 -0.000353857202913 0.000427987056491 0.0011676680683 0.000708848677393 3.89497 4.21016 1.64486073423 3.21327133538 0.360133206619
-111.483 38.2843 0.000880713026035 0.000260781924011 0.000419546106133 -0.000573539732832 3.97791 4.29003 3.1582538289 -10.6426187053 0.3780380004
-110.711 38.4187 0.00174785239832 0.000215090527895 -0.00087616772981 -5.47975353862e-05 4.07691 4.32253 4.02705948171 -20.6357682519 0.40531999483
-109.894 38.3862 0.00206124819553 6.8240147123e-05 0.000443133410248 0.000264270128964 4.13416 4.28707 1.37376925584 -24.0522602909 0.363812082149
-109.261 38.2916 0.00240205444034 7.86900876082e-05 0.000503601931191 0.00132668922173 4.36788 4.45068 2.77719726905 -28.1636497658 0.343247605602
-108.379 38.1888 0.00207450087495 0.000103224784146 0.000560256860269 0.00132418700829 4.33257 4.23043 3.22496292918 -24.4418585388 0.289095608454
-107.55 38.3685 0.00149997190676 0.000105172652672 -0.00189882814472 0.00042014648514 4.29812 4.12536 5.95584800631 -17.6799285889 0.150072786065
-106.756 38.2289 0.00045299081187 1.15127255997e-05 -0.00127545551366 -0.000775076613752 4.02735 3.9127 2.16853458685 -5.3338459736 0.0496957551765
-117.225 37.7243 -0.000576514461313 1.99860325795e-05 0.0011105066967 0.000640486111746 4.11289 4.00782 -1.93627326098 6.33747044481 -0.155951406159
-116.595 37.923 -0.00184098813583 -0.000267095713663 -0.000193651428353 -0.000531324226334 4.13849 3.8731 -0.200483482221 21.5206299266 -0.746584223762
-115.747 37.6444 -0.00215803881807 -0.000555441308171 6.02683610239e-07 -0.000204890706335 4.07348 4.0779 -0.199239125242 26.0901086213 -1.08594105583
-114.849 37.6083 -0.00317431636717 -0.000893989510465 -0.000640869203757 -0.00093208982826 3.84828 4.14985 2.11984943215 38.5910969977 -1.51790742272
-113.86 37.5808 -0.00246107103624 -0.000542804911002 0.00027777330336 -0.000805881846823 3.53562 3.84981 3.51560495396 29.5840945383 -0.940183269917
-113.168 37.7601 -0.00180600656529 -0.000147093833012 0.000181133902361 -0.00172179115877 3.53636 3.84459 4.97795464498 21.2632028403 -0.379063411112
-112.363 37.6761 -0.00076019055463 0.000121015024021 -0.00138088693765 -9.21348571997e-07 3.73435 4.17416 7.59398766108 8.82302603726 0.0658314474964
-111.596 37.7222 0.000814396410498 2.438680996e-05 0.000854587310757 0.00386082684702 4.39334 5.02545 2.11219806442 -9.52130885734 0.151217984692
-110.802 37.6354 0.00146988676475 0.000262904752991 0.000863465984658 0.00250275799131 4.34309 4.63737 2.99048106717 -17.6048719711 0.45111130758
-109.995 37.6903 0.00233603067088 0.000382953394785 -0.00106145986753 0.000964825269777 4.20153 4.32777 5.97857648726 -27.8251300075 0.536020830569
-109.137 37.7459 0.00217739139445 5.08636686512e-05 0.000773026293544 -1.85579784156e-05 4.17412 4.19755 3.01744761099 -25.6485008877 0.278770749368
-107.792 37.662 0.00114159772859 0.000185796707185 -0.00144212781743 0.000543795964764 4.1406 4.06909 3.04345850587 -13.6568407496 0.281856980044
-115.22 37.2408 -0.00231156663082 -0.000850883309409 0.000415445714866 -0.000513907575858 4.03116 3.93369 -2.58180917105 28.9207730713 -1.47951659188
-114.715 36.7256 -0.00254718618372 -0.000959308770367 -2.94547346336e-06 0.00106727810826 4.04538 4.05447 -4.24749481676 32.1634797441 -1.69920216628
-113.907 37.0195 -0.00255670824852 -0.00111657309357 0.000744353127504 -0.00168874423584 3.62686 3.83429 -0.241797010902 32.4301510914 -1.67474855689
-113.084 37.0615 -0.00237890638526 -0.000674960109975 -0.0010409521759 0.000103688866833 3.62275 3.92972 6.8023694152 28.7742567239 -0.902619069912
-112.382 37.0183 -0.000894170544003 -0.00069534829527 -0.00156020038463 0.000907287965983 3.59314 3.92759 8.63223030034 11.0274522158 -0.743533494041
-111.506 36.9839 0.000381791369185 -3.57258943912e-06 0.00156724115716 -0.00255395488287 3.65659 3.97313 4.90642744641 -4.49837105478 0.0373670113175
-110.804 36.9969 0.0014906355715 0.000241370837322 -0.000698188243747 -0.000847034652975 3.7654 4.06271 7.52199442566 -17.8218312072 0.317714358324
-109.874 37.1364 0.0025052707337 0.000589076861658 0.000923242689649 -0.000415502861249 3.96582 4.08292 3.7487003606 -30.3056544888 0.844892534063
-109.025 36.8299 0.00199323684598 0.000130553942017 -0.000237466277112 -0.000883811210058 4.00426 4.02608 4.90376105653 -23.8051023121 0.271979594009
-116.33 36.4193 -0.000602914111938 -0.000198288371521 0.000676232833988 0.00242209415287 4.20068 4.05763 -1.99014884175 7.5047292115 -0.36670560046
-115.383 36.423 -0.00206959754559 -0.000740988814281 0.000216668048505 0.00108056063701 4.31118 4.13823 -5.27786331164 26.0439334997 -1.39224034102
-114.539 36.4321 -0.0026763968573 -0.000979206441405 -0.000351707833309 -0.00080114026696 3.96069 3.95688 -4.55350330157 33.7945138461 -1.76515545399
-113.965 36.4151 -0.00318482316066 -0.00138517050108 0.00179869539756 0.0014936685205 4.07072 4.32528 -6.40070196619 41.1557057806 -2.37090438781
-113.18 36.4182 -0.00232827924728 -0.00137603253654 -0.00132400318471 -0.000563444330395 3.79726 4.09759 2.2285837268 30.1647150633 -1.76888908915
-112.291 36.428 -0.0012430329932 -0.000782614236682 0.000464050776828 -0.00310197373872 3.29362 3.51822 5.78563297965 15.6918655102 -0.907541199587
-111.13 36.1428 0.000829243495965 -0.000540238666885 -0.000753887816074 -0.000828072491277 3.67773 4.00938 10.0090704804 -9.82883370325 -0.528842620072
-110.662 36.5996 0.00133221255243 -0.000428281240536 -0.000853343193198 -0.00138900496087 3.68078 4.01547 9.4018734204 -15.7888225782 -0.405617284589
-109.87 36.4199 0.00210747967302 -4.93530971455e-05 1.01777745999e-05 -0.00182377278664 3.86741 4.37843 -350.16726498 -25.1861636964 -0.0536467928668
-109.208 36.2925 0.00324805287338 3.15684498133e-05 0.00140608903365 -0.00051730046442 3.96036 4.24143 8.54032573673 -38.893671506 0.066864807142
-108.52 36.3758 0.00170296090807 -0.000309418426581 -0.0021192039415 -3.64845175981e-06 4.22335 3.92578 7.76249334333 -20.3368656833 -0.28517898663
-115.43 35.8384 -0.00106669593547 -0.000334692099588 0.00160366289976 0.0020591413513 4.22894 4.02907 -3.96863833368 13.3125268197 -0.65383403926
-114.851 35.7266 -0.0018885529083 -0.000808547863719 0.00156237109933 -6.76401625975e-05 4.19064 3.91918 -8.56180019875 24.5153551558 -1.46953835002
-113.984 35.8522 -0.002836098135 -0.0011480660372 0.00070806265105 -0.000536760754504 3.96006 4.04509 -7.89113786332 36.5239721924 -2.09177215975
-113.105 35.6339 -0.00218675408018 -0.00123446666928 -0.00123326936477 0.00211321091323 3.90537 4.10263 -3.86604664067 29.3011659609 -1.8000961392
-112.173 35.8191 -0.0015431615553 -0.0010241322174 0.00176824018875 0.000436221263661 3.65128 3.96401 0.820742757746 20.4647133599 -1.29675103083
-110.794 35.6218 0.00103033262647 -0.000561313997695 -0.0028368939107 0.000625744613432 3.91688 4.17645 -346.217242491 -12.7493926244 -0.618680236282
-109.933 35.7113 0.0018607359252 -0.000425394633282 0.0015060151999 0.00284547469782 4.37721 4.7919 -348.366195704 -22.5303421618 -0.484463393664
-109.046 35.7147 0.00294564416606 -9.00277297049e-05 0.000648102874425 0.000111142087312 4.13812 4.42617 -346.733322478 -35.4479422013 -0.30606586214
-108.466 35.7992 0.00215059981282 -4.98895604523e-06 -0.00124434060732 0.000352200074645 4.3027 4.02834 -345.929643724 -25.7754370623 -0.211516042328
-107.638 35.8054 0.000714546841474 -0.000162608615508 -0.00238717100406 0.00225765703182 4.43182 4.18766 7.79556400937 -8.60700064938 -0.161879764425
-114.87 35.301 -0.00111490020196 -0.000230091747452 0.00270847943568 0.00172171970144 4.18524 3.97563 -7.13172350494 13.4524217999 -0.616221290692
-113.885 35.099 -0.00191238215192 -0.00112002419982 0.00299020246571 -0.000131759422704 3.96554 3.97159 -10.5844380872 26.4676813483 -1.79556792577
-113.083 35.2127 -0.00217081394102 -0.00128268005435 -0.00237449767021 -0.00213480496477 3.92967 4.04305 -2.90871798994 29.2662160446 -1.81321256908
-112.267 35.1787 -0.00175112937879 -0.00164639376124 0.00114338910247 0.00255810859351 4.16333 4.60277 -4.44086754509 25.8002325159 -2.0706766779
-111.532 35.0951 -0.000689121977003 -0.00167134409865 0.00174472258611 -0.000676041375758 3.56458 3.98458 4.30393699223 10.6767450099 -1.74196952824
-110.713 35.0789 0.00105109377205 -0.000679048415384 -0.00142328777638 0.000148214912279 3.99836 4.40845 -344.436971932 -13.3747257325 -0.769056204038
-109.736 35.1181 0.00103104408362 -0.000372045862656 -0.0057503682235 -0.000307043729311 3.77731 4.89731 -341.146072943 -13.0282853037 -0.531752025448
-109.388 35.1118 0.00265425126628 -0.000147110099282 0.00451965969155 0.000837162860247 4.01974 4.49573 -347.3400381 -32.1672682269 -0.298777866879
-108.5 35.1259 0.00228591413967 0.000295968399867 -0.000985478677236 0.000405096952456 4.19961 4.05166 -345.180777273 -27.13754255 0.0474717211171
-107.648 35.117 0.00179823022012 0.000111981704741 -0.00166917144812 0.000368092298812 4.34689 4.13714 -347.451543973 -21.6191954803 -0.0342758111087
-106.867 35.0719 0.000521970731782 8.35142968476e-05 -0.000987246624948 0.00231218037617 4.44453 4.34864 2.63212261988 -6.3965427306 0.125078787437
-113.83 34.5935 -0.00131184311115 -0.000610097682594 0.00608336443636 0.000530052836236 4.20578 4.04137 -13.2286072627 17.4686407375 -1.12969397325
-112.891 34.4692 -0.00151250584855 -0.000869010767403 -0.00406183988584 -0.00197283466431 3.8986 4.00062 -3.08478408531 20.4608857099 -1.24100130178
-112.237 34.4866 -0.00103330107329 -0.0015553196741 0.00246734017164 -0.00145501652026 3.7616 3.8772 -7.31764334387 18.0163728126 -1.80823287478
-111.441 34.4178 -0.000664156770195 -0.00170669459096 0.00177903374191 0.000671535564289 4.07439 4.24669 -0.99626164778 12.2501748767 -1.80831280518
-110.806 34.3371 -0.000116289889569 -0.00164757762172 -0.00114938936059 -0.00103151501063 3.87434 4.0677 -344.068668038 -0.442434544085 -1.62979508911
-109.95 34.5293 0.00117011501578 -0.000787494770703 -0.00143644854003 -0.000944109982707 3.68778 3.9389 -340.225494868 -15.6555639124 -0.976634594408
-109.29 34.4275 0.00188741654675 -0.000185791682459 0.00111910371744 -0.000752987636115 3.6942 3.886 -341.4179594 -23.0479449277 -0.486669215747
-108.498 34.5421 0.0021936029484 0.000482499574005 0.00114510086255 -0.000970426814031 3.9806 4.04243 -344.807175489 -25.8654466535 0.229444177555
-107.786 34.4457 0.00172991366209 0.000351709916707 -0.00228966829993 -0.00119186985637 4.05416 3.90656 -343.422933499 -20.2279358935 0.0911932879499
-107.01 34.5058 0.000684206231762 0.000721293215152 -0.00241262532173 -0.000461293879944 4.39541 4.17787 6.17781331775 -8.52867273474 0.735454461947
-114.524 33.7503 -0.000325588928192 -0.000125990711148 -0.000220000611386 0.00189617036846 4.24994 4.19816 -2.92309803029 4.23066361393 -0.214426192795
-113.829 33.8142 -0.00139195640355 -0.000219918097825 0.00214007697045 0.00301537227471 4.23032 4.24039 -15.7861655611 16.1021555721 -0.867433780338
-113.005 33.9383 -0.00145592334277 -0.000990620590823 0.00223676429511 0.00196161845265 4.11206 4.2809 -19.3758238177 21.4059455643 -1.61035991366
-112.333 33.9535 -0.000613081486691 -0.00110095244327 -0.00190482970854 -0.00181160351652 3.97441 3.97338 -3.21613584252 10.7137618384 -1.22302251317
-111.478 33.8798 -0.000458780598898 -0.00149396343594 0.0003555664951 0.000154063854473 4.2511 4.22533 -0.442608549525 9.17083164782 -1.55589809715
-110.844 33.6953 -0.000168132376312 -0.00123212949803 0.000620886900768 0.00140134497703 4.33471 4.41307 9.87961216202 2.27431372596 -1.23443150947
-109.254 33.9571 0.00115957111365 -0.000372027085433 -9.65620396936e-05 -0.000775719061874 3.77044 3.95229 -340.330609458 -14.7666060797 -0.574066762663
-108.377 33.9085 0.00184930269117 0.000231866270842 0.000175774846055 0.000145257229817 4.01425 4.10569 -341.316631336 -21.7991090945 -0.0960775398117
-107.674 34.0087 0.00153933381512 0.000421812656351 -0.00252816163865 -0.000131848511009 4.12518 4.06282 -344.362180607 -17.9919829305 0.212703499335
-106.921 34.0739 0.000649341211807 0.000620296926747 -0.0026962677296 -0.000186357094932 4.02955 4.03394 5.88714512074 -8.14008878459 0.636340024845
-113.657 33.1999 -0.000791490704043 -0.000623356892806 0.00151069912577 -0.000793524104005 3.92536 3.89011 -7.62570915161 11.7557452426 -0.863410905948
-112.946 33.3627 -0.00106291882125 -0.000790333183627 0.00194850084884 0.00208874604354 4.10673 4.12126 -18.7705618648 16.1278658891 -1.22741444219
-112.158 33.2893 -0.000601144227638 -0.000805244181327 0.00358378824385 0.00229316832532 4.21523 4.25797 -17.3001702197 11.2390333691 -0.996085929757
-111.427 33.341 -0.000433950661547 -0.00105634328631 -0.00301040594987 -0.00103477320239 4.23688 4.23184 4.76381377442 6.74492577858 -1.09848804541
-110.472 33.2969 -0.000219291828384 -0.00104611968677 -0.00013929954697 -0.000799474382984 3.9555 4.03391 10.2791894085 2.72421593157 -1.04664411161
-110.036 33.0851 0.000151834673129 -0.000841487317066 4.35747466271e-05 -8.97458515853e-05 3.9002 4.00999 -345.857631501 -2.60278325026 -0.850166221265
-109.266 33.2921 0.000672201946037 -0.000631544730241 -0.000372241254038 0.00126592632169 3.99996 4.17563 -338.059878321 -9.76054262353 -0.762592402257
-108.592 33.1132 0.00135147366533 -0.000238408936064 0.000575242837242 0.00112423011578 4.01824 4.23446 -338.697619877 -16.9065484239 -0.525057255321
-107.671 33.3086 0.00102233498041 0.000187178873495 -0.0035476242063 9.45534822522e-05 4.11266 4.12289 -347.076775205 -12.3532507853 0.0988590500108
