-113.767 32.7683 -0.00107486548356 -0.00030088679921 0.00197663679373 -0.00434283947626 3.57679 3.57466 -0.575324269984 13.6961847166 -0.549225983929
-112.883 32.7513 -0.00238785827176 -0.000133033008853 -0.00244251048272 -0.00209099889344 3.89469 4.05558 2.69480675812 29.2118540083 -0.538308547944
-112.228 32.7006 -0.00212716410162 -0.000310709283654 0.000284940288327 -0.00112601814414 4.02003 4.655 -0.443005086915 26.4069220951 -0.760343887139
-111.704 32.5618 -0.000397933201471 0.000162616852817 0.0010432732151 -0.00051685038771 3.95852 4.69719 -0.623155705379 4.37836795509 0.0752415347898
-110.739 32.5716 0.000794037723658 -3.85163289434e-05 0.000483556826162 0.000488712528799 4.16351 4.48763 7.00000901708 -9.76044100559 0.0127494235422
-109.97 32.6399 0.00138904477467 0.000334400254934 0.000636290237429 0.000970130137071 4.37759 4.43642 -347.04612226 -16.9380160898 0.263110938717
-109.303 32.7663 0.00264686050386 0.000543869807378 -0.00151876641319 -0.00137863517101 3.93312 4.38086 -341.74705019 -31.29692381 0.132255146348
-108.633 32.5466 0.00261854569895 0.00049855248422 9.7133263961e-05 -0.00148925868038 4.02064 4.25504 -347.103674692 -31.9384527748 0.314015712267
-107.785 32.5324 0.00193814555468 0.000288313111637 0.000309766044645 -0.00011220533636 4.14374 4.18022 -351.092725557 -23.9948631715 0.262570664674
-107.001 32.6995 0.00115978127328 0.000154308793121 -0.000715627625415 4.01848283592e-05 4.26467 5.15789 -351.127892398 -14.3266434618 0.125620032392
-105.454 32.7001 0.000385223207659 2.29756646434e-05 -0.000293339832515 -0.000109635602161 4.10969 5.51839 -353.564111484 -4.78061530697 0.0207842216223
-104.657 32.6588 -0.000129854150458 0.000161979868429 -5.44514275365e-05 0.000662690542673 4.14398 4.85637 -352.367716101 1.69028622825 0.166882551781
-104.02 32.6462 -0.000228780644364 0.000134575380064 -0.001476912123 0.000299678287955 4.1235 5.24487 -351.208333851 2.95253479411 0.149953035697
-103.357 32.6764 -1.18284246837e-05 8.40695514897e-05 -0.000388060453074 0.000408338518928 4.07919 4.16289 2.00291171789 0.105504840537 0.083534255558
-111.457 32.0022 -0.000588968859375 -0.000402342947145 -0.00230011649752 -0.00224764448578 3.89416 4.05967 5.33813431005 7.78952906983 -0.461872387272
-110.816 31.7748 0.000616630144307 2.09127614688e-06 -9.12428008523e-05 -0.00229103281633 4.00948 4.15542 7.89737377075 -7.66345343735 0.033539628639
-110.046 31.9737 0.00150826033709 0.000239562738862 0.00169614490497 -0.00244854241332 3.81098 4.06674 -348.764019658 -18.6925176555 0.210722764371
-109.259 31.9989 0.00199037548818 0.000165660871533 -0.000340512227931 -0.000947306434749 3.93369 4.06984 -344.507454081 -24.4129721459 -0.0444666127134
-108.527 31.9041 0.00236605561612 0.000474692451109 -0.00192762898983 0.000502964394602 4.07065 4.26834 -344.198785419 -28.5556131904 0.183971413079
-107.778 32.0094 0.00189056378279 0.000309891514294 -0.000364236892466 0.000955540930945 4.10126 4.01506 -350.097959448 -23.4354280481 0.252640393572
-107.101 32.1046 0.00123612236941 0.000354020858784 -0.000381320021196 0.00072235804085 4.2169 3.79528 -349.512918505 -15.1601330708 0.290786179495
-105.523 32.076 0.000289222155986 0.000460764848359 -0.000326766752422 0.00101830031218 4.41531 3.97735 5.73604370101 -3.65627032933 0.463071780244
-109.991 31.439 0.00113095883654 -0.000139612984436 0.0014246963153 -0.00137766778215 4.02862 4.15532 9.9831368179 -14.124150225 -0.136674112808
-109.281 31.3757 0.00173090004977 3.73304596248e-05 -0.0034435933098 -5.21945113424e-05 4.07337 4.18415 -337.573211977 -21.0040108434 -0.350236228349
-108.528 31.3369 0.00169018814787 3.60823695269e-05 -0.00431010044363 -0.00125665354631 4.05313 4.09118 -344.985370163 -21.0023183046 -0.145128436036
-105.483 31.4425 5.59938085469e-05 0.000239280631166 -0.00133998673985 0.000836902730109 4.30317 4.35809 -353.575512111 -0.690580565918 0.23904946846
-104.971 31.3711 0.000129340617096 3.33142301244e-05 0.000547135320369 0.000416889951957 4.3112 4.39896 5.45599867554 -1.62732472943 0.0339594374061
-103.979 31.3165 -1.24881275808e-05 0.000113390433478 -6.31104149278e-05 0.000366090878694 4.26503 4.32601 -352.982514662 0.210498430053 0.113779038522
-103.492 31.3691 -4.31394383245e-05 0.000162614907337 -0.00200371195217 -0.000340013164627 4.25386 4.35513 -353.863267861 0.603087789562 0.163823608483
-104.986 30.7862 -6.45111594182e-05 -0.000248382383631 -0.00172551350741 -0.000691563732034 4.20002 4.21356 4.36967492637 0.891739715394 -0.249894911308
-104.029 30.6689 -0.000153433147239 -0.000195690177105 -0.000187407339159 -0.000942790075198 4.24174 4.28161 -352.190970339 1.81467161987 -0.187756550915
-103.402 30.8498 -4.98274877314e-05 -0.000104801295917 -0.00101791673836 0.000169673481177 4.37744 4.44816 -350.796448157 0.515880396918 -0.100233119528
-102.685 30.7263 9.28246766185e-06 4.1406311465e-07 -0.00234588950253 0.0013979715688 4.40595 4.45032 -355.07108563 -0.117333626635 0.00022121010222
-104.09 30.0609 -3.69486106564e-05 -0.000240824043789 -0.00106731031269 0.0007408817232 4.39418 4.34703 -353.242374638 0.376505052855 -0.239588291297
-103.612 30.1456 -0.000224862654206 -0.000282763693894 -0.0016782121471 0.000402870518689 4.42997 4.39427 -348.07537607 2.3759466675 -0.251720496297
-102.788 30.1615 -0.000104479290991 -0.000146077583708 -0.00245771290125 0.00133168174844 4.47744 4.49613 -353.674480714 1.24707978546 -0.141424671464
-104.133 29.554 -5.0351612625e-05 -7.85751167745e-05 -0.00331785288138 0.00081686562217 4.22962 4.24103 -351.741094345 0.586419212119 -0.0756562939884
-103.389 29.4528 -0.000167995792594 -7.09722586135e-05 -0.00303176978673 0.00179554516435 4.19658 4.07094 -348.000687958 2.01008407356 -0.0481631013414
-102.888 29.4862 -0.0001806086477 -0.000128724679314 -0.00130070890219 0.00156892934693 4.19688 4.19141 3.50103069522 2.32319751846 -0.130164169874
-122.085 48.9983 -1.46253902143e-05 -3.7892659908e-05 -0.00260075643562 0.000705872628252 4.20395 4.22857 5.46920100819 0.239494699028 -0.0402702319871
-121.48 49.0983 0.000242731694788 1.68565869138e-05 -0.0027902171157 -0.000691797243446 4.04204 4.0867 17.348530122 -2.5172361944 0.0221581847137
-120.384 49.048 0.000375091755333 7.01566189262e-05 -0.00093695549929 -0.00108430068093 3.99961 4.00873 14.9979338544 -3.92658274698 0.0879882085669
-119.272 48.9534 0.000475917996128 0.000181433890903 0.000448847293323 -0.000140106118655 4.12933 4.15251 12.6178795003 -5.08597367108 0.216100875172
-118.585 48.9752 0.000574885105953 0.000187724199126 0.000852408897683 0.00122362734297 4.24801 4.23975 10.9432167593 -6.15491386523 0.240651569264
-117.559 48.9813 0.000189567016599 0.000173611631442 -0.0015526076862 0.00134519592675 4.37014 4.27469 11.9066480537 -2.09114414154 0.185117134383
-116.363 48.958 -0.000395875709611 0.000146944217876 -0.000549674059374 -0.000142373989555 4.3062 3.98859 8.81643824817 3.97414905416 0.106774167627
-115.653 48.9339 -0.00133986686489 -5.97679030621e-05 0.00074322205607 0.000797418918486 4.41482 4.0735 5.248400565 13.9929480739 -0.26213065046
-114.413 48.933 -0.00171813168685 -8.72037940639e-05 -0.00106105680396 0.000812951779343 4.35301 4.34515 5.80072233172 18.0393689125 -0.300917412782
-113.422 48.9725 -0.00218920904509 0.000299613788346 -0.00101868018237 0.00231183304878 4.36593 4.49119 3.42203303057 22.2967469786 -0.0368247635322
-112.733 48.9777 -0.00187027161279 0.000281283754822 0.000441234719794 0.00164724962712 4.17353 4.36853 -2.89775003737 18.3342450112 -0.196340181916
-111.597 48.9482 -0.000847432397765 0.000420609123537 -1.28528918858e-05 -0.00107568507563 3.84538 4.04753 -5.07853513138 7.40116678538 0.174391854253
-110.699 48.9448 0.000632230801278 9.90106669773e-05 0.00239225034587 -0.00170682479711 3.71289 3.96636 -6.69687215212 -6.70057969601 0.276169013175
-109.846 48.9198 0.000853330212423 -0.000400769456431 -0.00294591312393 0.000248421494928 3.99993 3.98884 1.41016211526 -8.36346760083 -0.280201400368
-121.484 48.5183 7.43609552443e-05 -0.000396538465695 -0.0028743009763 -0.000267099370431 4.20038 4.27818 10.9218526293 -0.214626761111 -0.38301256929
-120.12 48.4607 0.000245965047613 1.27525438975e-05 -0.00036441844058 -0.00126839662132 3.94838 4.012 15.8935317889 -2.57447832507 0.0198015751947
-119.333 48.3584 0.000331746567666 0.000145262499623 -0.000888582512608 -0.000294809104992 4.07252 4.08818 16.8415929714 -3.47987306015 0.145693198906
-118.149 48.4226 0.000348427217178 0.000387753646582 0.000182982460493 0.00159585310737 4.47889 4.42795 13.5079141157 -3.83069309279 0.402375102342
-117.225 48.2995 -1.96932166239e-06 0.000661775013296 0.00012549936749 0.00152414072862 4.6677 4.47121 10.5653203439 -0.547042599361 0.659416048651
-116.367 48.4366 -0.000435076863506 0.000703569529077 -0.000647807550832 0.00116719685712 4.68708 4.35748 9.87117703779 3.96373697187 0.665752816791
-115.589 48.4694 -0.00116302399122 0.000736264232739 -0.000310418938585 0.00173504288617 4.81173 4.45404 6.47886389327 11.1549402633 0.579377979733
-114.468 48.3739 -0.00162886382006 0.000140228316064 8.71661746083e-05 0.000647040624078 4.56952 4.35568 3.61970326414 16.7509428425 -0.127812626879
-113.273 48.3609 -0.00231917000788 5.14962980472e-05 -0.000671092843765 -0.00262435813236 3.9611 4.05696 1.34590489738 24.0421842205 -0.38059441328
-112.562 48.3129 -0.00172527006894 3.49365380766e-05 -0.000224478945265 -0.000261941349753 3.99598 4.38669 -4.6237162796 17.4852453941 -0.445217304833
-111.707 48.4128 -0.000726569337927 -0.000220982397877 0.00236093018359 9.89035842472e-05 3.84096 4.35829 -8.79613189272 8.05062037798 -0.451801813445
-110.799 48.2921 0.00107185366397 -0.00116953773217 0.00033721298049 -0.000512122956429 4.0298 4.27271 -1.95898248343 -8.56148906518 -0.920701655415
-109.777 48.3943 0.000635447578665 -0.000389065698676 -0.00279135397509 -0.000904410108555 4.05984 4.08353 2.52756238729 -6.23141930304 -0.312253521054
-120.894 47.923 -8.28250312286e-05 -0.000298828288445 -0.0011430793309 -7.5336200318e-05 4.08157 4.13544 11.0112302791 1.25292502425 -0.306814915129
-120.061 47.6902 1.52111344975e-05 -0.000239284384812 -0.000373233056844 0.000988866757784 4.18859 4.25371 15.1677634695 -0.0571114893427 -0.238462818203
-119.045 47.7849 0.000167695957989 0.000145941556084 -0.000772348458101 0.000213901659946 4.12778 4.16345 -341.648171263 -1.72423296195 0.141049929269
-118.274 47.8006 5.9922453106e-05 0.000494351584672 -0.000266074296971 8.52137103548e-05 4.16966 4.14019 -343.667545675 -0.610632384648 0.494089259331
-117.308 47.8192 -0.000173543129424 0.000870925944113 -0.000792358444484 0.000247379398266 4.36835 4.27483 14.6631221028 1.7317694441 0.868898347755
-116.256 47.8397 -0.000578728240816 0.00102614510002 -0.000222428925182 0.00183212009702 4.68477 4.52537 10.2611092155 5.31972714635 0.980880338917
-115.475 47.7092 -0.000904708840643 0.001100591498 0.000128709373681 0.000864470683453 4.54898 4.39224 5.27610941898 7.76503587512 0.953431931002
-114.574 47.6795 -0.0011418545459 0.000878036504061 0.00103251936298 0.000544775811394 4.47702 4.2851 -1.97242378061 9.30397246017 0.550345041955
-113.747 47.7687 -0.00192910351905 0.000456156139853 0.000792385811238 -0.000146596366802 4.24179 4.21589 -3.38010637536 18.4431297276 -0.0875831315831
-112.607 47.775 -0.00169513650872 -0.000183052206917 -0.00223693999048 -0.0014976658777 3.9235 4.08516 -0.366442171957 18.0995749112 -0.528703272579
-111.746 47.8012 0.000201597347565 -0.00122829526828 0.00293855166797 -0.0012618887295 3.92371 4.21154 -8.27265433308 2.25990860124 -1.09461017891
-110.763 47.6327 0.000501863021333 -0.00124274829301 -0.000105538228847 0.00138315997047 4.36823 4.3699 -2.90049372367 -2.25719767129 -1.09875955244
-122.803 47.1109 -0.000271500026102 -0.000222341842693 8.90012819812e-05 0.00102869655217 4.06515 4.0547 0.339167808479 3.47443313612 -0.29973994403
-121.989 47.1881 -0.000490189171478 -0.000258572274202 0.000362789511716 0.000459226778677 4.15097 4.16901 5.73583336233 5.65857269822 -0.364479050577
-120.844 47.1935 -0.000198960750152 -0.000380404690105 -0.000869028797503 -4.46027920607e-05 4.11613 4.14122 12.269169034 2.50422090948 -0.398768724025
-119.973 47.1936 -0.00018790327445 -0.000276841979715 -0.000690856510446 -0.000236233264462 4.10908 4.09901 15.8782186786 2.07035859502 -0.281901312335
-118.921 47.0573 -0.000566092081151 -4.86592035919e-05 0.00014054429332 -0.00101924860513 3.96696 4.02977 -343.110910484 6.01563859378 -0.0460099104248
-118.309 47.0615 -0.000426438907147 0.000199481216334 -9.53412713791e-05 -0.00122444356244 3.91875 3.95053 -342.829588092 4.57650662161 0.207161929164
-117.276 47.0547 -0.000523797152886 0.000942523527071 -0.000929979754528 -0.00113692866399 3.97834 3.99149 -343.759934924 5.74922204647 0.950910493217
-116.335 47.0477 -0.000789896540491 0.00125312208531 -0.00074980674061 -0.00212144791894 3.92036 3.91624 12.4796664615 7.94908764564 1.22368065852
-115.353 47.0528 -0.00102604472353 0.00114894878154 0.000594867509335 -0.0013104934323 3.9365 3.98697 7.1987005019 9.50240707242 1.02404060528
-114.459 47.0943 -0.0010084214272 0.00138215756417 -0.00128862631309 0.00107348339021 4.40781 4.39781 2.17142590217 7.81609121027 1.16708906287
-113.506 47.0816 -0.0010722584892 0.000826919567808 0.00145884267675 0.00276519757717 4.4659 4.51191 -8.78032938595 7.54919798952 0.386411860394
-112.52 47.0418 -0.000239169738566 -0.000321359980542 0.00205332010378 -0.00031985983478 3.99817 4.11284 -9.2669094517 3.62830040095 -0.385248637737
-111.549 47.0308 0.000420752755193 -0.000864068285124 -0.0017981960022 0.00116607221842 4.37347 4.43652 -2.80994060544 -2.23207133153 -0.7419185542
-110.687 47.1523 0.000476508340989 -0.000786700409517 -2.23331011592e-05 2.94001975449e-05 4.33487 4.25707 -1.9801342249 -3.26099337069 -0.670743618595
-109.802 47.1961 4.22879444131e-05 -0.000544369626201 -0.000338035571726 0.00180453208275 4.46532 4.42642 -0.427058649311 0.538721454507 -0.52946647931
-123.563 46.5459 -0.000103533031029 -8.74079577997e-05 0.000271340778637 0.00113005056941 4.08717 4.08735 -0.21773258977 1.34917335983 -0.118153484078
-120.979 46.5433 -0.000309992636845 -0.000385432234269 -0.000669412848983 -0.00011198991804 4.14201 4.14295 9.53803468229 3.88213755319 -0.428021183744
-119.855 46.5585 -0.000270874072789 -0.000218576931172 -0.000322752498098 -0.000618719116622 4.06654 4.0242 14.7121749181 2.99369038396 -0.230938912436
-119.06 46.4911 -0.000484435903059 -0.000193358580825 -0.000304888220051 0.000778588828166 4.22034 4.14943 16.071032083 5.20188770212 -0.199077130486
-118.146 46.5139 -0.000964317006988 8.86517327464e-05 -0.000181320210694 1.39819734077e-05 4.02719 3.98399 -343.678616139 10.3284415468 0.0937229260198
-117.11 46.485 -0.00115963559796 0.000660128428426 -2.96042639057e-05 -0.00108212876626 3.78386 3.84815 15.0391384253 12.4238240211 0.657011976889
-116.209 46.3559 -0.000854438389379 0.000825284847603 -0.000958686418819 -0.00129459770271 3.86639 4.06264 12.3984752569 8.86719312165 0.793782959502
-114.188 46.4423 -0.000845371207604 0.000731357855688 -0.000830464670138 -0.00155650161399 3.86893 4.01926 3.79840683041 7.76633749365 0.589336205194
-113.493 46.4162 -0.000359443454225 0.00040154632811 0.00154310978229 -0.000979459884432 3.90558 4.10524 -7.75927604781 2.16117652441 0.254034297125
-112.641 46.4246 0.000339702395859 -3.83523365986e-05 0.00084772736778 0.00223133473548 4.39269 4.63524 -9.09269565361 -3.29067106103 0.0841286316395
-111.676 46.5336 0.000595626976126 -0.000524543723234 -0.000920024961992 4.78051777371e-05 4.34129 4.36857 -3.23461135232 -4.87384700775 -0.364318421748
-110.858 46.462 0.000421814000101 -0.000568503914772 8.72712189701e-05 0.000111200771158 4.38191 4.30672 -2.09721255879 -3.16083226128 -0.466123314938
-109.914 46.5663 0.000126621934093 -0.000613519282532 0.000441643304837 -0.000930418511427 4.32703 4.31242 -1.06633887093 -0.144557152301 -0.580412464417
-122.419 45.9325 -0.000264984649768 -0.000322890837013 0.00131168390689 0.000978276819104 4.13103 4.09941 1.7748254197 3.7379211436 -0.388035453546
-120.782 45.7664 -0.000396370128608 -0.000374145332974 -0.000525076380185 0.000858127015023 4.20397 4.18731 9.44196072932 4.8091743958 -0.429778322517
-119.928 45.8951 -0.000426838902251 -0.00025198732456 -0.00211678304061 0.0015214948978 4.25361 4.18278 16.5492306343 4.62319357955 -0.258725444234
-118.777 45.7971 -0.000912198683625 9.46473086699e-05 -0.00100341983429 0.00125948905338 4.19817 4.12809 15.5616045147 9.80403090674 0.078945730907
-117.909 45.7087 -0.00122311338869 0.000287720374933 0.00226778324176 0.000899014421127 4.19229 4.20442 10.6399664603 12.8683445181 0.175290710016
-117.228 45.9734 -0.00114250661095 0.000170806893799 -0.000581094308502 -0.000409144992742 3.97393 4.05308 14.6508632929 12.2972830506 0.157772204276
-116.155 45.8883 -0.000992580756534 5.63215965856e-05 -0.00174776029987 0.00104505510314 4.14868 4.27499 13.0517577949 10.7146809363 0.0321537293857
-115.255 45.7565 -0.000983339199941 0.00040725138312 0.00141903383641 -0.00124169681177 3.88854 4.00865 5.9748736329 9.97037471554 0.270907066922
-114.332 45.7893 -0.000599345827193 0.000195238286808 -0.00105682363086 -0.00093081644503 3.77929 3.95959 4.54577909371 6.12576462615 0.105207551568
-113.37 45.8122 0.000110730027772 0.000102753729138 -0.00015186117031 -0.000794507757208 3.86578 4.04404 -0.482730411658 -1.41962595928 0.124560616443
-112.493 45.8409 0.000595801700118 -0.000307553513186 0.00117929378028 -0.00116013319412 3.95955 4.01706 -5.28843667834 -5.24109306334 -0.122457939612
-111.626 45.7843 0.000768122077645 -0.00025526281618 0.000378611116728 0.000378669997447 4.33765 4.29316 -3.55556172411 -7.42272491621 -0.0570144317558
-110.659 45.9054 0.000523635530932 -0.000238969821809 0.000201358331635 -0.0011716413833 4.33732 4.09115 -1.81356649908 -5.05401164148 -0.126725024728
-109.716 45.9046 -2.93756660791e-06 -0.000311646368827 -0.000407094538848 -0.000913918723794 4.37617 4.14826 -0.663588017068 0.615889209401 -0.307517352085
-122.478 45.2059 -0.000136088782706 -0.000118026643096 0.00174256845099 -0.00159166899248 3.94215 3.92218 0.513737098999 1.79478753546 -0.155879339171
-121.317 45.2422 -0.00039474453623 -0.000228935884801 -0.001470446361 -0.000873386606562 4.13548 4.10406 8.17642260808 4.625822818 -0.296467521517
-120.635 45.2357 -0.000567645380754 -0.000424325892456 -0.000372223903635 -0.000367204614383 4.14563 4.12075 12.273625464 6.55114120031 -0.479238775102
-119.669 45.2664 -0.000770061426603 -0.000147749658661 0.000669263887174 -0.00106452944197 3.94434 3.94063 13.8808012324 8.40029924031 -0.193095462578
-118.96 45.2904 -0.000993287942943 7.45757524477e-05 -0.00155783162978 -0.000578369235515 3.84881 3.86516 -342.987706972 10.7498802409 0.0797979569141
-117.78 45.2781 -0.00114184579567 0.000228020175633 0.00157734997824 0.00130825008855 4.19255 4.2805 13.4543915585 12.2738574303 0.181698853724
-117.12 45.2925 -0.00102308700838 0.000224543738928 -0.000312923688135 0.00164655667743 4.28312 4.35456 13.2506209328 11.0169930005 0.18887473349
-116.268 45.3997 -0.00102534816247 4.13647138347e-05 -0.00151412423564 -4.85359778784e-05 4.08489 4.09779 13.3454845993 11.1267215489 0.0197477924546
-115.326 45.1285 -0.000876787609574 -2.91188953519e-06 0.000600488246496 0.000842814052469 4.15899 4.27329 5.87518565022 9.47920983899 -0.123830468559
-114.233 45.0931 -0.000478282182739 -0.000392577690628 0.000264980926819 -0.000199472485229 4.00538 4.15706 1.88310707211 5.95483954904 -0.476900096588
-113.46 45.2432 0.000148754984268 -0.000340245149942 0.000615167071339 -0.000702523080249 3.86446 4.02351 -0.541930691618 -0.759221108474 -0.298698947522
-112.489 45.166 0.000684433745343 -0.000171100574182 0.000471606217433 -0.000733035498043 4.07052 4.10449 0.213198591804 -6.98575968175 -0.0337478152638
-111.805 45.2285 0.000571355334612 -5.32605480369e-05 -0.000879317509985 -0.000295940247331 4.36805 4.24168 1.78571171453 -6.08845992067 0.0384067058642
-110.74 45.3212 0.000412854409803 0.000701089329568 0.000577341638804 0.00290865191039 4.80861 4.62969 -2.72897080625 -6.11782647539 0.7751684731
-109.563 45.3171 -9.29626612036e-05 0.000555920077317 -0.00153487933717 0.00544328894048 4.81298 4.72473 -0.73394807437 -0.0387330477925 0.531815841154
-120.335 44.7344 -0.000654489740407 -0.000435941635161 -0.00213843224629 -0.00304345139652 3.88141 3.8482 9.78601642921 7.68964049243 -0.523186022179
-119.565 44.5913 -0.00109991378896 -0.000630132272636 -0.00168781991485 -0.000590531519624 3.9295 3.94822 14.618977968 12.2646164854 -0.679398061464
-118.67 44.5191 -0.00133260616979 -0.000266554475036 -0.000455887799344 -0.00114225798448 3.83863 3.88662 -342.856156206 14.5018171365 -0.251796294591
-117.664 44.6653 -0.00119382725746 0.00011325781963 0.000324961042616 -0.000632971527505 3.89959 3.98688 -343.307114811 13.0482959498 0.133927749679
-116.747 44.589 -0.000776613320977 0.000312057090808 -0.00062582319897 0.000238674748738 4.17954 4.23253 14.3188147852 8.45761995811 0.30323789392
-116.013 44.7035 -0.000738047982095 0.000230952985865 -0.000578654632431 0.000247880331452 4.17549 4.17329 9.96498722595 7.85846681192 0.173544595395
-114.855 44.5494 -0.000478813706357 -5.95928234652e-05 0.000722307559557 0.000914961526065 4.29308 4.32842 3.92023952508 5.29403938009 -0.138002418681
-114.255 44.5642 -0.000298228544442 -0.000326870721806 0.00013354105191 0.000426586629229 4.25755 4.26349 1.22234789505 3.94012708842 -0.38070055928
-113.367 44.6165 -2.55335506722e-05 -0.00059360548787 0.000725230030176 -0.000332953331064 4.19541 4.24078 -0.315950461774 1.69354095368 -0.584963374708
-112.644 44.6173 9.34869844387e-05 -0.000222039379953 0.000115496033813 0.000502833629756 4.45778 4.45758 1.63853434122 -0.588755563044 -0.202406114802
-111.248 44.7038 -0.000486690714671 0.000551383589474 -0.00268374580651 0.000736952343311 4.57439 4.49486 5.55420788807 4.82009502814 0.507269240254
-110.576 44.3951 -0.000414055964297 0.00046587494907 -0.00235551012481 0.000402513115497 4.43594 4.78646 2.37120850425 3.86037161778 0.407022659898
-120.211 43.9437 -0.000261099072283 -0.000150071618802 -0.00218538814262 0.00155692210623 4.26374 4.23593 4.87206117277 3.1483984144 -0.204531718707
-119.504 44.082 -0.00113990438211 -0.000463265135035 -0.00216519359298 -0.000709242318643 4.15869 3.9907 14.1214661067 12.7176892408 -0.523678776702
-118.569 43.9104 -0.00158476648694 -0.00062456474894 -0.000713885956227 -0.000713027889588 3.91755 3.98224 14.2924060979 17.6380686279 -0.683948973601
-117.741 43.9733 -0.00164816436428 -0.00048001677137 -0.000178240945187 2.52435292604e-05 3.82621 3.93904 -341.391321703 17.8253406008 -0.398386925604
-116.803 44.086 -0.00107427111383 0.000424799207258 -0.000332651851381 0.000540331122473 3.94258 4.03712 -343.319537178 11.939596854 0.455508573205
-115.958 43.9121 -0.000672882577061 0.000620060077104 -0.00018313153622 0.000694763866227 4.16867 4.28946 13.234392224 7.28577983757 0.606722119514
-115.133 43.7945 -0.000108157839303 0.00049335133879 0.00037663573504 0.00111803417206 4.29069 4.34876 7.26117080839 0.576879070992 0.478115956933
-114.117 43.9146 0.000245465834623 1.55131672364e-05 0.00120237001658 0.000420948330776 4.51433 4.37339 1.02857780242 -2.6932286688 0.0655576646452
-113.452 43.9286 -2.55001237769e-05 3.3347549924e-05 -0.000179725779989 0.00134075622811 4.67156 4.26556 1.28626479837 0.20641093151 0.0278446878257
-112.485 43.9997 -0.000375039822511 0.000259108278805 -0.00071544477236 0.000643512011813 4.65159 4.41243 1.39299862589 3.58525124001 0.188968711668
-111.487 43.8756 -0.000398064337773 0.000922774081536 0.00041980848462 4.43475749908e-05 4.36333 4.16005 -0.653219924213 2.31192469797 0.826036176543
-110.576 43.92 -0.000351060961646 -0.000415134334368 -0.000208709674006 -0.00490291047955 3.47844 3.44379 0.790011969027 4.59104723783 -0.465897689829
-109.817 43.7013 -2.83190152463e-05 0.000572945835176 -0.00310891427346 -0.00426136719282 3.82119 3.8523 1.65649530081 -0.544718156651 0.563960615811
-118.474 43.358 -0.00112353758797 -0.00101181802034 -0.00293806450965 0.000322624629694 4.0814 3.9429 12.499399832 13.1303084197 -1.0859954977
-117.754 43.3471 -0.00196103119268 -0.000736171716842 -0.00103514933287 0.000584880858704 3.89498 3.92775 -344.076196567 21.6610005978 -0.732925925504
-116.767 43.4275 -0.00184569113976 0.000107625528131 0.000114311146582 0.000279670129144 3.6451 3.90761 -341.169655089 20.4569713343 0.22965706791
-115.828 43.4151 -0.00065205226443 0.000633199015824 -0.000449563717016 0.00139208398989 3.86851 4.11142 -344.495095052 7.37739119121 0.647048945116
-115.098 43.25 -2.39319644135e-05 0.000657477966198 -1.34549748389e-05 -0.000932980430026 3.84565 3.95969 11.137404101 -0.0601242386876 0.65575695874
-114.174 43.3979 0.000224031756932 0.000809720096506 0.000724883686684 0.00210629010604 4.4793 4.32579 5.11840723354 -3.69274811346 0.832671308812
-113.518 43.3234 -0.00035443737649 0.00113548178672 -0.000531816761299 0.00198992998885 4.55751 4.29334 2.19256703884 1.64250421783 1.05463217882
-112.433 43.3998 -0.000574335829726 0.00121037164625 -0.000334728812826 0.00147964061796 4.49626 4.34869 -0.41585574164 3.47351792475 1.06540680892
-111.612 43.2741 -0.000483928650535 0.00174525193192 0.00196901148564 0.000735480727717 4.15157 4.19883 -4.94448065289 -0.106567823164 1.54755712765
-110.02 43.2112 0.000339748710708 0.000420684194435 0.000335729287178 0.00119590486918 3.90874 3.94519 -1.05800891861 -4.60954727635 0.47604741156
-118.486 42.7308 -0.000932689711155 -0.000604478566686 -0.00366317609666 -0.000487726410357 4.1213 3.83222 7.45390623994 11.2761764793 -0.742812743067
-117.725 42.6996 -0.0024763588699 -0.000859602492668 -0.000121585067126 -0.00184711434077 3.83012 3.74786 11.8326661709 28.1435872233 -1.03039085508
-116.87 42.7779 -0.00244360888621 -0.000920518417311 0.000891856825468 -0.00239965619544 3.57167 3.81289 14.921690346 27.2436988276 -0.930035339734
-116.032 42.7713 -0.00129922431318 -0.00022847550024 -0.000434690110376 -0.00299525804982 3.24558 3.42112 -342.502762556 14.3325712103 -0.159520895723
-114.903 42.636 -0.000711892313973 0.000893963249508 -0.00204967720961 -0.000506512247465 3.63971 3.7264 -341.715549722 8.76096733649 0.949548918579
-114.084 42.6493 -0.000386248537543 0.00152347421953 -1.19163975575e-05 -0.000841966603745 3.96506 3.97567 9.31903593089 3.25378051293 1.4964169569
-113.176 42.5452 -0.000535243847406 0.00184491328865 0.000628944861758 -0.000729865968983 4.02443 4.07667 2.48854037189 2.44446610241 1.72877195722
-112.531 42.6852 -0.00063378808061 0.00182955568288 -3.13668884246e-05 -0.000497931778771 3.97858 4.03074 -1.8290905648 2.13961351319 1.63183096417
-111.588 42.8321 -0.000274595288354 0.00140343924073 0.000893337396382 -0.000561317334766 3.72194 3.93905 -4.09894372228 -1.08589230101 1.28509629327
-110.92 42.7507 0.00071012676087 0.000954870942372 0.000925834086721 0.00108671332891 3.81035 3.94537 -4.78779813068 -10.5035086264 1.10684569028
-110.042 42.6372 0.000911224365223 0.000326887388295 -0.000564971984143 6.43421620632e-05 3.97675 4.03735 0.894456754728 -10.7057252014 0.460877651959
-108.847 42.8247 0.000854888595361 0.000282385191689 -0.00156325662114 0.00199949987968 4.13856 4.11096 3.36224171794 -9.87783312559 0.359233471825
-108.342 42.6579 0.000632878216805 0.000313778606685 0.00211396358833 0.00190278988718 4.16667 4.1428 -0.339411875843 -7.58897458161 0.404144489505
-118.344 42.1901 -0.000652545637103 3.63238626172e-05 -0.000636484535457 0.000790529340451 4.24285 3.98534 1.76376038566 6.94699945325 -0.129282598155
-117.667 42.0192 -0.00153362709461 -0.000815478629382 -0.000809652135114 -0.000115285034903 4.22937 3.9817 7.08589651686 18.3589281052 -1.03897495167
-116.471 42.0773 -0.00247137118557 -0.00130250322884 0.00055114691215 -0.000580335931141 3.8292 3.97035 10.3282333994 28.7866368315 -1.49357507903
-115.754 42.1669 -0.00225649794346 -0.000696997432654 0.0010206021115 -0.000451471007307 3.69038 3.90916 -343.591628283 25.0122793368 -0.612434867061
-115.016 42.146 -0.00137335085061 0.000167300394638 -0.00334812473341 -0.000488435965972 3.52313 3.80482 -337.76388624 15.5423232572 0.369879114109
-113.944 42.0886 -0.00107038264645 0.00113533858978 -1.39892740082e-05 -0.001095930252 3.5731 3.77574 12.6164879222 12.0153849994 1.13179197772
-113.24 42.0343 -0.000647312866299 0.00152046110129 0.000213984600323 -0.000918771671274 3.55705 3.80174 3.50682585604 4.61621590336 1.40464071919
-112.386 42.0041 4.00971550851e-05 0.00107234792752 0.000595077760645 -0.00118675792101 3.50856 3.74436 -1.98945889321 -3.27507107874 1.0519816535
-111.432 42.0149 0.000670655172359 0.000385500230439 0.000328994482885 -0.000995211784303 3.65356 3.8805 -3.40674616148 -8.4250660585 0.537857301967
-110.873 42.0995 0.00105779626446 -0.000102184926189 0.000784204649584 -0.000543015961684 3.80241 3.95285 -1.71257243033 -11.4660868859 0.120042106984
-110.036 41.9243 0.000958818315886 0.00029880468483 0.000768956176802 0.000221160473922 4.02949 4.14265 0.552874974883 -11.2761784659 0.44599979457
-109.357 42.1012 0.00100737482137 0.000346908900651 -0.00231639208358 -0.000400861195082 3.94767 4.00025 5.4604743944 -11.6419884978 0.409177939239
-108.34 42.0073 0.00168653763873 0.000435938709125 -0.000228825906538 -0.000169459109742 4.02158 3.92481 0.74453763698 -19.6362614817 0.65123178049
-107.369 41.9641 0.000559658255381 0.00103874291912 0.00309134407705 0.00549967184187 4.60704 4.03284 -4.5032869711 -8.66572704702 1.13185973495
-106.434 42.031 -0.000393229937929 -0.000191739443823 -0.00314061500376 -0.00461633599811 3.7661 3.84568 3.02859874866 4.60120301763 -0.2160216679
-117.45 41.423 -0.000788850858629 -0.000104270391356 -0.000102296786059 0.00403246728939 4.54357 4.32859 2.34141337867 8.91782868598 -0.28344946908
-116.54 41.522 -0.00224918189601 -0.000799744383567 -0.000627086256201 0.00143586129733 4.50999 4.27705 10.0837026744 26.0308156548 -0.987320196294
-115.791 41.4311 -0.00271268809958 -0.000720671731833 -0.00126605897551 0.00158210489827 4.29908 4.37727 -344.804824163 30.5282673469 -0.680056845239
-114.915 41.4157 -0.00242216671998 -0.000227423124775 0.000122328218736 0.000287022005661 3.91256 4.1788 13.4779545943 27.4239228682 -0.233807739055
-114.165 41.3602 -0.0016770353833 5.2862015723e-06 -0.00041845134156 -0.000880859779716 3.62992 3.89498 11.4978641236 19.0085979181 -0.0392922812939
-113.347 41.503 -0.000661645355293 0.000368839907706 0.000381139024984 -0.000813357618206 3.4665 3.74258 5.80129688881 6.97696525231 0.291035203307
-112.448 41.4632 0.0002674865344 4.76256036942e-05 0.000765303829452 -0.000442464357298 3.54789 3.78469 0.486347848428 -3.08563921695 0.0983406710657
-111.63 41.3146 0.00108703424139 -0.000356750107535 0.000237076080967 0.000104425857316 3.84453 4.02891 0.476578703206 -11.4353380779 -0.153304935522
-110.666 41.4729 0.000588620953084 -0.000151278000256 -0.0011779381915 0.000239224763722 4.03017 3.98876 1.4285643485 -6.36344566771 -0.0603180621883
-110.067 41.4272 0.000236130796787 -0.00013172055933 0.0013256746327 0.000184349196317 4.07747 4.09072 -0.107439149398 -2.39823295153 -0.0897828953002
-109.157 41.5047 0.000933269034401 0.000205889311132 -0.000466243306176 -0.000411670661896 4.0007 4.15542 3.72105799062 -10.8105926114 0.289259982524
-108.187 41.4906 0.00128801466828 0.000191645925539 -0.00245544090367 -0.00118216427267 3.80835 3.92074 5.11769426196 -14.7983879026 0.258264967164
-107.364 41.6067 0.00117252704797 0.00344912768166 0.00286713300978 -0.00139004788854 4.43579 4.13497 -4.58722533688 -21.2710660419 3.61750221896
-106.596 41.4033 0.000547883299178 -0.000923814707851 0.00322950898388 0.0036585127025 4.51602 4.43717 -4.56633421982 -4.06800835806 -0.798019689526
-116.508 40.7186 -0.00122279223946 5.11612825301e-05 -0.000948471219846 0.00226894204975 4.74278 4.12253 4.15526832041 13.5374303085 -0.178952195658
-115.736 40.8167 -0.002677311439 -1.70218296172e-05 0.000682557152117 0.000635348507398 4.36961 4.21783 8.17364199926 30.2791999934 -0.30390483931
-115.039 40.8522 -0.00238707996986 -0.000170188526607 -0.00134521979783 0.00105200652278 4.14231 4.341 13.4225062186 27.1701135686 -0.184163006942
-114.204 40.8556 -0.00161805269673 -0.000395723507456 0.000753403086907 0.00121297442152 3.85706 4.05278 7.87452550572 18.7681657836 -0.540811201554
-113.187 40.8513 -0.000697247539253 -0.000445453176212 0.000802856979447 0.000255681369283 3.66548 3.85478 4.46249731467 8.57259839589 -0.535766598961
-112.52 40.8903 0.000531422896813 -0.000438282359649 -0.000250941501174 0.000539542118658 3.76504 3.97357 3.73671159781 -5.31732143605 -0.360474432528
-111.437 40.8869 0.00076725307509 -0.000555599070542 -0.000224118721862 0.000982262268978 4.08524 4.14074 1.12983197883 -7.58305761191 -0.418750242351
-110.834 40.9425 0.00083071474507 9.07378112314e-05 -0.000123130823133 0.000813752546973 4.10433 4.08378 0.881601663542 -9.54617408154 0.225525303068
-109.673 40.9763 0.000588506910834 -0.000230840987066 0.000193287885797 0.000376769541209 4.05217 4.0713 0.789104437633 -6.27254745283 -0.140728122389
-109.177 40.8936 0.000685418246213 -0.000255488236641 0.000777813929698 0.000118019856411 4.01354 4.13096 0.729204282516 -7.36286236458 -0.155030922455
-108.263 40.8338 0.00120139877007 -0.000320941450482 6.4623211854e-06 -0.000821614873109 3.81117 4.03813 2.38803828349 -13.3589881376 -0.198083208223
-107.52 40.76 0.00152698114964 -0.00038547149927 -0.00202276048107 -0.00246670415335 3.82741 3.91186 5.14418702618 -17.3642535127 -0.320656870928
-106.454 40.8023 0.00052576376068 -3.82855186354e-05 0.000360362745367 0.000841861039352 4.18299 4.1561 -0.0802134734298 -5.9581809432 0.0238154901834
-116.5 40.2917 -0.00116827851537 0.00102349253108 -0.00302814008067 -0.00187779273068 4.0018 3.83162 7.84909486757 11.7752862325 0.870617029962
-115.657 40.1313 -0.00219760783489 0.000429837189597 -0.000195635997793 0.000646544880403 4.22305 4.10376 7.62325246469 24.4040224704 0.171372294287
-114.745 40.2679 -0.00192765334768 4.71674447852e-05 0.000657237822974 -0.000542483864603 3.93766 4.07002 6.44541393234 21.8286951909 -0.191608614618
-113.981 40.1314 -0.00101700801365 -0.000173787439005 0.00053316825417 -0.0010654016882 3.73914 3.85996 6.03380263396 11.8263375046 -0.294677775302
-112.469 40.2807 0.000162986184684 -0.000499820504077 -0.000614007091486 0.000110084112279 3.97095 4.07645 5.79295719504 -1.27317589733 -0.480456196205
-111.502 40.2067 0.000583933716892 -0.000377756993744 -0.000436105389717 -3.34869574378e-05 4.00208 4.04658 3.75295735701 -6.12957657537 -0.302291314032
-110.738 40.1948 0.000676574622111 -0.000172579939455 -3.10582982518e-05 0.000129249348929 4.07167 4.10518 0.561184188711 -7.35084252794 -0.0561678324827
-110.008 40.2655 0.000741051155242 -0.000174639911034 -3.23979709023e-05 0.000590843624393 4.09952 4.14973 -0.642571484225 -8.04523288502 -0.0394225861065
-109.124 40.2982 0.000899797796889 -0.000418267927649 0.00102020433508 0.000246733951484 4.05131 4.14126 -0.652824317251 -9.43369667882 -0.262906422699
-108.242 40.1348 0.00127215781054 -0.000986573004908 0.000832291495029 0.000395398594141 3.99965 4.06696 1.18907182492 -13.2129346166 -0.824256343571
-107.47 40.2149 0.000981969491341 -0.000678759802574 -0.00377067371379 0.000999210018467 4.23586 4.21578 5.28962481412 -11.0394835081 -0.639677962339
-116.464 39.6202 -0.00116386760668 0.00044188705701 -0.00196702882545 0.000117170432898 3.90059 3.95118 6.06081358179 12.412468899 0.255926205853
-115.754 39.553 -0.00211847430117 0.000391391533446 -0.00162956536748 -0.000908279612561 3.84216 3.89838 9.31538314465 23.8720705307 0.201573534794
-114.908 39.4731 -0.00163454969287 0.000453265427258 0.00120262793595 -0.000285291225075 3.94116 4.15369 4.589275148 17.7758444458 0.187933399762
-114.016 39.455 -0.000667425647376 -8.9202662832e-05 0.000904900164688 -0.000842039752506 3.86052 3.9461 4.47049108575 7.77544693585 -0.18717392474
-113.069 39.5906 -0.000232738517964 -0.000492440529226 -0.00136421991994 -0.000881738877678 4.02697 4.13232 8.52948601726 3.04823957791 -0.506368540957
-112.279 39.5708 0.000463870822343 -0.000462926972927 0.000168555193146 -0.000889993291869 4.11672 4.15826 5.93262439483 -4.81485335909 -0.415200689989
-111.66 39.6092 0.000631415785968 -0.000288633989883 -0.000154651845901 -0.000928436244653 4.04438 4.03261 4.0227050429 -6.84456737019 -0.209251652729
-110.74 39.473 0.000525949299637 -0.00026981880062 -0.000464265474826 -0.00159160803799 4.03424 4.0866 2.29652830432 -5.6079465858 -0.194039078103
-110.246 39.6279 0.000895899769483 -0.00016431026647 -2.01169940931e-05 -0.00119212758563 3.99376 4.16774 0.633610805649 -9.94619940801 -0.0183171628075
-108.981 39.6333 0.00151051667247 -0.000603454763347 0.00141517362458 0.000230887365098 4.0685 4.17021 -2.94534078418 -15.7406718997 -0.282720604007
-108.391 39.4998 0.00149067856779 -0.000711369058589 0.0006357362954 -0.000797447423955 4.04536 3.92842 1.40555857977 -16.2160395976 -0.526354348939
-107.449 39.524 0.000550719247591 -0.000602960390375 -0.0032889819599 -0.000536877905683 4.10617 4.0535 4.35195074834 -6.010031902 -0.571338856968
-117.182 38.834 -0.000829116116865 -0.000348190325366 -0.000302363219723 0.000109493629859 3.79175 3.79359 3.1267924415 10.2179478872 -0.519316178468
-116.4 38.8247 -0.00220207271695 3.45442137433e-05 -0.00242823511795 0.000376769736372 3.7981 3.8352 10.7212058507 25.3711306674 -0.129310743748
-115.654 38.8455 -0.00218309806787 0.000336737516031 -0.000108267001402 0.00131141603044 3.87144 4.04462 8.4133306388 24.7407803193 0.108134446509
-114.83 39.04 -0.00136476843863 0.000124698942139 0.00145539932331 0.00103348748929 3.8537 4.06265 4.74410723584 15.3838389743 -0.0890178484695
-114.02 38.9551 -0.000356178356221 0.000242871244361 0.000841503881931 0.00205470021724 4.26894 4.39033 6.03457379394 3.75866687777 0.197684279671
-113.277 38.9882 2.82249447614e-06 5.96055850507e-05 -0.00162688072488 0.0024880529665 4.4845 4.44859 10.1393041026 -0.0602506894454 0.0596706591877
-112.379 38.9995 0.000161993506419 -5.67970889768e-05 0.000243177054869 0.00076626768125 4.36836 4.31167 6.11929614728 -1.81090317251 -0.0408500475042
-111.172 38.9176 0.00053353380527 -0.000111104005336 0.000562629186471 -0.000549926882639 4.24861 4.21784 1.33533785869 -5.92679440103 -0.0230266040935
-110.133 39.1025 0.000948069923685 -0.000322461338931 -0.000812818615302 -0.000559590677205 4.1875 4.29334 1.16411817163 -10.3579131163 -0.176379635631
-109.263 38.9553 0.00141697625534 -0.000356836295114 0.00120814970874 -0.00173604196642 4.00066 4.02652 -1.44768285348 -15.5112823505 -0.0918057754516
-108.296 38.9541 0.00128220085812 -0.000342052173995 -6.10177763714e-05 0.00100285072512 4.36389 4.24876 1.29675128203 -14.3969199079 -0.183717601616
-107.574 38.8347 0.000844814859247 -0.000469334367286 -0.00123102682299 0.00101186344233 4.21051 4.05837 3.50023530427 -9.47112556485 -0.406587432129
-106.91 38.8627 0.00016726776702 -0.000529289000839 -0.000376984132346 -0.000796277055911 4.0126 3.97609 0.769435364449 -1.26265271449 -0.507555098616
-117.072 38.2397 -0.00108740191596 -0.00039967312335 -0.000861937817691 -7.27602004823e-05 3.83774 3.7268 3.20575291284 13.3306528919 -0.623295116768
-116.302 38.2886 -0.00256097525485 -0.000177024609656 -0.000402863540218 -0.000967569490895 3.71428 3.84081 7.68466631436 29.7971572093 -0.499124038853
-115.585 38.3489 -0.00224723363738 -0.000221755052069 -0.000412991771672 -0.00192880087206 3.49512 3.73042 9.69803716895 26.2719583879 -0.403359236716
-114.608 38.3281 -0.00151201922142 7.67327880144e-05 0.00132127861829 0.000186493933244 3.74185 3.98624 8.92644238585 17.4988099956 -0.0454253071383
-113.969 38.1802 -0.000606739843678 0.000592970180997 -0.0013349404214 0.000810417479297 3.9632 4.11624 -346.928743835 7.0957768262 0.593364583795
-113.021 38.2987 0.000113794097779 0.000800592218234 -0.000803636744978 0.00162240168239 4.33039 4.36014 10.407112187 -1.62993904703 0.803828402647
-112.277 38.2108 0.000511679575709 0.00105750324266 0.00137888337786 0.000994964195647 4.34776 4.25986 4.40867809397 -7.50491374624 1.11344756134
-111.483 38.2843 0.000710933349588 0.000569701487709 -0.000306132976235 0.0017027482623 4.63263 4.41434 3.63253698696 -9.11737562876 0.6558097399
-110.711 38.4187 0.000846817013744 0.000189350071202 -0.00107639867993 0.00194483774078 4.60191 4.51567 1.74657844719 -10.1436445667 0.313446615
-109.894 38.3862 0.00101925667574 -6.42774765953e-05 0.00189320963501 0.000953068990301 4.4081 4.40662 -4.56086062456 -11.4103576101 0.187697726802
-109.261 38.2916 0.00140129338166 -8.59367579102e-05 -0.000407161382049 0.00156542390162 4.5441 4.50189 -0.87303763072 -16.0463144151 0.15833657627
-108.379 38.1888 0.00145791322025 -0.00010023967283 -0.000226558988193 0.000825263919597 4.26665 4.15215 -0.63498211932 -16.7729743841 0.129366731009
-107.55 38.3685 0.000938477397918 -0.000331667847725 -0.000244917848279 -0.000758953760161 4.0231 3.87948 0.0589939688217 -10.4289459942 -0.204396566049
-106.756 38.2289 0.000222523510208 -0.000211454822259 0.000497991584734 -0.00103193693423 3.9308 3.86534 -0.364842806648 -2.28217989266 -0.181146757937
-117.225 37.7243 -0.000824228263799 -0.000149819927908 -0.000381680368005 -0.000812470394309 3.93515 3.82913 0.972792052189 9.74334003649 -0.354881324799
-116.595 37.923 -0.00243489786173 -0.000484976994212 -0.000242079304412 -0.000973330350457 3.89599 3.71437 5.0605038066 28.9413300964 -0.906297129015
-115.747 37.6444 -0.00229001262885 -0.00108973722413 0.000302142656106 -0.000919699092477 3.73764 3.90504 4.39616981578 28.6390598238 -1.47573186157
-114.849 37.6083 -0.00207048832429 -0.000941110995052 -0.000664077022761 -0.00256240616963 3.50534 3.75401 11.3059189218 24.7464638476 -1.03017769202
-113.86 37.5808 -0.00133591838374 -0.000150287402204 -0.000278474698061 -0.00261537696956 3.32678 3.55497 -345.10111928 15.6351747108 -0.105517314201
-113.168 37.7601 -0.000232340166804 0.000891388323021 0.000215246330187 -0.00293009467086 3.51646 3.72107 -347.438274046 2.75972211188 0.892052618497
-112.363 37.6761 0.000365256685818 0.00158332789543 -0.000817237433038 0.00124092372447 4.11683 4.28305 -346.985948249 -3.88212068111 1.57476621749
-111.596 37.7222 0.00115343548331 0.00135303462576 -0.000241497891911 0.00231349796051 4.49321 4.5434 5.77377381777 -15.0073188475 1.45413687945
-110.802 37.6354 0.00128581186199 0.00124696664378 0.000938016432849 0.00142105134121 4.44471 4.36588 -0.134006400399 -17.6183210556 1.46163654215
-109.995 37.6903 0.00136722727629 0.000722208388978 -0.000666547702779 0.000876882611557 4.46811 4.35163 -1.1076762215 -17.4642256219 0.96695050928
-109.137 37.7459 0.00143730034421 0.000320959718714 0.000700952800159 0.00103333888313 4.34808 4.25949 -4.21305444803 -17.3996951481 0.641754056278
-107.792 37.662 0.000711713765611 0.000165147736067 0.000853106854224 -0.000373524378391 4.02634 3.94214 -1.82112672507 -8.63750052087 0.282998332843
-115.22 37.2408 -0.00209366739152 -0.00161634743685 0.000375967863688 3.82489598695e-05 3.9523 4.03272 3.93629600068 27.6031662231 -1.96123971425
-114.715 36.7256 -0.00245368991485 -0.00126082928308 0.00050710219964 0.00110157721478 4.01569 3.95661 3.36256206031 31.2383549852 -1.6823836648
-113.907 37.0195 -0.00232165050517 -0.000974008435002 0.000422799140234 -0.00284478741946 3.54549 3.78017 10.8431022653 27.852728534 -1.06296721241
-113.084 37.0615 -0.00163668377375 0.000248303367557 -0.00194621031082 -0.00131717666788 3.42401 3.689 -339.91326342 19.5740953158 0.465793796479
-112.382 37.0183 -1.42664603742e-07 0.000750625285663 -0.0012624680325 -0.00198223630368 3.35156 3.59747 -342.52221284 0.882898281083 0.746942588664
-111.506 36.9839 0.000872505171744 0.00132778545908 0.00113249040353 -0.00325013463236 3.64595 3.89161 8.94289312186 -10.924628982 1.3590969162
-110.804 36.9969 0.00158290167253 0.00195502687668 -0.00115241152877 -0.00243635611004 3.78743 3.98251 4.60095389428 -21.0682957169 2.10663885342
-109.874 37.1364 0.00178324049415 0.00134019327176 0.000500221734132 0.000251534413614 4.16264 4.1476 -3.35323828211 -24.213367997 1.70786892181
-109.025 36.8299 0.00173782940339 0.000774599720051 0.00234738232959 -0.000861305592697 3.98885 3.99985 -4.12814910891 -22.264841112 1.1485915214
-116.33 36.4193 -0.000496793801697 -0.00041514854054 -0.00110519060829 0.00179922022915 4.15193 3.99936 1.34734146886 6.87409210234 -0.521343232648
-115.383 36.423 -0.00205913686043 -0.00117192342525 0.000170898261942 0.00232153940887 4.28473 4.038 1.30069026425 26.8966030927 -1.6056793546
-114.539 36.4321 -0.00281810105659 -0.00107852320869 -0.000477782430563 0.00204426518219 4.26463 4.32761 4.3032374939 35.0669057518 -1.52057075414
-113.965 36.4151 -0.00244292062561 -0.00112319756009 0.00151201033207 0.00503685174637 4.56074 4.73737 3.20089079948 30.8864030849 -1.52822370874
-113.18 36.4182 -0.0021689189356 -0.000950451469449 -0.000162598437592 0.000620267816157 3.81523 4.0761 12.2916046231 25.8358295288 -0.9580693592
-112.291 36.428 -0.000801250592353 -7.50627974614e-05 -0.000493503418264 -0.0029154813491 3.30681 3.4959 -344.241547858 9.45642130488 -0.0188688490031
-111.13 36.1428 0.000706626741608 0.000921203358226 -0.0015167504059 0.000453632496612 3.64615 3.90778 -346.577353749 -7.93720242204 0.887813352131
-110.662 36.5996 0.00144062302792 0.00105289853088 -0.00114326257759 0.00120686189131 3.76697 4.08234 6.70264287828 -17.938081005 1.14298575753
-109.87 36.4199 0.00220909064126 0.00118474413733 -0.000589866848822 -0.000824989367609 3.77754 3.99367 1.76390771865 -28.1041384149 1.47896848468
-109.208 36.2925 0.00279891044767 0.000710600134366 0.00163689618014 0.000153682583021 3.86508 4.0276 -3.37982403324 -34.5618487319 1.30147822749
-108.52 36.3758 0.0018157016403 0.000400016183295 0.00113683580623 0.000371684187474 4.0696 4.01126 -1.62669185806 -22.2462313985 0.715337804175
-115.43 35.8384 -0.00115953889329 -0.000287909277806 -0.00169904770207 -0.00085144994817 4.05766 3.87468 3.59402037034 14.2074300427 -0.500255582668
-114.851 35.7266 -0.00214680115033 -0.00108909655841 0.000598465916109 -0.00122038860949 3.91114 3.76335 2.57556447695 27.6779657773 -1.49047111939
-113.984 35.8522 -0.00259734410545 -0.000872810107766 0.00061559742901 -0.00264160917653 3.8434 3.91902 5.63169259487 32.1118532642 -1.20734082098
-113.105 35.6339 -0.00220456405559 -0.000888479322129 0.0013881290146 0.0020066859803 4.21703 4.36781 4.44788146439 27.6394396624 -1.18791080669
-112.173 35.8191 -0.00144287896561 1.09030273707e-06 -0.00209582679828 0.00172464265942 4.00588 4.30712 -343.875901204 17.2313657393 0.112639470416
-110.794 35.6218 0.000985449747638 0.00094858210154 -0.000230553111432 0.000885403573623 3.70287 3.96904 8.9068241479 -12.1683831098 0.976299236506
-109.933 35.7113 0.00249339677835 0.000902379307043 0.000485456370249 -0.000832946429843 3.559 3.7863 2.50963393711 -31.1233185338 1.21182024554
-109.046 35.7147 0.00279582548633 0.000287436523518 0.00105622109433 -6.16180840864e-05 3.81446 4.07735 1.46052242127 -33.8224189728 0.654461594949
-108.466 35.7992 0.00284097061219 0.000128081556851 0.000619209245342 0.00032754363755 4.04587 4.06681 3.01840309312 -34.1892597346 0.401781763795
-107.638 35.8054 0.00129407965296 -0.000347504340884 -0.00178911493262 0.00115889213717 4.15651 4.03344 3.96815284821 -15.271752042 -0.259007159712
-114.87 35.301 -0.0013259701384 -0.00041274150744 0.0012696369388 -0.00106244665609 3.97978 3.8244 0.00369545448339 16.6085328541 -0.720771679195
-113.885 35.099 -0.0022790827364 -0.00107761653567 -0.00296823112125 -0.00214961780518 3.88741 3.96342 7.37068393987 28.5693621244 -1.30254048959
-113.083 35.2127 -0.00215376713027 -0.000521809134349 0.000660088656133 -0.000922703451189 4.09339 4.08433 6.21208396136 26.4328242288 -0.7543787844
-112.267 35.1787 -0.00226299224853 -0.00062823638027 -0.00046328430275 0.00230148928679 4.20825 4.54317 9.4086925294 27.5518829496 -0.72253958739
-111.532 35.0951 -0.00145282362286 -0.000712888031404 -0.00104617006014 0.00124849302508 3.74643 4.21986 10.7867347574 17.5935364602 -0.723272580284
-110.713 35.0789 0.001249070768 0.000789534193696 0.00210845566296 -0.00091491641521 3.46273 3.91239 5.07980528596 -15.9276789638 0.904112612992
-109.736 35.1181 0.00214537534053 0.000376610928841 -0.0033618679625 0.000198464505273 3.55249 5.28897 -350.194692483 -25.937244628 0.371730742207
-109.388 35.1118 0.0045541864141 0.000143894210628 0.00172800485495 -0.000108085496976 3.66037 4.2597 6.30484822536 -55.1224632458 0.387920558458
-108.5 35.1259 0.00333417548485 -0.000397485848495 0.001497782791 -0.00026444256802 3.93307 3.93438 4.90992914408 -39.9861252387 -0.18078892087
-107.648 35.117 0.00244408255806 -0.0003099275318 -0.00215047572698 1.01373602123e-05 4.22126 4.09879 -351.8040826 -29.6506491735 -0.3227595185
-106.867 35.0719 0.000631884294844 -0.000244092014475 -0.000729883306283 0.000882495484195 4.24291 4.18582 2.32268110169 -7.38831051671 -0.189154584617
-113.83 34.5935 -0.00167872863687 -0.00096506151903 -0.00209944518411 0.000584677435986 4.40884 4.27431 3.12896138046 21.9971573415 -1.24289427856
-112.891 34.4692 -0.00233302778733 -0.000757933271678 -0.00120025873494 -0.00117805198817 3.85127 3.99915 6.31248896751 29.0668217344 -1.0005625642
-112.237 34.4866 -0.00184698130204 -0.000585334314221 0.00137425200801 -0.00243914116437 3.67018 3.7927 3.59194623763 23.1733027549 -0.844063242747
-111.441 34.4178 -0.00195483733368 -0.000639060396889 -0.00166369948426 -0.00370240654674 3.43826 3.55216 7.11869778182 24.2262993018 -0.775439112158
-110.806 34.3371 -0.00067197743077 -0.00140045339055 0.00197529504114 -0.00211011330245 3.26203 3.60609 6.59124475352 9.35316568272 -1.44432370058
-109.95 34.5293 0.00326074188503 -0.00071013816132 0.000195016479731 -0.00276262736972 3.54606 4.01474 7.09448928625 -39.1683780954 -0.550146867921
-109.29 34.4275 0.00368114562541 -0.000517258683978 0.000587069122579 -0.00154863452703 3.62226 3.87314 -349.528127711 -44.941457278 -0.590193966637
-108.498 34.5421 0.00319176157758 -0.000507072952417 0.00120477621407 -0.000875154005255 4.0035 3.98845 -351.324355519 -38.8645834377 -0.508445769379
-107.786 34.4457 0.00236799637726 -0.000259319158357 -0.00156641783713 -0.000591147733505 4.15504 3.91426 -348.636647972 -29.0142261941 -0.395911986622
-107.01 34.5058 0.000868326001777 2.00996318748e-05 -0.0022969853701 0.00013029405314 4.42629 4.14971 4.83936043079 -10.592830015 0.0585256515118
-114.524 33.7503 -0.000565040952405 -0.000274830322856 -0.00223655359275 0.00400460386254 4.31952 4.25598 0.994554476569 7.43771422541 -0.393368004551
-113.829 33.8142 -0.00204428070755 -0.000134144400547 0.00177606001072 0.00410396188394 4.45008 4.33429 -5.37661943476 24.0844933138 -0.779299877492
-113.005 33.9383 -0.00284095134686 -0.000679954120896 0.000700433497908 0.00011165941953 3.93676 3.96059 -1.1505384428 35.5383480186 -1.33225397102
-112.333 33.9535 -0.00235384668431 -0.000559888827143 -0.00115566028264 -0.00150415786294 3.81199 3.98506 4.64038193395 29.2979820181 -0.854979218308
-111.478 33.8798 -0.00105881045295 -0.000375413824878 0.000496752768405 5.09880753269e-05 3.77308 4.10158 1.37590193971 13.5120094778 -0.551148238169
-110.844 33.6953 0.000646565001363 -0.0015110902806 0.00168639662298 0.0013740855555 3.98371 4.26483 7.19139149944 -6.76025377071 -1.46858606895
-109.254 33.9571 0.00314382901714 -0.000741278333444 -0.00123466309199 -0.000448995636956 4.11237 4.38535 -345.672932726 -39.0891726082 -1.01219622748
-108.377 33.9085 0.00271837935942 -7.83108040467e-05 4.22265166216e-05 0.000816168654908 4.3131 4.17555 -347.924147619 -33.2882890665 -0.243827212211
-107.674 34.0087 0.00191739936346 0.000103482880219 -0.00229719122063 0.000479821837358 4.34469 4.09583 -348.314875169 -23.3475889448 -0.0209068596434
-106.921 34.0739 0.000583287012947 0.000402280879842 -0.00171342898227 0.000650260133552 4.20977 4.09284 4.02292577499 -7.41516434953 0.435161619819
-113.657 33.1999 -0.00144891969088 -0.000278825075941 -1.39685242804e-05 -0.00177131595016 3.66186 3.59672 1.11173697046 18.0453107977 -0.574460106497
-112.946 33.3627 -0.00238177098186 -0.000225756991784 0.00241376300903 0.00191661069157 4.07201 4.05912 -5.73506479257 28.526509182 -0.960402895756
-112.158 33.2893 -0.00152331893255 -6.49391637308e-05 0.000221445531576 0.00294332947461 4.29636 4.45137 -2.5174752424 18.2779677705 -0.441031893256
-111.427 33.341 -0.000505322283392 -0.000563771206254 -0.000851438336829 0.00177417984711 4.22569 4.45367 4.24783234426 6.98969146433 -0.621009930837
-110.472 33.2969 0.0010598681969 -0.000736266973692 0.0020463280944 0.00194242417113 4.14415 4.24818 5.98774821183 -12.2799642099 -0.652216520876
-110.036 33.0851 0.00171800310245 -0.000544165323718 0.000705258360138 0.00207100792218 4.2201 4.4624 -347.942632959 -21.3733726642 -0.603802153798
-109.266 33.2921 0.00264886516354 1.55111344088e-05 -0.00217515853643 0.00265709512298 4.40269 4.24892 -341.962906261 -32.1854884462 -0.383282706276
-108.592 33.1132 0.00244342070384 0.000259689812541 0.00114948952826 0.0015346147106 4.35275 4.11626 -347.502821241 -29.8619417872 0.102104018714
-107.671 33.3086 0.0013481447702 0.000333923479732 -0.00242030346878 -4.56493953116e-05 4.25488 4.11007 7.6994160195 -16.633753769 0.341132452556
