-113.767 32.7683 8.79942360371e-05 2.66097940712e-05 -0.00205713616175 -0.00302919693414 4.26707 4.26992 2.82118258024 0.297696154529 0.0553011673355
-112.228 32.7006 0.000339577704579 0.000250572992323 0.00260409127437 0.00309073780329 3.70717 3.68724 -2.36738941494 0.29818991707 0.0952862520531
-111.704 32.5618 0.000217865469495 0.000241859848838 0.000681390554948 0.00392554841436 3.64786 3.62172 -6.43795154644 -0.206822048171 -0.0130446980902
-110.739 32.5716 -4.17252711809e-05 0.000683942126336 -0.000179184951549 0.00128133859799 3.96912 3.94585 -2.37694231979 -5.51313985818 -0.469201056468
-109.97 32.6399 0.000214377933596 0.000167020962708 -0.00215906276141 -0.0022308783429 4.52072 4.5465 3.98115375272 -0.236223878157 0.0890331874147
-109.303 32.7663 -6.00062267795e-05 -0.000700967647503 0.00222665123635 0.0011822225876 3.81079 3.81319 0.21158098836 5.33923673527 0.367317188173
-111.457 32.0022 0.000103572273066 0.000264557803312 0.00185618204441 0.000379132163891 3.82853 3.80693 -0.388922205276 -1.42515340919 -0.0818221152496
-110.816 31.7748 -0.000426362378069 0.0004147586226 0.00112024814261 0.000516395707237 3.7455 3.77248 1.6661254322 -5.8070230718 -0.588294976936
-110.046 31.9737 0.000838010982169 0.00140376519544 -0.000272787023117 0.00131183592112 3.97111 4.02018 1.53678912613 -6.56947597348 -0.131175525072
-109.259 31.9989 0.000436435140784 4.65991333392e-06 -0.000130146902727 -0.00273037097461 4.24219 4.2025 5.22710662578 2.24051432104 0.370358399453
-109.991 31.439 0.000982575029941 0.000460739767753 0.000861154147304 -0.00208908675522 3.87983 3.91211 3.90980749757 1.48698655457 0.572585924441
-109.281 31.3757 0.00112026676134 0.000673344501346 -0.000250851137941 -3.81478287835e-05 4.07875 4.08044 1.18972503632 0.997620404801 0.523454410807
-122.707 48.7197 -0.000314343663405 -0.0013481398348 0.00267547866786 0.00254312968647 3.54392 3.5892 1.78586231678 8.02190578824 0.688487876105
-122.085 48.9983 0.00170291545004 -0.000419033968499 0.00539265684304 0.00137452474366 3.46662 3.55924 3.96056535704 14.8345173048 1.56958954852
-121.48 49.0983 0.00194319298117 0.000787946820478 -0.00195015603416 -0.00617475328436 4.47246 4.45551 2.19667622387 7.35700764572 0.928752996114
-120.384 49.048 0.0008495960261 -0.00100767868025 -0.00319165315916 0.00347380598869 3.83776 3.84041 -5.85307608515 13.7187553211 1.31785396461
-118.585 48.9752 0.000462422418936 -0.000368402711819 0.00685455508031 0.00326623443333 3.33594 3.35887 2.40676276782 6.14147387866 0.591171170963
-117.559 48.9813 0.00152039254115 0.000367597690815 -0.00436870644985 0.00151343666577 4.25419 4.29556 -6.12150596307 9.23817077315 0.764145738905
-116.363 48.958 -0.000302148296617 -0.000329683757345 -0.00177486055813 -0.00288088022389 4.35662 4.19681 0.944923270578 0.688530740475 -0.0253336029301
-115.653 48.9339 -0.0017155590298 -0.00109040829149 0.000989465867983 -0.00146686497116 3.82428 3.75782 2.93746455517 -1.65439209361 -0.721565361512
-114.413 48.933 -0.000853578679061 -0.000884701246214 0.00468314750201 0.0061496561509 3.51011 3.52988 -1.38126479296 1.34939899855 -0.0804675080268
-123.504 48.0575 0.000161670743848 -0.000859076070716 -0.000211436187052 -0.00240944794572 4.04129 4.0349 3.31743938165 7.680598632 0.695141349487
-122.096 48.2641 -0.000229881381108 -0.00158900473341 0.00165226462719 0.00150460580568 3.60938 3.65184 0.984866384584 10.3604463289 0.923158195844
-121.484 48.5183 0.00183193340814 -0.000847569114849 0.000448467881923 0.00570728560941 3.59847 3.68541 -6.35645718239 20.3447273067 1.82347258747
-120.12 48.4607 0.00101689736039 -0.000897623517499 -0.0050436779845 -0.00090710262472 4.3527 4.33105 -4.64960771509 14.2415156257 1.34869391185
-119.333 48.3584 -0.000318644572393 -0.00131495713453 0.00164573008027 -0.00173643133927 3.7674 3.75382 3.17698038532 8.62176841086 0.583414387555
-118.149 48.4226 -0.000463359052379 -0.00201161262554 0.00159843059344 0.00445880360565 3.2524 3.25763 -3.4815521909 11.617442467 1.09424761573
-117.225 48.2995 0.000948392957505 0.000193479621066 0.001663563911 0.000586390510172 3.64411 3.75507 0.396521018777 4.98680116965 0.595981648473
-116.367 48.4366 0.00150277487701 0.000356818040432 -0.000948365054374 -0.00114753329291 4.35038 4.23745 0.694907672446 7.30115477627 0.931429560714
-115.589 48.4694 -0.000814428362954 -0.000664495616393 -0.00235998512274 -0.000169809173006 4.31261 4.18211 -1.85627654181 -0.463313096123 -0.16857126979
-114.468 48.3739 -0.000929509896698 -0.000860451486274 0.00072384354925 0.00279394910296 3.79302 3.77202 -2.1553913418 0.406534225708 -0.135038314515
-122.173 37.1311 -0.000828162191573 0.000307651557801 0.00473225077011 -0.000916348050021 3.80325 3.7843 0.338042546149 -7.57302446286 -0.809788609164
-124.566 47.9475 0.000330637147029 -0.00010367779941 0.000657853155293 -0.00289072361739 4.11717 4.11233 2.46015456667 3.10057413094 0.310816558758
-122.972 47.7172 0.000157663835327 -0.00137901238386 -0.000818355852569 -0.0015045888429 4.10764 4.11575 1.62423426669 11.4348682782 1.06110107499
-121.689 47.6947 0.00107999494565 -0.00201208963242 -0.00104093650229 -0.00111033292382 4.03309 4.08633 0.108089303828 22.7688510616 2.17386591912
-120.061 47.6902 0.00104691247267 -0.000938674950313 0.00158483084933 -0.00165768106563 4.01829 4.02086 2.98104293725 14.5380367038 1.40527841653
-119.045 47.7849 0.0011460228662 -0.000672079339135 -0.00208372782871 -0.00141219091914 4.37663 4.31823 0.374278294915 13.2931660053 1.30230110777
-118.274 47.8006 -0.000579372191445 -0.000991141086445 0.000539263602861 -0.00156437458155 3.90724 3.87248 2.73911231432 4.30249428154 0.171346821756
-117.308 47.8192 -0.00105080790304 -0.00217855445857 0.00278695504909 0.000370059413853 3.59064 3.64021 2.94315200157 11.3454985942 0.513651635987
-114.574 47.6795 -0.000929789163292 -3.9006669795e-05 -0.00327352336477 -0.00263046719791 4.41362 4.34492 6.01868251432 -5.10331122601 -0.758040242037
-113.747 47.7687 -0.00156091453471 6.44956026455e-05 0.00884412163332 -0.000766429779914 3.55713 3.55328 11.320550874 -8.32789733249 -1.41805332576
-123.771 47.1161 0.000698041231954 0.000335491094275 -0.000544735082396 -0.000541958086239 4.08734 4.13218 1.0510066048 2.54993792269 0.262729490136
-122.803 47.1109 0.000795070170037 -0.000573156263494 0.000466809712215 0.000550537605184 4.04195 4.04191 -0.641523077967 9.93252243237 0.966071614429
-121.989 47.1881 0.000257776727303 -0.00277164416957 -0.00110227457602 -0.00153461870268 4.18958 4.2477 -0.836069386124 22.0319813143 2.14568970658
-120.844 47.1935 0.000564958254503 -0.000229927297403 0.000994178211372 -0.011853111461 4.44955 4.44334 9.50289008087 5.24834463216 0.597019343983
-119.973 47.1936 0.00109781410279 -0.000959932109853 0.0011571203316 0.00101066650185 3.67617 3.66351 2.36695768767 15.0252974545 1.45820685581
-118.921 47.0573 -0.000241476915762 -4.81391159688e-05 0.000787983883149 -0.00132096457233 3.85351 3.87492 6.24031403957 -1.0728439635 -0.167424021167
-118.309 47.0615 0.000509201087962 4.41869837215e-05 -0.000692301592297 -0.0023944478526 4.19173 4.11464 5.88844153942 2.75143310535 0.387079737621
-117.276 47.0547 -0.000925500396963 -0.000665730932949 -0.0012494821915 -0.000537074874151 4.06316 3.95619 1.65612387124 -0.755560904187 -0.293992300512
-116.335 47.0477 -0.00205344325054 0.000505309823858 0.00241389828898 0.00167095416899 3.58477 3.60525 2.80516113642 -17.5228486865 -1.9362766947
-115.353 47.0528 7.37363218431e-05 0.000763245181417 -0.00180298757185 -0.000280292013936 4.13642 4.1126 3.0934250387 -6.0704658279 -0.395485778291
-114.459 47.0943 -0.000379626431399 0.00108994964634 -0.000461600519263 -0.00203522769549 4.24018 4.18296 10.220214 -12.2014530417 -0.858103886339
-113.506 47.0816 -0.000695879356248 3.34551720851e-05 0.00417164056438 -0.00140884336116 3.74976 3.77058 12.0004979203 -3.65768540346 -0.638189975058
-112.52 47.0418 0.000485885008803 -0.000658673580594 -0.00294417006234 0.00018467621268 4.14719 4.18824 -0.543172944291 8.86322175166 0.789460891976
-123.563 46.5459 0.00070219317834 -0.00142948305941 -0.00294402503616 -0.000423540403392 3.98559 4.08809 -2.62207985813 15.02631772 1.53243773525
-122.72 46.5934 0.00297383599763 -0.001165688908 0.00201497380498 -0.000787152020538 3.93619 4.03515 2.98326228522 29.1358203047 2.99329525529
-121.761 46.5605 0.00147480502654 -0.00176573349531 -0.0006227426441 0.00188220594372 3.93495 3.85625 -2.93405710109 23.4324022713 2.29734222305
-120.979 46.5433 0.000178931526371 -0.00205549969695 -0.00141439115616 0.00194247389544 4.12936 4.11356 0.159693033034 16.6558724009 1.54296830087
-119.855 46.5585 -0.000813836679215 -3.71373144434e-05 0.000983145429354 0.000538213958347 3.77815 3.731 2.451034483 -5.17166795423 -0.596193151627
-119.06 46.4911 -0.0010720810367 -5.64686341843e-05 0.000932852457529 0.000641777814187 3.71024 3.71481 3.86768419675 -6.47010444183 -0.80532668272
-118.146 46.5139 -1.75129167821e-05 0.000225624938798 -0.000309889193909 0.000604495250558 3.92961 3.94372 1.5513104562 -1.92520876281 -0.158626919686
-117.11 46.485 -0.000832477091911 0.000228354968876 -0.00194332047001 -0.000771902963198 4.2571 4.18 1.6288714436 -7.40640970735 -0.788985906053
-116.209 46.3559 -0.00172320170223 0.000226975908629 0.000596830993182 0.000969619983108 3.75615 3.80188 1.18445003123 -13.3482232902 -1.48023320407
-114.188 46.4423 -0.000286181950778 0.00069106603187 0.00139883185824 0.000595029893906 3.83954 3.88734 8.71079346205 -7.92587080994 -0.595016859656
-113.493 46.4162 0.00107930348415 -0.0010356057011 0.000125690948944 0.0019238025809 4.03029 4.06582 4.55452280831 15.686663117 1.47342332525
-112.641 46.4246 0.000939428062842 -0.000960734410544 -0.00257265997621 0.00332454900927 4.10041 4.11314 -2.35519322301 14.4545666819 1.33771844256
-120.728 40.6183 -0.000689780512696 2.38554089522e-06 -0.000645636190104 0.00132765553826 3.39881 3.45609 1.81079973488 -4.54257130634 -0.516952667402
-122.419 45.9325 0.00140666935251 -0.000963678690259 -0.000981553625736 7.32465333431e-05 4.03492 4.02213 -2.44523894385 17.1680511684 1.66374461811
-121.459 45.8839 0.000918253751497 -0.000286328166778 -5.41783296414e-05 -0.000506915438002 3.99831 3.85648 1.80735513203 8.47476494468 0.873040179109
-120.782 45.7664 -0.000976011676054 -4.46557976985e-05 0.000776385055828 -0.000471881559806 3.88768 3.79926 2.81612049465 -6.17662116597 -0.711332260647
-119.928 45.8951 -0.001589200105 0.000186820941791 -0.0007820117047 -8.95258899436e-05 4.04854 4.0985 2.45159817589 -12.1002000198 -1.33094093449
-118.777 45.7971 -0.000571954605572 6.0780316979e-06 0.000649016637044 0.00163509239435 3.68167 3.73399 1.87616666006 -3.87973575053 -0.440717199915
-117.909 45.7087 -7.55835256687e-05 0.000609358168997 0.0018775330027 0.00103073603185 3.69765 3.69441 2.30286418799 -5.41902028912 -0.443646993109
-117.228 45.9734 -0.00056740001909 0.000790743714178 -0.00216074982346 -0.000538188763861 4.25452 4.20894 1.50273099128 -10.1763557475 -0.940848008483
-116.155 45.8883 -0.00128557645766 -0.000748043961206 -0.00107586702115 -0.000194752381143 4.03666 4.03252 3.76648268104 -1.72778961012 -0.58790512683
-115.255 45.7565 -0.000867377573672 -1.36381735979e-05 0.00172646551776 0.00157131224086 3.54781 3.58481 5.94837589029 -4.97775623432 -0.713693227576
-114.332 45.7893 0.0011785611268 0.000422828641313 0.000875452354702 -0.000626542019039 3.7481 3.7824 7.03023644217 2.83768074932 0.774797669997
-113.37 45.8122 0.00159784577136 -0.000555360441442 -0.00139051516054 -0.00271541959884 4.11488 4.08447 3.79227208006 14.6034904566 1.63037699018
-112.493 45.8409 0.000184614656664 -0.000703698030222 0.00148137826227 -0.0033131943619 4.18438 4.12035 6.997169034 7.51577343623 0.519227820795
-123.281 45.3153 -0.000143406862823 -0.00168660031925 -0.00183200698717 0.00102234940111 4.04032 4.03881 -3.08318240506 10.2325101776 1.16414289664
-122.478 45.2059 -2.20407430081e-05 -0.00109140246722 0.00111112496831 0.00141175347971 3.76488 3.76769 -1.60136237083 7.47483747722 0.773395286979
-121.317 45.2422 0.000100659331315 0.000359107408791 0.000199473232752 -0.00101764151371 4.03618 4.00182 1.74961073464 -2.02683657577 -0.16611726681
-120.635 45.2357 -0.000743188883777 0.000369523506182 -0.000470884332574 6.07583746594e-05 3.9553 3.89746 0.177607322866 -7.95872085944 -0.794682554854
-119.669 45.2664 -0.00106391171099 -0.000469941296926 0.000852846309371 -0.00089023389297 3.96996 3.94867 3.65313180131 -3.14341020321 -0.529881127028
-118.96 45.2904 -0.00127830020636 -0.000716121226438 -0.00198003955126 -0.000209851617913 4.0622 4.09084 1.40073224407 -3.03575393429 -0.499010876944
-117.78 45.2781 -0.000310611258157 0.00048519858118 0.00272565789709 0.000689586299741 3.55672 3.60306 3.41804622121 -5.96300749242 -0.543512944665
-117.12 45.2925 0.000217272844211 0.000435600256274 -0.000823173249973 0.000324739019145 3.97787 4.0025 1.52401787388 -2.06929148864 -0.109041774225
-116.268 45.3997 -0.000995565514799 -0.000272853868235 -0.00178695258128 -0.000464442395112 4.17084 4.12751 3.54923760763 -3.97408785165 -0.633069376497
-114.233 45.0931 0.000463777272722 0.000272084384956 0.00406744697653 0.000751592594972 3.47563 3.50315 4.18165637818 0.444195601794 0.224948659687
-112.489 45.166 0.000580279609275 0.000235253333005 -0.00274120687464 -0.000919630958979 4.19602 4.15527 1.22167943522 1.69032910297 0.324947392457
-124 44.6764 0.000723096569045 -0.000549611441109 -0.0028136699658 0.000174408195073 4.26592 4.24086 -3.18514206293 9.0574318115 0.889445038801
-123.292 44.6765 0.000366772374669 -0.000715440970214 -0.00204284245694 -7.08793188177e-05 4.268 4.19501 -3.34610597253 7.50872693624 0.77916307512
-122.186 44.6837 -0.000417447640362 -0.000819510126791 0.00121187343172 0.000976539310305 3.86678 3.83413 0.914335047208 3.09240175892 0.262148921209
-121.227 44.6473 -0.000330930557257 -0.000379134291013 0.000764425236739 0.00154277082305 3.64414 3.65824 0.112639142777 0.462025757488 0.0226270380166
-120.335 44.7344 -0.000375609260206 0.000390295886655 0.000118080198501 -0.000186192806999 3.81346 3.8051 2.64916716063 -5.51921983145 -0.539129947792
-119.565 44.5913 -0.000370487615313 0.000713877860951 -8.10581298332e-06 0.000222596525343 3.90896 3.83618 3.08467314711 -8.05187642754 -0.740411630726
-118.67 44.5191 -0.000570976652611 -0.000112591360788 -0.0019875791958 -0.00151954033855 4.16337 4.10377 3.22636546217 -2.78112169222 -0.374172005355
-117.664 44.6653 -0.000951251637095 -0.000625407059704 0.00120507650285 0.00138764728769 3.67275 3.69192 3.19382953877 -0.998425882971 -0.361164347168
-116.747 44.589 -0.000434219498275 0.000823916248268 0.00197019948062 -0.0007834725634 3.74571 3.75986 5.97528455839 -9.62089289946 -0.826672262351
-116.013 44.7035 -0.000371888043633 0.000423799960857 -0.00192526037688 -0.00228332834001 4.22816 4.20222 5.27941665267 -5.86242455065 -0.547676148547
-114.855 44.5494 -0.00132485950348 -8.15727376002e-05 -0.00325555303967 -0.00040008694108 4.00158 4.03524 1.81475629284 -7.84126391931 -0.998586069595
-114.255 44.5642 -0.00096244752551 -0.000574321915179 0.00642711701573 0.00165574193971 3.30165 3.34718 4.8623604529 -0.704833002201 -0.472484098219
-121.551 36.3887 -0.000326232902911 0.000186692818314 0.00420527194404 0.00427019041032 3.70879 3.68395 -2.07852829315 -3.45794873194 -0.361063085806
-121.461 40.8161 -0.000522599230113 0.000318074543909 -0.00162209544351 0.00309656148175 3.85859 3.8638 -2.83225952827 -5.89096918234 -0.589643587533
-119.023 36.6801 0.00238049933349 -0.00103012165184 -0.00559104515424 0.0100366568589 3.77059 3.81712 -9.93866698322 24.3233269195 2.27294426217
-123.83 44.0035 0.000481324119843 -0.000485293978075 0.00127983532298 -0.000774422041964 3.95937 3.89961 0.0411682064215 6.80073362185 0.683496116555
-123.278 43.9726 -3.4875298825e-05 -0.000246114808386 -0.00246079301739 -0.00190732936229 4.3654 4.27301 -2.38547132703 1.39861675538 0.158276712896
-122.411 43.7941 -0.00054791159125 0.000271115010954 -0.00106528313445 -0.00134026174905 4.25763 4.22721 0.665094246475 -5.76357176877 -0.58258372416
-121.268 44.1626 -0.000939139644308 -0.000171756579202 0.00124972494024 0.000955704945148 3.80186 3.77605 1.7102298811 -5.08090244863 -0.581275306183
-120.211 43.9437 -0.00139555441708 -0.000444839436885 0.00206165610784 0.0011248878184 3.46701 3.52294 2.33711407329 -5.83609487158 -0.766111677714
-119.504 44.082 0.000340835840726 0.00197518290403 0.000690931863032 -0.00133654295714 3.84241 3.88574 5.87200001846 -14.0666493662 -0.909203369009
-118.569 43.9104 1.1463203082e-06 0.000322530397978 -0.00237349235942 -0.00127015027721 4.23854 4.24264 2.52374804454 -2.54362735927 -0.204210135172
-117.741 43.9733 -0.000942118468377 -0.000514382719957 0.000229253658305 -0.00178687583725 4.07129 4.0142 5.67686317342 -1.37481946917 -0.463646226104
-116.803 44.086 -0.00134248995157 -0.000113748539425 0.0020712274316 0.000988261966342 3.52754 3.58586 3.44485163426 -7.51188415546 -0.997798303645
-115.958 43.9121 -0.000386566799557 0.00039101813565 -0.000908621504159 0.00100865483931 3.76214 3.78957 2.01628633402 -5.68626794196 -0.545654075864
-114.117 43.9146 -0.00011398720863 -0.000178237587184 0.00271463389837 -0.00160209410249 3.92606 3.89603 5.17497553378 0.888336459989 0.00472292461396
-123.575 43.3654 0.000316042782591 0.000278939650456 0.000332045275343 0.00158154461057 3.77347 3.79523 -2.42544347248 0.467664344351 0.00523744088347
-122.965 43.3717 -0.000497743781276 0.000350405663375 -0.000785448060392 0.000868937840006 3.98459 3.96463 -1.5879724698 -5.99390143959 -0.596595802237
-122.109 43.2406 -0.000810820154032 0.000283887726038 0.00246049244718 -0.0017875799515 4.06797 4.07411 5.15240497828 -7.32198745645 -0.807415250849
-121.236 43.2843 0.000219226633451 -0.000186035729119 -0.00412104875527 -0.00232186894011 4.54681 4.50392 -0.74693367389 2.8762617884 0.286731110034
-120.153 43.2515 -0.00221858445923 -0.00111085079891 0.00238466533191 0.0026485204602 3.71879 3.68424 1.7404889138 -6.38421951032 -0.931592727291
-119.311 43.3736 -0.000910518088278 0.000124042250031 0.00320480467945 0.000628517269643 3.12323 3.20975 7.30054829907 -6.36738910306 -0.815375955107
-118.474 43.358 0.00272200222074 0.000167458987952 -0.00425356970074 -0.00132727900087 4.22572 4.24826 -2.0449991759 18.0834922752 1.8415422473
-117.754 43.3471 -0.000688874076623 0.000533236913589 0.00143824414698 -0.000133547653199 3.97692 3.87986 3.73212479623 -8.64955770567 -0.871142406554
-116.767 43.4275 -0.00133922026858 -0.00093699090114 -0.000674140825429 0.000123868678238 3.88068 3.88378 1.41865828466 -1.30158717006 -0.440031940519
-115.828 43.4151 -0.00115363607147 -0.000440628952583 -0.000453325266967 0.00104899348371 3.59076 3.65319 -0.115281071902 -4.26043232775 -0.59450206592
-115.098 43.25 -0.000552458598608 0.000721891901642 0.00207539184614 -0.00121718583236 3.60192 3.63044 3.34708794075 -9.46409071608 -0.872988079506
-114.174 43.3979 -6.99248827882e-05 0.000854043408299 0.00200134609143 -0.00214595968304 3.869 3.8794 2.5875822206 -7.62874184466 -0.56460139027
-124.469 42.8088 -0.000354939587441 -0.00028866049701 -0.00180823700676 0.0016801915976 3.97172 3.95405 -2.28806983787 -0.719010724762 -0.0203517748372
-123.49 42.7667 -0.000599728820396 -0.000326147529875 0.00126149325407 0.00103305034582 3.72979 3.72836 -0.569975215887 -2.01488362451 -0.182753836621
-121.731 42.6133 8.90792387318e-06 0.000577095277629 0.00160335513314 0.00200494333982 3.69338 3.69017 -1.01508513635 -3.99005158397 -0.403033480195
-120.893 42.7258 -0.000169184983355 -0.000120999521377 -0.00313646258892 -0.000650581840762 4.41404 4.25841 -1.34072365129 -0.339088569081 -0.0343060167289
-120.251 42.7991 -0.00122809600074 0.000468456140513 0.00148751095027 -0.00499974422578 4.3591 4.23041 10.7281301061 -10.6083380222 -1.28778088119
-119.247 42.6912 -0.000833290663411 -0.00247861149371 -0.000106071653945 0.00293526097612 3.60323 3.65138 0.344243115255 12.9361561443 1.04527642878
-118.486 42.7308 -0.000653589310345 -0.000286253317726 0.000468145885222 0.00321718622528 3.43347 3.45911 -1.85760673287 -2.50309719747 -0.273162394978
-117.725 42.6996 -0.000183706754902 0.00106398686951 0.0010485151884 -0.00154378468383 3.79144 3.7935 3.29170569156 -9.69854964291 -0.802160157923
-116.87 42.7779 -0.000391216410048 -0.00037823674179 -0.000883463234893 -0.00157928807168 4.04493 3.97655 0.528583818 0.355746921344 -0.0529402819236
-116.032 42.7713 -0.00147141314834 -0.000995346547248 -0.000823271450412 -0.000760134406636 3.86773 3.84426 -0.539070227674 -2.17884066034 -0.460416730906
-114.903 42.636 -0.00158773577774 0.00063017740233 0.00180206325093 0.00254469797138 3.23527 3.2909 -2.69212532162 -15.93584397 -1.59819168196
-114.084 42.6493 -1.18818771374e-05 0.000764582025378 0.00123106343125 0.00262955500908 3.49906 3.5388 -3.86897395109 -5.92189756211 -0.52987354409
-113.176 42.5452 0.000154719240156 0.000919378236342 -0.00334594663798 0.00398511403148 3.89676 3.91523 -6.46232832109 -5.67089242451 -0.54055409044
-123.602 42.156 -0.000738487148564 0.000317042696684 -0.00098677085226 -0.00103141510394 4.08378 3.98986 0.978366470368 -7.29913675873 -0.749190242252
-121.891 42.175 -1.70169127718e-05 0.000237138113525 0.00144262911651 0.00384594139657 3.53114 3.55021 -0.445097738571 -1.7904262774 -0.178924899641
-120.834 42.0472 -9.25422109693e-05 0.00140137971574 0.0017489360062 -0.00118343793579 3.89621 3.86309 6.02414656667 -11.645337666 -0.927037572812
-119.34 42.0187 -0.000534616086606 -0.000558659568751 -0.00293838337068 0.000218791611111 4.13398 4.029 0.369572078353 0.552616078506 -0.0209660180848
-118.344 42.1901 -0.00150055524137 -0.000113361586067 0.00305895726421 0.00176992813662 3.56648 3.59749 2.57391871462 -8.74792681217 -1.08898874895
-117.667 42.0192 -0.000814011008791 -0.000373625878163 0.00254622903969 0.00201422736426 3.22534 3.26572 -0.535707258671 -2.71226754525 -0.355085630861
-116.471 42.0773 -0.000239772887205 0.000143331233531 -0.00218002055729 -0.00152656169842 4.1694 4.02597 -1.20907168104 -2.73259913711 -0.27420556478
-115.754 42.1669 -0.00273054883989 -8.66372001453e-05 -0.00153336151976 0.000670853030106 4.01158 3.95356 -5.87197827264 -19.6271983448 -1.83182631739
-115.016 42.146 -0.00226618359353 -0.000470111093376 4.7947848934e-06 0.000967885200795 3.57981 3.70316 -5.26818423405 -13.1300199865 -1.27017766611
-113.944 42.0886 -0.000243795452275 0.000747131048728 0.0030085670552 0.00441174370041 3.26116 3.29197 -4.20600807286 -7.40000309711 -0.68948190407
-120.74 38.7552 0.00104111101458 -8.68660572279e-05 0.00102294820249 -0.00223425342815 4.26452 4.23321 2.70353920474 7.24729163493 0.845685423662
-124.122 41.8473 0.00019727690361 0.00099949783474 -0.00112552037532 -0.00174928037803 4.14751 4.12073 0.577469261276 -5.50890601708 -0.570228915115
-122.854 41.392 -8.26473708817e-05 0.00169135217626 -0.000742566771406 -0.00237949904384 4.18058 4.11202 2.87743689408 -12.8566899579 -1.19369046871
-122.122 41.2742 -0.00069977576599 0.000331541225107 0.000960723423719 0.00050471504056 3.89821 3.82917 2.87095479029 -7.00481732603 -0.743651284074
-121.839 41.7826 -0.000603248605237 -0.000441633910521 0.00179264118165 -0.00499603747609 4.08037 4.08607 9.83512921244 0.23445511955 -0.248352341897
-121.146 41.3593 -0.0011890751586 0.00100054500335 -9.20873337372e-05 0.000853822399164 3.56315 3.57545 1.25414088226 -15.2575216118 -1.55263558821
-120.477 41.2047 0.000912807934719 0.00142219789885 0.00259868344165 0.0022969509112 3.59125 3.62278 2.31802321453 -4.71442260113 -0.243848343704
-119.171 41.3884 -0.000244340061565 0.000199949029409 -0.00163716618319 -0.0050255362685 4.64952 4.54004 8.34344765124 -3.03283565237 -0.314428808937
-118.379 41.4483 -0.00117103060217 -3.72536047968e-06 -0.00247243513476 -0.00411384618779 4.67404 4.65812 2.67619011263 -7.43765112506 -0.904469915009
-117.45 41.423 -0.000449007863924 -0.000433353205602 0.00211113780082 0.00385030432175 3.50261 3.47568 -3.21584364791 -0.0610622134489 -0.0161126484898
-116.54 41.522 -0.000722085089176 0.000699293175397 0.00240551562146 0.00232918362176 3.54828 3.53268 -1.56079624487 -10.2308305383 -1.0047040622
-115.791 41.4311 -0.00129239877189 0.00118088582159 -0.00469527195226 -0.000317598607364 4.28276 4.25811 -7.48856322373 -17.9255698202 -1.74311439604
-114.915 41.4157 -0.00194848766418 -0.00121623465367 0.00321806656547 -0.000184976027819 3.77034 3.87953 -1.92535003228 -3.9605128469 -0.649033476347
-114.165 41.3602 0.000493305928352 0.000771806867445 -0.00494580320908 -0.00407490942389 4.46707 4.70759 -0.0892593268552 -2.94408322809 -0.10715949348
-113.347 41.503 -0.00130493519251 0.000265762812008 0.00209970198931 -0.000162049429229 3.41327 3.48033 -0.954212738806 -10.7893242317 -1.1743892416
-112.448 41.4632 0.000624985541684 -0.000187320729433 0.00196861428438 -0.000636545432288 3.70517 3.74664 1.70295002621 5.45728861326 0.614118047177
-123.306 40.822 0.000818971239331 0.00373685972707 -0.00166344329392 0.000434365830414 4.4003 4.5075 2.34810066716 -21.2391692897 -1.9406572697
-119.835 40.7484 0.00106069376107 0.000791202628488 0.00720023346695 0.00458127489847 3.05253 3.04337 6.19703492319 -0.00857532967751 0.377972894418
-118.971 40.7797 0.000447329616882 0.00162228208119 -0.00235602196308 -0.00249427031651 4.54875 4.36443 0.575527274528 -9.11869751847 -0.746237215478
-118.134 40.7811 -0.00131193693859 0.00109180393089 -0.00545320274653 -0.00139243003716 4.8196 4.53754 -11.1690962688 -17.1232642913 -1.6619111073
-117.524 40.852 -0.00168573538211 0.000593677208841 0.00427839418264 -0.00306250622253 4.12958 4.15001 5.16419556664 -14.8774782134 -1.71084421919
-115.736 40.8167 0.000235924867746 0.000793358411728 -0.00163656575634 -0.000875460308402 4.07789 4.10196 -4.80132540858 -4.01612047734 -0.394550199456
-115.039 40.8522 -0.000107961085586 -0.000330280122664 -0.000185420178255 -0.00179194034412 4.09568 3.9916 1.54182817238 1.97317862974 0.119651880188
-114.204 40.8556 -0.00223128238198 -0.00118931250846 0.0013358050867 0.000174737878805 3.65423 3.65821 2.78667005784 -3.81067603526 -1.08734384481
-113.187 40.8513 -0.000906772713578 -0.00127890528014 -0.000571828861855 -0.001158364399 3.709 3.74512 2.6371649248 5.20597996327 0.0176301242856
-112.52 40.8903 0.000448152813836 -0.000767173166587 0.00335312157884 -0.000919940117309 3.77665 3.81218 2.18365570737 9.20681858485 0.813604419931
-123.82 40.1398 0.000646590122668 0.000250448284194 0.00542510194054 0.00176374053822 3.66537 3.7115 3.91582927364 2.33406095399 0.317248602244
-122.788 40.1767 0.000822849947001 0.000307171140349 -0.000756537738877 -0.0019497826743 4.12497 4.15217 2.4235270093 3.18512193938 0.400505251573
-122.032 39.9971 -0.000110927729396 0.0008676985543 -0.00499143974731 -0.00228498612035 4.69579 4.64898 -1.61196906192 -6.65619920034 -0.700559831265
-121.086 40.32 -0.000408938217969 0.000153002782768 0.00043049093535 8.12581609421e-05 3.85739 3.87779 1.5404903685 -3.81094627451 -0.40584078449
-120.918 39.962 -0.000173456806822 -0.00031197021148 0.0027780015634 -0.00105346059975 3.8641 3.85706 6.15089091565 1.39591571993 0.0518536479636
-119.827 40.165 -0.000442357182029 0.00021505821174 0.00369092746934 -0.00348401070928 3.73322 3.7993 7.83880634444 -4.25337046793 -0.485669172605
-118.877 40.1614 -0.000619091956206 0.00285223590627 -0.00280703001986 0.00818816268414 3.41116 3.46206 -11.9837787062 -21.5865453082 -2.67619540131
-118.155 40.2903 1.04608425168e-05 0.00188383899033 -0.00302136050677 0.00404003452438 3.90304 3.95796 -9.76111527989 -11.6402473869 -1.46874572348
-117.19 40.1697 -0.000121188005696 -0.000194345799855 0.00390199578199 -0.000175407192493 3.86782 3.85373 2.13952253146 0.751102808313 0.0282260757975
-116.5 40.2917 -0.000829499321974 8.33568208571e-05 -0.00117040905747 -0.00055599324576 4.06367 4.07511 -3.48302212885 -6.45263723011 -0.652726772935
-115.657 40.1313 -0.000510814771375 9.82576183291e-05 -0.000297775291951 0.00257908140552 3.74687 3.78589 -4.69165932586 -4.3675231268 -0.431270678288
-114.745 40.2679 0.000139213676399 0.000524487517026 0.00128364771041 -0.000574197214959 3.89496 3.86401 1.92206303913 -3.37299179931 -0.21053623817
-113.981 40.1314 -0.000467866083385 -0.000328196055507 -0.00037899365501 0.0012705104876 3.8474 3.79868 -2.35264839293 -0.658603337456 -0.132993608521
-123.338 39.469 0.000371326989042 -0.000163950665303 0.00585367690322 0.00191798075323 3.6577 3.65771 2.60615857791 3.578196608 0.384403015978
-120.608 39.3028 -0.000235117613291 0.000231657960637 0.00181629099565 -0.000677588834953 3.94356 3.95646 2.77471565847 -3.21555829334 -0.329268796729
-119.898 39.6785 -0.000210400744093 -0.00165632184232 0.000133689817675 0.00356215803165 3.8382 3.9514 -2.24514596333 10.0362821702 1.02592212229
-118.889 39.5399 -0.00049131956964 -0.000308378646278 -0.00138722763956 -0.00458334131873 4.35193 4.68917 -2.64901248144 -1.27142236271 -0.13033551627
-118.08 39.6946 0.00119013631039 -0.000132399962701 0.00115452630442 -0.00323828323996 4.1072 4.33066 2.99420685392 8.45210420354 1.01115538007
-117.14 39.5516 0.000101755144846 0.000819109172393 0.00164916949664 8.77589524261e-05 3.87693 3.81587 -0.517435027916 -5.45311962932 -0.468357941914
-116.464 39.6202 -0.00159548959766 -8.55083495592e-05 -0.00209257545926 0.000636073355315 4.17902 4.24448 -5.84425678772 -11.0671750459 -1.03514858441
-115.754 39.553 0.000425474422096 -0.000231432311159 -0.0043128991261 -0.00261717642577 4.36089 4.44788 -0.825695142754 4.58923615512 0.472784260031
-114.908 39.4731 -0.000109741407811 3.08153282157e-05 0.00301541835814 0.000916504655343 3.57348 3.5849 -1.38225640062 -0.968806324059 -0.102940457407
-114.016 39.455 0.000107013864824 0.000799771803478 -0.00191517435664 -0.000154592309496 3.97448 4.00161 -0.824573511036 -5.55523923708 -0.432172315932
-122.015 38.6333 -7.14192520753e-05 0.000980233758232 -0.000671613706542 0.00372705308416 3.80929 3.80017 -3.03219905497 -6.91396561053 -0.768674251528
-121.377 38.839 -0.000101068525774 0.000153857522843 -0.000274449302833 0.000466947141001 3.81679 3.86712 -0.255098588177 -1.75276637061 -0.179651454326
-118.808 38.9383 0.00082912128378 -0.00205426367491 0.00188734607524 0.0018674381628 3.46429 3.43648 0.926784864159 20.6250270879 1.97808403765
-117.932 38.8606 -0.000724610222189 0.000227052148673 7.78629288993e-05 -0.00114376051539 3.93408 3.92165 -0.254232458597 -6.47260134219 -0.691038729978
-117.182 38.834 -0.000432795318648 0.000900035322542 0.000810473677277 -0.000956292267849 4.02012 4.12165 -4.86292128294 -9.32818210267 -0.948196144545
-116.4 38.8247 0.000840305383585 0.00030430220268 -0.00302267382863 -0.000484421805015 4.47839 4.28423 -6.07274550826 4.03932695713 0.35423627735
-115.654 38.8455 -0.000732026416846 -0.00165665618393 -0.00145275122118 0.00276194825975 4.02184 3.88 -5.46798882532 6.37928012402 0.673605827158
-114.83 39.04 -0.000694699178474 -0.000447270744263 0.00287748703288 0.000528523892831 3.57319 3.60113 0.766894149201 -0.896866839743 -0.259431668956
-120.936 38.2571 0.000178530181617 0.000316456600719 0.00212743444022 0.00441498987367 3.65031 3.67087 -2.43495238937 -0.886083835745 -0.103457931609
-120.076 38.7028 -0.000219751027151 0.000623491974529 -0.00292932917886 0.00177852256262 4.18711 4.10393 -5.78203591213 -5.62608016028 -0.613786818074
-119.451 38.5226 -0.000527208372508 -0.000407309353741 0.000687813520262 0.00138825140908 3.77888 3.76509 -2.92262777942 -0.888323987981 -0.0788312167917
-119.047 38.089 0.000133434174598 4.5887883708e-05 -0.00142150361207 -0.000991390364691 4.10956 4.03872 -3.29120407076 0.619027103138 0.060539541049
-118.106 38.3489 -0.00110589835657 0.000273026980614 0.00136425202841 0.00464151494629 3.35037 3.33279 -6.87307104803 -9.96607011172 -0.936041505803
-117.072 38.2397 -0.000858292928389 -0.000825115542284 0.000656377619264 0.00406042101078 3.51428 3.56735 -6.64498828755 -0.795524131078 0.033282906909
-116.302 38.2886 0.00146466440497 0.00142052606313 0.000267778377204 -0.00167678824681 4.18672 4.15655 -1.59004498741 -0.684552618827 0.130938534013
-115.585 38.3489 -0.000453417060125 -0.000192453798617 -0.00236352809125 -0.00512355124818 4.59124 4.39184 4.46939822629 -1.0860228462 -0.255947455037
-114.608 38.3281 -0.00154245704996 -0.000654653296088 0.000798685452951 0.00124597851605 3.61141 3.60164 -0.0195346796328 -4.82924823079 -0.77161933852
-113.021 38.2987 0.00037514365002 -0.000211856930994 0.00322912264004 -0.00257667694493 3.77756 3.76868 3.45792957724 3.97047898705 0.428709795704
-121.328 37.5049 -0.000700246172431 -0.00202058110926 0.0116531041267 -0.00176941072756 3.64568 3.69188 9.9389951433 12.3661956296 0.542832842239
-120.33 37.346 0.00140547734174 0.00101189801504 -0.0186604822879 -0.0106703413776 10.8596 53.0409 -0.00857582110921 2.14230997287 0.334212937852
-119.849 37.8817 0.001379423092 0.00130436662023 -0.000737758282285 1.98395286297e-05 4.32862 4.35376 -1.2634111279 0.222926476566 0.0831919942388
-118.171 37.4993 0.000173477017083 -0.000157656011796 -0.000449256466581 -0.00361196703426 4.25423 4.21216 -0.64593712822 2.28698724291 0.234412816287
-117.225 37.7243 -0.00243370215888 -0.00018625125609 -0.0012759101256 2.12622835227e-05 4.07134 4.04823 -3.39623002004 -15.5599603178 -1.60303900771
-116.595 37.923 7.98562293607e-05 0.000728567064486 0.00244414500598 0.00245494896516 3.23356 3.31821 2.44221926185 -5.18438326229 -0.389355906885
-115.747 37.6444 0.000679069639125 0.000243610447005 0.00183530320301 -0.000324178890291 4.04003 4.01064 1.66237351327 2.32598831807 0.378716523603
-114.849 37.6083 -0.000905006802927 -0.00128045171868 -0.00554314685611 0.000537114001588 4.38748 4.42821 -7.82417969773 1.97328502975 0.333682031759
-113.86 37.5808 -0.000658869751799 -0.00100768626339 0.000937138922356 0.00151405021389 3.65519 3.68213 1.9732836007 4.09213337995 0.0832988511886
-113.168 37.7601 0.000257635211924 0.000451482614637 0.00311049803452 0.00239613548327 3.23007 3.25259 1.03785099826 -2.0307512615 -0.0719156813052
-112.363 37.6761 7.7335394381e-05 0.000424197816961 0.00361188371791 -0.00168863369539 3.68934 3.69393 2.98081968425 -3.08006685197 -0.181608235277
-121.786 39.2291 0.000255045788735 0.000662155580171 -0.00316507665121 -0.00110811534576 4.19796 4.17311 -0.929375611919 -2.78550517221 -0.288508098235
-120.674 36.8953 -0.001467078002 -0.0043112497023 -0.0187267042872 -0.00525942399411 6.3192 5.79575 -3.76212696222 17.8557217004 2.15762397783
-119.709 37.0069 0.0013958846662 0.00110189436062 0.00997641495589 -0.00363480103552 3.69253 3.69166 5.05963032439 -0.192134694221 0.432233491938
-115.22 37.2408 -2.15413446191e-05 0.00047556408157 -0.00191054188277 0.0027801817368 3.97675 3.88933 -4.83108606089 -3.52001168226 -0.35022115384
-114.715 36.7256 0.000629412455977 0.000154586616077 0.00324630075861 -0.00180176696428 3.98421 3.9784 5.93093824673 2.20105004271 0.437853569902
-113.907 37.0195 -0.00124949969143 -0.000822445258403 -0.000705511571814 -0.00361903979861 4.24096 4.16013 3.82937968569 -0.51636198099 -0.54398162385
-113.084 37.0615 -0.00169682557452 -0.000672023821259 -0.00158041656087 0.00254065645184 3.51757 3.57637 -3.60577258786 -6.51163530382 -0.80369490316
-112.382 37.0183 0.000644696783501 0.00059575191727 0.00855082880105 0.00772829904637 3.0809 3.10562 -1.95864373215 -0.394358490486 0.107798376914
-120.783 36.3627 -0.000979024055464 0.00398743849202 -0.0161648691423 -0.0227803957311 8.18174 8.37841 26.8429275756 -39.1336662632 -2.07176263346
-120.12 36.3356 0.000761081315071 0.000195705715552 0.0123917859132 0.00424104158566 3.24319 3.30215 4.599367408 3.05274404851 0.475606289558
-115.383 36.423 -0.00261593164861 0.000897571891068 -0.00354319545588 0.00348033000579 4.01544 4.24083 -4.57757501337 -24.5336034583 -2.4926650351
-114.539 36.4321 0.0012177371064 0.00132929124948 0.00440334647775 0.00115137107622 3.85448 3.91919 5.6758861234 -4.24240307175 0.270851851533
-113.965 36.4151 -0.000192582148958 0.000903368711034 -0.00424140266483 0.00498803824269 4.02742 4.06901 -7.49165007628 -7.60348508308 -0.789336449502
-113.18 36.4182 -0.00113361115273 -0.00127508426851 0.00122292433202 -0.00271038154544 4.19799 4.2549 4.74555335781 4.26383927152 -0.227424263373
-112.291 36.428 0.00192901117086 -0.000311212670019 -0.00163743995859 -0.0130974253372 4.64452 4.78801 10.4055675373 11.8944474459 1.85153999182
-121.236 36.0214 -0.000720958173382 0.000549473410703 0.00373100841237 0.00528828700881 3.761 3.73718 1.57144702675 -8.45123102812 -0.903384020736
-120.87 35.636 -0.000256044771803 0.000343204226566 0.00220500725976 0.0157605814815 3.52823 3.6093 -2.29066956842 -4.01039128311 -0.424410550664
-115.43 35.8384 -3.56041356571e-05 -0.000571233666223 0.00349281893359 0.000500643039057 3.78511 3.77788 1.64355939447 4.19700265222 0.326970602269
-114.851 35.7266 -0.000918048495793 0.001149141129 -0.00378514513425 0.000317640534434 3.92902 4.0979 -1.8106317012 -14.5362589877 -1.44909041342
-113.984 35.8522 0.000410725793045 -0.00162494874237 0.0148395732686 -0.010366430119 3.60735 3.64761 14.8792294171 16.4416055879 1.04338764981
-113.105 35.6339 0.000948095531008 -0.000819796877372 -0.00238197713002 -0.00250429312664 4.16378 4.13772 6.04434079035 12.0308640053 1.24052589248
-112.173 35.8191 -5.88615139651e-05 -0.00157204640961 -0.000339010467698 0.00429547540241 3.86898 3.86482 -1.81783026588 11.7773622586 0.964530357066
-109.933 35.7113 3.87279471494e-05 -3.15741090537e-05 -0.000381449633822 -0.00404502162814 4.35267 4.32794 2.69859776427 0.490436293214 0.0497759339779
-109.046 35.7147 -0.000244324773761 -5.43498502256e-06 -0.00496000061796 -0.000957903302949 4.45781 4.43319 -2.32322353993 -1.53077797239 -0.187304345602
-114.87 35.301 -0.000517065451333 -0.000598780224318 -0.000703581941068 0.00152867604497 4.00542 4.17544 0.427709576677 1.34266896281 -0.0211283454194
-113.885 35.099 0.00103304641524 -0.00181306183299 0.0022108909075 0.00261983817838 3.65864 3.67541 2.91274483372 20.5638628871 1.90470371478
-113.083 35.2127 0.00120693241505 0.000278025352368 0.000444082266303 0.00176164555862 3.83504 3.76576 0.435570265237 5.27683777261 0.775996702384
-112.267 35.1787 3.40690578347e-06 -0.000751082798951 -0.00274145099424 -0.000569205811922 4.36492 4.28387 0.0437483805208 5.95087711936 0.466693767788
-111.532 35.0951 -0.000358199647346 -0.000662060194015 -0.000286492942963 0.00434093230538 3.78471 3.7756 -1.69292954708 2.85794693524 0.144403173267
-110.713 35.0789 0.000286739358172 -0.0001091255134 0.00292623906693 0.00315676701082 3.49098 3.50574 0.639141662144 2.62564774942 0.295144787344
-109.736 35.1181 0.000664184640115 0.000498815939113 0.00208731114414 0.00082076437357 3.91059 3.8324 -0.896515832673 0.112773513431 0.220919113806
-109.388 35.1118 -6.3522805205e-05 0.000270683252925 -0.00639016446532 -4.06723906832e-05 4.68261 4.60468 -6.60405887081 -2.46726473248 -0.231556073637
-113.83 34.5935 0.000132080993749 -0.00183831583523 0.00266338124573 0.0024430125717 3.73289 3.73141 1.87768439605 15.2656819048 1.2169964548
-112.891 34.4692 0.000330785658199 0.000219879765419 0.00313600613419 -0.000175495675789 3.68482 3.73337 4.95253452262 -0.000848557746564 0.153835821776
-112.237 34.4866 0.000550205757072 4.8374802023e-05 -0.00269312620897 -0.000500343820582 4.38434 4.49379 1.01220283558 2.93731093423 0.409197119074
-111.441 34.4178 0.000152669426233 -0.000203256811884 -0.00156506817424 -0.00267425002612 4.52997 4.48412 2.97454241326 2.55242415561 0.241310685985
-110.806 34.3371 -0.000152564377483 -0.000740389951574 0.00104261337263 -0.0020883213656 3.9096 3.92112 2.73505245868 5.2700456982 0.295402627601
-109.95 34.5293 0.000233578898617 -0.000406157039298 0.00242000834741 0.000393900770026 3.63215 3.65054 -1.27997344318 4.71265080813 0.434681617536
-109.29 34.4275 0.000191317228306 -0.000464632396898 -0.00230343341594 0.000996222940131 3.97092 3.96699 -4.03409581144 4.87192072836 0.447541175873
-114.524 33.7503 0.000176845536845 -0.000359464115223 -0.00411075692253 -0.00365945770528 4.52803 4.5484 0.234820896604 3.81659605774 0.364345483233
-113.829 33.8142 -0.00100714973555 -0.000101511845824 0.000559639963388 -0.00192813472037 4.15233 4.17642 4.19502898916 -4.84501678174 -0.768143642281
-113.005 33.9383 -0.000436367257959 -0.000412095116383 0.00400163838745 7.00590709702e-05 3.5744 3.7131 5.84901676797 1.09304264031 -0.143936917546
-112.333 33.9535 0.0034012040503 -0.0019276706352 -0.00259224719409 -0.00210179958963 4.24754 4.22838 -0.209256664944 36.068058288 3.86241414355
-111.478 33.8798 0.000574731101934 -0.000553830660102 3.89259567739e-05 -0.00330035097924 4.52664 4.45882 6.42253344009 7.72591797939 0.778911553317
-110.034 33.7776 -6.75061602463e-05 -0.000531371620691 -0.00114861824478 0.00292313411926 3.79599 3.82102 -6.04142084555 3.46259966442 0.313049644524
-109.254 33.9571 -0.000230009577133 -0.000348077304716 0.000714320632653 -0.000616238139179 3.90238 3.89114 -0.328414546161 1.43005626549 0.0247843282753
-112.946 33.3627 0.000278549595098 -0.00074995230874 0.00120664726395 0.000489395965509 3.81502 3.81025 2.94113724386 7.6149308284 0.663278766096
-112.158 33.2893 0.000600417182202 -0.000473800275392 0.00186277657967 -6.16627131328e-05 3.72902 3.71573 1.65015771156 7.31929689781 0.764468276839
-111.427 33.341 0.000497941583401 -0.000562848731574 0.000770736983449 0.00166300689975 3.90138 3.84824 -4.70713076868 7.49576299262 0.747285313901
-110.472 33.2969 -0.00034531317414 -9.99711032047e-05 -0.00523037634479 -0.000484943926663 4.64144 4.52546 -7.05345415683 -1.70124834952 -0.177548949477
-110.036 33.0851 -0.000788821515693 0.000229579611533 -0.0012441914262 -0.000950293466026 4.19818 4.12848 0.275220854088 -6.5948774081 -0.769691622145
-109.266 33.2921 -0.000206802540982 -0.000101173448487 0.00666939580007 0.000446260623188 3.55306 3.57704 1.82539651662 -0.351162453096 -0.112332206993
