-114.58 32.5356 -6.97386757364e-05 4.35787528844e-05 0.00273563253424 -0.00177870764121 4.27496 4.29888 -3.07098535176 0.38194738257 0.0715346871996
-113.767 32.7683 -0.000298459539899 6.60043071973e-05 -0.000651894131649 -0.00228925523757 4.20576 4.27344 -6.1227979395 0.746065438313 0.30306848166
-112.883 32.7513 8.22460731699e-05 0.000294186045716 0.000495106180362 -0.000389596130348 4.43695 4.45992 -3.00557141619 2.35210096146 -0.075059386907
-112.228 32.7006 -0.000208913778751 0.000389976768883 0.00088073546164 -0.000362840662853 4.25664 4.22715 -2.81922149027 3.14118153544 0.214790911056
-111.704 32.5618 -0.00036911131712 0.000264083150707 -0.000844214841214 -0.0020819952273 3.83942 3.89142 -3.39413672964 2.15816520434 0.37456777909
-109.97 32.6399 -7.59132899374e-06 0.000224248570184 -0.00120709912972 -0.00171877770456 3.87272 3.99021 -3.52324069853 1.7447638147 0.00895767295737
-109.303 32.7663 -4.25786916261e-05 0.000497628895329 -7.01153598671e-05 -0.00306697645883 4.03631 4.1339 -2.98710848178 3.83672507554 0.0373253824413
-108.633 32.5466 8.23242801924e-06 0.000230892751314 0.00108441151141 4.44495606292e-05 4.15681 4.28582 0.210872391183 1.76704489002 -0.0246906235773
-107.785 32.5324 0.000150699011949 0.00021854580835 -0.00130753943231 0.00063534393143 3.90448 3.97024 1.08262381549 1.75580544172 -0.170715094096
-107.001 32.6995 0.000162015117661 0.000270979820482 -0.000293245346264 0.00149025110109 3.99831 4.16629 2.78620929193 2.1764484461 -0.196635169935
-106.262 32.6349 0.000233755706208 0.000339535499127 0.000403400279369 0.000513105135386 4.13155 4.16318 1.89603458107 2.72004072571 -0.274198701314
-105.454 32.7001 0.000257062211635 0.000405052650879 4.74434539655e-05 0.000178147699689 4.18969 4.16784 1.4128737642 3.19249670144 -0.305526027091
-104.657 32.6588 0.000113652577708 0.000363320770565 -0.000458432793836 -0.000790575985242 4.20105 4.21324 -0.724465414013 2.71261625658 -0.1477153597
-104.02 32.6462 0.00024236565639 0.000391347001707 -8.72107587358e-05 -8.09523382342e-05 4.29948 4.37839 1.18686714283 3.03657662218 -0.29284149314
-103.357 32.6764 0.000228262804541 0.00028909526691 0.00160388440754 -0.00082556821763 4.27467 4.34709 -0.00854998002639 2.252760985 -0.261532362053
-112.812 31.9559 -0.000160868229238 2.1864592587e-05 0.00188871550983 -0.00154280760383 4.25267 4.25615 -1.24810846931 0.172513679389 0.160810984435
-106.428 32.0062 6.80808661571e-05 0.000147788075249 0.000749961780786 -0.000926808686003 4.15414 4.19245 -0.711209509161 1.13378061018 -0.0786774974081
-105.523 32.076 0.000185350885102 0.000443966036153 0.000584964530108 -0.000517290788561 4.2525 4.29629 -0.27963099562 3.37552036684 -0.224468458356
-104.823 32.1101 0.000224886648032 0.000475848005118 -0.000729804169058 0.000690546621603 4.13031 4.14486 1.3255053849 3.64721318479 -0.282507315455
-104.101 32.0618 0.000269948038937 0.00035094996495 -0.000570524273659 0.000832950018871 4.2262 4.24276 2.1057893037 2.7909876293 -0.317984547445
-103.292 32.012 0.000242711169666 0.000228861815928 0.00304002434607 -0.00070488815469 4.40194 4.40243 -0.348111398655 1.81674218506 -0.26644383701
-105.483 31.4425 -0.000135329690312 0.000135584419127 0.0011305566834 0.000681515360356 4.11112 4.15942 0.688750267396 0.88934025606 0.120770640105
-104.971 31.3711 0.0001431035117 0.00021164319875 -0.00158466618675 0.00103786118227 4.02677 4.1021 1.06389052899 1.65265589086 -0.16610908104
-103.979 31.3165 0.000368959375363 0.000205649137045 -0.00119950160182 0.000681134642619 4.21893 4.3759 1.03766099218 1.79380336161 -0.39124836589
-103.492 31.3691 0.000833603748084 0.000126066994229 0.00275064707014 0.000859568828915 4.96271 4.85071 2.80237601997 1.83005609829 -0.843056003147
-102.81 31.3818 0.000314779352786 0.000293059118761 0.00106027322124 0.00107476934562 4.26633 4.18687 1.05814715035 2.35923896852 -0.351213193487
-104.029 30.6689 0.000308831611296 0.000117125298084 0.000221946860088 -0.000706081043145 4.24512 4.28529 -2.40305240945 0.966967580292 -0.314922525456
-103.402 30.8498 0.000253190953838 0.00028061448 0.0014055011262 0.000657145544296 4.54826 4.51748 -0.0472626916174 2.18269481843 -0.2811662907
-102.685 30.7263 0.000100030716221 0.000498158921802 0.00270389466928 0.00185783983117 4.38177 4.36791 2.86737443485 3.59157750685 -0.17888393974
-103.612 30.1456 0.000191658518727 0.00026554499161 0.001928472534 -0.000789020880872 4.43883 4.45123 -3.37290502384 1.9519630034 -0.201843274211
-102.788 30.1615 0.000212709516781 0.000179385000072 0.00193756195818 -0.00306756544187 4.38299 4.46178 -4.94940825677 1.29828467149 -0.216138189086
-103.389 29.4528 5.86188682826e-05 -8.21726381511e-06 0.00239104953259 -0.000802534841343 4.42012 4.43619 -1.17009583781 -0.027668660808 -0.0578554830106
-102.888 29.4862 8.73688478435e-05 0.000121593350729 0.00283886586256 0.000475956697362 4.35145 4.35661 -0.223228753836 0.915540480332 -0.0985178910282
-115.653 48.9339 -0.000118500259914 -4.90329897445e-05 0.00145002517896 0.0014086640906 4.16359 4.13264 2.27742757317 -0.524523264593 0.123432262534
-114.413 48.933 -0.000165473685722 0.000120907896509 -0.00162857175013 0.00141259816961 4.05648 4.21704 1.90820799896 0.819500303854 0.148732880493
-113.422 48.9725 0.000301344964201 7.38480180252e-05 7.90741324234e-05 0.00318064906744 4.36351 4.47448 3.68518514223 1.02229062424 -0.309542352011
-112.733 48.9777 0.000253749227878 8.18954253147e-05 0.00105447183236 0.00252687412429 4.50241 4.49772 4.33428807691 1.05380386163 -0.264741982867
-111.597 48.9482 -6.80648703969e-06 -3.62174477173e-05 -0.000834160612843 -0.000700642026964 4.30684 4.27977 -0.343667996742 -0.297420841378 0.0113208567688
-110.699 48.9448 4.09664422361e-05 -9.01069723992e-05 0.000564652248679 -0.00231408490975 4.53969 4.53619 -2.63000781531 -0.686713931811 -0.0318794349882
-109.846 48.9198 -0.000127805917522 -7.01148944392e-05 -2.92846954675e-06 -0.00318046178154 4.40265 4.37324 -3.76514894492 -0.647591719255 0.133620633025
-108.743 48.9286 -0.000225394446812 -1.41847540714e-05 -4.15671025091e-06 -0.000499466443343 4.20218 4.22942 -0.402254878278 -0.400910257227 0.224675988845
-115.589 48.4694 -0.000140554114587 0.000131976058436 0.000794420921925 0.000406561821939 4.14607 4.1062 2.42984664976 0.957476222763 0.123904492093
-114.468 48.3739 -0.000100425206972 -0.000261684924161 -0.000113251701516 -0.000332319809563 4.23923 4.27791 0.056977696365 -2.23615953703 0.124027385163
-113.273 48.3609 7.07587363234e-05 -0.000255178762493 -0.000766671795383 -0.00251190183766 4.23687 4.3442 -4.61753185103 -2.07652544047 -0.0640436192955
-112.562 48.3129 0.000244827652779 -0.000117562500287 -0.000269892975777 0.000498768152054 4.5135 4.66977 0.963217560765 -0.685041490871 -0.227091364251
-111.707 48.4128 0.00021267040194 -0.000108364955755 0.00116720967792 0.000820501056342 4.69803 4.72325 1.37044598492 -0.605681525552 -0.193807838388
-110.799 48.2921 1.64776687184e-05 -0.00015111120155 0.0010349652055 0.000421828589307 4.57149 4.51651 0.32398345679 -1.1795400689 0.00558295212914
-109.777 48.3943 -0.000205861927254 -6.19353078295e-05 -0.000368488119113 0.000267951074248 4.27048 4.25135 -0.150064154611 -0.733178046704 0.212851673068
-108.944 48.4551 -0.000283552269658 -0.000197715472163 -0.00115893976023 -0.000385458448723 4.09503 4.13861 -0.596329009491 -1.88607511799 0.310745061184
-107.017 48.4278 -8.28046062987e-05 6.33303927393e-05 0.00117257360352 0.000171646808453 4.29067 4.42155 0.7050595206 0.349914457901 0.0682153414587
-116.256 47.8397 0.000156455795087 0.000385589000409 0.000452385490303 0.000909103742316 4.07206 4.04111 1.86567718492 3.35802173853 -0.193227144282
-115.475 47.7092 0.000243579371797 0.000227200320466 9.06191998179e-05 -0.000285941267795 4.34709 4.27452 0.735914258594 2.06910641879 -0.262473314191
-114.574 47.6795 0.000267881790887 -0.000140334083135 0.00206687787817 -0.00130603533526 4.72812 4.65427 -1.23855272983 -1.0175328562 -0.258265288713
-113.747 47.7687 3.82700310499e-05 -0.000220144401793 5.10145214987e-05 -0.0012218938631 4.32827 4.28508 -1.50780414371 -1.78446249032 -0.0225068416511
-112.607 47.775 -8.8538802624e-06 -0.000281375250625 -0.0023336945608 -0.00205647252689 4.09348 4.07357 -4.97394609798 -2.29251693027 0.0161254185448
-111.746 47.8012 5.69307429885e-05 -0.000146242720968 0.00174876719837 -0.000903700077661 4.66296 4.63474 -0.558420360221 -1.12131203031 -0.0398449321663
-110.763 47.6327 -2.55834291198e-05 -3.38811368936e-05 0.000869351108682 1.05864676755e-05 4.45014 4.41299 0.650035778038 -0.298399355011 0.0302948172623
-109.049 47.7343 -0.000101157261378 -0.000213586199205 -0.000973275107236 0.00102811885003 4.18549 4.16632 2.40534250784 -1.80850445787 0.141972817305
-108.004 47.7133 -0.000252478055175 -0.000191690123393 0.00086628763248 -0.000481329738364 4.36712 4.36461 0.445958631812 -1.82709151678 0.282997694775
-107.096 47.8264 -0.000199875765284 -0.000331996769382 -0.000738755165975 -0.000799337673325 4.24152 4.26924 -1.31167324437 -2.78683305149 0.251515015603
-105.884 47.7456 0.000233378162036 -8.34224415675e-05 0.000713782494049 -8.57558338364e-05 4.5504 4.6115 0.568161852698 -0.245540528178 -0.210423092846
-105.184 47.8026 0.000240257248978 -3.67005682574e-05 0.0027113446126 -0.000119646248492 4.26561 4.2758 0.428975668509 0.128027736256 -0.226369529522
-115.353 47.0528 0.000349473814392 0.00112056076992 0.00279708694332 0.000635546639134 4.40977 4.36471 1.29773194663 9.58432832799 -0.454966245334
-114.459 47.0943 0.000280740017988 0.000129342061956 -0.0010396984529 0.00126316914644 4.31321 4.17904 2.2148669264 1.3484687931 -0.294538448247
-113.506 47.0816 0.000191041419334 4.53894455484e-05 0.00119216206539 0.0025358408587 4.52405 4.41822 5.41244443781 0.664125088287 -0.196189957703
-112.52 47.0418 0.000107237562908 -5.11032253211e-05 -0.000359538637696 -0.000229014103497 4.32461 4.22533 -0.58772076286 -0.326551666026 -0.101618162334
-111.549 47.0308 -4.64397761064e-05 -0.000122026950191 -0.000582309122453 0.00090399411509 4.25597 4.19605 2.47728169936 -1.0311799578 0.0659562795294
-110.687 47.1523 -6.27764052227e-05 -3.56427812908e-05 0.0015642682954 -4.77198540922e-05 4.46832 4.45783 2.25457770327 -0.367447866102 0.068002095923
-109.802 47.1961 -1.48053934079e-05 -3.94529840488e-05 -0.00172218066323 0.000517861992291 4.05497 4.02571 1.78579278653 -0.32853095928 0.0215563401658
-108.88 47.1646 -7.30404913252e-05 -0.000106364452808 -6.43754020877e-05 -0.000476780651027 4.2766 4.20577 0.755458197083 -0.921561508356 0.0901819834164
-108.136 47.0911 -9.69632043922e-05 -6.70772294548e-05 0.000294912209815 0.000596719635335 4.41831 4.36046 2.61066517952 -0.671864610872 0.109000435057
-106.994 47.0658 -9.87045720344e-05 -0.000263786086313 0.0008609228688 -0.000194004118874 4.41161 4.38529 1.33741497276 -2.14771779883 0.150846012423
-106.18 47.1498 -0.000112830307041 -0.000261373571635 7.20457480669e-05 -0.000994250935244 4.16797 4.18633 -0.698542762949 -2.12448383422 0.158566136917
-115.571 46.4151 0.000487638321537 2.91423479334e-05 0.000844630959243 -0.000952828592617 4.25932 4.41564 -1.851816805 0.385768437313 -0.488359117025
-114.188 46.4423 0.000784793175012 0.000105229796197 -0.000695496113479 0.000204513063239 4.23436 4.30075 1.77616786387 1.61269488195 -0.79170102581
-113.493 46.4162 0.000126733638956 1.29654586444e-06 0.00122027893445 -0.000947436153411 4.56708 4.32262 -0.47145782844 0.0996128955375 -0.12637833737
-112.641 46.4246 0.000164761450325 0.000127201824042 -3.98909661779e-05 0.00111969045713 4.3224 4.23976 3.72630387759 1.24608427115 -0.183922877845
-111.676 46.5336 2.4656532927e-05 5.11902696349e-05 -0.00129874627421 0.000241502516556 4.13351 4.0518 1.14632955176 0.435935432493 -0.0314780285741
-110.858 46.462 -9.72416084007e-05 1.28285533256e-05 0.00122496512061 0.000740756977322 4.40612 4.37414 4.33667199779 -0.0572969301285 0.0926165373056
-109.914 46.5663 -6.41822910029e-05 -5.10313809781e-06 -2.15576412054e-05 0.000210820904276 4.32518 4.3135 3.02309488468 -0.137928273591 0.0639591256627
-108.786 46.4611 -8.28599148402e-05 -6.35263519468e-06 -0.00063594365403 -0.000532177879475 4.24825 4.24199 0.674149268301 -0.157483262504 0.0827577612366
-108.13 46.5038 -3.33730485709e-05 -4.52586952385e-05 -4.8816221517e-05 -0.000498069521535 4.34861 4.35028 0.851966808733 -0.393271723048 0.0409290564342
-107.076 46.5408 -3.28072760449e-05 2.60574954105e-05 0.0021917816855 0.000630329034516 4.31981 4.26639 3.43688869696 0.135210857021 0.0256967605346
-115.255 45.7565 0.000258381440992 -0.000562269726804 -0.000462192850158 -0.000267981978007 4.06714 4.03237 -0.297058747701 -4.53620378569 -0.222433942388
-114.332 45.7893 0.000157278398624 0.000126599215256 0.000127065438325 -6.55230935191e-05 4.36762 4.28763 -0.251302812065 1.14019715664 -0.166408582355
-113.37 45.8122 0.00013010645781 0.000308666302591 0.00126663937233 0.000271455686151 4.49585 4.40992 0.831738670465 2.62405100108 -0.162344019835
-112.493 45.8409 6.02878738447e-05 0.000273970173676 -0.000571519925905 -0.000648263748429 4.22131 4.17723 0.678727095234 2.26410907141 -0.0915384198214
-111.626 45.7843 7.91958670093e-05 0.000287776081088 -0.000716227254216 -0.000525680836265 4.16555 4.10622 0.493598547384 2.37584021459 -0.114024307146
-110.659 45.9054 -1.74186329585e-05 0.00014864518488 0.000292201415043 0.000443956265404 4.30211 4.22111 2.1517986937 1.14583006375 -0.00732169140699
-109.716 45.9046 -2.67689991852e-05 4.93650895483e-05 0.000450268183224 0.000404490666309 4.37269 4.35815 3.17200556938 0.34137359889 0.0166589933759
-108.944 45.8538 -9.25290285378e-06 3.83003599341e-05 -0.000313607746291 0.000369130282894 4.34473 4.30221 2.69363651887 0.280205190485 0.00157124168907
-108.149 45.8006 -8.21619314432e-05 3.66484813991e-05 0.000368513161506 0.000102709367694 4.31885 4.28042 2.21099919411 0.153163393707 0.0733025947581
-107.123 45.8231 -9.97848631929e-05 0.000103422372976 0.000987763183787 -0.00105826456692 4.17379 4.12255 1.27835438414 0.631091098974 0.0776970365426
-115.326 45.1285 0.000265555793975 0.000410338583888 0.00102592855744 0.00118317541617 4.21747 4.02788 0.918096554653 3.5832037197 -0.297659169401
-114.233 45.0931 5.71362689064e-05 0.000243316726018 0.00040680833785 -0.000833377863988 4.3485 4.22857 -2.38332199432 2.02079393851 -0.0659427245468
-113.46 45.2432 -1.53129561307e-05 0.000372510690506 0.000509227770903 -0.000409790412603 4.37485 4.36469 -0.48006940052 3.02776601432 -0.0145393515965
-112.489 45.166 0.000129035010612 0.000401691362843 -0.000139864568987 0.000356388829927 4.22072 4.21281 1.39333798798 3.36023591985 -0.178001957414
-111.805 45.2285 0.00012403942388 0.000424124491897 -0.000524094102457 0.000604845190055 4.14144 4.12382 2.09275175037 3.52382519697 -0.184417048913
-110.74 45.3212 9.18246999415e-05 0.000340039605139 -6.0288391566e-05 -0.00132892587847 4.27354 4.23645 -0.768495954704 2.77408242974 -0.128672332625
-109.563 45.3171 5.17413861417e-05 7.91671916916e-05 4.05737336495e-05 -0.000282129998387 4.3725 4.29888 1.52040137055 0.682281333077 -0.0640662133912
-108.214 45.2202 -0.000128361040733 7.65962049148e-05 0.000847071280372 -0.000233638355556 4.3457 4.2809 2.21932386914 0.391268102701 0.11113739454
-107.207 45.225 -9.88737745575e-05 0.000331382775132 0.000132515423323 0.00112013727402 4.05627 4.04202 4.91117192649 2.27571377573 0.0121944205549
-114.855 44.5494 0.000216224025142 0.000441919934569 0.0020714351719 1.12559870128e-05 4.44285 4.36301 -1.05885036219 3.74476402376 -0.237619359675
-114.255 44.5642 0.000100625565276 0.000516025451374 0.00114497251779 -0.000239832331611 4.5739 4.40803 -0.973046715709 4.29177783035 -0.13040726595
-113.367 44.6165 -6.45502386863e-05 0.000369568933851 -0.000748613853382 -0.000884981177987 4.13682 4.09833 -1.56886885925 2.9822302162 0.0426337714139
-112.644 44.6173 -4.94292542354e-05 0.000480285539672 -0.00110496632873 0.000236529851696 4.05361 4.05646 1.01007701796 3.82528374993 -0.00510816799508
-111.248 44.7038 0.000146292151098 0.000353835931751 0.00137825933779 -0.000189645452503 4.45916 4.4578 2.19106052933 2.9757284401 -0.198137618398
-110.576 44.3951 0.000238528284601 0.000267742467829 0.00119614954041 -0.000939106574958 4.38141 4.38235 2.64253957984 2.41173718449 -0.279601873499
-109.664 44.6769 0.000107513005529 0.000324375401192 -0.0018697998339 -0.000460520629237 4.0605 4.00104 0.798626308367 2.6517174363 -0.154047996248
-108.986 44.6704 -6.83993573634e-05 0.000311569765341 0.000998314322711 0.000375420590917 4.32348 4.22003 3.11363524904 2.28591036938 0.00619822007601
-107.999 44.4868 -0.000189867204025 0.000324507818467 0.000374685796537 0.000201746375452 4.15462 4.06758 2.49905206759 2.17525927223 0.122502788766
-107.042 44.6277 -0.000260325916434 0.000247144306053 -0.00134872514586 0.000422908427222 3.96708 3.98043 1.89646225726 1.46045280358 0.205949994837
-115.133 43.7945 9.76640063452e-05 0.000377606285724 0.00134044075228 -0.00132903530675 4.31821 4.34647 -1.73309984824 3.15798324499 -0.10902189136
-114.117 43.9146 5.33416867554e-05 0.00074879644852 0.00109320761992 0.00179192522768 4.31428 4.31144 1.43659999712 6.1694780651 -0.126790953491
-113.452 43.9286 -4.44984603898e-06 0.000866675668804 -0.000630934693718 0.0024927852318 4.04022 4.02442 2.21685648405 7.02359047129 -0.0997630107831
-112.485 43.9997 0.000183992345742 0.000666448251955 -0.000872935393365 -0.000126556270723 4.03805 4.02342 1.05161363377 5.52577885681 -0.257669449383
-111.487 43.8756 0.000282846113643 0.000405215763581 8.17873630206e-05 0.000372266939005 4.20855 4.03868 2.33617411465 3.5423783557 -0.339046350763
-110.576 43.92 6.67744774472e-05 0.000356685020519 0.000676749610862 0.00281925951844 4.26015 4.14066 8.25478566593 2.8722451336 -0.156777147072
-109.817 43.7013 1.80302633306e-05 0.000449321924582 0.000626609050511 0.00115938168784 4.33119 4.30123 3.30634771443 3.5048287843 -0.099738936024
-108.994 44.0363 8.53372024169e-05 0.000496843591486 -0.00108205700776 -0.000271283649811 4.17081 4.1104 0.949994866812 3.93879008816 -0.160957279457
-108.128 43.9496 1.11153723538e-05 0.000647162939167 0.000251888815117 0.000566318352652 4.3095 4.31842 3.78723377206 4.91472167791 -0.148853500989
-107.292 43.8122 6.21994611833e-05 0.000211984244514 0.00143380797232 -0.0015388929402 4.35047 4.33978 -0.558739714843 1.6798312489 -0.0929441862615
-115.828 43.4151 -2.63720552598e-06 0.000161985154237 0.00150701443977 -0.00117933736202 4.15484 4.1793 -0.862043590006 1.35192274768 -0.00305733954515
-114.174 43.3979 -0.000119345761477 0.000634066543691 -0.000848646435685 -0.00327513710901 4.18352 4.22159 -2.35054658358 5.18247212092 0.100781475979
-113.518 43.3234 2.19002493698e-05 0.000839291082161 6.58075749448e-05 -0.00398927464515 4.09755 4.26654 -4.88499765541 6.85416375269 -0.0156946825446
-112.433 43.3998 0.000393316300877 0.000762618184201 -0.000948062353348 0.000833995270351 3.97623 4.03822 0.945206914563 6.47000019193 -0.473279455444
-111.612 43.2741 0.000372816896872 0.000956979613984 0.000321864819073 -0.000294608568263 4.19946 4.17282 0.815648321853 7.96178737143 -0.480383789671
-110.712 43.3629 0.000201005760806 0.00059704111637 0.000189153768231 -0.0014828957221 4.36911 4.2709 -0.0317218384716 4.89070180874 -0.266534549333
-110.02 43.2112 8.25936570114e-05 0.000531173003909 0.000333396066438 -0.000997722535096 4.38526 4.30275 -1.19680642132 4.23204954003 -0.13493483275
-109.053 43.2649 4.4111081084e-05 0.000644789167057 -0.000576450782534 -0.000460786322719 4.23831 4.27574 0.270145821218 5.03382847022 -0.1320562272
-108.084 43.3531 0.000143685975205 0.000411539269098 -0.000815207333971 3.12144698337e-05 4.24048 4.28672 1.03906262375 3.32001644181 -0.208809786399
-107.446 43.3459 0.00018110828093 0.00030394673919 0.00209920592713 0.000965557871194 4.48698 4.48519 3.12938230256 2.57121043524 -0.240009988076
-106.479 43.4126 0.000105280387533 -8.65989923237e-06 -0.00032364943787 -0.0030137387275 4.16214 4.12931 -3.11920730014 0.0239238407391 -0.103655696956
-113.176 42.5452 -1.28219542077e-05 0.000362103062762 -0.00264555659752 -0.00105419024762 3.67756 3.8196 -0.361253459632 2.93033793227 -0.0131328281535
-112.531 42.6852 0.000663266775842 0.000413738930615 -0.00354861566892 -0.000381565183202 3.50372 3.65829 -1.83256756317 3.63124274937 -0.6848302057
-111.588 42.8321 0.000503166507625 0.00081528347348 0.00131067383568 0.000231115732529 4.31036 4.49341 -1.79789139866 6.78472818744 -0.556952610982
-110.92 42.7507 0.000464958884126 0.000637187550584 0.000956214428468 -0.000462736193118 4.4512 4.41484 -1.99895237688 5.3184638603 -0.509372988291
-110.042 42.6372 0.000120456177875 0.000681125328921 0.000269677813515 -0.00073008731853 4.32076 4.25706 -1.83301488204 5.42756459773 -0.177612091871
-108.847 42.8247 0.000160316310191 0.000466976487801 -0.00108067366707 0.000446111411001 4.08812 4.19023 0.631519577134 3.77628032928 -0.225494155465
-108.342 42.6579 0.000392092898749 0.000428332272906 -0.000939135250537 0.00035572234468 4.19669 4.25241 0.17748424065 3.70905013113 -0.448357908311
-107.251 42.6332 0.000455490384006 0.000232511185792 0.00122177202286 0.000572562100942 4.56918 4.59265 1.370202857 2.35935622912 -0.489040735193
-106.524 42.6507 0.000229008451583 0.00010349667459 0.000962954539912 0.00299016451554 4.29071 4.22395 4.35143548188 1.17138245808 -0.246881131328
-113.24 42.0343 0.000107683185905 -0.000476996580796 -0.00265329404334 0.00537360668755 3.75451 3.8582 7.19303428117 -3.62895989096 -0.0107543660307
-112.386 42.0041 0.000182897669014 -5.1245520303e-07 0.000512158590894 -0.00071609538542 4.12267 4.22062 -3.79690785224 0.0228189137785 -0.18285776952
-111.432 42.0149 0.000132973819992 0.000227763189996 0.000727764037489 -0.000247990071025 4.3561 4.47906 -2.7594008713 1.86761064011 -0.14372826488
-110.873 42.0995 0.000204914324785 0.000428768733167 0.00113760043852 5.29379434779e-05 4.41959 4.49342 -1.8219342374 3.51221185148 -0.235026062972
-110.036 41.9243 0.000162918784276 0.000818975817598 3.79370557802e-05 0.000963252440705 4.22422 4.47616 0.884964616755 6.55588016447 -0.266008743773
-109.357 42.1012 0.000259595736492 0.000577022974158 -0.000952277666402 2.22503645701e-05 4.13628 4.19391 -1.37491674877 4.68650391947 -0.314673785167
-108.34 42.0073 0.000413981362332 0.000244911970147 -0.000509143981349 -0.000744732698586 4.2253 4.31638 -2.56925745203 2.16976898582 -0.434066858318
-107.369 41.9641 0.000511479280682 -4.23709721692e-05 0.000622662514915 0.000239835609262 4.31803 4.32287 -0.22775211606 0.230259091107 -0.5004117432
-106.434 42.031 0.000326397282282 0.000185282422299 -0.000929380088251 -0.000916338855094 4.27563 4.18898 -2.47762901967 1.67599423104 -0.345373464804
-105.701 42.1143 0.000130484869051 0.000133688285809 0.000783536692579 0.00102366865332 4.40243 4.32634 0.843381009465 1.16571801875 -0.152508920674
-104.933 42.0432 -1.92594921147e-05 0.000301480515933 0.00301062235493 -0.00157645688558 4.33625 4.31514 -3.14718952237 2.21299031347 -0.0173769063412
-112.448 41.4632 1.26408160884e-05 -0.000223564866732 0.00184095136461 -0.000393886995992 4.17007 4.21118 -4.49730403944 -1.80271435007 -0.0121152056791
-111.63 41.3146 -5.2633288977e-05 -7.70720717777e-05 -0.000526275587544 -0.000511947988705 4.1213 4.11467 -4.37575037042 -0.621753075448 0.053656615412
-110.666 41.4729 -0.000437509751433 0.000177042197356 -0.000688635349105 0.000912398819222 4.1153 4.15322 -1.26936897463 1.12043840504 0.421971534743
-110.067 41.4272 -7.39698092311e-05 0.000172394197215 0.000581134543312 0.000274996549242 4.36239 4.83355 -1.35768698467 1.30156479516 0.0590097913887
-109.157 41.5047 0.000609602849947 0.00057814892633 -0.000234450668422 -0.000330851875343 4.25625 4.55393 -1.4766168668 4.93360336873 -0.661537353151
-108.187 41.4906 0.000636429367184 1.50580889698e-05 -0.000171947659036 -0.000133119669045 4.27449 4.35911 -2.28293511144 0.56794972548 -0.635108091781
-107.364 41.6067 0.000506558439847 -0.000120487975729 0.00111984812877 -0.000730204017396 4.53751 4.44907 -3.36168313478 -0.591744456917 -0.494613950207
-106.596 41.4033 0.000220436790988 0.000252423743579 -0.000825561481225 -0.00206192048445 4.19875 4.03801 -5.21538891433 2.00957325357 -0.235174230574
-105.722 41.468 -0.000144062738498 0.000343901340791 -0.000825876831467 -0.000335172178899 4.16636 4.10224 -1.31749613081 2.40653469539 0.0949310514213
-104.825 41.4676 -3.68117717506e-05 0.000235851622166 0.00327931931315 0.00120988629582 4.35272 4.4197 1.34554906269 1.66568817994 -0.0100380020012
-102.772 33.9696 -0.000750222200917 0.000104264299178 -0.00891496630936 0.000526782111551 3.43508 3.28854 0.0174314000298 -0.00234238331144 0.728638084935
-112.52 40.8903 -3.64300846552e-05 -0.000314226083963 0.00193318586522 -0.000151661635725 4.15013 4.13277 -3.89357520641 -2.53698592748 0.0392240795203
-111.437 40.8869 -0.000193869036528 -0.000183864107652 -0.000197770324886 0.000268969726585 4.12569 4.28442 -4.14938672696 -1.49253083991 0.196989201225
-110.834 40.9425 -6.93224601924e-05 -4.77806822075e-05 -0.000542489616142 -0.000539003294718 4.12425 4.22711 -4.591803663 -0.387848300461 0.0701175738349
-109.673 40.9763 -0.000321820082267 -0.000200182984928 0.000553920295002 0.00033297489964 4.23935 4.43781 -2.25180469462 -1.74338658206 0.335329071606
-109.177 40.8936 0.000226299031349 -0.000228184133962 -0.000637468579494 0.000636116323558 4.24825 5.00382 -1.65249952154 -1.61567274927 -0.205484359968
-108.263 40.8338 0.00072582996428 -3.18500324183e-05 0.000596412445543 -1.87133982507e-07 4.41968 4.47023 -2.50843763051 0.220062263401 -0.720676131562
-107.52 40.76 0.000284230827958 0.000137125274833 0.00148453546077 -1.61049526026e-05 4.47717 4.39812 -2.55594363318 1.24094503049 -0.295490914048
-106.454 40.8023 7.69603388026e-05 0.000427343806113 -0.00135380830826 0.0018741816767 3.99375 4.03266 1.00758823147 3.28088617748 -0.146577404606
-105.944 40.8947 7.36383255625e-05 0.000345736310086 -0.00150800208657 0.00092936562723 4.0007 3.99683 -1.5059619835 2.64797327788 -0.11755453942
-104.882 40.8271 0.000121105456287 -6.87227986215e-06 0.00100511288278 0.000738351535049 4.23651 4.19262 1.27773718626 0.119976429439 -0.117619935142
-104.087 40.8132 -1.48644158294e-05 7.87408231599e-05 0.0018141750669 0.001913963191 4.18459 4.15407 0.474515536965 0.549269480935 4.86372519519e-05
-112.469 40.2807 -6.55639429837e-05 -0.00030268131777 0.000924095647183 0.000787303396432 4.10832 4.12024 -3.70119696558 -2.44346118287 0.0684353231429
-111.502 40.2067 -0.000208499308035 -0.000555290506429 0.00078879216009 -0.000385119061827 4.17017 4.23254 -5.70803645019 -4.40279069146 0.20028518426
-110.738 40.1948 -1.44332026252e-05 -0.000393180010758 -0.000707271846401 9.79259178289e-06 4.05349 4.14133 -3.67042493692 -3.11162641231 0.0260744089783
-110.008 40.2655 0.000188237885326 -0.000402019367675 -2.6963457346e-05 -0.000399418263809 4.17091 4.24968 -4.27252182027 -3.11227200582 -0.176880631721
-109.124 40.2982 0.000280222038174 -0.000719438862583 -7.43053658669e-05 -0.000540853019625 4.25643 4.33185 -4.25683565562 -5.50342636776 -0.251995797028
-108.242 40.1348 0.000217433616131 -0.0001705624298 0.000145284939374 0.000377030305943 4.34572 4.38403 -3.19474565997 -1.19805386396 -0.205554885499
-107.47 40.2149 8.83134345723e-05 -2.06780639569e-05 0.000860807356901 0.000807282465912 4.35625 4.4192 -2.08781617368 -0.0925906509386 -0.0859289648927
-106.547 40.1618 0.000145970260125 4.46294156546e-05 -0.000560259822258 -0.000636849986856 4.08702 4.22065 -2.95634356 0.436328908051 -0.149433401088
-105.918 40.2109 0.000344430318648 0.000252282670947 -0.000945869814248 -0.000913123360287 4.08843 4.11424 -3.58034369044 2.11325014392 -0.365355499673
-105.073 40.1227 0.0001333869898 0.000302304127992 0.000219546217528 -0.000740766454304 4.2394 4.17968 -2.43932384951 2.34680099226 -0.168013204575
-104.12 40.1129 4.2849374921e-05 5.31228451099e-05 0.00111312107323 -0.000879544796571 4.22112 4.17923 -3.55441874149 0.422580240436 -0.0484189813002
-113.069 39.5906 2.5453512754e-06 -0.000827696533546 -0.00234212455628 -0.00306251337177 3.86072 3.97648 -7.1667289313 -6.69496838058 -0.053495961251
-112.279 39.5708 0.000467680225461 -0.000237082618244 0.0012822487714 -0.00112837476348 4.21471 4.14234 -5.7888850865 -2.01185766637 -0.474287437429
-111.66 39.6092 -9.57863923592e-05 -0.00048470971459 0.00016860587807 -0.000222319211657 4.13468 3.8997 -4.37043806975 -3.87145177422 0.0974114983299
-110.74 39.473 -6.03207967171e-05 -0.000524805698734 -0.000738473028457 -0.000128881957107 4.03769 4.05984 -4.49281564522 -4.15192820384 0.0660645622281
-108.981 39.6333 0.000122241915009 -0.000378909677219 0.000283556163235 0.000167281626129 4.21828 4.13842 -3.8065850551 -2.8929773287 -0.10536649087
-108.391 39.4998 7.5012879924e-05 -0.000459343948532 0.000107129328138 -0.000601487993639 4.30666 4.31092 -6.05252179928 -3.53088671259 -0.0699361879667
-107.449 39.524 0.000133754973273 -0.000179461275507 0.000447527527104 -0.000735173447563 4.33555 4.27143 -4.79505341717 -1.3213465889 -0.125700962272
-106.759 39.5952 -0.000132410867811 -0.000133577643353 -5.52753832225e-05 0.000134961244463 4.17711 4.18551 -2.93987665248 -1.09181359207 0.143294055879
-105.839 39.3741 -0.000110187752874 -6.33262694496e-05 -0.00096453577469 0.000191446602738 4.05219 4.25675 -2.49905649163 -0.555391137495 0.116072601169
-104.908 39.5144 0.000368482163093 0.000279171363557 0.000239396722554 0.000191203006633 4.26884 4.31535 -3.21611330141 2.33369358664 -0.394942025722
-104.168 39.5125 0.000175310241382 0.000144891521842 0.00176615313136 -0.000265316356413 4.30479 4.26979 -4.04737878541 1.18241675713 -0.188412001327
-116.4 38.8247 -5.0449222032e-05 -4.67506969328e-05 0.000397081130274 -0.00164775452333 4.15416 4.15228 -1.81757458233 -0.388166541962 0.0500170250819
-115.654 38.8455 -0.000107782415361 -0.000108160993103 0.00247634004407 -0.00100995772411 4.45876 4.44154 -1.87600236968 -0.898372119318 0.107574369033
-113.277 38.9882 -0.000327803503143 -0.000757163726537 -0.000658713540375 0.00132999743186 4.01155 3.9788 0.0115755098933 -6.28969199707 0.371227026537
-112.379 38.9995 -0.000533701845084 -0.000572844001498 -0.000121439091944 4.07038027038e-05 3.97156 4.0914 -2.7993806079 -4.68649663705 0.544587075957
-111.172 38.9176 -7.56918116115e-06 -0.000561574607198 -0.000183636875377 0.000102461109918 4.09289 4.15653 -3.60148788811 -4.45583508919 0.0178490477292
-110.133 39.1025 5.88857119951e-05 -0.000301852371714 -0.000719897669281 -4.72590596594e-05 4.0881 4.11499 -3.8205816219 -2.35480235896 -0.050597520646
-109.263 38.9553 0.000136190767645 -0.000207832892526 0.000310634857932 -0.000558194248222 4.31964 4.32203 -5.03830387783 -1.59853121901 -0.133025253434
-108.296 38.9541 6.3972346338e-05 -0.000325637712249 0.00125912374256 -0.00061806661171 4.44636 4.41903 -4.71509796301 -2.48592723895 -0.053555052084
-107.574 38.8347 -0.000296949913972 -0.000163205304322 -0.000380359616934 -0.000268482924946 4.13368 4.12806 -4.22734799132 -1.35103334916 0.304428754765
-106.91 38.8627 -0.000225210879858 -8.43321456548e-05 -0.000429755338587 -4.41522433302e-05 4.03557 4.14966 -4.23101918225 -0.731977855491 0.229560619445
-105.834 38.9045 -0.000143776617944 -0.000468574052754 -0.000657278171385 0.00105382139445 4.09676 4.21522 -3.7570386228 -3.57413882803 0.179343306469
-105.149 38.9641 6.29582864219e-05 -0.000162610432498 0.00051579298126 0.000125040289295 4.36575 4.51643 -5.29557579726 -1.17652068903 -0.0533386051009
-104.247 38.9145 0.000209108767807 4.71803689104e-05 0.0016079440381 -9.91957647321e-05 4.29763 4.34398 -4.71243449586 0.466244642326 -0.212180701957
-116.302 38.2886 3.18730544428e-06 -4.80950056961e-05 0.00199532501324 -0.000155688948728 4.36751 4.28019 -1.35974139042 -0.402950366055 -0.00331156300853
-115.585 38.3489 -0.000169959846816 -6.36304826553e-05 0.000377106188744 -0.000685853507179 4.40946 4.317 -3.17917330694 -0.491745343152 0.168229927075
-114.608 38.3281 -0.000238625401548 -9.80002041254e-05 0.000520474643348 0.0013639719007 4.34889 4.31118 0.395544290428 -0.8971982364 0.242939629024
-113.969 38.1802 -0.000209324912943 -4.90994934082e-05 -0.00083130117475 0.00206329225028 4.01766 4.0013 1.1503547439 -0.51336520883 0.212110780365
-113.021 38.2987 -3.44981535831e-05 -0.000129519737623 -0.000940321099494 0.0016516034291 4.0192 4.03884 1.85935588796 -1.06857362642 0.0459363674984
-112.277 38.2108 1.35752940911e-05 -0.000415037089598 0.00125964962755 0.00127835855341 4.31038 4.23272 0.920502031137 -3.3107594456 0.0199834634027
-111.483 38.2843 -0.000270427200459 -0.000639014795881 0.000465035265022 -0.000279521722205 4.21611 4.08741 -3.24281542892 -5.1203974847 0.281495019107
-110.711 38.4187 -0.000373494662045 -0.000539253490757 -0.00114380563171 -0.000484587239462 4.03185 4.03722 -4.58751024246 -4.26419318037 0.375281680292
-109.894 38.3862 -7.00291908915e-05 -0.000208308368044 0.000390014572435 -0.000128180638806 4.29537 4.53884 -4.01703531766 -1.64035156017 0.0746439318323
-109.261 38.2916 0.000245921967668 -0.000316784807715 0.000127413144444 -0.000259422341872 4.30273 4.40888 -4.12861348469 -2.40679290201 -0.237336041424
-108.379 38.1888 8.97162542889e-05 -0.000507693929449 -0.000119933366724 0.00149380830938 4.24491 4.16424 -1.20517260375 -3.82635557118 -0.0451933970237
-107.55 38.3685 -0.000168130243123 -0.000316720455781 0.000160350071694 0.000693314278598 4.25665 4.23933 -2.78290560302 -2.49546574194 0.189942966235
-106.756 38.2289 -0.000111573542938 -0.000582839229023 -0.00105400917055 0.000484232257572 4.1579 4.20836 -5.08553854107 -4.42548577998 0.133732650779
-105.107 38.2315 1.34663201059e-05 -0.000270529441419 0.00101488516914 -0.000152760873136 4.30017 4.32325 -6.54319017392 -1.99784096077 -0.00486425109439
-104.283 38.1474 -4.30265769703e-05 -0.000111068378595 0.00083453152967 -0.000438244028962 4.176 4.15894 -5.3583867309 -0.831681791979 0.0497631780326
-116.595 37.923 2.64704429667e-05 0.000111236988203 0.00240289259014 0.000437525471695 4.27977 4.25805 -0.854883539205 0.934904807685 -0.0266273178373
-115.747 37.6444 -7.01306144344e-05 0.000136546839536 0.000922199982629 0.000901255988771 4.3837 4.31975 -0.398671052489 1.12677014707 0.0677745359282
-114.849 37.6083 -0.000174125031871 -1.95056523348e-06 6.62712227031e-06 -0.000169813054099 4.24608 4.21621 -0.707756332595 -0.0465845034619 0.174127180583
-113.86 37.5808 -0.000164301038843 -0.000202176893606 9.31237441122e-05 -0.00167667141066 4.13546 4.18416 -3.04618330556 -1.63750019991 0.162459457519
-113.168 37.7601 -7.21829528613e-05 -0.000189268067998 -0.00105879748831 -0.00141180239674 4.01003 4.08076 -2.73574212953 -1.53581253793 0.0730874329979
-112.363 37.6761 0.000168497678686 -0.000194507181014 0.000218265448768 -0.0013359042712 4.32643 4.24016 -2.33597753292 -1.53411844465 -0.16456129608
-111.596 37.7222 7.64837602315e-05 -0.000267728396323 0.00132942045519 0.000290102692696 4.45182 4.22321 -0.864212548014 -2.09518979006 -0.0618167052666
-110.802 37.6354 -0.000398574270099 -0.000482838776242 -0.00012445881342 -0.000149202003017 4.1817 4.12056 -2.3846060784 -3.92078899 0.415719351505
-109.995 37.6903 -0.00027348680392 -0.000481365428906 -0.000954897554406 -0.000586407236326 4.05788 4.17769 -4.53461223907 -3.78082435021 0.277212025101
-109.137 37.7459 0.000221056240195 -0.000393936148507 -9.25513703619e-05 0.00144661347714 4.20932 4.28538 -1.38107863083 -2.9188023252 -0.191870391203
-108.36 37.83 0.000119785018227 -0.000368039339029 0.000318908350532 -0.000703949310057 4.36852 4.21765 -4.03817607155 -2.79145190994 -0.106638947518
-107.792 37.662 -4.4045860968e-05 -0.000327023239468 0.000379539601247 6.24815495287e-05 4.36229 4.27864 -3.1247044447 -2.50904485394 0.0625131581603
-106.829 37.7461 -0.000192227651801 -0.000491739161452 -0.00037990337241 -0.00163820700737 4.23732 4.15042 -5.64394622331 -3.74325384265 0.204061759118
-106.002 37.7059 -0.00028245638848 -0.000499315009355 4.63785317853e-05 -0.000958649866276 4.24274 4.23124 -6.99811923444 -3.75022936011 0.28726481507
-105.213 37.6407 -0.000140282696826 -2.02988827183e-05 3.70633732798e-05 -0.00189746173768 4.21154 4.1914 -6.07692052143 -0.185705370936 0.140895930539
-104.435 37.6606 -8.62765748281e-05 5.20396198097e-05 0.000808252140363 0.000387312837853 4.16797 4.12052 -4.69021164796 0.338002021982 0.0825659376717
-115.22 37.2408 -1.57498646493e-05 0.00015392352333 0.00154882108302 0.000410844476804 4.37965 4.31735 -0.857593096743 1.27253559577 0.013769474588
-114.715 36.7256 1.88990300589e-05 0.00023355188419 0.000692985920344 0.000482529811377 4.30268 4.15671 -0.867218017019 1.92486345596 -0.0225162514658
-113.907 37.0195 -3.99347763892e-05 5.20113763067e-05 5.38433032657e-05 0.000171624955043 4.15733 4.06621 -0.179279920471 0.411960207492 0.037954651365
-113.084 37.0615 -9.84111959951e-05 -5.06480604691e-05 -0.00125005480069 0.000149283049976 3.96011 3.89713 -0.150412489452 -0.446647940836 0.100684097696
-112.382 37.0183 2.86413665847e-05 -0.000142904258185 0.000281275263102 0.00141825995733 4.23816 4.21514 0.184152394104 -1.13104852893 -0.019998528516
-111.506 36.9839 6.50848073061e-05 -8.14326594517e-05 0.000103063063741 0.000533126456946 4.35798 4.27801 -0.677595898322 -0.618168160877 -0.0605665295377
-110.804 36.9969 -0.00019601135299 0.000108468320286 0.000602587943086 0.000978195368758 4.321 4.21242 -0.638898873328 0.75687625894 0.188834823958
-109.874 37.1364 -0.000170861040021 -0.000407521360495 -0.00132214644377 0.000216213475471 4.13889 4.10092 -2.90990674408 -3.22390537782 0.184608599122
-107.534 36.9914 3.81554924204e-05 -0.000161780600705 0.00123444243216 4.50089698409e-06 4.41373 4.34449 -2.00174602613 -1.2038151985 -0.025992907358
-106.903 37.0138 2.8096504058e-05 -0.000163852168314 0.000557030516821 -0.0019892631475 4.36947 4.19051 -4.12027403268 -1.22474057864 -0.0207340057982
-106.037 37.0361 -0.000335253138081 -0.000192338630429 0.0010480012875 -0.00712336924908 4.28213 4.15848 -6.00539237591 -1.48957265057 0.339348885049
-105.052 37.0738 -0.000430885784864 -7.96970207548e-05 -0.0020856978899 -0.000749137372683 4.12092 4.15251 -3.66319217935 -0.821265489923 0.435596944189
-104.411 37.1388 -7.2310297096e-05 2.80208062022e-05 0.00196429540674 -0.000707509887069 4.21785 4.27458 -4.33730366839 0.167648871621 0.0701740503097
-116.33 36.4193 5.6875099845e-05 0.000162075655675 0.00110773663039 -0.000507220192174 4.17656 4.15616 -1.06858993517 1.35453427178 -0.0558465891559
-115.383 36.423 6.31136281518e-05 0.000402815152574 0.000954278138985 -0.000206726027943 4.3532 4.33856 -1.07098711031 3.3416847397 -0.0645074763099
-114.539 36.4321 -0.000117237093843 0.000440917680342 -7.11975305649e-05 -0.000883805744434 4.1692 4.13995 -2.59276680792 3.6357941091 0.123507303513
-113.965 36.4151 -1.46616480327e-05 0.000293312924804 -0.000646142549791 0.00109740853586 4.02268 4.08107 1.62218205689 2.3817764764 -0.0044881465784
-113.18 36.4182 0.000117858540331 0.000188534054686 -0.000558303706755 0.00115090703515 4.10111 4.12932 1.21066556694 1.58581910489 -0.13008948288
-112.291 36.428 0.000121704663836 -3.44877180018e-05 0.000698232708783 -0.00125350160556 4.37557 4.39325 -4.8319819067 -0.30527999971 -0.122676470052
-111.13 36.1428 -4.76950518891e-05 2.85887726554e-05 0.000104232513895 -0.000856271859867 4.29419 4.21292 -1.75009078573 0.212878649549 0.0466754870873
-110.662 36.5996 -0.000113871603134 8.73177371683e-05 0.0008118167829 -0.000610557574715 4.38532 4.37669 -2.14411507785 0.654927580512 0.110699796858
-109.87 36.4199 -0.000137660807609 -0.000135019046092 -0.00095062724005 -0.000247538237665 4.12239 4.19487 -2.2546669683 -1.09589751855 0.143075528309
-109.208 36.2925 6.59033891007e-05 -8.21147377808e-05 -0.000355688318964 -0.000573518561371 4.23773 4.24897 -2.66249763294 -0.614358675537 -0.062554734071
-108.52 36.3758 9.83859110776e-05 -0.000119967539761 0.000792204846423 -0.00191231549907 4.40632 4.23789 -5.78277579658 -0.925718897115 -0.0991468568342
-107.658 36.4277 -0.000103542321717 0.000191966660743 0.000405759026607 -2.42675680608e-05 4.3071 4.20959 -2.56648971878 1.40959140339 0.0919451563275
-106.855 36.3773 -5.50234967567e-06 0.000295834570275 0.00138111336908 0.00321543276887 4.22669 4.22906 4.26572299975 2.18039618664 -0.0496401927447
-106.192 36.3289 -0.000299287233225 -0.00028634445899 -0.00102245839349 0.013331042232 3.33961 3.2983 28.7201064879 -3.03964384508 0.410012760464
-105.278 36.4093 -0.000402387775122 -3.72911188695e-05 0.000140306429577 0.00288283484665 4.34669 4.36492 3.18091535826 -0.820090142981 0.402349005117
-104.408 36.3998 -0.000588694914667 2.18345799043e-05 0.000185771940824 0.000157619356005 4.21824 4.29294 -1.43812012146 -0.334714143202 0.582312275926
-103.744 36.3945 -0.000268674398593 6.18903778067e-06 -0.000740953904433 -0.0004594565483 3.94524 4.04214 -2.39311701364 -0.160772156589 0.266524527599
-115.43 35.8384 -1.50249963327e-05 0.000318362428786 0.00363898553781 -0.000440181975373 4.53781 4.57566 -0.741451942231 2.63984849628 0.0131419446074
-114.851 35.7266 0.000150116587703 0.000501755269988 8.44588416747e-05 -0.000583321608328 4.23859 4.14562 -0.675519625993 4.15045434921 -0.156353808204
-113.984 35.8522 0.000171421481935 0.000329323203093 -0.00249032030641 -0.00102457378786 3.93135 3.80447 -2.44281624223 2.6760637231 -0.168504635224
-113.105 35.6339 0.000247545342627 0.000488531918909 0.00111837159194 -0.000523185613414 4.3821 4.17746 -2.55751221384 3.94316576605 -0.246110018019
-112.173 35.8191 0.00016712624923 0.000102827900941 0.0010322487489 -0.000866327193781 4.37814 4.12526 -2.86082932296 0.825922922228 -0.167378204886
-110.794 35.6218 -3.95592662987e-05 0.000112140750178 -0.000436204163864 0.000212378222053 4.28332 4.18179 -0.60618866297 0.8645635375 0.0333311432252
-109.933 35.7113 -0.000160321741247 -4.13218417664e-05 -0.000747596290202 0.000663101875633 4.24936 4.14048 -1.42442521738 -0.384681475098 0.162197681539
-109.046 35.7147 -1.07478666915e-05 0.000158304402202 0.000532050527045 0.00064824814183 4.43984 4.28135 -1.63126890091 1.21509821471 0.0018524187189
-108.466 35.7992 -0.000167712466924 0.000446011336376 0.00132933933153 0.000406162425007 4.41216 4.12228 -0.663250629639 3.30579708231 0.131658009594
-107.638 35.8054 -0.000347753643101 0.00047991592717 -0.000954000166156 -0.00095513920447 3.9232 3.815 -2.46479840252 3.4863705065 0.319754921422
-106.909 35.9138 0 0 0 0 3.11513 3.05585 0 0 0
-106.183 35.7452 -5.89252611658e-05 0.000308604206533 0.000844699000128 0.00271939674965 4.14151 3.92225 3.51408841154 2.18895079313 0.00372931760482
-105.272 35.7259 0 0 0 0 5.48752 5.08133 0 0 0
-104.616 35.8383 -0.000358154495874 0.00027769236643 0.000464549403545 -0.000118873818822 4.24323 4.09107 0.51606436385 1.64047023093 0.315151031064
-103.786 35.7964 -0.000160393276142 -0.000152893799425 -0.000739202791408 0.000507944712563 3.99645 3.97365 0.371152511731 -1.26768076873 0.181265463475
-114.87 35.301 0.000104759001549 0.000436653803295 0.00141444722749 0.00247731422744 4.22891 4.42874 2.79684142734 3.65116993896 -0.135365645244
-113.885 35.099 9.82989878594e-05 0.000732536649677 -0.000217787928043 -0.000330476357443 4.15222 4.21078 -2.78753916248 5.95669665512 -0.0852657832666
-113.083 35.2127 0.00037421492447 0.000887970622808 -0.000326770041722 -0.000147626218466 4.16346 4.20492 -4.67088407627 7.04164841216 -0.336702575004
-112.267 35.1787 0.000421295713342 0.000730684626615 0.0004238596464 0.00243307401934 4.30286 4.29355 3.01907564681 6.15811351559 -0.492467607539
-111.532 35.0951 0.000170243904687 0.000548442798206 -0.000335756934217 0.00154594924747 4.27335 4.20983 0.106370359515 4.42305856938 -0.201044731322
-110.713 35.0789 -3.29245071669e-05 0.000496894921195 0.000558428750527 0.00196875832171 4.35732 4.15866 1.50053278047 3.868510427 -0.0115423424648
-109.736 35.1181 -6.07793747555e-05 0.000437908015208 0.00144029259177 -0.00114904170709 4.19697 3.69969 -2.82055636233 3.39210109212 0.0501331487716
-109.388 35.1118 -0.000790357900582 0.000493799795044 -0.00267090416083 -0.00095901899818 3.91017 3.84152 -3.0605816618 3.67763392347 0.778455370818
-108.5 35.1259 -0.000374988074622 0.00086995926502 0.00273944802038 0.00099006448246 4.39928 4.54814 1.9810611097 6.27037982 0.267227270968
-107.648 35.117 -0.000128669445094 0.000769806404969 -0.00274470016566 0.001836722028 3.9115 3.95001 2.968398224 5.63274390257 0.0144180959228
-106.867 35.0719 7.59706711147e-05 0.000623422976547 0.0029585870651 -0.00429802868417 4.36186 4.2535 -7.43529041505 4.6673921966 -0.0594181046331
-106.15 35.1605 -0.000194967177996 0.000783235991469 -0.000313946890627 -0.0183816684218 3.63767 3.57544 -39.6823267578 5.67449934651 0.592894181249
-105.408 35.2106 -0.000348012626919 0.000530192966062 0.00279009331552 -0.00499711305995 4.69348 4.74405 -5.18380014769 3.83724969437 0.332279597264
-104.461 35.2177 -2.78261713727e-05 0.00022344222891 -0.00195955289465 0.00029427129539 4.0168 4.18424 1.79410914157 1.57673622597 -0.00845984459293
-103.766 35.0891 7.33532942178e-05 0.00025424683127 0.000251598994198 -5.74227007453e-05 4.20008 4.18848 1.47978795027 1.90057504952 -0.11352805979
-103.063 35.0637 -1.98167675294e-05 0.000414388957386 0.00151259358583 0.0015133626535 4.15311 4.11186 0.412988326626 2.91538453567 -0.0429040110326
-113.83 34.5935 5.87598216723e-05 0.000805622542615 0.000593393566901 0.000449510510053 4.16467 4.20961 -2.68877231527 6.55262167246 -0.044136584419
-112.891 34.4692 0.000202872235292 0.000900093837083 -0.00062402168511 -0.000475143775992 4.12631 4.29556 -5.39404862704 7.1497581633 -0.151600539011
-112.237 34.4866 0.000461002746148 0.00110060026281 0.000505710225988 -0.00113225750241 4.29187 4.30975 -5.48839185179 8.6018230778 -0.403591444739
-111.441 34.4178 0.000445231757569 0.00119582644182 -0.00137711088839 -0.00127381123535 4.04685 3.83919 -3.7373024105 9.42945474857 -0.429096063058
-110.806 34.3371 2.11043254171e-05 0.00125930252696 0.000506687869326 -0.00368790653771 4.32561 4.15967 -11.0834377021 9.79321802666 0.149518546887
-109.95 34.5293 -0.000267009993882 0.00113852731122 0.0020296868043 8.39079145738e-05 4.60059 4.37304 0.56509281123 8.68134727791 0.178146295398
-109.29 34.4275 -0.000442744645466 0.00120931557501 -7.0014038281e-05 -0.000829927267701 4.14438 4.09075 -1.38082571699 9.16518877134 0.382304851034
-108.498 34.5421 -0.000490059326753 0.000926389242509 -0.00108241706163 -0.00156440497929 3.93992 3.99608 -1.75983141666 6.88934765077 0.441414144952
-107.786 34.4457 -0.000142890934883 0.000875024462804 -0.000885549609342 0.000514597268582 4.04817 4.18447 1.72068398149 6.46587683792 0.0377617349352
-107.01 34.5058 0.000345610264111 0.00110851591048 0.00327474968814 -0.00113424947544 4.64703 4.80237 -0.877162528361 8.52217903225 -0.435675350877
-106.188 34.581 1.00154940628e-05 0.00076300058759 -0.000404403830879 0.0114098145038 4.02176 3.98659 7.42279012722 5.54088846551 -0.188444847669
-105.435 34.5646 -0.00022383953001 0.000505563718017 -0.00216312411083 0.00274374871217 3.83284 3.85237 2.63674524702 3.41740736388 0.140059554909
-104.662 34.5271 -2.19440482974e-05 0.000481026383085 1.54994259815e-05 0.000821958157636 4.14878 4.10615 3.16791524174 3.43072776078 -0.0635186774864
-103.81 34.5508 -0.000154465673954 0.000197660280014 0.000639053906923 -0.000135389912086 4.26603 4.30638 1.93994628746 1.22509328837 0.119737201994
-103.097 34.6469 9.69325920075e-05 0.000166835329679 0.00204200244358 -0.0023227275678 4.24359 4.42465 -0.630161949937 1.27511444061 -0.117645047129
-114.524 33.7503 -0.000107176122969 0.000395957503693 0.000294123863835 -0.00142381098566 4.10489 4.14361 -4.7269539029 3.30010044496 0.132629808918
-113.829 33.8142 6.04251277747e-05 0.000586426338163 0.00186124532062 0.000342429294761 4.49267 4.60541 -2.7425768106 4.76285374316 -0.046830487151
-113.005 33.9383 9.57628744641e-05 0.000734061639786 0.00110562413896 -0.001011595835 4.29574 4.36614 -6.75266407746 5.83592855188 -0.0335445943978
-112.333 33.9535 0.000186351729725 0.000801312371327 -0.00349977221367 -0.000478412974176 3.8822 3.96876 -6.11456752988 6.3016073859 -0.132657843834
-111.478 33.8798 2.94726594352e-05 0.00138625506495 0.00399314254558 0.000585489590041 4.98002 5.22523 -2.72168658309 10.9880383221 -0.0304673791733
-110.844 33.6953 -3.48354599965e-05 0.00146839589182 0.000295403273608 -0.000581665743687 4.1584 4.31158 -6.5579848094 11.5465674184 0.124372651949
-110.034 33.7776 6.07987342946e-06 0.00128472310332 -0.00373439010651 0.00188108586474 3.60159 3.66503 2.02676790209 9.96803124856 -0.13091303694
-109.254 33.9571 -0.000197706041812 0.00111906317704 0.00164812208424 0.00164357704818 4.21881 4.28223 5.13042171451 8.28579796526 0.0163324829983
-108.377 33.9085 -0.000141112472498 0.000816965886402 -0.000399962114962 0.000763648282326 4.03395 4.07641 1.63479321053 6.08912921822 0.0522012659076
-107.674 34.0087 -0.000110833899348 0.000598401941629 -0.00112410523205 -0.00105953203373 4.04118 4.13552 -1.6650795698 4.47707431772 0.0757861479331
-106.965 33.937 -6.2383997536e-05 0.000272681313735 0.000633401628228 -0.000517381048972 4.22334 4.34303 2.4637951259 1.96468750317 0.0245303165317
-106.921 34.0739 4.26689667411e-05 0.000650815855517 0.0010447118631 0.00304439771583 4.24604 4.58686 7.78936977049 4.82931177434 -0.190845871283
-106.055 33.9315 0.00020022764708 0.000942793444685 -7.55163433474e-06 -7.6716436633e-06 4.06901 4.2071 5.92551606746 7.15785244017 -0.38959588564
-105.436 33.9257 0.000222532033217 0.000571269140496 -0.000709594062805 0.000796758736163 3.98413 4.05276 3.34951405503 4.42521507121 -0.315063936302
-104.693 33.9229 0.000229597491042 0.000612725467472 -0.00137966367057 0.000979513179465 4.06536 4.22638 4.11119498933 4.70918985179 -0.340791531984
-103.825 33.9232 0.000676273950273 0.000235339370047 0.00271536154424 0.000324234089042 4.6563 4.584 3.52711986596 2.58335157968 -0.708365781757
-103.163 33.8839 6.06153390684e-05 0.000289462022576 0.00240591234115 0.000503177648163 4.22317 3.72172 2.76382739063 2.11694974883 -0.111892198055
-113.657 33.1999 -0.000120328477476 0.000271634765473 0.000496878675673 0.000150273183797 4.30386 4.42109 -6.46929487291 2.28607492335 0.144197927663
-112.946 33.3627 6.87795843481e-05 0.000627537366729 0.00073847239071 0.00151863867425 4.40802 4.5083 -2.12756210997 5.0545218824 -0.0648521742066
-112.158 33.2893 -0.000175344437853 0.000517305716796 -0.00181425883786 -0.000981098463772 3.95821 3.98102 -7.03381066005 4.23515183373 0.218455311582
-111.427 33.341 -0.000323766226703 0.000927961391201 0.00234923090503 -0.000428086382265 4.28696 4.53388 -4.57877059613 7.43220250042 0.355472597183
-110.472 33.2969 0.000116759600268 0.000812989184062 -0.00264676374473 0.00327961435181 3.76279 3.9338 3.52809020347 6.42862399142 -0.210229395108
-110.036 33.0851 0.000259453574338 0.000676998132714 0.000789647321167 -0.00205926039077 4.13995 4.36724 -4.98312956403 5.21074754237 -0.239441366395
-109.266 33.2921 9.91121553402e-07 0.00077178769592 0.0010836156384 0.000471090648315 4.16562 4.24832 2.20519784437 5.92435973253 -0.0818576829356
-108.592 33.1132 -9.95311451256e-05 0.000672168074182 0.000734892879683 -0.000568588246278 4.21213 4.28979 -0.409486263918 5.0843610344 0.055780312169
-107.671 33.3086 2.56377256034e-05 0.000561916667764 -0.000241085916735 0.000457003002961 4.0989 4.18164 1.3773004326 4.25001917523 -0.0852371146239
-106.964 33.2555 0.000124023828065 0.000535245228895 -0.000182346218659 0.000138073057237 4.06433 4.07382 1.16983089623 4.09390595655 -0.181842494105
-106.232 33.2621 0.000199021281867 0.000408567820525 0.00030316847786 -0.00164445576616 4.0688 4.12735 2.19971297823 3.20953808517 -0.252218084707
-105.365 33.3298 0.00020846748566 0.000350521960814 -0.000577721325319 -0.000835672664582 4.01477 4.0587 1.07253067036 2.74916591801 -0.250449269221
-104.717 33.2797 0.000228877699089 0.000248882734567 -0.00057158508956 -0.000643216230269 4.1616 3.98212 0.614482865198 2.00680960936 -0.25767749248
-103.98 33.2716 0.000198434590063 0.000472282290728 0.000893937181745 -0.000606105428545 4.3791 4.39685 1.08458766644 3.57873371724 -0.26183052679
-103.215 33.315 0.00013479129912 0.00071578127912 0.00201170622722 0.00123722568216 4.22466 4.19752 5.09233722453 5.2103593699 -0.285718103473
