-122.707 48.7197 0.000612707891688 -0.00136897459181 0.000274681668847 -0.000822325883053 3.70018 3.69475 -1.96180409388 -12.1748893391 -1.36597735418
-122.085 48.9983 0.000809716292546 -0.000362913235858 0.00115782550784 -0.000705588016773 3.79364 3.79181 -1.79857536789 -6.79749048376 -0.849736584959
-121.48 49.0983 0.000271428556378 -0.000344380568398 0.00095315303951 -0.00180398417301 3.70385 3.69843 -2.30530170834 -3.68342351467 -0.430745533868
-120.384 49.048 -0.000442378511281 0.000725600956517 -0.0017378651251 0.000183311837763 3.64566 3.64345 2.08375853201 7.07445193281 0.783727014361
-119.272 48.9534 0.000180069019529 0.000183256858331 -8.688376052e-05 0.000251996241119 3.77834 3.76851 0.673946031945 0.32975399652 -0.0353044600398
-118.585 48.9752 -0.000832096441484 0.000422822602515 0.00097901547253 -0.00163995035758 3.8316 3.8169 -2.42623864092 7.0458282847 0.911880224853
-117.559 48.9813 -0.000918013624431 3.11638616762e-05 0.000120233999461 -0.0021746847058 3.7237 3.71781 -1.86436245083 4.83349470776 0.742285514905
-116.363 48.958 -0.00113875822533 0.000666402368975 0.00045772920609 -0.00148230790586 3.72843 3.72134 -0.703702280773 9.8227477371 1.31271061123
-115.653 48.9339 -0.00121527888023 -0.000337608827638 -0.000252800575178 -0.000865627654681 3.59444 3.5952 2.96442905172 2.89062607797 0.851667773943
-114.413 48.933 -0.000205465527361 -0.000602146078253 -0.00275184273677 0.00184570940092 3.62182 3.62618 4.57295045205 -3.37826502509 -0.118883554298
-123.504 48.0575 0.00196953265357 -0.000780294378247 0.000740475081823 -0.000552898178809 3.78915 3.77916 -2.20274535105 -16.370239987 -1.98093679182
-122.096 48.2641 -0.000794093092119 6.11819311558e-06 0.000202906991405 -0.000426416169232 3.72033 3.70191 -1.15513567331 4.4144130033 0.608865516605
-121.484 48.5183 -0.000865017238448 0.000297677048267 0.000176406340604 0.00047365241127 3.71026 3.70354 0.171303162159 6.52732414684 0.861675259069
-120.12 48.4607 -0.000504008505322 0.00157908500792 -0.00166708009602 -0.00035982776721 3.59794 3.60224 2.26521666857 13.2070737276 1.32997787027
-119.333 48.3584 -0.000219495189786 0.00132287900709 0.00137698228704 -0.000827483394949 3.83337 3.82756 -1.83568397391 9.69539804147 1.00736492234
-118.149 48.4226 -0.000284996600379 0.000914363713231 0.00114067558427 -0.00106268594006 3.84255 3.83159 -1.95943036852 7.37163765621 0.793487247681
-117.225 48.2995 -0.00113061985441 0.00116935458597 -0.0011059270798 0.00201585252687 3.80333 3.80358 3.3946244894 13.1032326641 1.58330042146
-116.367 48.4366 -0.000495429146437 0.00144696822098 0.000354122365958 0.00270028249182 3.76285 3.77606 5.67678937545 12.2449242664 1.15016993584
-115.589 48.4694 0.000842415717725 -0.00035912060132 -0.0015941692423 0.00305816471488 3.63317 3.64302 7.38555177302 -5.74824160257 -0.91285701718
-114.468 48.3739 0.00025456482389 -0.000837558531857 -0.00111934245567 0.00212743034164 3.77598 3.7732 3.15672291237 -6.82333530227 -0.651708031845
-122.173 37.1311 -0.000403196630908 0.00150740160791 -0.000628713555818 -0.00212579010717 3.64364 3.63839 -2.01710883295 12.846570756 1.31963765193
-124.566 47.9475 0.00334952022982 -0.000491257412937 0.00180350171912 0.000117545911409 3.89065 3.89848 -2.59536592132 -23.0612471912 -2.76885725224
-122.972 47.7172 4.67759954447e-05 0.000992293217461 0.000214771901269 -0.000982653205272 3.67814 3.65968 -1.8535640606 6.09464152678 0.625711760082
-121.689 47.6947 -0.00190098274568 0.00102146766137 -0.000630507541664 0.000449517182204 3.64492 3.63874 1.95769404512 16.7130156143 2.13227358496
-120.894 47.923 -0.00171425590402 0.000718642587387 -0.000614421967758 0.00022557979029 3.665 3.66918 1.65088084606 13.5619939386 1.80258060395
-120.061 47.6902 -0.00140047616396 0.000878473892943 -5.54016839124e-05 -0.000404154844996 3.65045 3.65437 1.20977269418 12.9967542371 1.64756245836
-119.045 47.7849 0.000102196020984 0.00197845908468 0.00111138535897 0.00032640816775 3.92659 3.92714 0.847136185413 12.7793402701 1.09557086792
-118.274 47.8006 -0.000515174178406 0.00205437345405 -0.000826186439157 0.00129112432825 3.9172 3.91459 4.0639875489 16.6692665107 1.54654104975
-114.574 47.6795 0.00152349229931 -0.000483833277119 2.24149808354e-05 -0.00179116408683 3.68726 3.68968 -2.96067332167 -10.6231265427 -1.5025350866
-113.747 47.7687 0.000695409197902 -0.000774968485598 0.00368689325283 -0.00373241582939 3.82005 3.81904 -6.53347514759 -8.36684530947 -1.03235621334
-123.771 47.1161 -0.000627760558359 0.000167108450105 0.00136212110938 -0.000717024650253 3.72737 3.72344 -3.50186131729 4.82950726148 0.567668228503
-122.803 47.1109 -0.0012700289863 0.00278544087621 0.000431773143993 0.000428737742329 3.73928 3.74669 -1.09976416696 25.3239898421 2.78551265198
-121.989 47.1881 -0.000736599270688 3.61128000718e-05 -0.000884932404831 -0.000525080188127 3.55863 3.55984 1.44592237091 4.12405358996 0.603377342463
-120.844 47.1935 -0.000856491156257 0.000955697824142 0.000473833723586 0.000272380796868 3.67213 3.6633 2.7056784826 10.856806945 1.25429886939
-119.973 47.1936 -0.00126537153316 0.00148346508564 -0.000670356812724 0.000666076879097 3.65686 3.65067 3.62724167722 16.3930642299 1.88266082776
-118.921 47.0573 -0.00113110921052 0.00301736748873 -0.000136878026166 0.00189515132403 3.75568 3.75409 6.98717026337 26.6646206573 2.50474708679
-118.309 47.0615 -0.00116779234507 0.0035611718919 -0.000667272830152 0.00287950311327 3.93083 3.96344 8.20915406828 30.7970609701 2.74162232871
-117.276 47.0547 0.000660295074699 0.00124796048648 -0.000332489564089 0.0014493368574 3.90167 3.9274 4.74108890439 5.93535546971 0.0937088249571
-116.335 47.0477 0.00190837174948 -0.000381342838848 0.000867158228601 -0.00231310628846 3.87749 3.90399 -2.97277931355 -12.3115066678 -1.72586003616
-115.353 47.0528 0.00281487552843 -0.000837292833429 0.000200980032314 -0.000923384500632 3.84899 3.85493 -2.61003259736 -19.5437997547 -2.73634777789
-114.459 47.0943 0.00207670565745 -0.00179916318248 0.000643673276311 -0.00130281146383 3.75963 3.7648 -3.59864895471 -21.9266575303 -2.7447995968
-113.506 47.0816 0.00169372901766 -0.00130955823445 0.000396473840823 0.000765631273636 3.78442 3.78359 -0.153126278531 -16.4200284684 -2.13706992584
-112.52 47.0418 0.000279808650602 2.92280428544e-05 -0.00233343240482 0.00402245429257 3.77643 3.76929 3.88158956356 -0.904334334947 -0.228751223312
-123.563 46.5459 -0.000583131389636 0.000759352140519 0.000277051179152 -0.000798125840677 3.71274 3.71038 -1.4240934399 8.3160897278 0.941084237464
-122.72 46.5934 -0.000458637137247 0.00019419711087 -0.000241114242076 0.000581529526073 3.69034 3.6988 3.58463311841 3.70720725048 0.484534865368
-121.761 46.5605 -0.0010451452248 0.00110085547993 -0.000734836645308 0.000596907044499 3.64083 3.62618 3.02520004657 12.9572613851 1.49399929874
-120.979 46.5433 -0.00337280079294 0.00198868260108 -0.000228289556798 0.0002583087167 3.58939 3.58709 3.55567568315 30.5671433277 3.90197927412
-119.855 46.5585 -0.00264769715826 0.00298890095984 -0.000622692390995 0.000447413951926 3.60299 3.62236 5.5817576285 33.4860800443 3.8399037658
-119.06 46.4911 -0.00114662539033 0.00235603803316 0.000414890659086 -0.00191803738462 3.63056 3.66957 1.93065749245 21.8124194616 2.30642077632
-118.146 46.5139 0.00132766391298 0.000133779713963 -0.000452050695781 -0.00400081749817 3.6154 3.65606 -2.86403891899 -6.29141962224 -0.931957460339
-117.11 46.485 0.00269341699536 -0.00259604250706 0.00161412903482 -0.00273145789843 3.75364 3.7966 -5.73889058855 -31.0837433162 -3.73909273068
-116.209 46.3559 0.00220147958591 -0.00438565346551 -0.000904206505207 8.36648360428e-05 3.78014 3.79125 1.93147297274 -40.302638397 -4.27747376186
-114.188 46.4423 0.00169152703963 -0.00037852710012 -8.92869827183e-05 0.00294787187619 3.79984 3.79669 2.29405642944 -9.98809402177 -1.6311416774
-113.493 46.4162 -0.000383286275323 5.59681870394e-06 -0.00183134870748 0.00227100996422 3.70155 3.70543 2.03322406288 1.69573586288 0.327188514788
-112.641 46.4246 -0.00044686552447 0.000777991529811 0.00270047736945 -0.001462681536 3.76214 3.76985 -6.06815747779 7.11520875922 0.841450680085
-120.728 40.6183 0.00359479951562 -0.00535196996651 -0.000355921742123 -0.00167147355024 3.4172 3.4457 -2.6555959604 -57.1590560998 -6.25925004439
-123.559 45.9306 -0.000443279851053 0.00128972991171 -0.00135456731199 0.00155855885938 3.79916 3.7936 3.73599239801 11.3661408644 1.12766072054
-122.419 45.9325 -0.00162542992834 0.00210148018359 -0.000800531352736 0.000492012833235 3.67222 3.672 3.83746862332 23.0708378922 2.55017440532
-121.459 45.8839 -0.0023284905572 0.0030196470052 0.000414531166717 -0.000130552786695 3.71278 3.7171 1.9522463973 32.9219048369 3.68199818068
-120.782 45.7664 -0.00263625446064 0.00260493262228 -2.45418831396e-05 -0.000847455855312 3.59811 3.61654 1.98507896921 31.5294506026 3.67189319183
-119.928 45.8951 -0.000972370076445 0.00160813344933 0.000437520945877 -0.00237451626514 3.62898 3.67471 2.55810859689 15.9988328376 1.72857162821
-118.777 45.7971 0.00345673137679 -0.00330016018841 0.000972022965109 0.000574603624135 3.77606 3.80563 2.14949003798 -39.7865315278 -4.73014588631
-117.909 45.7087 0.0028006150645 -0.00388206013155 -0.00147326739921 0.00293146377397 3.84482 3.83485 4.77268682105 -40.2760523765 -4.4425224273
-117.228 45.9734 0.00226020851869 -0.00377501473099 -0.000928186317701 0.00219368729163 3.71822 3.71553 1.54620736579 -36.7271433959 -4.01939855015
-116.155 45.8883 0.00104487998909 -0.00145657895174 -0.000698600370783 0.00301150511959 3.87804 3.8507 2.51227053357 -14.8824792264 -1.67512488928
-115.255 45.7565 -1.45126831616e-05 -0.00173852201815 0.000729125231065 -0.000587827071179 3.70746 3.70559 -5.45174374687 -10.7691656878 -1.12822969415
-114.332 45.7893 8.17656284229e-05 -0.00103071375914 -0.000758176874267 -0.000952998964769 3.64909 3.65625 -6.65487980937 -6.76642586408 -0.745247943256
-113.37 45.8122 0.00097962867442 -0.0020564030682 0.00183204710713 -0.00223261320146 3.609 3.61635 -10.8655757583 -17.4441700937 -2.14962188585
-112.493 45.8409 0.00108947334614 -0.00105573008231 -0.000423404174224 -0.00440159052351 3.56331 3.56605 -6.53012629215 -12.1979432717 -1.51382786814
-123.281 45.3153 -0.00111359166361 0.00217277806028 -0.00168037275431 -0.00107601113579 3.68796 3.68455 2.27363528956 21.0471775084 2.21861651189
-122.478 45.2059 -0.00203194901593 0.0016938469558 -0.000573080281492 0.000398676385936 3.68643 3.68955 4.14531248559 22.4079773605 2.63899356522
-121.317 45.2422 -0.00212343369879 0.00193673901046 0.00149503039831 -0.000758521821708 3.80999 3.83691 1.1723830072 24.5747011627 2.8660104749
-120.635 45.2357 -0.000898011916455 0.00128495629524 8.25310284506e-05 0.000175990141906 3.61606 3.65744 4.91117200327 13.526100292 1.46240230384
-119.669 45.2664 0.00342305815843 -0.00285837678814 -0.00139274803302 0.00451569972669 3.65524 3.69825 8.27122992176 -35.8710119589 -4.39341380075
-118.96 45.2904 0.00292457973013 -0.00226900602362 -0.000815197706082 0.00297232160924 3.76032 3.75286 3.30731843172 -30.0573019991 -3.69544535088
-117.78 45.2781 0.00168109584242 -0.000208460919141 -6.12228737983e-05 0.000623680111704 3.81992 3.78437 -0.573616969599 -10.0779823488 -1.45786386926
-116.268 45.3997 0.00131894280723 -0.000335224970317 0.000518799496818 -0.00225517733546 3.64469 3.63746 -6.74917162233 -9.54692313852 -1.19410154016
-114.233 45.0931 0.00153903307985 -0.00274059381598 0.00215367006787 -0.00025155154365 3.79906 3.80026 -5.37020430677 -25.408785614 -2.94832697117
-113.46 45.2432 0.000333964119309 -0.00195825885748 0.000841724074424 -0.00227245189087 3.72234 3.72007 -3.65912268178 -14.2745023818 -1.47345457588
-124 44.6764 3.70153045018e-05 0.00211392994483 0.00152790741957 0.000624859767636 3.92634 3.92785 0.90250467994 14.1363885464 1.33321806127
-123.292 44.6765 -0.000150687888429 0.00222928072214 -0.000306452292511 0.00104243076603 3.83461 3.83227 1.71074027795 16.1650434174 1.51581049315
-122.186 44.6837 -0.00185351189761 0.00168243778827 0.000703062694771 2.51356854958e-05 3.70037 3.71014 0.871076904574 21.6800990799 2.49927344221
-121.227 44.6473 0.000263866166424 2.19708116971e-05 -0.00079930869234 0.00226848655534 3.67295 3.70367 7.12219876808 -1.06183474645 -0.21161902322
-120.335 44.7344 0.00236534674792 -0.00282845983597 -0.00157143393303 0.00251742341926 3.6108 3.63762 4.47876078673 -31.725693237 -3.54741546003
-119.565 44.5913 0.00237161803877 -0.00181498307047 6.47641996502e-05 -0.00142190543118 3.63446 3.6317 -3.02079710783 -25.2150687754 -2.97949455675
-118.67 44.5191 0.00175743728477 -0.00110966235136 -0.000224091111757 -0.00249108231248 3.60888 3.60616 -6.52924124396 -17.3010588877 -2.03266735218
-117.664 44.6653 0.00179260613666 0.000207373587331 0.000894072905568 -0.00126353456326 3.67022 3.68002 -8.51246761333 -9.65028723079 -1.10427863586
-116.747 44.589 0.00212182432571 -0.000932499980988 0.000952624554236 -0.00143186589138 3.72462 3.72742 -7.87771131271 -18.1477262803 -2.16689371779
-116.013 44.7035 0.00206404244821 -0.000979191831229 -0.000118870181135 -0.00123355118697 3.56072 3.56194 -6.71463335551 -17.7769115677 -2.1787283307
-114.855 44.5494 0.00224911080121 -0.00142301144347 -0.00179602870752 -0.00202772735807 3.49055 3.47377 -4.545365998 -21.0871917444 -2.63718675929
-114.255 44.5642 0.000524517820831 -0.000725236409702 0.00262988145938 -0.00198587572029 3.72689 3.70361 -5.62490280672 -7.37723868963 -0.870912650559
-121.551 36.3887 -0.00188499516539 0.00380714540966 0.00143807681904 -0.00444651888851 3.55584 3.55944 -7.11286137943 36.8956743822 4.08235818725
-121.461 40.8161 0.00243498149169 -0.00451641742297 -0.00037283899545 -0.000906535196648 3.38943 3.42071 -12.2649121248 -42.1872220968 -5.06177665023
-119.023 36.6801 0.000475373647882 0.00115267600958 -0.00303490548925 0.00260838820856 3.69114 3.70555 4.75120831078 6.23342452881 0.258237167024
-123.83 44.0035 -0.000139509599785 0.00137741148262 -0.000420302347183 -0.000410917272592 3.67509 3.64632 0.143782498527 10.0997698148 1.00628818618
-123.278 43.9726 -0.00193609499956 0.00194980700514 -0.000170287738837 -0.000986597407325 3.66178 3.67054 0.0795155923677 24.335307031 2.738795443
-122.411 43.7941 0.000975582309415 0.000136855249081 -0.000566075867618 -0.000505918907038 3.56144 3.57811 -3.31064898601 -5.05434666747 -0.613986723782
-121.268 44.1626 0.00166710799312 -0.00215824860247 -0.000963485391883 0.000403466710215 3.54813 3.56732 0.376515616613 -23.8391703675 -2.65413898224
-120.211 43.9437 0.00210334033861 -0.00221514660068 0.000737343503225 -0.0015452093193 3.5133 3.51906 -5.70482250856 -26.5521641704 -3.05284512715
-119.504 44.082 0.00206335064921 -0.00147007373598 0.000709235444466 -0.000981237426031 3.56375 3.5649 -6.93150500549 -21.6050209906 -2.49632657633
-118.569 43.9104 0.00153260622864 -0.000838884732578 0.00019886034652 -0.000628879554068 3.56256 3.56553 -7.12172398811 -14.4060288372 -1.67725882782
-117.741 43.9733 0.00168108927784 -0.000558810423358 -0.000776493954369 -0.000817109445038 3.58652 3.59078 -7.05508851479 -13.4467404671 -1.59219235075
-116.803 44.086 0.00171613142429 -0.000956047673852 0.000635846729336 0.00152842788923 3.72611 3.73626 -6.61247405616 -15.8656086964 -1.90400169953
-115.958 43.9121 0.00196290898403 -0.00140823459419 0.0008863655941 0.00215820012466 3.69405 3.70452 -6.58392632507 -19.9489250715 -2.39660446128
-123.575 43.3654 0.00137683868395 0.00130218054081 0.00392521073183 0.00147218898881 3.95807 4.0025 -4.93776011979 -0.722704068735 -0.0247572923862
-122.965 43.3717 0.00196266287258 -0.000355747748804 -0.000662571976207 -0.000464852905194 3.63467 3.64717 -2.6777176463 -14.2771264775 -1.67387253667
-122.109 43.2406 0.00203558699636 -0.00159807365463 -0.00120999231498 -0.00105648046113 3.44367 3.45212 -1.65682148336 -22.5735296991 -2.58292614982
-121.236 43.2843 0.00198508813067 -0.00193451615688 0.000102110003971 -0.00141320938129 3.52626 3.52632 -4.26949797316 -24.389145436 -2.77171528386
-120.153 43.2515 0.0013681846853 -0.00192505114559 0.000113925653582 1.46019590039e-05 3.58169 3.57354 -5.03822680733 -20.4100959023 -2.32083559972
-119.311 43.3736 0.00104220884181 -0.00152990529279 2.98405878471e-05 0.00043317133328 3.61256 3.61218 -5.4924400786 -15.8371999807 -1.81152796789
-118.474 43.358 0.000730278832202 -0.00121918665156 2.00361423736e-05 0.000893295522886 3.67625 3.68549 -6.19986281632 -11.9351825647 -1.37273158341
-117.754 43.3471 0.00199579487312 -0.00150544999097 -0.00017290684735 0.00122101544783 3.65286 3.67174 -7.81778894175 -21.2538129218 -2.4740563715
-116.767 43.4275 0.00250489170987 -0.00193260679033 -0.000205869478351 -0.00042977309949 3.50591 3.51486 -8.77338750993 -26.7396723043 -3.13305113098
-115.828 43.4151 0.00303604276037 -0.00216490908303 0.00050013855392 -0.00164300639132 3.54584 3.54059 -7.95399569433 -31.0079389003 -3.68506853192
-115.098 43.25 0.000842725511232 -0.000600765270984 -0.000303973840947 -0.00258007265157 3.57864 3.56219 -3.46419104552 -8.40598914283 -1.03251993735
-124.469 42.8088 0.000399119624986 0.000440974463807 -0.00492325263188 -0.000366772203045 3.48459 3.49221 1.02262216324 0.688452945772 -0.0171612769857
-123.49 42.7667 0.00209697452456 -0.00203110328196 0.00249466124741 -0.000353243505876 3.64682 3.66231 -5.85629719986 -26.2166717073 -2.91611178262
-121.731 42.6133 0.00246007070435 -0.00131741985871 -0.000457616947235 0.000720657177388 3.53572 3.542 -3.30706338784 -23.491760055 -2.69497260694
-120.893 42.7258 0.0020923155251 -0.00112293923861 0.000106450164286 -0.000753405967625 3.54374 3.5328 -4.67809659871 -19.957271492 -2.28428542133
-120.251 42.7991 0.00108131001365 -0.00084578694778 -0.000105008936969 -0.000806028275298 3.57133 3.56326 -5.48551081348 -11.9457956014 -1.36407956938
-119.247 42.6912 0.000986136116386 -0.000947713522274 -0.000972058047074 -3.66457300736e-05 3.54685 3.55143 -6.36614804285 -11.9229402781 -1.36752268171
-118.486 42.7308 0.00138869479212 -0.00161593589421 0.000103327284039 0.000433203057941 3.66389 3.68193 -8.58508184224 -18.3711993021 -2.1282104659
-117.725 42.6996 0.00225915398478 -0.00312298442978 0.000749672920224 -0.00103233948582 3.5815 3.59581 -9.71460409215 -32.5755558515 -3.82695868215
-116.87 42.7779 0.00281635951337 -0.00174181895753 0.00112792935276 -0.00311304169664 3.66632 3.66349 -6.86658596129 -27.4629820326 -3.23690929363
-116.032 42.7713 0.00132190111198 -0.000917082851899 0.000215022342891 -0.00270091012041 3.57013 3.55863 -3.41198341624 -13.2020721375 -1.60216813521
-113.176 42.5452 -0.000255226313 0.000904907062039 -0.00109257616048 -0.000137336261588 3.72762 3.72147 0.892699692765 7.43428931852 0.718756786865
-123.602 42.156 0.00212408746821 -0.0011282333177 0.000709496686716 -0.00223560427532 3.57485 3.56433 -5.85445489094 -20.9754655016 -2.27475263023
-121.891 42.175 0.00148450757323 -0.00329140881663 -0.000841762882346 -0.00162044512251 3.4985 3.51505 -4.97575035318 -30.1311489528 -3.37787942625
-120.834 42.0472 0.00120976674479 -0.000130549426921 0.000288516628847 0.00107550908414 3.57573 3.58201 -6.12600127973 -8.47170718437 -0.939905763452
-119.34 42.0187 0.00203050396398 -0.00233538764769 1.26423728195e-05 -0.000809983011069 3.42971 3.44275 -10.1077139 -26.9030575569 -3.09463055232
-118.344 42.1901 0.00295940209673 -0.00308541982688 0.00102909159889 -0.00172994506785 3.57329 3.58288 -11.2282520996 -37.0119718616 -4.26927474937
-117.667 42.0192 0.00173680467537 -0.00181881217212 0.000802736371739 -0.00143891767835 3.67011 3.65573 -4.42387882047 -21.7791837219 -2.50792674501
-113.944 42.0886 -0.000324945102056 0.00199728115889 -0.00160555825964 -0.000841688095191 3.6217 3.61653 0.261162131364 15.2959329935 1.41850904316
-124.122 41.8473 0.00255175288004 -0.00045056920081 0.00379700438312 0.00216542985288 3.90473 3.90852 -4.35362650438 -19.4728949915 -2.10281386778
-122.854 41.392 0.00152321458705 6.00688113066e-06 -0.0013443866385 -0.00284973696233 3.51836 3.5214 -3.48313644882 -9.56327646051 -1.08776253831
-122.122 41.2742 -0.000134238353342 -0.000379001290731 -0.00168797055236 -0.00391566733479 3.38224 3.41271 -5.83100621854 -1.49304927776 -0.180253400457
-121.839 41.7826 0.000667357337988 -0.00177882841493 -0.00103440837742 0.0025153982499 3.6203 3.58561 -2.81470198462 -15.7275112096 -1.69967501077
-121.146 41.3593 0.000491832493327 -0.000574794246958 0.000735560577504 -0.00195449647721 3.49229 3.52598 -10.3988936818 -6.66520236839 -0.756443132125
-120.477 41.2047 0.00376296743297 -0.0022343193113 -3.69413344674e-05 -0.000835957529477 3.52774 3.5709 -9.64702280958 -38.3365149804 -4.15463052074
-119.171 41.3884 0.0026458844148 -0.00376583807561 0.000992003977549 -7.61503288787e-05 3.68002 3.68318 -3.71558233526 -40.2044064541 -4.49163752721
-118.379 41.4483 0.00133243160543 -0.0017657897562 -0.000805617305649 -0.000309059985713 3.60776 3.59161 -1.4099910109 -19.3359223556 -2.15173903728
-114.915 41.4157 -0.00172072599734 0.002084958442 -0.001177343017 0.000632338010715 3.6395 3.6236 2.21752984761 22.9277396533 2.59221928558
-114.165 41.3602 -0.00236969701507 0.00318756129159 -0.00131830080824 0.00141107247303 3.55221 3.5625 6.94260883342 33.3497098925 3.61379576591
-113.347 41.503 -0.000136859505762 0.00227261999527 -0.00270428043615 0.00241601009671 3.71656 3.71977 5.23426124269 17.1138305081 1.25764205787
-123.306 40.822 0.00171575910846 0.00165673864562 0.0046833105652 0.00333301501515 4.04839 4.04945 -6.05989072281 -1.17849027056 0.0459242697232
-119.835 40.7484 0.00304412823878 -0.00170225574673 -0.000620624949521 -0.000648857775721 3.57362 3.56489 0.0430328076148 -28.806573834 -3.43677904461
-118.971 40.7797 0.000689890335402 -0.00109638099949 0.000383614896091 0.00051311524084 3.73895 3.71473 -0.198065165344 -11.3683727898 -1.22443351177
-116.508 40.7186 -0.00152657269573 0.00105562735845 0.000668846518947 0.000488149932382 3.79108 3.7183 0.358290472873 15.2697500218 1.85465962896
-115.736 40.8167 -0.00337842509389 0.00267036459174 -0.000699820005366 0.00112659321835 3.64451 3.63765 3.82342373663 35.1386554903 4.28736085812
-115.039 40.8522 -0.00238328963578 0.00382899874425 -0.00125617266018 0.00208343214006 3.5636 3.59255 8.37779387821 38.5476976997 3.90181557022
-114.204 40.8556 -0.000899910654885 0.00145143478959 -0.001587718371 0.0024227582828 3.71409 3.73278 6.5699505456 14.5196253969 1.49578277712
-123.82 40.1398 0.000891257889945 0.000271491211753 -6.96219508399e-06 -0.00683660074859 3.50906 3.51985 -8.39748119284 -4.64911523363 -0.367763697314
-122.788 40.1767 0.00408030351832 -0.00105898977912 0.00380034255385 -8.34116277425e-05 3.94612 3.96943 -13.5648439985 -35.8979283431 -3.23725386217
-122.032 39.9971 0.00451225077524 -0.0025680383957 0.000678573013236 -0.0014417734632 3.69135 3.69886 -2.07502013392 -44.9156037714 -5.06216456646
-121.086 40.32 0.00210084671381 -0.00628403826511 -0.00123262460701 -0.000510886457432 3.65111 3.63186 0.866187955651 -55.8988591621 -5.58496295106
-120.918 39.962 0.00127768685209 -0.00184479047063 -0.00167007126548 0.00142778162794 3.76696 3.74021 3.86788538196 -20.2366254444 -2.11681920255
-117.19 40.1697 -0.00164747656502 0.0025409372389 -7.70904667874e-06 0.000114428538499 3.71426 3.69408 1.10427795034 26.4686436266 2.8370151708
-116.5 40.2917 -0.00336190647596 0.00593677914214 -0.000395501212233 0.000869649745344 3.77051 3.74412 4.59556385765 59.2873591262 6.03517090115
-115.657 40.1313 -0.00363742364359 0.00445968076004 0.000190890510291 0.000965415886307 3.65669 3.67493 10.0658440955 48.6517317957 5.25646724199
-114.745 40.2679 -0.000430243647966 0.00224836080266 -0.00318106786084 0.00046731987796 3.63828 3.65401 5.64761309787 18.4866072641 1.51706447543
-123.338 39.469 0.0029173544931 -0.00214403534954 0.0018298847071 -0.00492027422348 3.64158 3.64675 -4.16723329055 -33.0044022256 -3.57537473523
-118.889 39.5399 -0.000841776469401 0.0015276021088 0.000204233106523 -0.000486654642551 3.66645 3.64034 -0.327559707417 15.3055410429 1.61583891769
-118.08 39.6946 -0.00246602626447 0.00227975128129 -5.95079061765e-05 -0.000267853345404 3.65168 3.63574 0.330886833729 29.3278389315 3.34633002486
-117.14 39.5516 -0.00435130684251 0.00641601289111 0.000368130431152 -0.000593724139495 3.63883 3.6493 2.35862424112 68.1781477557 7.26266559039
-116.464 39.6202 -0.00312529214262 0.00562274747502 -0.000841472060657 -0.000286011255057 3.52223 3.59693 6.78830944158 56.2427639948 5.5508459707
-115.754 39.553 2.6821465084e-05 0.00146989550528 -0.000735084350765 0.000779981945836 3.60369 3.63413 3.16622867325 10.4962264401 0.795921094973
-114.908 39.4731 0.000191672560511 0.00124667100506 0.000664998261653 -0.0001742480845 3.71935 3.72453 -3.07061109546 7.24847991963 0.647361218338
-122.015 38.6333 0.00310089535685 0.000166328990732 -0.00256965245719 0.000690479180526 3.66218 3.65426 2.46284552923 -16.3646943269 -2.33860108357
-121.377 38.839 0.00113834532858 -0.000169359007646 0.000325525137457 0.000526745793891 3.83897 3.81771 0.0925828370554 -7.8735485816 -0.98018651464
-118.808 38.9383 -0.00249037370149 0.00444107112219 -0.00116711453398 0.000249538321714 3.59001 3.59149 0.432887093212 45.0155855964 4.70690691074
-117.932 38.8606 -0.00420735849152 0.00549298654837 0.00102562263299 0.000174698673438 3.64351 3.67655 1.27102935014 61.5629623945 6.66584202105
-117.182 38.834 -0.00186470079314 0.00492790683965 -0.00117054076861 0.00184587261245 3.49355 3.53288 9.33265821574 46.189001916 3.99230663434
-116.4 38.8247 0.000600913334976 0.00217384003977 -0.000404187692349 0.0016665901591 3.74194 3.75023 2.038267498 12.5197419422 0.769951551724
-115.654 38.8455 2.83598874938e-05 0.000569007250418 0.00117270062603 -0.00298125786358 3.65581 3.65273 -7.32949225223 3.3819097105 0.377713398519
-114.83 39.04 1.58440369618e-05 0.000639461502029 0.00209478629943 -0.00162584466582 3.48163 3.48357 -9.78046033527 3.72747769065 0.451872928611
-120.936 38.2571 -0.000308254520684 0.00184268086656 0.00193290131039 -0.000983448071217 3.79764 3.74783 -2.6561050984 14.3037624013 1.47481454702
-119.451 38.5226 -0.00276446290664 0.00216473877781 0.00029571354427 -0.00166305211378 3.65694 3.6519 -2.69911011379 31.1944104963 3.50356854377
-119.047 38.089 -0.00439920573669 0.00372363902949 -0.001911089512 -0.000374059485308 3.49347 3.49767 1.1278376386 50.9083862206 5.75847429725
-118.106 38.3489 -0.00503508450197 0.00515697124617 -0.000885868950249 0.00159718972682 3.42278 3.46171 6.86957765455 62.879866504 6.98954545372
-117.072 38.2397 -0.000569953354495 0.00163821982897 -0.0016145144094 0.000544751195123 3.50707 3.55989 0.912552890572 14.6678984202 1.44079448903
-116.302 38.2886 0.00186604448569 0.00113558145713 0.00417656415819 -0.00137084964674 3.75555 3.77907 -12.468791832 -6.15737969723 -0.331456569743
-114.608 38.3281 4.61100794918e-05 0.000974284898652 0.00175943734064 -0.00266716931127 3.66353 3.6648 -5.99002288034 5.97326372034 0.625215304117
-121.328 37.5049 -0.00140723177714 0.00310825726338 0.000891345439209 -0.00147752803207 3.70722 3.69647 -3.28916260167 29.7195543565 3.16154482287
-120.33 37.346 -0.0034328916381 0.00669013611146 0.00170404972106 -0.000753609249618 3.76295 3.78725 -5.75574492124 65.4325993097 7.17772171566
-119.849 37.8817 -0.00312079551298 0.00379425016942 0.000655639645957 -0.0012820575953 3.71142 3.71425 -3.49713357495 44.6058669437 4.86919455296
-118.171 37.4993 -0.00271957645677 0.00119318803073 4.56373161445e-05 -0.00207918371245 3.37736 3.39169 1.08232619843 23.4395911099 2.8840549112
-117.225 37.7243 0.00146303482253 -0.00094284857089 0.0014735746514 -0.00767600154451 3.38999 3.4119 -7.61397693244 -15.2242220186 -1.69686677933
-116.595 37.923 0.00230368246203 -0.000509843443634 0.00226185328551 -0.00758304258163 3.55274 3.56767 -10.2447796691 -18.1993030731 -1.92195890319
-115.747 37.6444 1.34141516754e-05 -2.6438179662e-06 -0.0011125169213 -0.00219820924559 3.62697 3.62708 -2.33552942016 -0.0935157105138 -0.0120185661817
-114.849 37.6083 -0.000958108119833 -0.000786163975593 -0.00152340843782 0.00271162233245 3.72685 3.74501 2.62313154697 -0.97864226096 0.350462648588
-121.786 39.2291 0.0019529565263 -0.00127615468502 -0.00211740668646 0.00247755973786 3.82686 3.81469 3.73399100543 -19.9851187193 -2.32871342519
-120.674 36.8953 -0.00383933708844 0.0075431550911 0.00199430189121 -0.000338104438984 3.73692 3.7975 -5.40463170693 74.0698742548 8.06554488947
-119.709 37.0069 -0.00111007225947 0.00569073081218 -0.00185167611348 5.07213816714e-05 3.51041 3.54457 1.72978863652 47.3976357324 4.35929936777
-120.783 36.3627 -0.00275275642886 0.00181941890276 -0.00317567727482 0.00256488150285 3.46606 3.50024 8.5794675515 27.7071860277 3.29774563834
-120.12 36.3356 -0.00122771641133 0.00160498873642 -0.00204392580046 0.0084603590057 3.76462 3.80556 18.8375602859 17.8704161985 1.71932150548
-121.236 36.0214 -0.00137957030521 0.00365290717894 -0.00389775024996 0.00915830629584 3.94026 3.96944 11.7101142046 36.0571417332 2.9613618739
-120.87 35.636 0.0020466608659 -0.00335325872088 -0.00857668048776 0.0149723469257 3.77348 3.81173 16.2280311031 -36.329583071 -3.23185657672
-119.903 35.8667 0.001216043705 0.000589968352126 -0.00250581126357 0.00185589941998 3.8552 3.86062 6.02564212023 -1.68482492524 -0.685747784126
