-114.58 32.5356 -0.000231814716282 2.6997768188e-05 0.00192710867325 0.000301114496739 3.83603 3.78298 1.23201163789 -1.55080987592 -0.200116025149
-113.767 32.7683 -0.000824407331363 0.000136451868957 -0.000416618395686 0.00175231751384 3.74201 3.69035 1.12766041234 -5.83305494736 -0.738752920344
-112.883 32.7513 -0.000610109216774 -0.000760252550355 4.6181938779e-05 0.00132138433076 3.55966 3.41639 1.65301861481 2.44130449744 -0.0428148744882
-112.228 32.7006 0.00126299889086 -7.55025956985e-07 0.00162838838215 0.00316460565054 3.32717 3.31159 -0.420369604934 7.54242633901 0.996651526507
-111.704 32.5618 0.00182739407382 -0.000392350096727 -6.14590332947e-05 0.00137790539898 3.72537 3.79556 -1.51738383529 14.1128523203 1.67102416161
-110.739 32.5716 0.000771740086235 -0.000672696986883 -0.00101704503644 0.000187534238034 3.91175 3.87166 -2.43324552081 9.8964519484 1.02316613709
-109.97 32.6399 0.000251828912796 -0.000535600863822 0.000262115774326 -0.000757562776951 3.84788 3.77894 -0.564358641059 5.72309098455 0.5225836223
-109.303 32.7663 0.000566292520054 -0.00012040714189 -0.000472664337851 0.000363809375378 3.75748 3.65662 -2.89993429937 4.45566474816 0.516813017075
-108.633 32.5466 0.000388436221087 0.000228787678394 0.00128077190564 -0.00124214231591 3.77303 3.79117 0.143630220353 0.382790254779 0.184205017336
-107.785 32.5324 0.000597123811074 0.000580251467094 -0.00123180690535 -0.000847845890706 4.05881 4.05558 -1.78948637257 -1.06379380656 0.129654555641
-107.001 32.6995 0.000190618626825 -8.88207221231e-05 -0.000871967838735 0.000809130513477 4.0271 3.76145 -1.35628546554 1.85825835896 0.2064140019
-105.454 32.7001 -0.000777802827303 0.000240372210945 0.00172127005112 -0.00184943886971 4.01055 3.74382 2.05873506269 -6.27712194783 -0.787781648391
-104.657 32.6588 -0.00112273535999 0.000172473367591 -0.0011498224436 -0.000805020893635 4.16212 3.94077 -0.51723332209 -7.91821908733 -1.02770709346
-104.02 32.6462 -0.00133563485151 9.7335493152e-05 0.000588794038336 -0.000769966342135 4.10692 3.97731 -0.163368509748 -8.41021413085 -1.17020078548
-103.357 32.6764 -0.000547567845812 1.96210797432e-05 -0.00197647907038 1.64215319417e-05 4.14212 4.15474 -1.35715339036 -3.35853123289 -0.464342645777
-112.812 31.9559 0.000318596655267 -0.000774086088343 0.00236218326643 -0.00221101426218 3.77761 3.81161 4.18913205606 7.89273038102 0.693876501472
-111.457 32.0022 0.00130836040548 -0.000477999021087 -0.000615234849698 0.00132851100081 3.8625 3.83198 -1.98987801667 11.6173870383 1.317239265
-110.816 31.7748 0.000461144032117 -0.000200685916975 -0.000173740602421 0.000866066376889 3.89817 3.85809 -1.46770180789 4.31738943689 0.486579726599
-110.046 31.9737 -0.000226906204278 -0.000562882536787 0.000270957188821 0.000164427545029 3.82829 3.796 -0.58607833015 3.08619609557 0.156196172546
-109.259 31.9989 -0.000186743696946 -0.000208240462616 -0.000276866988902 -0.000188693149549 3.77291 3.81014 -1.80105312106 0.501747709627 -0.0206058236071
-108.527 31.9041 6.9665266753e-05 0.000615534105727 0.000449911194434 0.00207947892743 3.61981 3.67561 -2.72182468861 -4.37882428014 -0.325792575842
-107.778 32.0094 0.000862475387868 0.000251866567934 0.00145801291912 0.000779634484056 3.72843 3.73074 -0.259876087059 2.93254166076 0.558000720507
-107.101 32.1046 0.000301448783137 0.000558127538309 -0.00149265038208 -0.00438140928135 4.33151 4.33738 3.49140900347 -3.22922060091 -0.0315043117028
-105.523 32.076 -0.000569945091942 0.00102654473256 0.000986158631833 0.000571418961193 3.98054 4.02646 -0.185763996876 -11.9064785808 -1.04724543293
-109.991 31.439 -0.000249643229098 -0.000150223794644 0.001278211426 0.000364588430492 3.91283 3.88948 -0.0211775285684 -0.259706731993 -0.112446913283
-109.281 31.3757 -0.000651715707478 -0.000163910794012 -0.00243419282017 0.00203265077759 4.0151 4.02038 -3.56601754609 -2.82760778119 -0.399327461113
-108.528 31.3369 -0.000135921560779 -9.11381362374e-05 0.00366517255815 -0.00122777966856 3.74922 3.76952 1.98112673559 0.0102848334782 -0.0630962353761
-105.483 31.4425 -0.000642399369902 0.000160170659446 0.000367320436824 0.000129132386716 3.95218 4.01197 0.00715580931639 -4.98105004385 -0.622632651815
-104.971 31.3711 0.000449077833007 -0.000159818840653 0.000520318777203 0.000694190665763 3.93504 3.98338 -0.713455812914 3.92203966499 0.46096528546
-104.986 30.7862 0.000137103691569 -0.000633397645521 -0.00036400179049 0.000400076937601 4.00915 4.01298 -0.924795721651 6.07928036514 0.472268816605
-104.029 30.6689 0.000297771112423 -0.000418645801365 0.000790956200877 0.000422947526053 4.02243 4.02916 0.477235984801 5.24049081812 0.476722764098
-103.402 30.8498 -4.57680964247e-06 -0.000134023668207 -0.00102677204986 9.56099948203e-07 4.15288 4.13693 -0.331240551434 1.12656450739 0.0695311866577
-102.685 30.7263 -0.000145179177066 -4.59659709353e-06 -0.001012202005 -0.00198359554027 4.18617 4.17966 1.98565762709 -0.720376654468 -0.12272466436
-104.09 30.0609 1.98670413647e-05 -0.000390102500582 -0.00040076457051 -0.000760300090124 4.14525 4.12412 1.61105798018 3.48503504598 0.221340415309
-103.612 30.1456 -0.000229256201952 -7.46864926287e-06 0.000368696530606 -5.0745786282e-06 4.08995 4.05822 2.10017010924 -1.13632793117 -0.192927097315
-104.133 29.554 -0.000249453044678 9.34405588988e-05 -4.41460411175e-05 0.000370821365606 3.98999 3.97213 0.864453153583 -2.15395032546 -0.26070766152
-103.389 29.4528 -0.000249560241875 3.39136636654e-05 0.00125348413856 -0.00193635157127 3.91144 3.97483 4.15084814954 -1.52580608206 -0.235126901138
-102.888 29.4862 0.000206285454665 3.43304429869e-06 0.000175101385087 -0.00234213823433 4.09496 4.11086 2.95390482592 1.01527135465 0.177492283701
-122.085 48.9983 8.25309292113e-05 -0.000169253575483 -0.00435377304348 0.00348178237024 4.44981 4.45481 -8.33350209328 1.72962892011 0.184472523495
-121.48 49.0983 2.33897274082e-05 -0.000609151109725 -0.00526356230788 0.00251532286897 5.62829 5.56144 -16.2857380128 3.35106234566 0.538906026373
-120.384 49.048 -0.00124442322994 0.000625434605401 -0.00609790519061 -0.00808253764108 6.32773 6.49382 -7.45722338808 -14.0476098503 -1.27605574666
-119.272 48.9534 -1.3593760362e-05 -1.15568865568e-05 0.0104272390347 -0.0092855680599 3.80983 3.83711 12.3446167166 0.0343751878131 -0.00608218957412
-118.585 48.9752 -0.00133081672369 -6.53990777874e-05 -0.00921766127311 -0.0080798023224 5.32633 5.17116 2.81870783729 -8.16267066928 -0.997298766427
-117.559 48.9813 -0.00198791297019 -0.000330311856785 0.00802491593149 -0.000351410857558 3.83574 3.81618 6.25629088985 -8.98166758397 -1.45001127429
-116.363 48.958 -0.00191628818472 0.00323120555265 -0.0267899458029 0.0177291226172 4.03681 4.84674 -31.0081900675 -30.2796292527 -3.67961403635
-115.653 48.9339 0.00311725282117 -0.000336143582035 0.017941868956 -0.00653592752704 3.19823 3.47792 13.7665455804 17.5366553062 2.9550691259
-114.413 48.933 0.00188034221708 -0.000182214679812 -0.00488930266871 -0.00097818764325 4.73276 4.41328 -8.37822366239 15.9944999716 1.41693619367
-113.422 48.9725 -0.00116001172495 -0.000370208711156 -0.0131442358258 0.00272279980541 5.25156 4.40043 -21.3541911443 -8.66359981162 -0.27572893961
-112.733 48.9777 -0.0056999181189 -0.000311381799547 0.00859484888701 0.00715513552065 3.69593 3.80705 -3.13032809923 -37.3390071089 -4.13186539943
-111.597 48.9482 0.00409726325998 -0.000552272288686 0.00361562887013 -0.00304033703363 4.13343 4.45081 5.38655455417 28.1227567384 3.79101963434
-110.699 48.9448 0.00226737087363 0.000388862664809 -0.00335400430081 0.00446045748461 4.47797 4.35439 -8.52514330283 14.2805896326 1.34548807035
-109.846 48.9198 0.000459252650107 0.000435809825536 -0.00319109757053 0.00411003675034 4.22739 4.11338 -4.09658969075 -0.488690788424 0.0776595183797
-121.484 48.5183 -0.000458970288173 0.00103497705898 -0.0119117380988 -0.0097352636861 6.77748 6.61842 2.84758269486 -11.1062389509 -1.02389426268
-120.12 48.4607 0.000130762957515 -0.000773120196284 0.00742219344703 0.00221558645103 3.86993 3.90428 4.80103522162 7.1276711813 0.577886243087
-119.333 48.3584 -0.0011427478608 -0.00125091990692 0.00150664353649 0.00431757636468 3.84507 3.89378 -1.33899656207 1.26520524664 0.0307667216628
-118.149 48.4226 -0.000337996477283 0.000583362203829 -0.00286014249179 -0.00781732881434 5.02896 5.16918 13.9209367292 -7.02231846278 -0.568149577081
-117.225 48.2995 -0.000715100210247 0.00010535397084 0.00185981950676 -0.00138531223204 4.20694 4.28672 7.05148682012 -5.05773168299 -0.654173814279
-116.367 48.4366 -0.00367535103563 -0.00353402748332 -0.00482641313176 -0.00596583103083 4.55105 5.11446 -1.61634412954 2.13069925095 -0.40187904801
-115.589 48.4694 0.000268334108236 -0.0018000360103 0.00847866848512 0.00554395325041 3.03408 3.13074 -1.99286358754 16.1516161124 1.39215389424
-114.468 48.3739 0.000661945152211 0.000962957335279 -0.00295675581403 0.00630679564024 3.50315 3.53262 -14.0123806668 -0.61513493702 -0.364050092781
-113.273 48.3609 -0.000848205473123 0.00193430359519 -0.00273242106095 -0.00539226459539 4.88369 4.77178 2.38060964585 -22.1304040516 -1.81240123274
-112.562 48.3129 -0.00179642328791 -0.00010636931316 0.00288093535705 -0.00684604565502 4.57913 4.56313 18.080435857 -5.2773920627 -1.66111317006
-111.707 48.4128 0.00306397751862 -4.27199257244e-05 -0.00133990314766 0.00129695143058 4.57425 4.98004 0.837081474179 19.7602250999 2.50789318352
-110.799 48.2921 0.00105074965418 0.00118518583537 -0.000435277804868 -0.00356748763001 4.66095 4.6883 6.60407334455 -5.57925488596 0.331292970093
-109.777 48.3943 0.00042109433266 0.00180924501712 0.0040434251916 -0.0117926599352 4.41124 4.4065 19.5456994667 -17.7415997954 -0.08828887905
-120.894 47.923 -0.00061178511798 0.00145484233422 -0.0117059733942 -0.0166905034506 7.54904 8.0346 25.0197152104 -16.1083710854 -1.03633085095
-120.061 47.6902 0.000641009911858 -0.000768847327896 -0.00493357094764 -0.00159857648634 4.91161 4.87321 -2.4607479672 10.2335778386 0.997109443906
-119.045 47.7849 -0.00276454615365 -0.000802212379733 0.000920258602529 0.00181804908051 4.18507 4.21598 -1.50873196783 -13.6189972281 -1.45582404307
-118.274 47.8006 0.00180171460077 -0.000889625465565 0.00625426244384 0.00550719121121 4.07898 4.17246 6.31541371226 18.2933395804 1.98581775715
-117.308 47.8192 -0.000359759361477 -0.00201738395675 -0.00797281270672 0.00129611931092 5.30326 5.2484 -9.30230178633 10.6546119594 1.31391819356
-116.256 47.8397 0.00102632447567 -0.000680608527041 -0.00536380829156 0.00771986784082 3.92931 3.88761 -8.73082142352 12.8028518507 1.18883956559
-115.475 47.7092 -1.36606461942e-06 -0.00164239443708 0.00130051063347 -4.78454363514e-05 4.1142 4.08505 -6.41117395804 12.0426131014 1.17672109444
-114.574 47.6795 -0.00114431760523 -0.00155909981743 -0.00140110890095 -0.000481782498576 3.90729 3.95637 -6.96989310736 2.84137026253 0.317955818098
-113.747 47.7687 0.000776914517097 0.00202806278902 0.00332925931753 -0.00125837965741 3.90806 4.00753 2.60414839097 -12.7322059593 -0.548206543315
-112.607 47.775 0.0016342823745 0.000984488693077 0.00381113831052 0.000643178846581 3.93148 4.08881 15.4611441177 -3.24082246405 1.1482972247
-111.746 47.8012 0.00133610746269 -0.00278910806587 -0.0042662336688 0.00023881397032 4.72492 4.91272 1.99273471994 32.8331436326 2.68895913811
-110.763 47.6327 0.000377847285116 -0.00259635714807 0.00399444721797 0.00162935150398 3.95043 4.0234 0.392991613861 25.1512067928 1.82324283457
-122.803 47.1109 -0.000810137928375 -0.000246744166867 -0.0100867202942 0.00660104921547 4.15173 4.16685 -7.56645659121 -4.92691761355 -0.301318173563
-121.989 47.1881 -0.000932960461207 4.32422554105e-05 0.00537954642743 0.00853491341517 3.31674 3.35043 2.35784009666 -6.60994664908 -0.725317514924
-120.844 47.1935 0.00222767720557 -0.000274165106032 0.0029703520299 0.00549246958914 3.60431 3.5943 -1.75075396302 18.0170208604 1.76938896489
-119.973 47.1936 0.000215770831167 0.000268030333373 -0.00447975913376 -0.00282215301247 4.90863 4.61104 -3.01670719993 -0.339761767207 -0.0407046052809
-118.921 47.0573 -0.00196148532743 -0.000876413033022 -0.00522794387544 -0.00164414990953 4.96243 5.50463 -5.66749354714 -8.79441921115 -0.677844769761
-118.309 47.0615 0.00112094903191 -0.000778844129389 0.00697038684502 -0.0017580427554 4.11955 4.12043 7.34460605649 13.1385245851 1.36485986756
-117.276 47.0547 -0.000146685687517 -0.000725437902368 -0.00375835034123 -0.00075185049241 5.07063 4.81605 -3.70713473364 4.31265372637 0.402858381346
-116.335 47.0477 -0.00335362688949 1.76481695321e-05 -0.00355495813727 -0.00308886127596 5.58676 5.94722 -3.88471665861 -24.4014305307 -2.42765858111
-115.353 47.0528 0.000426269239569 0.000903981369441 0.00329452551439 0.00220583155418 4.17129 4.03982 -5.86756648102 -3.50506967942 -0.3414284257
-114.459 47.0943 -0.0027673107332 -0.000131329676965 -0.010530419124 0.00133302651447 4.64529 4.43961 -11.9325390972 -21.6919217858 -1.65258765339
-113.506 47.0816 -0.00573852040395 -0.000813815362523 0.0149087189684 0.00701017379201 2.82692 2.93608 1.6264152519 -29.198128777 -4.13280523255
-112.52 47.0418 -0.000404315274993 -0.000384266555037 -0.0312540252517 -0.0172523913879 24.8316 -nan -84.4686124949 -5.82160554675 0.539795521842
-111.549 47.0308 0.00271984510046 -0.00176368558988 0.00226731505267 -0.00284918548766 4.5634 4.59257 2.5468284238 32.0091464849 3.24089104775
-110.687 47.1523 -0.000448582566165 -0.00208373961603 -0.00217569700392 0.001111652909 4.36815 4.15479 -2.92784181265 14.3911559132 0.964611830882
-109.802 47.1961 -0.000643870535601 -0.00177052614642 0.00569040446578 0.00710711194787 3.52596 3.5542 -3.13681119199 10.6209581436 0.603229437954
-123.563 46.5459 2.05866556679e-05 0.00103828289978 -0.00563189163972 -0.00125015717187 4.59714 4.62738 -0.676926941531 -7.07122370299 -0.731059119544
-120.979 46.5433 0.000470267079387 -0.000506915478946 0.00778665512841 0.0033129004002 3.18599 3.20069 -0.168964071893 7.00352306663 0.690066447583
-119.855 46.5585 0.000668409019911 0.00152922855627 -0.00129679296884 0.00154013334385 3.99605 3.94511 -4.09906002235 -5.74862770055 -0.652944085664
-119.06 46.4911 -0.000759219000037 0.000502175480097 -0.00555617095679 0.00122773598542 4.54958 4.42852 -6.64082912402 -9.22719018034 -0.878681556476
-118.146 46.5139 -0.00237661001104 -0.000881769087855 0.00650190187421 0.00157551809448 3.77563 3.7672 4.0190111221 -7.60703472049 -1.35562809315
-117.11 46.485 -0.000939646889865 0.00201969401695 -0.00153622614873 -0.00311785032961 4.96058 5.19251 3.05915365708 -22.4914782181 -1.97587941934
-116.209 46.3559 0.00129773647245 -0.00098014744532 -0.0107597989968 -0.00204260392736 8.63183 8.88915 8.5038047586 15.7257414515 1.61858156514
-114.188 46.4423 9.77843881421e-05 -0.00077353303955 -0.00226279331915 -0.00471417699788 4.70381 4.60137 4.72343452603 7.32784566988 0.512192035226
-113.493 46.4162 -0.00298870978266 -0.00348546776779 0.00124936932127 -0.00714707202319 3.90536 4.07135 20.7467884221 25.7029066772 -1.81250663731
-112.641 46.4246 0.0034138941061 -0.00467646829556 0.00382920269316 0.00871606573055 2.95832 3.14971 2.96025242883 61.4008086662 5.46442696562
-111.676 46.5336 0.00350980729327 0.000212129884197 -0.00362160414738 0.00140601141442 4.35453 4.43512 -9.40790156839 25.5071521767 2.27305131175
-110.858 46.462 0.000210828930555 -0.000761881636122 -0.00345210097345 2.41143072482e-05 4.6432 4.51037 -6.31034606447 7.54096314086 0.671031071834
-109.914 46.5663 -0.000148282277441 -0.00234092862983 0.00242321578366 -0.00195128323917 4.0353 4.04809 1.38368661679 19.9636050027 1.19587963013
-123.559 45.9306 -0.000143504911593 -0.0011081934315 -0.00494470432023 -0.00258424843359 4.68537 4.72067 -2.36187244407 6.3802334893 0.720987910457
-122.419 45.9325 0.00100105937163 -0.000730011803952 -0.00205220183902 -0.00078496053698 4.21639 4.23499 -3.28300844262 12.3190134615 1.21383415815
-120.782 45.7664 -0.00035638389894 -0.00177227066196 0.00047795213943 0.00184764342086 3.90259 3.93143 -1.76809948005 10.0987621325 1.0006339988
-119.928 45.8951 -0.000391141418168 -0.0014549902416 -0.000674810385926 0.00246727025262 3.52553 3.54622 -5.05302292035 7.00559370274 0.811983367115
-118.777 45.7971 -0.000357300855141 0.000182190010681 -0.000248104389476 -0.000777115257398 3.97291 3.96862 1.23820188611 -3.78110592622 -0.389920481406
-117.909 45.7087 -0.000512564030649 -0.000779678452174 0.000870344763847 0.00328634887628 3.80615 3.76339 1.60524208006 2.80880652244 0.101850205802
-117.228 45.9734 -0.00139348501353 -0.00187196965703 0.00713204068321 0.00224515518485 3.65659 3.75481 5.09159884619 7.31661753788 -0.0425778282426
-116.155 45.8883 0.00129019860455 -0.000520273768923 -0.0146465942649 -0.0097627346271 10.2726 18.1519 17.1357668007 10.1539322482 1.39098870838
-115.255 45.7565 0.00121948416802 0.000191480307264 0.00524855024815 -0.000699674027818 3.56679 3.60472 3.19290789197 5.87816871052 0.871564530272
-114.332 45.7893 0.00111797730224 0.000235646991357 -0.00217253777589 -0.0034898278343 4.27155 4.22544 6.29657253424 4.19043820744 0.817333188489
-113.37 45.8122 0.000347805704992 -0.00208505435302 0.00131542704316 -0.00140873607374 3.9759 3.90672 7.87689884833 20.8048323721 1.34902889184
-112.493 45.8409 0.00120284199154 -0.00380567718528 -0.00132210791534 -0.00169146789091 3.95023 4.00946 0.0327671732822 39.7007850088 3.26836091266
-111.626 45.7843 0.00198062349377 -0.00104148953794 0.00272766934086 0.00154086701465 3.50849 3.51874 -4.96100195571 22.2892778373 2.17025660933
-110.659 45.9054 0.00161449716003 0.000338183254929 -0.00056650975093 -0.00495274838958 4.44988 4.36964 1.11167491772 6.97431386784 1.12616296764
-109.716 45.9046 0.00018744525519 -0.00127791956907 -0.00167393962139 -0.00333272866077 4.29861 4.14374 -1.26035388225 12.2077405949 0.916445189091
-122.478 45.2059 0.000218824725153 -0.000630465604566 -0.000459553992432 -0.00370175648485 4.36069 4.36077 4.90337360443 6.22014862749 0.569958556111
-121.317 45.2422 0.00145688380882 -0.000643890199666 0.00109021322954 -0.00612023478863 4.17054 4.11931 4.41596617577 14.210174938 1.5361378579
-120.635 45.2357 0.000494714826978 -0.00178535481803 -0.000826129326747 -0.00523251969859 4.38697 4.22949 5.48522702949 17.2452942272 1.48178339691
-119.669 45.2664 -0.00125105439159 -0.0013034257067 -0.000294047755623 -0.00310727090828 4.09124 4.03333 2.02560464927 1.83556542093 -0.107779879412
-118.96 45.2904 -0.00154533488462 -6.29697833069e-05 0.000235705272883 -0.00139665260039 3.87893 3.94179 3.73887918435 -9.19714441665 -1.17553907809
-117.78 45.2781 0.00085132477848 -0.000324764257104 0.00328116252942 -0.00621208618773 3.9103 3.91569 10.2444365 7.31223250533 0.897355841779
-117.12 45.2925 0.000476061334807 -0.000539565926309 -0.00237256616522 -0.00140012157567 4.33898 4.25204 -1.23591759705 7.38185493984 0.714667290882
-116.268 45.3997 -0.00130714895414 -0.00274340202137 -0.00126440147481 0.00571662762661 3.97561 4.00587 -4.02789946315 10.9446132802 0.970163906277
-115.326 45.1285 -0.000874758640735 -0.00180261549919 0.000126167645098 0.000786589733399 3.43245 3.50581 -2.79378951368 7.7354355531 0.563660664605
-114.233 45.0931 0.00143865708277 0.000317277694606 0.00310049656424 0.0130104840898 3.24331 3.31625 -2.83446412236 7.46279331566 0.866747317935
-113.46 45.2432 0.00198940230673 -0.000879626034538 0.00127751901609 0.000355283530532 3.85884 3.84552 1.84335631656 19.7712249988 2.12393770115
-112.489 45.166 0.00111478994728 -0.00273701748181 -0.00603748418587 0.00100243870126 4.33621 4.24069 -10.823189177 27.9370423861 2.78570872142
-111.805 45.2285 -4.32204309736e-05 -0.0016205567267 0.00207589208263 -0.000217817788395 3.82626 3.83646 -4.33954348077 12.5614507452 1.03895931122
-110.74 45.3212 0.00139996161866 0.000521857971374 0.00255580218522 0.00483192026263 3.48105 3.486 -7.89504418343 6.41779463449 0.639283098669
-109.563 45.3171 0.000433961026095 0.00106625621049 -0.00510763130767 0.006791851475 3.97625 3.96269 -8.29001050593 -5.02654299223 -0.425458526702
-122.186 44.6837 0.000384770357417 0.000164762525946 0.00203824612171 -0.00322425202772 4.09063 4.072 4.53171351971 1.17854473436 0.190970817898
-120.335 44.7344 -0.000608708927959 -0.000180348924616 -0.00225427428067 -0.001872023011 4.22607 4.07963 -0.254633865582 -2.8560212065 -0.320696739741
-119.565 44.5913 -0.00219129142342 -0.000389496229436 -0.00159834219936 0.000696541661161 3.9654 3.90192 -2.9548988372 -12.9228931585 -1.26388486849
-118.67 44.5191 -0.0011906588257 -0.000105342431189 0.00303049123774 0.000218871433454 3.55453 3.63022 2.74241936015 -6.74835621827 -0.858998627693
-117.664 44.6653 0.000203803505166 -0.00026577800493 0.000744321088008 0.00303820531803 3.52758 3.60721 -4.75599732502 3.37398257153 0.332626495454
-116.747 44.589 0.00172915389336 0.000667524201731 -0.00119354640462 -0.00117927164322 4.06412 4.0676 -4.75809173511 7.73396872011 0.745414299168
-116.013 44.7035 5.89246825299e-06 -0.000753933831444 -0.000883226410142 8.91724314885e-05 4.05875 3.94849 -4.653971545 5.56591902274 0.533283980302
-114.255 44.5642 -0.00174267489632 -0.00145529332738 -0.0112323308471 -0.0163812934131 8.82644 13.5546 37.3390838362 14.664950597 -1.70683609058
-113.367 44.6165 0.00422413482901 -0.00228834288314 0.0106375100844 0.00150890531716 3.25581 3.31621 -3.0472271214 47.0201212984 4.68601206312
-112.644 44.6173 0.00119845901435 -0.00138203246295 -0.00841835105512 0.000641704498092 4.30518 4.07537 -14.1792337108 18.8363872725 1.82717675602
-111.248 44.7038 -0.000185946373476 -0.000739285123064 0.00122049322427 0.000870290284938 3.78381 3.74814 -6.97738911458 4.29694991401 0.376203188721
-120.211 43.9437 -2.76304055843e-06 0.000570052000785 -0.00254878688942 0.00811572438677 3.86179 3.87234 -10.1361589508 -3.44856326177 -0.456623970609
-119.504 44.082 -0.00139047725239 -0.00075118676377 -0.00250346762618 0.00318947003764 4.14032 4.13984 -6.92242210673 -5.64544555119 -0.338671196703
-118.569 43.9104 -0.00121273619559 -0.00274305993903 0.00234819454287 0.00225396647591 3.83016 3.8879 -6.60698993895 9.26517373221 1.24070437363
-117.741 43.9733 0.000112416083982 -0.00213029582734 -0.00154484923138 0.00283184968153 3.80211 3.91589 -7.04070784119 15.2394087176 1.66190998668
-116.803 44.086 0.000534879927259 -0.00119647000554 -0.00113675989903 0.00509366594603 3.23266 3.31256 -12.1306549153 11.7363516043 1.27536985992
-115.958 43.9121 0.00153404934808 -0.000378589548054 0.00329128895859 -0.00163620047042 3.62306 3.6424 1.48069496586 12.7873511231 1.43715186344
-115.133 43.7945 0.00155507978992 -0.00186853882084 -0.000671075794536 -0.000353054151292 3.88609 3.85575 2.46175691828 24.9429526224 2.36535708746
-114.117 43.9146 0.000873388596432 -0.00456853749492 -0.00122778229622 0.00533257905527 3.70211 3.71969 -4.80569795316 40.516175959 3.7769195777
-113.452 43.9286 0.00176014380979 -0.00353675797842 0.00309067189745 -2.95078487734e-05 3.5198 3.52904 -4.90903078846 39.3138711626 3.70248724868
-112.485 43.9997 0.00044856832025 -0.00102934565847 -0.00346329364418 -0.000196230228343 3.80327 3.76141 -12.4289310206 10.5089849071 1.07688604633
-111.487 43.8756 -0.00165645757098 0.000218347033697 -0.000796518586078 -0.00135962300708 4.05523 3.94803 -5.41115401566 -13.4211390491 -1.37149933446
-110.576 43.92 -0.00235426025815 0.00275275949703 0.00251772950885 -0.00102473666758 3.66033 3.79606 -3.66131153974 -38.2905235362 -3.57277573303
-109.817 43.7013 0.00143679303733 -0.00193060590169 -0.0131581194956 -0.0149230968826 6.14355 6.70546 13.7743380401 24.7034258075 2.05699666925
-120.153 43.2515 -0.00173776292571 -0.000770610694911 -0.00209699063979 -0.0136307958568 5.44588 5.46973 14.4505684938 -1.44867362218 -1.16426633053
-119.311 43.3736 0.000705295667563 0.000601524445452 0.00328873972188 -0.00512928181621 4.02459 3.97296 2.50147525112 -0.124620948554 0.158602635549
-118.474 43.358 1.95311216823e-05 -0.00177060824304 0.000156424192716 -0.00356115907717 4.26695 4.06509 1.8200704722 13.7790218467 1.14831671785
-117.754 43.3471 -0.000681108984865 -0.00200943701803 -0.00424458882684 -0.00253999805873 4.55402 4.48979 -3.69301945653 9.52765481601 0.933288891205
-116.767 43.4275 0.0001232682375 -0.00203526817634 0.000201226691124 -0.00107009018254 3.8212 3.87763 1.58808357395 16.8622651901 1.37321468661
-115.828 43.4151 0.00164224134264 -0.000263378499985 0.00149083984724 0.0139463448055 3.17933 3.19692 -2.01883976678 13.1803153024 1.39909841678
-115.098 43.25 0.00253657807919 -0.000744643832943 0.00466827200374 -0.000670141482691 3.83778 3.83196 3.03640149266 21.5185368442 2.48505087151
-114.174 43.3979 0.00194590858722 -0.00203844571914 -6.96255599218e-05 -0.0031973312567 4.15054 4.04434 -1.434796624 28.9887654768 2.80178527145
-113.518 43.3234 0.000374756310494 -0.00196571809105 -0.00203676529856 0.00147844060326 4.10121 3.92111 -8.8433678552 16.6711150865 1.69571493468
-112.433 43.3998 -0.00113997600842 -0.00204586765586 -0.000758007819434 0.00199136222008 3.71672 3.60844 -11.8494032381 4.84296006543 0.812398921002
-111.612 43.2741 -0.00420607080581 0.000888613560164 0.00146982804203 0.000214514136604 3.71827 3.77102 -6.0297794731 -36.8411414549 -3.67933726229
-110.712 43.3629 -0.00279667894421 -0.000256742283124 0.00180489673109 0.000703503314308 3.68204 3.96846 -3.60976823198 -16.8784031315 -1.97519843398
-110.02 43.2112 0.00148350560188 -0.00234880917298 0.00298280295407 0.00757403939184 3.55084 3.71531 -6.57779186429 28.8663979414 2.68175277686
-119.247 42.6912 0.00117981456895 0.00160887682326 0.00421745343929 0.0124038103684 3.17472 3.2113 -6.59979643321 -1.73017990178 -0.431432948054
-118.486 42.7308 0.00202844525271 0.000256924109757 -0.000415504215143 7.76253059895e-05 4.12127 4.02779 -2.10683990693 12.1533896569 1.28808500835
-117.725 42.6996 0.000191481556628 -0.0010363254264 -0.00336945211843 -0.0013790042154 4.34428 4.20914 -6.09719470018 8.47407721557 0.890563996567
-116.87 42.7779 -0.00113629396404 -0.00176194920352 0.00826542629994 -0.00379003895442 3.86117 3.92116 6.40291458418 8.28453011111 0.0481078254026
-116.032 42.7713 0.00117610061596 -0.00025915104537 -0.0141522365561 -0.0228410294747 11.9058 21.2547 50.4345144153 0.419328218004 1.10951139525
-114.903 42.636 0.00252257221134 0.00010282676225 0.00762474885942 0.00142367805486 3.36341 3.40286 0.309936621054 15.3576913515 1.89807840254
-114.084 42.6493 0.00227966194369 -0.00108789552608 -0.0033445720473 0.0013925966858 4.19029 4.11407 -11.8794737466 25.1541908507 2.28823204933
-113.176 42.5452 -0.000574435840345 0.00147068602524 -0.00845414437282 -0.00712780861675 4.88674 4.66219 0.214347500809 -15.6056839838 -1.3564542503
-112.531 42.6852 -0.0007791100679 -0.000590412809624 -0.00196904967628 0.00144983458782 4.07701 3.968 -7.27959290402 -1.37399201433 -0.134264127567
-111.588 42.8321 -0.00403546443163 -0.000977857496649 0.00211110809708 0.00183289262748 3.76089 3.84843 -2.73387574072 -19.1033944266 -2.47526667129
-110.92 42.7507 -0.000681406419817 -0.00303440921861 0.00137557572104 -0.00131294436215 4.0016 4.18216 4.2513450653 23.0171517181 1.04919016094
-110.042 42.6372 -0.000669456593572 -0.00220351922027 -0.000171550571661 -0.00113091084007 4.20904 4.23607 -0.841543385961 14.3095586902 0.788006016388
-108.847 42.8247 0.000735452759718 -8.07651601088e-05 -0.00472804807766 -0.00558227535681 5.51681 5.37413 0.80335388063 5.12665486737 0.651933327712
-108.342 42.6579 -0.000999036488969 -9.60286992189e-05 -0.00905258131138 -0.0088712612895 5.67452 5.72228 2.86169651239 -4.78551518123 -0.795048502125
-119.34 42.0187 -0.00186611748499 -0.00123468339198 -0.0269928640343 -0.0247709433313 13.73 -nan 26.5980938934 6.79459780079 -1.46537595558
-118.344 42.1901 0.00251442345358 2.23143494689e-06 0.00779613684144 0.00275499916468 3.38439 3.42723 -4.26148961457 17.9323030566 1.75173095857
-117.667 42.0192 0.00115028446359 -0.000403023251444 0.00173703639696 0.00238076036568 3.71597 3.6622 -5.81674868534 11.138395645 1.08035226509
-116.471 42.0773 0.000459272008798 -0.0018552005015 -0.00421908069737 0.00585148325701 4.06711 4.06914 -6.44387226569 16.170772355 1.66545045665
-115.754 42.1669 -0.000275163786282 -0.00289039036477 -0.000907938107586 0.00756251607965 3.6062 3.70941 -4.82557048921 18.86107607 1.83453788034
-115.016 42.146 0.00178794564365 -0.00220934027798 0.00317025170953 0.00115456805715 3.3213 3.49296 -2.39834055041 28.8576102547 2.80475973095
-113.944 42.0886 0.00178683311033 -0.000615080752887 -1.74560119558e-06 -4.84728452667e-05 3.98024 3.91163 -5.81903926762 17.2896868985 1.70653927888
-113.24 42.0343 -8.78997117542e-05 -0.000501075104875 -0.00185223252367 0.00242495984122 4.26649 4.20363 -6.75413711058 3.00773509599 0.291505573304
-112.386 42.0041 -0.00162764305256 0.000583098305188 -0.00155954494549 -0.00138427605842 4.34492 4.30752 0.0750032726666 -15.012941096 -1.64598702708
-111.432 42.0149 -0.00211949979954 -0.00133701850265 0.00345378432284 -0.00101662606978 3.58116 3.69889 7.53655312962 1.2668338621 -1.18805540407
-110.873 42.0995 -6.36153289557e-06 -0.00124074155333 0.00212035413502 -0.00100233046999 3.88497 3.82649 4.55737639596 10.9328026899 0.653435410319
-110.036 41.9243 0.000165503423308 -0.00147235511402 -0.00438457721332 -0.00237748252038 4.81567 4.64703 -0.226829811562 13.4533393208 1.00568011967
-109.357 42.1012 -0.00113214116729 -0.00168998562132 -0.000248091782603 0.00057866995949 4.21783 4.24499 1.08488868708 7.88783129394 0.0270706559297
-108.34 42.0073 -9.85894771904e-05 -0.00227639665005 0.00650959477273 0.00250966618764 3.41988 3.45418 6.63385211014 20.7216672459 0.995919017629
-107.369 41.9641 0.000309207084163 0.00528772307299 -0.0078974636261 -0.0206855849163 5.42578 5.75848 15.7724454898 -52.3491958229 -1.39846599582
-106.434 42.031 -0.000393330063553 0.000649979295701 0.00181578498194 -0.00539441448844 4.16997 4.17832 4.79729330176 -8.1446624471 -0.659418440097
-119.171 41.3884 -0.000298248254181 -0.00214539821307 -0.00450352874614 0.00861667539862 3.73413 3.76495 -8.30255856241 11.2119575742 1.4622656132
-118.379 41.4483 0.000548134744617 -0.0018036825434 0.000142016256138 0.00111174022648 3.54338 3.58451 -4.90289233561 16.2393934905 1.68485838934
-117.45 41.423 0.00128830046529 -0.000504181658074 0.00204562745641 0.00132173258153 3.61282 3.62036 0.00615095576798 12.1969200207 1.30373056804
-116.54 41.522 0.00144576744782 -0.000509601494616 -6.7969258257e-05 -0.00112522633059 3.91154 3.85818 0.0841041875979 13.2600825808 1.43283755164
-115.791 41.4311 0.00110421087626 -0.00124050631439 -0.00272932539617 -0.0031855375102 4.36326 4.24432 -0.402798585804 16.7098111397 1.64422034386
-114.915 41.4157 0.000297363108924 -0.001492538677 0.0016831885831 0.000113595348717 3.78289 3.75028 -0.599070228238 13.5236227432 1.18479965678
-114.165 41.3602 0.000540322156588 -0.000103256678975 0.00133388979853 -4.84225515286e-05 3.77983 3.752 -0.828077062548 4.30971009131 0.48214330507
-113.347 41.503 0.000312225879511 0.000693293298 -0.0016438301138 -0.00122136355181 4.1814 4.0677 -1.99258513628 -3.35086395798 -0.209443094536
-112.448 41.4632 -0.00112791157835 0.000651429064095 -0.000438717039503 -0.00289693871504 4.39843 4.32295 4.89970641069 -11.9120595165 -1.30100855314
-111.63 41.3146 -0.00108140391101 -0.00128976542651 -0.000315558035018 -0.00269916939758 4.25135 4.31822 5.77881029136 5.56048212647 -0.251947887601
-110.666 41.4729 0.000190960073761 -0.0012585194224 0.00156730826735 0.00216214555505 3.6604 3.74472 -0.618994833825 11.6366301969 0.912230664766
-110.067 41.4272 0.000295445220501 -0.000321497812927 -0.000945950590282 0.0018080274575 4.11373 4.07207 -2.16516535461 4.54663210925 0.431140357005
-109.157 41.5047 -0.000773664430245 -0.000559464096441 -0.000497746142277 -0.0029488822616 4.44573 4.3295 4.87968315137 0.904560287909 -0.379617130809
-108.187 41.4906 -0.000927573376495 -0.00150262397804 -0.00112194063159 0.000469523671952 4.05019 4.04531 3.6313147894 8.46819655008 -0.0106158511622
-107.364 41.6067 -0.000256776933899 0.00303047910412 0.00015915227694 0.0136396761335 2.86204 2.97065 -10.9847447816 -24.5659869827 -2.33939150219
-106.596 41.4033 0.000377767611494 0.00138676710029 0.00937600042066 -0.000147307676904 3.51793 3.64285 5.5670045134 -11.101626866 -0.328009908851
-118.971 40.7797 0.000596257601679 -0.0013820198628 -0.00359828980405 -0.00526741010768 4.45609 4.4023 0.0650374222805 14.0081113969 1.36632940936
-118.134 40.7811 1.54539812885e-05 -0.00112548645521 -0.00015100408535 -0.00136094964342 4.00013 3.98899 0.70345125529 8.52385337169 0.745151702909
-116.508 40.7186 0.000986443277772 0.000285167508439 0.00322003820472 -0.000482786731538 3.61382 3.65933 1.27359253283 3.98315359251 0.586760356807
-115.736 40.8167 0.00144251935846 -0.000229026452076 -0.0018599868341 -0.000973292022021 4.14898 4.1173 -2.6183205759 11.4487303347 1.21945429429
-115.039 40.8522 0.000329682920419 -0.000530867733405 -0.000352102077074 -0.00198402969022 4.10581 4.00259 -1.39892467406 6.21858516319 0.596262234515
-114.204 40.8556 -0.000331848298512 -0.000188572891998 1.12042193011e-06 0.00024286468751 3.76854 3.75214 -2.89715034495 -0.809993104897 -0.122306318892
-113.187 40.8513 -0.000695193880728 0.000673075510672 4.8358996201e-05 0.00121457444938 3.75402 3.77578 -0.329610662976 -9.78129768222 -0.963036834705
-112.52 40.8903 8.44298131192e-05 0.000983592477165 0.00153717341426 0.00144005343181 3.7506 3.85573 1.02446492498 -7.55933566802 -0.520177599945
-111.437 40.8869 -0.00044736006347 -0.00150780386425 -0.0011852993289 0.000826277905189 4.1496 4.07617 -1.02113145775 9.39919941981 0.577384518066
-110.834 40.9425 -0.00112687324911 -0.00208669476263 -0.00126328754362 0.000561451916364 4.05844 4.09253 -3.60012649331 8.95088016715 0.488607431515
-109.673 40.9763 -0.000751820033844 -0.000248722150272 0.00173895147075 0.00188146118662 3.7033 3.72959 -1.3766848314 -2.69178290543 -0.447231107564
-109.177 40.8936 2.87363068677e-05 8.98207473075e-06 0.00202009180524 0.00179685824897 3.75224 3.86894 -0.39111889941 0.10084210666 0.0179605675118
-108.263 40.8338 4.69750908115e-07 -0.00102147720304 -0.00353661368472 0.000123098762454 4.29794 4.29616 -1.34788136441 8.65632062228 0.606741073015
-107.52 40.76 -0.00100489518565 -0.00197617078214 -0.00143659122541 -0.00201618540778 3.96848 4.01694 0.461390143199 11.3263294674 0.277862693121
-106.454 40.8023 -0.000195037105887 -0.00097713137164 0.00798974769007 0.00592742285306 3.25405 3.27353 -2.46573980147 7.1400712986 0.423300817613
-118.877 40.1614 1.74476228094e-05 -0.00029788367985 -0.00133014636673 0.00163815113847 4.04788 4.02492 -1.05980929782 2.24895947877 0.215584890706
-116.5 40.2917 0.0010463933784 -0.000706335662496 0.00339709050024 0.00109327267043 3.48781 3.56766 -0.689744353161 12.1184882164 1.25317248518
-115.657 40.1313 0.00115404073659 -0.000216351879015 -0.0010910871664 0.0010674878469 3.84212 3.86555 -4.59273762851 9.59457813955 0.976624310277
-114.745 40.2679 0.000157994583392 -0.000128656649121 -0.00157007633464 0.000646801316956 4.01255 3.97351 -4.59625187396 2.03219234787 0.203096134289
-113.981 40.1314 -0.000342831224858 -0.000138598514193 -0.000363633350581 0.00125528758251 3.74952 3.75336 -2.52475457748 -1.22626523306 -0.166682403377
-112.469 40.2807 0.000577666140034 -0.000823652515702 0.0021151234074 -0.000101077316036 3.73601 3.76527 2.16904360655 10.264563682 0.948835384343
-111.502 40.2067 0.000821483108685 -0.00102621114842 -0.000411282924241 -0.000556088747906 4.20882 4.13983 0.149115452925 13.4858213633 1.27341549312
-110.738 40.1948 -0.000992537059461 -0.00126820507552 -0.00335259261804 -9.38914162233e-05 4.47083 4.34992 -4.57890575588 3.09627497116 0.088831636304
-110.008 40.2655 -0.00203155677778 -0.00122647008976 0.000353184164492 0.00108473300776 3.95321 3.9777 -1.23304734416 -2.69578715601 -0.868621400323
-109.124 40.2982 -0.000207296936454 -0.000912199484894 0.00287288803252 0.00110363999171 3.52932 3.5743 1.88028865722 6.71174823756 0.334394879761
-108.242 40.1348 0.000755734103793 -0.000666442581844 -0.001576066367 0.000266862669523 4.15186 4.13735 -0.489936109829 10.2925552225 1.00241802085
-107.47 40.2149 -0.00021487170656 -0.00151123438595 -0.00315435971949 0.000554529453042 4.275 4.1545 1.70066116124 12.1424665364 0.641017699666
-116.464 39.6202 0.000501357985466 -0.00154228725267 0.00215183747782 -0.000383653117662 3.74268 3.75566 0.250028659089 14.8734486425 1.3755751424
-115.754 39.553 0.000882542096868 -0.000700565997607 -0.00053570554899 0.00115577613178 3.73322 3.74566 -4.80309996049 11.1110186976 1.12028464023
-114.908 39.4731 0.000193538967404 -7.38444836589e-05 -0.000908101375383 0.000695833197282 3.85574 3.8399 -4.34261405778 1.86657088115 0.191073630986
-114.016 39.455 5.40952008568e-05 -0.000296409235489 -0.00024714543306 -0.0004333583609 3.8261 3.82147 1.04533118783 2.68866521077 0.223893651879
-113.069 39.5906 -6.17564106111e-08 -0.000628925354866 0.00108651773686 -0.00080568217039 3.69655 3.71883 3.61423007508 5.24368935704 0.356056647902
-112.279 39.5708 0.00102472435332 -0.000695651025598 0.00199225864557 0.000442162290376 3.62492 3.63084 2.15984728538 11.8053146886 1.23823656839
-111.66 39.6092 0.000924635635909 -0.000165272968793 -0.00126785145534 0.000387309946714 4.11676 4.04619 -2.79374861817 7.36472490446 0.814426979048
-110.74 39.473 -0.000394998709675 0.000275148709861 -0.000920060735838 -0.00118544826468 4.36966 4.2086 -0.509308296495 -4.7012767597 -0.480994428923
-110.246 39.6279 -0.00140873689673 -0.000433590701453 -0.00115341006915 -0.002466042774 4.36582 4.21149 2.88181317621 -4.28069871599 -0.936083058439
-108.981 39.6333 -0.000439926015994 -0.000731683659516 0.00246715619001 -0.000504211861599 3.75938 3.80479 4.24558277569 4.12101628244 0.00466331076387
-108.391 39.4998 0.000802375572824 -0.000132309681257 -0.000220323195001 -0.000853854838149 4.02037 3.9856 2.89074224713 5.64357679177 0.748727815986
-107.449 39.524 0.000123356036051 -0.000208102793069 -0.000646031376687 -0.00354489165518 4.26875 4.20147 7.3884810838 2.53584394092 0.204989759877
-117.182 38.834 0.00126939410905 -0.000737560174674 0.0019690524269 -0.00157118557247 3.92087 3.94222 0.457225384915 13.537723088 1.44540810708
-116.4 38.8247 0.00103894356956 -0.000885531493638 -0.00228460565141 -0.000119699821751 4.17512 4.07378 -3.81023837405 13.3686823121 1.36247274586
-115.654 38.8455 -0.000146111218825 -0.000863530781017 0.000140135767611 -0.000146800264664 3.93666 3.85113 -1.52686273937 5.46744934856 0.459602475735
-114.83 39.04 -8.7988296865e-05 -0.000157693232097 -9.36444449012e-05 -0.000714073381996 3.85023 3.85926 0.741252288813 0.684448916504 0.029211899585
-114.02 38.9551 0.000139253203576 -0.000110348120955 0.000335066238847 -0.00133565139122 3.87173 3.87871 3.89890596532 1.70218809879 0.177325234755
-112.379 38.9995 0.000167500548312 -0.000931223614403 0.00119278655275 -0.000144681597039 3.77687 3.76848 1.03904216625 8.57563341093 0.690142609958
-111.172 38.9176 -0.000222634898155 0.000123739169696 -0.000878658070338 0.00141361682363 3.90794 3.86936 -3.82147916719 -2.43874132479 -0.249424715919
-110.133 39.1025 -0.000906082730996 0.000477265798933 -0.000979325653581 0.000293228659934 4.15321 4.10086 0.306851732971 -9.44809195501 -1.01358874142
-109.263 38.9553 -0.000795991321437 -0.000281669330558 0.000278523387331 -0.00052694577868 3.8901 3.92472 2.73984771134 -2.04485581957 -0.513731983634
-108.296 38.9541 0.000434959147371 0.000311558389232 0.00103902588086 0.00184812320823 3.72466 3.73979 1.73746784668 -0.209448495779 0.191116124245
-107.574 38.8347 0.000491365822628 0.000897560327325 0.00237581610051 0.00130014808095 3.80225 3.8094 2.83750033321 -5.24322299576 -0.0577469467518
-106.91 38.8627 -5.76023733388e-05 0.000309726675563 -0.00450948196669 -0.00180504211752 4.4921 4.49371 1.32625712241 -3.05508007231 -0.217196850654
-118.106 38.3489 0.000511704701533 -0.000137126012411 0.00158148070545 0.000557558512221 3.85931 3.86156 0.690666119153 4.23620657058 0.477783404089
-117.072 38.2397 0.00106493844575 -0.000637976525087 0.00123184130239 0.00118507579149 3.8015 3.79744 -2.38399536916 11.6333817523 1.21393657318
-116.302 38.2886 0.00110508706363 -0.00032442569087 -0.00238630097809 -0.00113608764491 4.25259 4.15939 -2.17596736114 9.64786366892 1.03564683001
-115.585 38.3489 -0.000160952119989 -0.000125784525848 0.000389089001128 0.000284375663089 3.92333 3.84353 0.317210926751 -0.0475932172336 -0.0446667741912
-114.608 38.3281 -0.000593296408187 -0.000423830878293 0.000301733100102 0.000768730957188 3.75349 3.75135 1.34164502842 -0.275585066827 -0.209961434681
-113.969 38.1802 0.000475204230538 6.10052971337e-05 0.000925214251107 0.000617931348645 3.69442 3.7191 2.74264219047 2.28426787839 0.349029623735
-113.021 38.2987 0.000868297285372 -0.000131959536147 0.000984233089694 -0.000651174294662 3.84707 3.84369 2.16842741914 6.18073411214 0.780646095334
-112.277 38.2108 0.000150448657665 -0.000113984478672 -0.00155245123399 -0.000558342635525 4.14449 4.06841 -1.75699796414 1.84959973688 0.188608604215
-111.483 38.2843 -0.0010274362048 4.10192034609e-05 -0.000708364892658 0.000360616814912 4.02078 3.96585 -2.66642581239 -6.9866689896 -0.815559797987
-110.711 38.4187 -0.00124360669046 0.000353650505831 0.000474633216013 0.000531494885501 3.8892 3.88789 0.139383356244 -10.4485498897 -1.20980556662
-109.894 38.3862 -0.000512630748687 0.000203308378167 0.000495530342246 -0.000779632761162 3.99761 4.01944 2.45054337131 -4.65279096539 -0.539236493276
-109.261 38.2916 -0.000331301388046 -0.000132318032563 -0.00163731379729 0.000321259889886 4.08215 4.08812 0.980100059839 -0.829163306201 -0.196423559096
-108.379 38.1888 -0.000223220238692 9.21878153135e-05 -6.53353565472e-05 -0.000759327905819 3.88556 3.91543 3.23999303556 -2.03442889741 -0.23812483044
-107.55 38.3685 0.000307733044693 0.000420719890263 0.00221475305369 0.00141534077389 3.63247 3.66583 2.17640854272 -1.96523642079 0.0325280861423
-106.756 38.2289 0.000195157023763 -4.44515917115e-05 0.000891543680016 -0.000243693395318 3.93024 3.94003 1.65657074753 1.49453829375 0.188279921469
-117.225 37.7243 0.00087088547654 -2.82048870831e-05 -0.000646268848587 0.00101563698189 3.91171 3.88866 -2.44901519732 5.97969209002 0.654687777474
-116.595 37.923 0.000680790950812 3.46261636742e-06 -0.000492943413078 0.00224459358009 3.88561 3.84642 -3.28380543006 4.5574166663 0.490713972049
-115.747 37.6444 0.00018156633308 0.000295404013012 -0.000742225122898 0.000197352309269 3.98676 3.94858 -0.7210093163 -1.04645916244 -0.0536958127132
-114.849 37.6083 -0.000365296256835 -0.000308309041526 0.000523781283422 -0.00015545889604 3.88231 3.8799 3.34295156504 0.353562311814 -0.115436656871
-113.86 37.5808 -8.32194731841e-05 -0.000521942508687 0.000925492714046 0.000380988383349 3.70632 3.76643 2.58439032211 3.70427191085 0.23954316352
-113.168 37.7601 0.000832904564968 -0.000217073639578 -1.85362671893e-05 0.000432772980714 3.84248 3.87571 -0.697244207829 6.90561564351 0.784712632954
-112.363 37.6761 -5.03307137403e-05 0.000487610247836 -0.00026238878143 0.00168531148355 3.84904 3.79681 -3.50969755489 -4.01457729543 -0.358987469521
-111.596 37.7222 -0.000583733276194 0.000294433133187 -0.000414119744872 -0.000266175643288 4.06362 4.02517 0.0951825408353 -5.9238353839 -0.643140095225
-110.802 37.6354 -0.000791054450516 -0.000309054899406 -2.14662230901e-07 -0.0011022874821 3.90364 3.93768 0.458999805866 -2.22043761809 -0.45481896753
-109.995 37.6903 -0.000480445262682 -0.000187137396568 0.000725380947592 0.000806629442815 3.7996 3.82931 0.68463081439 -1.29839069156 -0.281929187623
-109.137 37.7459 -0.000324780232355 0.000292246985599 -0.00112309394951 -0.00184416595141 4.13124 4.15227 4.62494390114 -4.29203410756 -0.429082777019
-107.792 37.662 1.42754193854e-05 -0.000193575594167 0.00191410034577 -0.00335944200517 3.92924 3.94617 4.83172946731 1.80850007875 0.109504131427
-115.22 37.2408 0.000117154347511 0.000576456904745 0.000574879964071 -0.00171025079991 3.98156 3.92676 4.39899126629 -3.96961345586 -0.234929117605
-114.715 36.7256 0.000514016746868 0.000553825014734 -0.000762368765492 -0.00099332243027 4.02109 3.99553 4.48300818101 -1.60553098493 0.108371943867
-113.907 37.0195 5.68648883651e-05 -0.000616282995267 0.000768079658312 0.00034503459072 3.86849 3.86574 1.98881315419 5.2225375862 0.413305968594
-113.084 37.0615 0.000237817566247 -0.000475104278635 -0.00110544380211 0.000848800586323 3.94447 3.95626 -2.4552109897 5.12564797419 0.489646517425
-112.382 37.0183 -0.000194349621645 1.49005705952e-05 0.00134369977528 -0.000824507224567 3.94358 3.94021 1.52938666363 -1.26558800994 -0.165701601987
-111.506 36.9839 -0.000309036944482 -0.00029170679667 -0.000384169978218 -0.000714376435697 4.14242 4.139 0.723090161037 0.513328930883 -0.0753243925611
-110.804 36.9969 -0.000851645251467 -0.00154889135685 -0.00198157519554 0.00289594116786 3.89506 3.89237 -4.11124000629 6.20370439477 0.369173740284
-109.874 37.1364 -0.00101973699255 -0.000360372584989 0.00146142367743 0.00166262025106 3.59322 3.61216 1.90203491105 -2.81663062743 -0.639415531842
-109.025 36.8299 -0.0005467266586 -7.4728716389e-05 0.00370318071579 0.0011105067528 3.46873 3.5306 4.67020110182 -2.22545803316 -0.429932037101
-116.33 36.4193 5.79095495256e-05 0.00052515930931 0.00162589118912 0.00152055822048 3.72727 3.73155 0.902164841179 -3.58315707654 -0.286914230153
-115.383 36.423 0.000729156509732 0.00155432248969 0.0037003251962 0.000500139385346 3.45769 3.4721 4.19838972394 -8.24819617724 -0.303221039916
-114.539 36.4321 0.00136489178939 0.000954917673797 -0.00120965985639 -0.00172694629278 4.11862 4.09863 2.19558409581 0.516482892795 0.521130498226
-113.965 36.4151 0.000754413465589 -0.00014482226064 -0.00158322172223 -0.0010474503587 4.3174 4.15993 1.00071309096 5.65913379466 0.685851548619
-113.18 36.4182 -0.000374440233349 -0.000405354776213 0.000491449734056 0.000148149862798 3.9359 3.88818 1.34377415853 0.989896348241 -0.0568056226594
-112.291 36.428 -0.000201645835183 0.000428380108822 0.00145019490251 -6.9069799922e-05 3.85862 3.87754 2.83558621335 -4.64730532363 -0.410052974562
-111.13 36.1428 -5.4977544976e-06 5.42342536789e-05 -0.00127159512797 -0.00108788649038 4.19967 4.18793 3.15547328824 -0.482204016876 -0.0347311465067
-110.662 36.5996 -0.000718717246306 -0.000705255140383 -0.00261738640133 -0.00344879904428 4.4723 4.38339 4.64051001768 2.18544632959 -0.235308787939
-109.87 36.4199 -0.00168097313082 -0.000602089195421 0.00011737639934 -0.000686385940166 3.96284 4.03306 4.94225136456 -3.6230228474 -1.12440330824
-109.208 36.2925 -0.00067644076933 -0.000993408718279 0.000326200505747 0.00123553275001 3.58132 3.65067 3.10249120855 4.77987394192 -0.0321017477196
-108.52 36.3758 0.000430261877917 -0.000631738542707 0.00308741859037 0.000912659102077 3.68058 3.69511 5.68994782888 7.78970067222 0.686950378876
-115.43 35.8384 0.000117469602776 0.00082141552752 0.00454631239049 0.00224915178035 3.44349 3.50984 2.92533469487 -5.71453897425 -0.395246466074
-114.851 35.7266 0.00129580476471 0.00166117272212 0.00334575936598 0.000714904893634 3.50215 3.60805 5.31859261486 -6.40250665063 0.151391977086
-113.984 35.8522 0.00174845068737 0.000954597704246 -0.00298079224463 -0.00101519254327 4.25483 4.24575 -0.281445162367 3.48369966693 0.760707139191
-113.105 35.6339 0.000225523933331 -8.77020052324e-05 -0.00188192940946 -0.00115280391845 4.29836 4.17077 2.20464744638 2.00087460561 0.23410836366
-112.173 35.8191 -0.000519212327944 -0.000957554643017 0.0020932654708 0.00137142668978 3.72406 3.71103 1.5191622735 4.65181299338 0.143498003331
-110.794 35.6218 -0.000234098512484 0.000460606765249 0.000196679160865 0.00108770844642 3.87329 3.86839 1.70726867788 -5.1194692577 -0.456132354341
-109.933 35.7113 -0.00086373807237 -0.000789725928675 -0.00162141293767 -0.000757660004273 4.17348 4.17952 5.24925282243 2.33816291751 -0.33359490212
-109.046 35.7147 -0.000206151942918 -0.000994672940612 0.00126973706008 -0.000913146888207 3.73748 3.78129 6.66617800735 7.80079886317 0.303188790227
-108.466 35.7992 0.00109734825601 -0.000600364421004 0.000651309643703 -0.00121783935256 3.78802 3.86242 4.66847529721 10.9739061688 1.25003774736
-107.638 35.8054 0.000659099748384 -0.00016400131592 -0.000398740432181 0.00037941675731 3.9726 3.99521 0.265235409627 5.22677023394 0.63534752325
-114.87 35.301 0.000718398830629 -0.000253042984245 0.00364316088925 0.0014920392733 3.56667 3.65165 2.17649067833 6.14853831653 0.726130266215
-113.885 35.099 0.00143149876644 0.000712627197118 0.0008543258824 0.00125804602007 3.68862 3.67893 0.0571328800676 3.25036121191 0.676735684076
-113.083 35.2127 0.001093709971 0.00162279676394 -0.00165805089665 0.000201012101244 4.22363 4.0518 1.41675725491 -6.36606169926 -0.0917624330461
-112.267 35.1787 -0.000249894671837 -0.000501015576114 0.000161817591175 -0.00101529992425 4.1187 4.03914 2.64178385391 2.6398124176 0.0822941474987
-111.532 35.0951 -0.00080413909589 3.13126854961e-05 -0.00043701481896 0.00164843355647 3.95331 3.93746 1.81561591965 -4.86931817075 -0.673934604488
-110.713 35.0789 -9.301247565e-05 -0.000289370219745 0.00109821141962 0.00105705383287 3.76899 3.7855 3.39319693981 1.90342943792 0.081170233906
-109.736 35.1181 -0.00106557957577 -0.000616866570521 -0.00082376525636 -0.000400919100472 4.09152 3.82168 3.9374589492 -0.461508687757 -0.572905239409
-109.388 35.1118 -0.00262018596772 -0.00126762010309 0.000486190311631 -1.99408511608e-05 3.92193 3.99404 5.80287962249 -2.2110523489 -1.62944404479
-108.5 35.1259 0.000398626117108 -0.00178081198607 7.98839805746e-05 0.00231132474365 3.68513 3.8187 -0.661986136305 16.9787758679 1.37139655397
-107.648 35.117 0.00157018919482 -0.000575113176158 -0.000317276668967 0.000204252758566 3.89906 3.96204 0.160503563795 13.9680499476 1.61756603792
-106.867 35.0719 0.000554834595673 -0.000126397964598 0.00121766475598 0.00037900192484 3.94225 3.92729 1.0312187317 4.22459671182 0.532433181145
-113.83 34.5935 0.000730661473886 0.000170071791655 0.00104440200289 -1.83501667126e-05 3.72334 3.75677 0.95020931892 3.01796058159 0.475595103714
-112.891 34.4692 0.001088104253 0.00150224897535 0.000805018928634 -0.000305543006815 3.90224 3.86104 3.73279575062 -6.16393317841 0.0550039815493
-112.237 34.4866 0.00011863251007 0.000909734324425 -0.00111828578362 -8.7357704538e-05 4.17227 4.0987 3.49169351726 -6.75156879158 -0.411501537953
-111.441 34.4178 0.000271243895405 0.000887761533479 -0.000375700411085 -0.00110524140345 4.0884 4.05304 4.36920619857 -5.92843208666 -0.252017264363
-110.806 34.3371 0.000130649955331 0.000417346348824 0.000694736531871 -0.00182855320078 3.94549 3.94562 5.99064628715 -2.89556611813 -0.101159500203
-109.95 34.5293 0.000709031228891 0.000240805344498 0.00164022748357 -0.000967313660949 3.72356 3.7238 5.83770658091 1.51403616696 0.489433473532
-109.29 34.4275 0.000901354181948 -0.000708127115842 -0.00169526285354 -0.00160078210154 4.26465 4.15863 3.64210001924 10.8423123167 1.14016701118
-108.498 34.5421 0.000143413331779 -0.00141163599471 -0.000893922909866 -0.000853270046938 4.05742 3.99427 1.45817301544 12.639955919 0.908078305925
-107.786 34.4457 0.000131276484851 -0.00112918665786 0.00168571063313 0.000488623001243 3.73078 3.70391 2.33372930776 10.3672031134 0.720813782744
-107.01 34.5058 0.000193336361913 0.000193874600516 0.00127867701168 -0.00275380139078 3.98757 3.98326 3.87206376705 -0.692153886255 0.067009528282
-114.524 33.7503 8.19873284559e-05 -0.000142151829692 0.000896773758054 -0.000132399071144 3.80716 3.79885 0.390014140708 1.55978925803 0.152640814899
-113.829 33.8142 -0.00034390044156 9.18740764164e-05 0.000450271138561 8.89986190656e-05 3.68124 3.65696 2.50784946389 -2.67091468422 -0.332301207374
-113.005 33.9383 0.000678516212625 0.00156833783758 0.00077681394031 -0.000368021380548 3.71608 3.69845 3.59918193262 -8.86502297541 -0.326200916341
-112.333 33.9535 0.000705194019389 0.00156803478574 -0.000269908037823 -0.0010925116395 4.11238 4.05809 4.60793620581 -9.10771778392 -0.262737652662
-111.478 33.8798 8.33888644235e-05 0.00081406521257 -0.00138140579015 4.32641660487e-05 4.04545 4.12884 2.68392587749 -6.14375493366 -0.391592281235
-110.844 33.6953 0.000996758906229 0.000395561938085 0.00244736726911 0.00024606186783 3.7561 3.78367 3.80523461996 2.07705815429 0.621204198677
-109.254 33.9571 0.000736857301282 0.000672527394924 -0.000938587053557 0.00028682241384 4.01446 3.92209 -0.611130613294 -1.02720365479 0.192564303484
-108.377 33.9085 0.000233818056368 0.000134290239634 -0.00164382511777 -0.00124441342489 4.21291 4.15216 0.0445672732777 0.259071559096 0.113045803064
-107.674 34.0087 -6.4558109206e-05 -0.000105441797321 0.00225044093978 -0.000739520430943 3.79376 3.74516 2.51637731447 0.550061090892 0.0021707451638
-106.921 34.0739 -0.000102054026746 -3.03993755939e-05 -0.000671533318258 0.00261798174701 3.79655 3.81908 -4.20168878965 -0.410277882166 -0.0605019838118
-113.657 33.1999 -0.000801485790086 0.000396137055132 0.000735483925953 -0.000274956463122 3.70579 3.72858 2.95491792682 -7.5846128852 -0.882810078305
-112.946 33.3627 0.000113350769391 0.00102208624763 0.000992755351296 0.000520213800148 3.42778 3.7105 3.08039704286 -7.50561314708 -0.491243778711
-112.158 33.2893 0.00135319107359 0.00133006456816 0.000361868579724 -0.000993600507043 3.9101 4.22067 3.51245338376 -3.38023357388 0.378714856524
-111.427 33.341 0.000823860835314 -0.000215673453552 -0.00220116850963 -0.00123463461868 4.1742 4.2373 0.0429600915898 6.55697734516 0.78754504589
-110.472 33.2969 0.000451969710457 -0.000122706878285 0.000680520933292 0.00134547311178 3.80606 3.82534 -0.473869633882 3.65585904198 0.434748573427
-110.036 33.0851 0.000305315523002 -5.89005362197e-05 0.000808464411173 0.00182968286228 3.71075 3.75944 -0.848378560098 2.28939333084 0.278928089841
-109.266 33.2921 0.00054911251694 0.00049905811125 -0.000214884746762 0.000864824400926 3.72792 3.85045 -2.51617256848 -0.499593564044 0.120434296416
-108.592 33.1132 0.000753492083854 0.000274454383334 0.000152521762031 0.00151299699947 3.80289 3.80156 -2.83967359432 2.52451063293 0.420653779907
-107.671 33.3086 0.000366904416992 0.000348265165729 -0.000637882555386 0.0010336871198 3.90847 3.88508 -2.64098250836 -0.521088943341 0.0777836836326
