-112.228 32.7006 0.000135327964575 -0.000376496577794 -0.000116056198904 -0.00101366656821 4.02209 3.98131 2.96649564699 4.09179391923 0.260811435076
-111.704 32.5618 -3.81475018148e-06 -0.000584555871465 0.0030506260326 0.00164053388307 3.73087 3.71746 1.94008308653 5.56368170064 0.212316795582
-110.739 32.5716 0.000729041465441 -0.000281594485484 -0.00390420005401 0.000326038270958 4.42959 4.38404 -1.33071482765 5.77624665433 0.780223679948
-109.97 32.6399 -0.000634480527629 -0.000267451427881 -0.00280498325061 0.000461614312357 4.04532 3.89937 -0.952509444292 -0.100528169978 -0.47382175285
-109.303 32.7663 -0.00118891095583 0.000925557683103 0.0110200606807 0.00128915696381 3.14291 3.1525 1.45064620952 -13.5130677957 -1.44090100148
-111.457 32.0022 0.000169587437954 -0.000237817877754 0.00203796069638 -0.00187097321661 3.85485 3.85479 3.42686000445 2.89040551268 0.240918252586
-110.816 31.7748 0.000349231941377 5.43007892316e-05 -0.000251001382435 -0.00114382373333 4.02429 3.99892 0.931690290302 0.845399767459 0.302660031335
-110.046 31.9737 -0.00074233748617 0.000431703707028 -0.00173542609131 -0.00426854948502 4.30945 4.24594 8.44936624236 -6.25300831619 -0.826104881883
-109.259 31.9989 -0.000960821293833 -0.000212968526572 0.00289415400156 -0.00119685368774 3.82407 3.83517 2.14745447375 -1.38548971108 -0.827856450506
-109.991 31.439 -0.000438630530432 0.00039177996599 -0.00182173853845 7.81351884953e-05 4.19408 4.19716 0.841022894893 -5.46723000157 -0.553252757797
-109.281 31.3757 -0.000551627933267 -0.000529390135467 -0.0001615662009 0.000575330431865 4.07109 4.06481 -0.344830452144 2.863001274 -0.303662304593
-122.707 48.7197 -0.00107898624032 -0.000346293192021 0.000316712816271 0.00655543440898 3.47154 3.52127 -2.13687450604 -2.90330103339 -0.727258262701
-122.085 48.9983 0.00198641713169 0.00107866111902 0.00480235305538 0.00724885973126 3.13931 3.23059 -2.19297027893 1.36690710355 1.11743599342
-121.48 49.0983 0.00172580286921 0.00139851566442 -0.00329607355545 -0.00421704473089 4.53437 4.45829 -0.583352645595 -3.67628048823 0.802228127786
-120.384 49.048 -0.000493701068033 -0.000758964565413 -0.00463404047688 -0.000529903408113 4.50839 4.49416 -3.7486524906 3.95033819347 -0.013795967397
-119.272 48.9534 -0.00142482291357 -0.000660568784007 0.00222365930268 0.00682224197858 3.4012 3.50464 -5.45392038801 -2.34503428015 -0.833585036022
-118.585 48.9752 0.00219088226568 0.000217961745572 0.0035231209947 0.000833406280675 3.56494 3.77281 1.44513740643 7.91644123287 1.88029534456
-117.559 48.9813 0.000258555599986 -0.000421643562354 -0.00493926324931 -0.00245365916831 4.48704 4.45554 -1.05909168273 5.22332639874 0.423697249997
-116.363 48.958 -0.00121684825995 -0.000322350604169 0.00151256177647 0.0096136936629 3.47507 3.59002 -8.85637259283 -4.486266568 -0.822612971456
-115.653 48.9339 0.00017383965904 0.00107270402428 0.00200968077411 -0.00537116735032 3.93359 4.14321 3.60224699427 -10.0196269057 -0.229341862609
-114.413 48.933 -0.000252185537305 -0.000366574900111 -0.00469459646396 -0.00472643001034 4.59276 4.61962 1.4949969183 2.60657423817 -0.0919168290673
-113.422 48.9725 -0.00107283734449 -0.000215170548786 0.00462115720246 0.00759789122216 3.19347 3.35617 -3.49387857766 -3.18323816423 -0.859688125227
-112.733 48.9777 0.00193583091617 0.000385646922806 -0.00119226131653 -0.000253057726568 4.2144 4.34669 -0.303855491226 4.44935795869 1.62752689357
-111.597 48.9482 0.000523115678406 -0.000581989066158 -0.00525267320688 0.00124291959854 4.43977 4.44958 -1.78373722288 8.17101926047 0.713845784361
-123.504 48.0575 -0.000630680516943 -0.000443983307271 -0.00384144628277 -0.00291039345181 4.07714 4.07631 0.867822064528 0.71847503057 -0.325656556048
-122.096 48.2641 -0.00139378883143 -0.000697311974096 0.00179435850957 0.00329656977475 3.42558 3.47666 -5.02341353988 -2.26724609341 -0.74810871061
-121.484 48.5183 0.00169468409182 0.00150630619808 0.00327744461913 0.00478737430492 3.1627 3.22303 -7.20131238708 -2.10882205862 0.468028656674
-120.12 48.4607 0.000608227699963 -5.53134040902e-05 -0.00657350344413 -0.00213188420866 4.80682 4.75041 -0.747911068269 3.56844917991 0.558746059517
-119.333 48.3584 -0.00139951494077 -0.00188909080591 0.00154997620132 -0.00274059365365 3.91692 4.01659 2.34968119032 11.5684866821 -0.45609487916
-118.149 48.4226 0.00103214832754 0.000269500223706 0.00435629126897 0.00230580289728 3.42597 3.56061 -2.74923270365 2.895469476 0.764535048465
-117.225 48.2995 0.000753444398199 -0.000195732125349 -0.00636318709845 -0.00246880474555 4.90296 4.79245 -2.45586367509 5.63571452656 0.755091696258
-116.367 48.4366 -0.00214975739202 -0.00194110224886 -0.000567984166092 -0.000182544238265 4.14629 4.32348 -3.91973726665 6.7272306709 -0.916564547013
-115.589 48.4694 0.000364152737319 -0.00161014101952 0.00465245909854 0.00569212048306 3.17464 3.29349 -7.41294810777 16.6242772778 1.17030125785
-114.468 48.3739 -0.000177149811741 -0.000619547251599 -0.00304405576385 -0.00140981909825 4.39829 4.37798 3.33595896962 5.55293327347 0.0551077759551
-113.273 48.3609 -0.00159842688487 -0.00274055346474 -0.000410307320603 0.00099322763478 3.92786 4.07067 1.65021193225 21.2059017944 -0.47179657288
-112.562 48.3129 0.00151301353104 -0.000614262818041 0.00504122190046 0.000966464869477 3.43985 3.64354 2.92594570908 11.9063132368 1.6317794518
-111.707 48.4128 0.00121709838361 -0.00131858617315 -0.00617223331724 -0.00317957246515 4.59109 4.64172 8.76175478838 17.1533167905 1.49080405544
-124.566 47.9475 -3.02325846303e-05 -0.000106776891413 0.00807293435612 -0.000420011044206 3.57062 3.57608 3.44402931384 0.805974625545 0.023597658569
-122.972 47.7172 -0.000379227567577 0.000301399600463 -0.00657736453507 -0.00268112069538 4.39096 4.36831 -1.08652515448 -4.62625518594 -0.480775561172
-121.689 47.6947 -2.35388790464e-05 -0.00170108378516 0.00361440570798 -0.00113559417832 3.74148 3.74756 7.08975862705 16.0354946899 0.624902682151
-120.061 47.6902 0.00111736409366 2.27401278618e-05 0.000222544642354 -0.00159548945907 4.23147 4.21013 5.36942243227 4.28386402704 1.0205495537
-119.045 47.7849 -0.00108996088031 -0.00198585421883 -0.00643940278507 0.000354858261 4.73678 4.65376 -0.402522405726 12.976076765 -0.0330601292395
-118.274 47.8006 -0.000333513431317 -0.0027652658732 0.0067870065799 0.00254941629494 3.13292 3.1827 0.380126626865 24.3544533602 0.939405530648
-117.308 47.8192 0.00151531058029 0.000401199633658 -0.00100161842738 0.00129176728094 4.16563 4.15245 -2.97172439444 4.11665192551 1.12611107632
-116.256 47.8397 -0.000495444327233 -0.0018655024605 -0.00444041721526 -0.00194987417547 4.88158 4.80221 3.29637435736 16.347395616 0.247102020858
-115.475 47.7092 -0.000593358029607 -0.00254779255617 0.0035425625886 0.00102044105618 3.5388 3.5888 3.44883289116 22.9549796616 0.383196414461
-114.574 47.6795 0.000567365562844 -0.00033180692338 0.00128234973463 0.00220395200304 3.78986 3.78443 -0.045541778601 5.75465538377 0.653753812436
-113.747 47.7687 -0.00102815425222 -0.00151344322944 -0.00471399305166 -0.00185841748204 4.5301 4.54474 3.64734927681 11.5174144869 -0.445187343531
-112.607 47.775 0.0001899241651 -0.0021483062753 0.00302574892254 0.000900120044883 3.50469 3.5644 4.5449991494 22.7999927614 0.858567036787
-111.746 47.8012 0.00125808787872 -0.000935855667898 -0.000177006974568 0.00142726312747 3.9826 4.01192 4.39590999657 13.9638071563 1.48525321024
-123.771 47.1161 -0.00079152187787 -0.00038105749917 0.000144153261723 0.00312694207902 3.66989 3.71464 -2.96002771761 -1.2645553556 -0.444227938514
-122.803 47.1109 -0.000205329907912 0.00059199401655 0.00334445260611 -0.000637922644438 3.49301 3.55655 3.34504675321 -6.29818168317 -0.451026912503
-121.989 47.1881 0.000595293788539 -0.00040109056961 -0.00477924392906 -0.00779316353568 4.72298 4.67549 10.8245562662 5.83432483167 0.69292458152
-120.844 47.1935 0.000935201642159 -0.00128543809005 0.00355776448075 -0.000835036037528 3.53945 3.56284 7.19315204255 15.8268465841 1.34343993991
-119.973 47.1936 0.00165448226639 -0.000329209080767 0.00043343636554 0.000235968281867 3.95186 3.97952 1.72370933601 10.6747171984 1.62759733784
-118.921 47.0573 0.000761969141702 -0.00118402383724 -0.00549858821269 -0.00427281991434 5.17795 4.6524 4.77904007019 14.4184274836 1.1597972853
-118.309 47.0615 -0.0019168825669 -0.0023174112832 0.00153716964008 -0.0026969358922 4.16501 4.16018 6.86547454975 15.8110577245 -1.00009364639
-117.276 47.0547 0.000278794196797 -0.000644373033906 0.00391827604993 0.000979715655822 3.46716 3.50645 1.62763910897 7.3785364555 0.522396508189
-116.335 47.0477 0.0011745156868 -0.000476997878288 -0.00411205171694 -0.00180460806868 4.73241 4.58177 4.78449941162 9.13750160587 1.26738338516
-115.353 47.0528 -0.000998060259396 -0.00209557999271 -0.00104530734948 5.12207553374e-05 4.35478 4.31906 5.77493029854 17.5760589164 -0.254140450622
-114.459 47.0943 -0.000463542557593 -0.000463591485203 0.00334595468285 0.00126835241284 3.56053 3.5881 3.58708532979 2.88462570649 -0.269344303177
-113.506 47.0816 -0.000193752547596 -0.00103727773346 -0.00248219202393 -0.00209614590958 4.26966 4.25528 8.12144479776 10.2067377367 0.091238693725
-112.52 47.0418 -0.000197817177649 -0.00240433923992 -0.00040317185139 0.000839822693961 3.72144 3.7259 5.75217147671 24.2582222144 0.523197012849
-111.549 47.0308 0.000479827640998 -0.00034235104607 0.0054570135431 -0.00204751304273 3.72126 3.72745 7.40635680498 4.95467670414 0.551733205246
-123.563 46.5459 -0.00127704668398 -0.00159043889487 -0.00152459455531 0.00108512219724 3.91865 3.97061 -0.790139181747 6.89785769427 -0.254322575577
-122.72 46.5934 -0.000421457056671 -0.00105291362064 0.00365502605696 0.00263312449981 3.19909 3.27802 1.54638549121 7.30598371049 0.13510178854
-121.761 46.5605 0.00216055193185 0.00015151955214 -0.00207466552508 0.00284916285712 3.8438 3.92356 -1.08967261964 9.8737476491 1.78242631322
-120.979 46.5433 0.000873426853442 -0.000697367836123 0.000906965786467 -0.0018004033021 3.90138 3.86053 4.62264864292 10.1871419107 1.08319596312
-119.855 46.5585 0.00153058689656 -0.000631893435495 0.0020799060214 0.000589328661563 3.69069 3.69851 1.03382059781 12.9951875565 1.65034215701
-119.06 46.4911 0.00179121791673 0.000362968456677 -0.00153318990127 0.000804090210695 4.43841 4.38544 1.59822093908 4.75688509673 1.45076718926
-118.146 46.5139 -0.000766824028157 -0.00068898545348 -0.00272123547392 -0.00183797066821 4.56503 4.41091 5.2994662262 3.72571113135 -0.458431649617
-117.11 46.485 -0.000458632413028 -0.00169047175582 0.0026540494999 0.00116796949233 3.56305 3.62217 2.08728022614 14.2209307451 0.272966271169
-116.209 46.3559 0.00212076018183 0.000559505741649 0.0023725643559 -0.00176266008697 4.0303 4.02746 8.29970027879 1.02282134891 1.85818563432
-115.571 46.4151 9.56968538138e-05 -0.000423932303854 -0.00498147392216 -0.0029206276988 4.77594 4.49799 7.82032236254 4.59116321915 0.217714649696
-114.188 46.4423 -0.000241429871861 -0.00102927297677 0.00376136867657 0.00119179835344 3.59145 3.60799 4.83384284861 9.53011515243 0.113578212372
-113.493 46.4162 0.00102749371114 -0.000252229351167 -0.000875405723816 -0.000227691570449 4.09733 4.04997 6.54611214567 5.84971379438 1.05615186045
-112.641 46.4246 -0.000406563949101 -0.00147016684712 -0.00178740786697 -0.00155824853561 4.13539 4.0494 7.33033994588 14.0874882038 0.00927154795953
-111.676 46.5336 -0.000190395111779 -0.000482741396996 0.00533559922266 0.00192095619584 3.55996 3.55891 3.9310461376 4.32076528067 -0.0271182202215
-120.728 40.6183 -1.59755952228e-05 -0.00091105078002 0.00240415797142 0.00180136777338 3.52814 3.55785 1.04995783948 7.93312781913 0.410699823739
-123.559 45.9306 -0.000695339707462 -0.00121472979507 -0.00198040455256 -0.00183682988993 4.2601 4.24827 3.74269829254 7.67451881475 -0.0664342294038
-122.419 45.9325 -0.00101706272212 -0.00237152096002 0.00110869162887 0.00232023143056 3.57007 3.64166 2.14216588511 16.3853128214 0.208832900251
-121.459 45.8839 0.000893514928981 -0.00109666438914 0.00119345102975 0.00179666984005 3.38094 3.43914 -0.0454868143855 14.1717965978 1.31646056614
-120.782 45.7664 0.00113131392874 -0.000717067922022 -0.000760046751359 0.00231955737545 3.69736 3.7254 -0.903877718109 12.0836007983 1.33802194365
-119.928 45.8951 0.000831509667022 -0.00135543965466 0.00140544205337 0.00141428952958 3.67524 3.70166 1.11371235425 16.2856255453 1.35802054456
-118.777 45.7971 0.000992592632116 -5.1835733621e-05 0.000816824646381 0.00137359228639 3.85559 3.88402 0.216228105188 5.17410904089 0.906381431988
-117.909 45.7087 0.00036407313906 -0.00136740911244 -0.00319203997102 -0.000491056383842 4.50983 4.38877 2.71670427247 14.5288539864 0.891063447959
-117.228 45.9734 -0.000719890116794 -0.00207473057938 0.00168075169042 -0.000110492898321 3.87569 3.91405 4.71357894255 17.4002965132 0.095702150167
-116.155 45.8883 0.000826112963366 0.000688495703993 0.00267172101734 0.00208239506862 3.59562 3.67198 0.497234140128 -2.87347238285 0.455825637768
-115.255 45.7565 0.000442966246375 -4.97031848915e-05 -0.00434718289993 -0.00234677904051 4.63143 4.56196 6.05318286111 2.02092734035 0.435104642624
-114.332 45.7893 -0.00110004264788 -0.00127792766761 0.00121881781965 -0.000535657608813 3.95442 3.98161 5.44515548653 9.08211492392 -0.626303660376
-113.37 45.8122 0.000308490892549 0.000346637270241 0.00227480437375 0.000500690168643 3.69066 3.7155 5.85671199282 -2.52507565792 0.18741497765
-112.493 45.8409 0.000276431189939 -0.000490731554997 -0.00361481614473 0.000142335944999 4.31444 4.30089 8.5832988496 5.87359707064 0.390628032595
-123.281 45.3153 0.000111381351437 -0.000768914941542 -0.00101524203552 -0.00139451694506 4.21945 4.17743 5.50881425577 7.44443938067 0.427084166762
-122.478 45.2059 -0.000178719872619 -0.00180880925145 -0.00223203288955 -0.00248041718992 4.15389 4.15124 4.91961629742 15.7120898688 0.606241817053
-121.317 45.2422 -7.49431264625e-05 -0.00144399077249 0.00189195629267 -0.00016641830474 3.56579 3.6288 3.05008356411 12.8072342492 0.569798051916
-120.635 45.2357 0.00109177746535 -0.000910602334774 -7.45418206456e-05 -0.00193857221104 3.79971 3.84491 6.4274129093 12.80747993 1.35584041992
-119.669 45.2664 0.000361767485631 -0.00151058703867 -0.00130987811609 0.000517929185121 4.0114 3.98768 3.23094063754 15.6187454842 0.963024582445
-118.96 45.2904 0.00082414752727 -0.00121005817983 0.00265254069718 0.00080153769623 3.68346 3.69576 2.19065592195 14.9102498035 1.26344500107
-117.78 45.2781 0.000572624458999 -0.000928761732766 -0.00124691602378 1.18156279157e-05 4.43914 4.24064 3.4641624282 11.215268659 0.893356216723
-117.12 45.2925 -0.00187478818187 -0.00135298254756 -0.00235085098688 0.000418075273672 4.33688 4.17195 3.05471666333 5.2456256551 -1.18810139934
-116.268 45.3997 -0.000454571708256 -0.00097363940796 0.00352531039594 0.00262652962213 3.35774 3.41961 0.636863144414 7.23617792226 0.0011113291036
-115.326 45.1285 0.000618121668804 0.000369132872651 0.00063525491631 0.00247518384194 3.94875 3.90915 2.82470128326 -1.13266859522 0.432090851723
-114.233 45.0931 -0.00084433750521 -0.00113992311061 -0.00365631803912 0.000520741729583 4.2948 4.27568 5.04318836426 8.46799898988 -0.419751617884
-113.46 45.2432 -0.000285487350321 -0.000536460540042 0.00249907960715 0.00198824497344 3.45413 3.51932 5.48136832534 4.48489782382 -0.10217961208
-112.489 45.166 0.00040084194166 -0.000523839333021 0.000584624705732 -0.00160332464645 3.96879 3.98112 11.9130001662 6.37066326594 0.495411873425
-111.805 45.2285 -0.000116013682606 -0.00101900691276 -0.000939864489782 -0.00351182748198 4.16904 4.17296 10.9497747886 10.531894327 0.0940406433256
-124 44.6764 0.000309448554632 -0.000438364992079 0.0052106905544 0.000118523820912 3.6676 3.68012 4.95753134305 5.26032768514 0.471014304102
-123.292 44.6765 0.000727898788262 -0.00044572180177 -0.000592659575967 -0.00035419796786 3.97735 3.95403 3.72783184904 7.24962758341 0.850787837305
-122.186 44.6837 -0.000130260979335 -0.00083275677984 -0.00308474284615 -0.00166074572579 4.24476 4.18273 3.91793933564 6.95566490326 0.246938957555
-121.227 44.6473 -5.78634185867e-05 -0.00142424420018 0.00308404672427 5.62621223878e-05 3.50568 3.51738 5.48435069097 12.9580653891 0.519294953755
-120.335 44.7344 0.00146703483826 -0.000279700622289 -0.000590193907056 -0.00224615816524 3.88324 3.84986 6.40489350782 8.27011521475 1.46422333473
-119.565 44.5913 0.000545574365922 -0.000885482230242 -0.00182928771189 -0.00288372379987 4.20384 4.09156 5.98672851169 10.4897648416 0.837988428543
-118.67 44.5191 -9.82630458613e-05 -0.000502279173784 0.00281522277483 0.000235176823495 3.73282 3.67992 2.94429930396 4.28450564256 0.118630325527
-117.664 44.6653 0.00048575941845 0.000627165984895 -0.0002499045903 -0.00275679287118 4.30847 4.21094 6.53893797784 -4.36498009832 0.239546116203
-116.747 44.589 -0.0013600955623 -0.00131143176733 -0.00506384934045 -0.00175882300801 4.7755 4.64941 4.79394982578 7.58694438887 -0.790568804825
-116.013 44.7035 -0.00113682626479 -0.000895526543172 0.00330636699255 0.00104642798349 3.43882 3.48633 5.60935730137 4.75048599264 -0.762265941917
-114.855 44.5494 0.000765876162689 1.48087359206e-05 0.00235972884307 -0.00173334737234 3.97234 3.82568 7.1875168343 2.30193377407 0.725387406055
-114.255 44.5642 -0.000960697022176 -0.000600834781207 -0.0049965951481 -0.000968241935871 4.45624 4.33892 6.94815709615 3.01935363494 -0.735982016112
-113.367 44.6165 -0.000412608808906 -0.00164874263094 0.00382038500506 -3.00836751139e-05 3.32722 3.39479 9.24359432515 15.9221819415 0.0156123116336
-112.644 44.6173 0.000897949874536 -0.000568853465399 0.0012385841607 -1.17398243763e-05 3.69455 3.74978 9.78130100552 8.18861672278 1.00626313865
-111.248 44.7038 0.000164241416792 -0.00132523931002 -0.00378314429826 -0.000908537276619 4.24487 4.20941 4.86958359616 14.2236224641 0.555685673527
-119.023 36.6801 -0.000148004906479 0.000462943405242 -0.00175296796254 0.0118538733074 3.87948 3.86449 -5.43165210161 -4.61969220026 -0.377013147321
-123.83 44.0035 -0.000256103950462 -0.000878124667021 0.00369522729295 0.000685503232712 3.74779 3.79873 4.05834965514 6.60257917904 0.169382092625
-123.278 43.9726 0.000116993958182 -0.000651285171122 -0.000279077679512 0.00112169784758 3.77221 3.80692 1.38399331953 6.21564820845 0.42003200856
-122.411 43.7941 0.000335775621307 -0.00023831921346 -0.00115951261214 0.00085564950867 4.00694 3.99228 2.60781336831 3.65603887205 0.407774425128
-121.268 44.1626 -0.000228432906361 -0.00113566942087 0.00208235197006 -0.000637203870453 3.7474 3.75183 6.11199299662 9.63312311381 0.23540831423
-120.211 43.9437 0.00099495787196 -3.17453020504e-05 0.00127071045104 0.00144964342247 3.42239 3.45861 1.27347531873 4.90437512426 0.899349267975
-119.504 44.082 0.000953024318555 0.000558204940488 -0.00325262988063 -0.000130284728736 4.20175 4.09066 0.909710762036 -0.642635070481 0.59426482672
-118.569 43.9104 -0.000672603012512 -0.000245902907748 0.000564820502657 0.000190024181394 3.81466 3.80496 3.3734542212 -0.501649836619 -0.514474433808
-117.741 43.9733 0.000592316932368 0.00129590388246 0.00355969404205 0.000650290657169 3.58321 3.61977 1.97894624697 -9.57732378368 -0.00655038731806
-116.803 44.086 -7.40735269828e-05 0.000885532400985 -0.00571222393573 -0.00446556432297 4.89528 4.65676 10.1502287693 -9.06424109434 -0.315533029486
-115.958 43.9121 -0.00129116268818 -0.000372808400957 0.000750519493248 -0.00100248749059 3.87602 3.92788 5.11469421937 -1.07517245452 -1.07890158062
-115.133 43.7945 0.000692505168404 0.000936084874096 0.00296091333796 -0.00130306924071 3.54539 3.61124 7.74603356119 -7.22293229042 0.382406234807
-114.117 43.9146 0.00064381757121 -0.000595027572706 -0.00525111477467 -0.00181605490407 4.45305 4.35484 9.7706675922 7.81488938257 0.773098161644
-113.452 43.9286 -0.00049693965905 -0.0016984112515 0.00405133904615 -0.000434453972007 3.54261 3.50143 8.71998951295 16.043146076 -0.03366287319
-112.485 43.9997 0.000864901391165 0.000469955940556 0.00052885635878 -0.00124017867426 3.74649 3.72314 6.57051829269 -2.15508284785 0.69310102639
-111.487 43.8756 0.000120075564902 -0.000746280413891 -0.00343440978886 0.000777366707811 4.15676 4.04271 3.06749387024 8.01251055802 0.363233503963
-110.576 43.92 -0.00153189522042 -0.000176672004428 0.00722105923478 -0.00434502970886 3.70948 3.64914 6.67169781198 -2.55765392442 -1.43024557849
-123.575 43.3654 9.73358293764e-07 -0.00131613285787 0.00169014363717 0.00124771176489 3.83359 3.84291 0.876354265666 11.2765469127 0.657410404475
-122.109 43.2406 0.000524981410137 -0.00026823848772 0.00170119983862 0.000187178636038 3.768 3.77072 2.95982329687 4.75244151822 0.589535066003
-121.236 43.2843 -0.000106556605723 -0.000507512402075 -0.00288547461527 -0.000768711097812 4.14278 4.1222 1.65311586123 4.02398913924 0.140182581451
-120.153 43.2515 -0.000508567080718 -0.00128145964087 0.00185225234067 0.00277952886041 3.42194 3.43363 -1.12499890644 8.73440143991 0.190364904689
-119.311 43.3736 0.000950544320423 0.000847523746265 0.00134742472574 2.96489136869e-05 3.7331 3.72694 1.39182786623 -3.40594731596 0.472611179936
-118.474 43.358 -0.000716828134388 -0.00044218151753 -0.00392269238775 0.000156262103407 4.306 4.24771 0.706347654534 0.759556248215 -0.442743399705
-117.754 43.3471 -0.000621211885028 -0.00107464348448 0.00374825184845 0.00283413216996 3.32623 3.3683 -2.12551616141 6.58179418386 -0.0230519410683
-116.767 43.4275 2.5740237456e-05 0.00156904812478 -0.00186281494814 0.00228669621067 3.9776 4.03178 -0.340438017728 -14.4401263821 -0.677525555657
-115.828 43.4151 -0.000807688106491 -0.000406850186702 -7.11919914427e-05 0.000178886410615 3.9013 3.97624 5.0318587974 1.02182997 -0.613812022399
-115.098 43.25 0.000741148498136 0.000208018766931 0.00366511978512 0.0019100797626 3.25617 3.33366 1.22995103812 1.14730619671 0.593739696976
-114.174 43.3979 0.00205551359208 0.000686882487892 -0.0026225350686 -0.00163752386521 4.2631 4.2522 6.07227605617 -0.0356030942608 1.73386967092
-113.518 43.3234 -0.000494466692024 0.000245216588129 -0.000842485248105 -0.0022082417375 4.13272 3.99904 5.5225953174 -4.13052754291 -0.546740509353
-112.433 43.3998 0.000734923040552 0.000508079520727 -0.000487903153 0.00360823833086 3.38087 3.38748 -5.32965336292 -0.999785108907 0.401372640182
-111.612 43.2741 0.000750733118411 0.00187692074067 0.003066891555 -0.0037292464174 3.92315 3.7741 8.16211491238 -17.4734227404 0.252225983348
-124.469 42.8088 0.000473674810796 -0.000259974573767 -0.00396041158011 -0.00235476277337 4.44774 4.41791 0.832589000055 4.54882893322 0.540057634822
-123.49 42.7667 4.0831022314e-05 -0.001012367355 0.000198141291274 -0.000697997943636 4.09274 4.05307 3.11229400653 9.02546321452 0.505481758372
-121.731 42.6133 0.000254998984531 -0.000104601648117 0.00223553048821 0.000494084418077 3.71455 3.70191 1.16361778163 2.12550449309 0.274078204324
-120.893 42.7258 0.000227260615481 -0.000395105333455 -0.00297801254176 -0.000751254304158 4.19905 4.07976 0.302057730257 4.57335036997 0.388921848036
-120.251 42.7991 -0.00100332515449 -0.000894749091303 0.00126094141527 -0.00268860561918 3.88162 3.85209 5.61383032009 4.37180540337 -0.575737374867
-119.247 42.6912 0.0004713404503 0.000158359110585 0.00306901746413 0.000875073674791 3.36788 3.39086 0.77144137149 0.747538462611 0.347537051815
-118.486 42.7308 0.00104318086903 -3.92778344784e-05 -0.00284239716131 -0.00140098897196 4.28924 4.17318 2.91608103387 4.77086946112 0.965999509351
-117.725 42.6996 -0.00100965994994 -0.0013505214567 -0.00116426551348 -0.00132889771218 4.12591 4.06386 2.82433637882 8.4427206257 -0.372441909789
-116.87 42.7779 -0.000401757677688 -0.000116477146301 0.00250646818938 0.00174045518885 3.43682 3.45187 0.989631150781 -0.684907825462 -0.313505739514
-116.032 42.7713 -2.95014699924e-05 -0.000531826452963 -0.00310432444958 -0.000443799199783 3.9932 4.00811 2.94901713708 4.97715784589 0.178684402871
-114.903 42.636 -0.00056229911411 -0.00120872321249 0.00327627757187 0.00276391309227 3.20815 3.24763 -0.198692345259 8.9452493345 0.00567256884317
-114.084 42.6493 0.000529500430279 0.00177668190584 1.68319097206e-05 0.00167138978688 3.74962 3.78191 1.07036316204 -14.9593312634 -0.219288912295
-112.531 42.6852 0.000111646480704 -0.000666336198392 -0.00285510488505 0.00233846575535 3.7393 3.76487 -3.5536200507 6.86214220431 0.402012877646
-111.588 42.8321 0.000206087929001 0.00348638018112 0.00798816739162 0.00485756487411 3.25515 3.3029 -2.41677338263 -32.8828890228 -1.30037469746
-123.602 42.156 0.00016159411209 0.000131642281918 -0.00175871705117 -0.00135176576793 4.23712 4.16105 2.52666539346 -0.38677614217 0.0799863660581
-121.891 42.175 -1.56889396019e-05 -0.0002277996901 0.00212058662594 -0.000449627930167 3.74965 3.75499 1.93185116566 1.93121734928 0.0920078246112
-120.834 42.0472 -0.000140463787956 0.000458868682948 -0.00223400799316 -0.00100694576218 4.03395 4.00849 2.15902112933 -4.73145839124 -0.332057867968
-119.34 42.0187 3.9122579974e-05 -0.000680707481813 0.00217014420191 -0.000218093972576 3.58201 3.61298 2.56611535374 6.38877749422 0.326953521691
-118.344 42.1901 0.00109463154952 0.000673495230704 -0.00143717334589 -0.000900544752091 3.95619 3.8787 2.39746163973 -1.53531031131 0.709826995676
-117.667 42.0192 -2.37140516478e-05 -3.66048066555e-05 -0.000909209697065 -0.00182891954 4.09096 3.95859 4.83914990304 0.256493420102 -0.00828172241601
-116.471 42.0773 -0.000280849828514 0.000286181596052 0.00228674507162 0.00022435997361 3.7117 3.65676 2.73290124838 -3.8615565986 -0.37117803558
-115.754 42.1669 -0.00010450230214 -1.82492874096e-05 -0.00340079532135 -0.000768033716497 4.23442 4.17361 0.606318108384 -0.286272234843 -0.0870319361561
-115.016 42.146 -0.00120482720123 -0.00118211138697 0.00123460263028 -0.00197147461172 3.76411 3.75115 5.14142444983 7.30559546201 -0.72901531786
-113.944 42.0886 0.000904915742052 0.000250554251914 0.00479999224713 0.00179258420592 3.21775 3.30019 -1.6469658861 1.81286020153 0.702889340079
-113.24 42.0343 0.00117566305653 0.000692192677808 -0.00427945467152 -0.00123136459613 4.78869 4.70169 -0.410788912827 -1.53601262381 0.785258691354
-112.386 42.0041 -0.00187102272305 -0.000503507339007 -0.00639311964605 -0.000460361364158 4.66427 4.64643 -0.98783373223 -3.34408630942 -1.49578331797
-111.432 42.0149 -0.00145267469127 0.00203435841126 0.0143525602781 0.00345002541165 2.85536 2.89072 0.0959679080848 -26.089242948 -2.1255182508
-120.74 38.7552 3.10389169047e-05 0.00115660570397 0.000306733081127 0.000446629614275 3.89094 3.89549 1.7701120374 -9.99190426661 -0.498341508367
-124.122 41.8473 0.000551485401933 0.000316073665737 -0.00149688207958 -0.000422021252636 4.17466 4.16775 0.723873130991 0.0642656021178 0.315602976776
-122.854 41.392 9.76718306697e-05 0.000165864786184 -0.00122335868108 0.000711717203148 4.12459 4.08783 -0.662706967141 -0.904385166189 -0.00146607871763
-122.122 41.2742 -0.000522639863719 -0.00019927601658 0.000588027469251 0.00181261097954 3.84006 3.8069 0.216133474577 -0.833749335612 -0.356311577093
-121.839 41.7826 -0.000127011023281 -0.000454419847617 0.00211555894825 0.000224890341908 3.73998 3.73393 1.76787435424 3.39734967236 0.0997941015113
-121.146 41.3593 -0.000485708922875 0.000184521130547 0.00111551117673 0.00222950511169 3.5845 3.58324 0.253867094793 -3.9391493422 -0.514429735819
-120.477 41.2047 0.000173844315846 0.000308376834696 -0.000712107293105 -0.000261949139146 3.86017 3.88019 0.693045310707 -1.90421630989 0.0087709586183
-119.171 41.3884 -0.000524023152959 -0.000623138027794 -5.9600293704e-05 0.000291674837968 3.72102 3.7301 2.1676123885 3.37810832088 -0.202501017161
-118.379 41.4483 0.000422107474762 0.000811530028165 0.00115004606699 0.00125496652027 3.50856 3.49366 1.01110826804 -5.48780764963 0.018865737375
-117.45 41.423 -0.00019541636847 0.00107129894895 -0.00107386384189 -0.000884244128288 4.01073 3.99404 3.58659839189 -10.8545076686 -0.600366200403
-116.54 41.522 -0.000487890795943 0.00347628917928 0.000514473015003 -0.000968600902912 3.80313 3.66769 2.88525407364 -34.8645988502 -1.81940006905
-115.791 41.4311 0.000680321446925 0.0013874768946 0.000747542211111 -0.00149390209299 3.91556 3.86365 3.78011287684 -10.7025635439 0.114901456843
-114.915 41.4157 -0.000464886548578 0.000278700381396 -0.00328714326348 -0.00101747099414 4.23584 4.07811 2.3143795217 -4.54821773672 -0.536509627674
-114.165 41.3602 -0.0010871349451 -0.000485441596001 0.00367694527283 -0.000180594018387 3.4876 3.45489 2.49951484384 0.426353261626 -0.824604484857
-113.347 41.503 0.000761164186935 0.00185941768853 0.00168114772933 0.00176642867954 3.78383 3.73313 -0.309673984157 -14.5314929625 -0.0742416187217
-112.448 41.4632 -0.000942870434453 0.000372280744848 -0.00602426663541 -0.00206073301128 4.86963 4.62449 7.9298630418 -6.4856202432 -1.00820367505
-111.63 41.3146 -0.00283822821404 0.000125169395964 0.00117765374362 -0.000308334143303 4.0549 4.12797 -3.02994317607 -14.4745261014 -2.6052219317
-123.306 40.822 0.000274979997905 0.000614879523158 -0.00300104132465 0.000264257721943 4.18344 4.17534 -0.680913266352 -3.73880807561 -0.0836884143841
-119.835 40.7484 0.00026470787414 -0.000393275329374 -0.000986141578498 -0.000475089083431 3.98871 3.95194 2.99159238399 4.69042335367 0.407270278858
-118.971 40.7797 -0.0011681235896 -0.000816387855664 -0.00160205633491 0.000998316995941 3.92766 3.91872 0.112697450178 1.83899768814 -0.657180088994
-118.134 40.7811 -0.001011706727 0.000156904973402 0.00234215596013 0.0013332282639 3.33306 3.37498 1.09321372313 -5.93597109519 -0.977729452495
-117.524 40.852 -0.00183637093451 0.000968188304672 -0.000668919764555 0.00142411408556 3.78638 3.99423 0.639600370925 -17.0932335435 -2.07508701631
-116.508 40.7186 0.00793976812378 0.00202582602832 0.0343035965833 -0.176231899241 1.69508 1.81978 67.3702803096 -69.3167594717 7.30532984075
-115.736 40.8167 0.0045411068178 0.00128977233233 0.00226114248703 0.001916663837 3.67857 3.80286 -1.54242075116 9.55890130944 3.45104586371
-115.039 40.8522 0.000591565721751 0.00151466944136 -0.00311655142695 0.000582842165498 4.12224 3.92576 0.498725658784 -11.7158445974 -0.0950709857527
-114.204 40.8556 -0.00088358297691 0.000456866896617 0.00178257975061 -0.000850200135808 3.76637 3.73118 4.51381333454 -7.65416617613 -0.986868664765
-113.187 40.8513 0.000689089188296 0.00106291037947 0.0034528725982 -0.000355901577178 3.39046 3.41997 4.18941982317 -8.05814880225 0.287708920611
-112.52 40.8903 4.62334681567e-05 0.00175727227387 -0.00613459714718 -0.00236972453251 4.75664 4.5862 8.74327572737 -17.8295809776 -0.405792112868
-111.437 40.8869 -0.0022638487765 -0.00167211690259 0.00156844373367 -0.00253688063314 3.8428 4.10312 11.3592901424 12.6197187519 -1.88278286488
-110.834 40.9425 0.00124727265006 -7.46422903735e-05 0.00464733026863 -0.00214412524978 3.5265 3.54354 7.23516200976 4.29452068381 1.22274046058
-109.673 40.9763 0.000427681245189 -0.00010972515053 -0.00523964258957 -0.00132609695919 4.59428 4.50667 -0.134685865873 2.82473807691 0.437691050495
-109.177 40.8936 -0.00098290165942 0.000340459782112 -0.000207441594883 -0.000877345587147 4.14092 3.9484 0.0768981156037 -7.32435416553 -1.03932980933
-123.82 40.1398 0.000334428724276 0.00013293641055 0.00209400882119 -0.000333599866262 3.9063 3.91269 1.50988513127 0.465430951992 0.226319212098
-122.788 40.1767 0.000653051737794 0.000431584577731 -0.00358957495809 -0.00210285017812 4.25891 4.24862 1.96141796613 -0.696996654848 0.371295506019
-121.086 40.32 -0.000151033554551 -0.000820827667063 0.00246325942659 0.00158391493049 3.78258 3.70468 2.42550676552 6.5873588952 0.233178082811
-120.918 39.962 2.22944256592e-05 0.000522381603674 0.00289155082661 -0.00262925065983 3.90946 3.86972 10.63575319 -4.83311677082 -0.143061043944
-119.827 40.165 0.000124743489751 0.000227077883017 0.000382608536962 -0.000420235178186 3.87003 3.79841 3.88742541128 -1.55035549217 0.0199276455995
-118.877 40.1614 -0.000897811113261 -0.000532720354575 -0.00311737616136 -0.000762321888483 4.3015 4.18114 3.89883350477 1.26675482746 -0.607252633159
-118.155 40.2903 -0.00206011519636 -0.000872108184405 0.00257909040151 0.000321203227992 3.56336 3.58464 1.59179375402 -1.0449406034 -1.48128142864
-117.19 40.1697 0.000141292861509 -8.38393142461e-05 0.00138177820317 -0.000723598204335 3.79015 3.86316 3.38863175082 1.35058651745 0.162888863358
-116.5 40.2917 -0.00060444574943 -0.00936212872811 -0.0022119139384 -0.00292015205584 4.22743 5.7519 3.71682819236 86.2386105823 3.01114490184
-115.657 40.1313 -0.000619360506347 0.000174882353084 0.000988515889112 0.00242991606911 3.57538 3.58517 -1.54355881802 -4.5112073772 -0.630917578966
-114.745 40.2679 0.000385192242216 0.00146483597578 -0.000912614662047 -0.00034916941182 3.82649 3.81687 2.46153606133 -12.4948489422 -0.206464159628
-113.981 40.1314 -0.000348660060426 0.000338707509562 0.00265341716488 0.0016038772749 3.66998 3.68504 3.73337986842 -4.59187636222 -0.446303309818
-112.469 40.2807 0.00017091258299 0.00197074726935 -0.000263544019816 -0.000546351274035 4.06847 4.07479 4.34264765749 -19.0270724997 -0.489061130631
-111.502 40.2067 -0.000781355263411 -0.00142235359157 -0.00460755578073 -0.000608044820786 4.44893 4.40065 4.44774510288 11.6751705632 -0.287560729653
-110.738 40.1948 -0.000712781426246 7.6834981692e-05 0.00541936259895 0.00330236042466 3.355 3.35885 -0.227456332668 -3.70421826682 -0.686924539851
-110.008 40.2655 0.00048427151808 0.00134232242674 -0.00126619360332 -0.00277370569721 4.45708 4.42426 3.59757368106 -12.0204884893 0.0332107679416
-109.124 40.2982 -0.000599768939725 0.00102152054116 -0.00582306117883 -0.00121521821978 4.78641 4.7218 0.65564450693 -12.6305184882 -0.92476537766
-120.608 39.3028 1.79440931679e-05 0.000890881047745 0.00288321764279 0.000263960972835 3.81545 3.79372 4.99638856497 -7.98016941187 -0.342398095646
-119.898 39.6785 1.82342017651e-05 0.000706684443395 0.000388148558609 -0.000936581432299 3.79518 3.75344 3.3871528884 -6.29926725787 -0.281145676684
-118.889 39.5399 -0.0002870416239 0.00112222002117 -0.00256497464564 -0.00376301985636 4.3504 4.19408 6.78386674154 -11.5280221063 -0.668033920489
-118.08 39.6946 -0.00139683249176 -0.00028549193983 0.00157244859804 -0.00107845460528 3.81833 3.7331 3.93802691456 -2.90480286895 -1.17134032418
-117.14 39.5516 -0.000337105201987 0.00106309902151 0.00285620666895 -5.90996031315e-05 3.54075 3.50387 1.78738416596 -11.2330467671 -0.751441182294
-116.464 39.6202 -0.000132333335214 0.000922335468973 -0.00396389070378 -0.000766821122339 4.42096 3.48024 0.726356849532 -9.08349367481 -0.515199276362
-115.754 39.553 -0.00139213978292 0.000297234830175 -0.000521932560969 -0.00245808580531 4.07328 3.99508 5.36095850101 -7.82037345626 -1.40869732097
-114.908 39.4731 9.4819769781e-05 0.00151655954577 0.00250141587716 0.000609563307297 3.45036 3.47909 3.52354562918 -14.1873701489 -0.471217371207
-114.016 39.455 -0.000293585856607 0.00109405293099 -0.00345072569998 -0.00384216865818 4.22886 4.1144 7.63299858504 -11.7617747108 -0.600393004362
-113.069 39.5906 -0.000877703489793 -0.000407144291661 0.00230740958041 0.0019227183802 3.24219 3.2947 -0.732773704805 0.0215010325513 -0.626448271145
-112.279 39.5708 0.0032737377468 0.00198450982966 0.00585198937956 0.00535550351806 3.39923 3.41366 -1.26124809126 -4.50348559944 2.13885075157
-111.66 39.6092 0.000246464685768 0.000895599463325 -0.010798505338 0.00300144794439 5.02412 4.37464 -8.53298100608 -6.69241992708 -0.260948059355
-110.74 39.473 -0.00282878861049 -0.000264755624856 0.00555523914822 0.000749504228266 3.76506 3.76405 -3.61282283553 -10.7879707521 -2.42030726775
-110.246 39.6279 -0.00140167826072 0.00273709945464 0.00475493791206 0.00348454076134 3.36275 3.49173 -4.18323071619 -32.8850183059 -2.47551414385
-108.981 39.6333 0.000236925046863 0.00152203829688 -0.00469305515216 -0.00344756638359 4.47453 4.49334 5.2079553414 -15.0477843816 -0.200877659006
-122.015 38.6333 -5.89862721852e-07 0.00033069330565 0.000180442505442 -0.000338409878642 3.95077 3.95249 1.91108963467 -2.85153844415 -0.154323636697
-121.377 38.839 0.000162141601713 0.000767665324972 0.000773464028137 -0.000205267275539 3.8443 3.84939 3.89226921672 -6.11394573524 -0.181941089272
-118.808 38.9383 -0.000151665986871 0.0022956304516 -0.000714966511114 0.00734066931364 3.84428 3.86414 -3.98206923237 -20.3341722162 -1.33159989578
-117.932 38.8606 -0.00115890817028 0.000442558531881 -0.00151525443376 -0.000454434552146 4.21853 4.09652 0.457856425402 -9.19727420552 -1.23440409644
-117.182 38.834 -0.00213522899173 0.00115769585873 0.0010301538837 0.0027464542929 3.42923 3.48245 -3.53553789416 -20.9639250299 -2.42786096003
-116.4 38.8247 6.50887108347e-05 0.00240676521344 0.0010402390727 0.000199624477113 3.56835 3.55674 2.83367181806 -22.2302194862 -0.891241651527
-115.654 38.8455 -0.000494737274592 0.00112034782711 -0.00259303764099 -0.00144947767821 4.15537 4.13048 5.60826941748 -12.5046460105 -0.84872580326
-114.83 39.04 -0.000258056541318 0.000662098287049 0.00352166678897 -0.000860349463319 3.43926 3.49146 4.33051950761 -7.32350163718 -0.476422433282
-114.02 38.9551 0.00120012130028 0.00241026603402 -0.00386305328926 0.00401985286485 4.04504 4.11608 -3.15482069738 -16.2979158409 -0.062643926022
-113.277 38.9882 -0.00144119592248 -0.000233330394346 0.00743958271121 -0.000983043970325 3.70479 3.72491 4.65047687471 -2.73427407377 -1.2800986492
-112.379 38.9995 -0.00149211572158 -0.000893091400468 -0.0163601950696 -0.00302630890943 7.82792 8.53592 -13.5652066591 -2.00768908017 -0.648096121681
-111.172 38.9176 -0.000329184703866 0.000730490240628 0.00258163586803 -0.00408533514544 3.93644 3.84684 2.9232137672 -8.46216112153 -0.559262806235
-110.133 39.1025 -0.00199869191429 0.00134425174677 0.000917962367216 0.00209278890995 3.48316 3.57718 -4.40071065243 -22.4191636078 -2.38954933885
-109.263 38.9553 0.000173288055314 0.0021476019578 0.00596397104884 0.00151154333183 3.58697 3.65459 1.9497207044 -21.0743510938 -0.565965037497
-120.936 38.2571 -0.00012811341215 0.000674176811845 0.000179131447725 0.00362755473722 3.84915 3.85147 -1.60826545378 -6.32401717512 -0.452901272833
-120.076 38.7028 -0.000266281125458 0.00080299712004 -0.000759100858005 0.00267522947881 3.9365 3.92569 -1.03899138646 -8.20462157341 -0.62655915605
-119.451 38.5226 -0.000305400820945 0.00110841104212 0.000681149513337 0.000740626406281 3.68424 3.70398 -0.743040300971 -11.0988213879 -0.800843722104
-119.047 38.089 -0.000252899446543 -0.000298349039242 -0.0212072747331 -0.0137284581675 11.9711 14.2322 -1.52077393224 1.35668452271 -0.0747549908137
-118.106 38.3489 -2.45743010796e-05 0.00111230678791 0.00454779543847 0.00519423218419 3.69317 3.70549 0.155153561855 -10.0379273573 -0.527075172652
-117.072 38.2397 -0.00187456515875 -0.000219230700433 0.00226374049535 -2.08510147805e-05 3.63222 3.66523 -1.37354497989 -6.89837798323 -1.55400672277
-116.302 38.2886 -0.000339650190845 0.00154643581235 0.000484716815386 0.0025826127685 3.20015 3.33795 -0.229624211929 -15.606929539 -0.989449122188
-115.585 38.3489 -5.10484654139e-05 0.00120631591951 -0.00137984301261 0.00136633464194 3.92326 3.97251 0.808109665346 -11.4026056749 -0.552611380061
-114.608 38.3281 -0.00155668786884 -0.00027698703634 0.00482845128042 0.00117962036077 3.50055 3.53142 -1.05128040721 -4.48314093572 -1.27636356461
-113.969 38.1802 0.00188043334456 1.97877143814e-05 -0.0163731316044 -0.00336631939253 9.94744 10.4994 -16.0283750243 12.5125975408 1.41309930097
-113.021 38.2987 -7.26955790023e-05 0.000249893984297 0.0124124426921 0.00312456170426 3.37831 3.32246 0.889676210999 -2.69060000675 -0.165230342672
-112.277 38.2108 -0.000815233879056 -8.81926466461e-06 -0.0136374957017 -0.00526381680273 7.72263 8.40026 -5.78457552105 -4.11369490774 -0.705717214553
-111.483 38.2843 0.000870825015198 0.00319682624075 0.00783994805869 0.00102133775507 3.54032 3.63487 1.68128007125 -27.9858651268 -0.360646456087
-110.711 38.4187 -0.00177485678923 0.000620152833014 -0.00800000583764 -0.000643168018178 4.82486 4.78545 -4.74366805665 -14.5131272495 -1.86093126202
-109.894 38.3862 -0.00292411584243 -0.000400305636359 0.00488456164884 0.00155435855656 3.39882 3.5088 -2.43027254654 -9.1326062232 -2.49062853014
-120.33 37.346 -0.000171314126404 0.00135563378227 0.0101982635714 -0.00263741026486 3.59442 3.56316 5.54456954411 -12.875314337 -0.686959796924
-119.849 37.8817 -0.000795335458178 0.000692904024073 0.0130873371315 -0.00348264043007 3.62912 3.62823 6.17120188941 -9.27517878614 -0.997401566403
-118.171 37.4993 -0.000522457924306 -0.000166371724187 -0.0235722863871 -0.00992318152704 9.52436 9.47958 -6.58910786787 -1.51846006884 -0.341654149522
-117.225 37.7243 -0.00106411232163 -0.000111626758523 0.0101481092989 0.000106917031647 3.65062 3.61512 3.56335087647 -3.15892237754 -0.935318828138
-116.595 37.923 -0.00214667732851 -0.000487732316412 -0.00210624042328 -0.000271116172402 3.41463 3.45443 1.68061724315 -4.53891052468 -1.74965710847
-115.747 37.6444 0.000774798526477 -2.67626052505e-05 -0.00271423858385 -0.000371522554715 3.62186 3.67459 -0.38666088732 3.71309122903 0.707427926984
-114.849 37.6083 -0.00030976150712 -0.000491515888218 0.00835721606486 -0.00264671233836 3.76997 3.85645 4.89066569475 3.61819190411 -0.119885050381
-113.86 37.5808 0.00258455558929 0.000985111693316 -0.022940429252 -0.00515500563237 12.0328 10.4959 -14.9572508082 9.15175223299 1.36462383551
-113.168 37.7601 0.00024817570387 0.00068390401904 0.00914891287163 -0.00224213298303 3.78141 3.6635 3.77505043503 -5.75334733599 -0.00607061020299
-112.363 37.6761 -0.0024154558663 -0.00165759989705 0.00640225193477 0.00618341870907 3.48552 3.57356 -3.02530937132 4.10141933339 -1.41071980422
-111.596 37.7222 -0.00174821807069 0.000141451645708 -0.0162729091948 -0.000984239971478 9.19033 19.9922 -20.6083912459 -13.8008538117 -1.35808509632
-110.802 37.6354 0.00133375617101 0.00121920826378 0.00756708447082 0.00173126140295 3.89889 3.93314 4.66440097508 -7.84931660025 0.887477353914
-109.995 37.6903 -0.00151221940217 -0.00237930083867 -0.0103654006625 -0.00288585249384 4.95915 5.0651 -0.640351521449 17.0117363007 -0.463000855778
-109.137 37.7459 -0.000741698329955 -0.000947545210976 0.0196528278811 0.00281926876685 2.85412 2.8729 1.20876800672 6.69504681642 -0.360181985395
-119.709 37.0069 6.71412785569e-05 0.00126879157974 0.00749412759747 0.00484267546995 3.59615 3.57617 2.04400386526 -10.9026708879 -0.49767188477
-115.22 37.2408 -0.000156916249239 0.000624671956045 0.0034805021028 -0.00425470302801 3.72148 3.63354 3.93513594984 -6.50873671424 -0.374921149882
-114.715 36.7256 0.000543928269616 0.000601963118716 -0.00393196350712 0.00179935354415 4.10423 4.07221 0.20983058959 -3.2303815336 0.239402492152
-113.907 37.0195 3.12739261412e-06 -0.00119736964879 -0.00282359718542 0.00432408326433 3.93114 3.98024 -1.7715744076 11.0421215804 0.535896224789
-113.084 37.0615 0.000493312603299 0.00052665839973 0.00192831057167 0.000149808132866 3.76395 3.72497 2.14188413745 -3.13780906884 0.259618678444
-112.382 37.0183 -0.0015287466316 -0.000739332871621 0.00628445043122 -0.00268739438726 4.06776 4.01107 7.68894198542 2.98452251005 -1.26397665113
-111.506 36.9839 -0.00124430981843 -0.000108768493995 -0.0172044315198 -0.00675541173925 11.7188 16.3074 -6.33511450392 -5.4517363934 -1.02808293524
-110.804 36.9969 0.0029224874252 7.78397605631e-06 0.0130398789327 -0.00594787430457 3.27043 3.27972 11.5026848029 5.98941852222 2.86362503338
-109.874 37.1364 0.000424615924954 -0.00193251097306 -0.00933984451198 -0.0019163359511 5.05383 4.81364 3.44286447499 20.8781835676 1.02716964996
-109.025 36.8299 -0.00133609512121 -0.0021843331375 -0.00161940269243 -0.000284683485269 4.19035 3.97365 0.55098087193 16.5403029903 -0.450529720469
-120.783 36.3627 7.98270966079e-05 0.000682676289662 0.00366436064413 -0.00254347939906 3.64315 3.6871 2.88974152252 -5.62235056798 -0.226116204586
-120.12 36.3356 0.000545980291254 0.0021574311427 -0.00229019579333 0.00178913160845 3.83061 3.93566 -2.03565635216 -15.4572481764 -0.620730120467
-116.33 36.4193 -0.000582244671696 -2.36857504034e-05 0.00266511810949 0.00330258837599 3.67646 3.68585 -1.09541414499 -2.46552716474 -0.507049210853
-115.383 36.423 -0.000274213499697 0.000986349656776 0.00201091369871 0.00275064206148 3.13977 3.16661 -3.64945217537 -10.085514695 -0.720509499424
-114.539 36.4321 0.00103394545191 0.00201791014864 -0.00205493098019 -0.00127471504463 3.97362 3.91062 -0.311032306674 -14.0905490098 0.0698299994434
-113.965 36.4151 -0.000378096850809 0.000282254267539 -0.00219877384178 -0.00239061888687 4.20627 4.15412 4.36840649803 -4.06164622587 -0.452661641236
-113.18 36.4182 0.000267825652838 0.000985897763518 0.000626765601111 0.00156386597734 3.54577 3.55183 0.936196120844 -8.24551151631 -0.144562981657
-112.291 36.428 -0.000126890377129 0.000512930968838 0.00639546807961 -0.00043646313451 3.81323 3.771 9.67611074113 -5.49029291896 -0.247877619926
-111.13 36.1428 -0.00110273950961 -0.000283319788975 -0.0190209602927 -0.00577944386336 10.925 11.3217 3.43772891063 -1.09495493642 -0.942944210875
-110.662 36.5996 0.00230037760471 -0.000400632735463 0.00170705687267 0.0123980917275 3.4511 3.47448 -10.5279153144 16.8429969891 2.14188460035
-109.87 36.4199 0.000582337440429 -0.000766954249075 0.00283624654101 -0.00173964802031 4.1684 4.07556 7.32769712831 9.44538022347 0.761576646927
-121.236 36.0214 -0.000443349260765 0.00033786433817 0.0065731366503 -0.00229101433058 3.73212 3.75263 2.41573426886 -4.83134786639 -0.547722999149
-119.903 35.8667 0.00118682897799 0.000453471365762 -0.0275499286186 -0.0151832316027 9.65429 9.8875 -4.13783687556 2.45643276079 0.759946891748
-115.43 35.8384 -0.00167575943081 -0.000196826252059 0.00401631441755 0.00377609949295 3.49062 3.6023 -1.6708028538 -5.98690773187 -1.39961115584
-114.851 35.7266 -6.58868039639e-05 0.00283932896958 0.00269773259814 0.00512898904087 2.89768 3.0725 -3.6238330066 -25.5556868314 -1.42875838988
-113.984 35.8522 0.000831075185358 0.000525677597992 0.00400301959572 -0.000366446842361 3.7908 3.88634 5.066616927 -2.19885854223 0.605454139738
-113.105 35.6339 0.00213086014373 -0.000506969021551 -0.0222963147822 -0.00528545911557 14.2297 32.9914 -1.39991405769 14.1934166484 2.1402634677
-112.173 35.8191 0.000802736776154 0.000608747418135 0.0158647154979 0.00784626379739 3.10055 3.10479 2.1234788427 -2.80597795168 0.522278107744
-109.933 35.7113 0.000227980156147 0.000322827568971 0.00671449417409 -0.000691095554715 3.83025 3.80208 6.64627951112 -2.62179415227 0.131267184689
-109.046 35.7147 -6.95684071172e-05 -0.00146723617481 -0.0112595214859 0.000615330800361 5.06559 4.99123 1.83125327501 14.3863170681 0.44023786044
-114.87 35.301 0.000149499863095 -0.00255266741231 0.00942875876516 -0.00850100475436 3.17138 3.33369 11.4587517386 25.4647033962 0.754518040751
-113.885 35.099 0.00053988301085 -0.00038637977142 -0.00279428923217 0.0061538985353 3.84853 3.88619 -2.67410344877 6.03193609029 0.657111984522
-113.083 35.2127 -0.000395881903345 -0.00175149684351 0.00923316808973 0.00511077059803 3.46983 3.50836 3.94299546981 15.457504797 0.236953858411
-112.267 35.1787 0.00031880525823 0.000521560186451 -0.0156098599429 -0.00933629897092 10.3706 10.7343 1.31466193278 -3.7205278298 0.0950259615409
-111.532 35.0951 -0.000159074403761 -0.00105491851177 0.00485601701579 0.00455789667109 3.61715 3.62515 -0.877796039345 9.31561406542 0.288788971328
-110.713 35.0789 0.000354873687509 -0.00110598550722 0.000107307890554 0.000847746663961 3.63736 3.70447 2.29933402504 12.1375038719 0.722167079287
-109.736 35.1181 0.00274044063295 0.000345831613873 0.00622611272356 0.00167795889892 3.91038 3.76193 1.35953572507 6.9794652865 2.43324521043
-109.388 35.1118 0.000522091514118 -0.00138419126058 -0.0123042630214 0.000996823881568 5.47204 5.19059 -3.34958294411 15.5880880098 1.06847463101
-113.83 34.5935 -0.000675946688232 -0.000264516002992 -0.0300883865639 -0.0160733494043 11.2061 10.9923 13.2083274436 1.26827578172 -0.609718725667
-112.891 34.4692 0.000360259431354 -0.000937641497845 0.00771937836085 0.00114541642333 3.56129 3.55841 3.84038330369 10.2980034607 0.663719233893
-112.237 34.4866 0.000277947069258 -0.000959571442168 -0.000608557257187 0.00346802615401 3.66954 3.69017 -1.38511786181 10.1701918775 0.660139744677
-111.441 34.4178 0.000591363760531 -0.000391869940131 -0.00257215993531 -0.00206843551005 4.29944 4.17029 4.03101896947 5.86814186746 0.687824461787
-110.806 34.3371 -0.000222302433438 -0.00157284997912 -0.000359641119032 -0.00212452474617 3.93468 3.92837 7.00035516599 15.1140559697 0.221180978265
-109.95 34.5293 0.0019641905217 -0.00108063283346 0.00213794407748 0.000517478438153 3.4454 3.48917 1.79838746296 17.9305136135 2.21978267442
-109.29 34.4275 0.00155916189078 -0.00130298936889 -0.000180496509846 -0.000696239693155 4.05333 3.98362 4.13917152996 18.1835539971 1.88665574819
-114.524 33.7503 -0.000693749504309 -0.000446688831697 -0.000456295293176 0.00749890888086 3.69646 3.8336 -3.15758929918 0.656342975842 -0.399670880652
-113.829 33.8142 0.000392220953304 -0.00010870720812 0.00155421061428 0.00985157005625 3.33082 3.39192 -1.4181668255 2.74236587553 0.400008971668
-113.005 33.9383 0.000848765132692 -0.000557914076977 -0.00203526564982 -0.00146550011516 4.07808 4.08501 2.85501649551 8.47370815063 0.993835847819
-112.333 33.9535 0.000269171454726 -0.000965232331056 0.00210126954178 -0.000224291140078 3.72893 3.74576 2.96456522699 10.2529659222 0.596210064977
-111.478 33.8798 0.000873358801782 -0.000260036395347 -0.000197883223697 -0.00112385634396 3.92469 4.08223 6.12315605501 5.25729168579 0.911174450235
-110.844 33.6953 0.000950698859068 -0.000868946431689 -0.00237271763092 -0.00121272093855 4.20973 4.32883 5.14028488599 11.6368200603 1.17236862924
-110.034 33.7776 0.000869059384212 -0.00168119087805 0.00137696504157 -0.00328262238591 3.69493 3.86126 4.35734713859 19.5591056308 1.35328056767
-109.254 33.9571 0.000572646319695 -9.03045609662e-05 0.00338937654453 -0.00137652982111 3.79372 3.76725 3.89645760773 2.80302139126 0.571961703659
-112.946 33.3627 0.000721996913215 -0.000540693160467 0.000182256637245 0.000765540267 3.83969 3.82173 1.68216731164 7.91698996266 0.874192892245
-112.158 33.2893 0.000119428785211 -0.00134208622851 0.0023454734968 0.000327617886191 3.66067 3.65456 4.68358638634 13.4127028925 0.552875562371
-111.427 33.341 0.000792842747221 -0.00109185239629 7.46844037528e-05 0.000463452525409 3.8023 3.74818 1.68322736118 13.5060575461 1.14099108523
-110.472 33.2969 0.000742193144413 -0.00105421041655 -0.000212310389852 0.00094895272754 3.94061 3.88956 0.0750082029272 13.1090029102 1.09339161129
-110.036 33.0851 -0.000181342551258 -0.00168929387693 -0.00164776531962 0.00342809544553 3.64175 3.53225 -7.35776345911 14.3062545652 0.68957219435
-109.266 33.2921 -0.000114876341006 0.000959192377508 0.0028965025211 0.000965323137965 3.68697 3.66052 -0.232006094277 -9.77418739228 -0.473654635033
