-122.707 48.7197 0.000886072482802 0.00137139641817 -0.00348856413247 -0.000395508299753 3.84742 3.85053 2.54173955465 -10.6825553786 1.47468734113
-122.085 48.9983 -0.00198236130765 -0.000196358973483 0.00309389771903 0.00468184253393 4.107 4.11261 -4.14927652463 19.9032977409 -0.659132020006
-120.384 49.048 -0.00136621697364 -0.00468850073183 0.0220461067551 0.008162225997 4.35874 4.39933 -18.2648592974 33.4776649068 -4.80577843541
-119.272 48.9534 0.003801541115 -0.0015151056553 -0.00595247490572 0.00358638050687 4.34741 4.37555 6.1653864043 -38.1593108008 -1.43505196555
-118.585 48.9752 -0.00304222620668 0.000170069368828 0.00869150881792 0.0100739393443 4.9171 4.93955 -7.45095394437 29.4344612719 -0.586154901281
-116.363 48.958 0.00375969945905 -0.00111864835751 -0.00273806086598 5.26929060478e-05 3.74971 3.76621 -349.752662049 -39.0105276049 -1.44922049508
-115.653 48.9339 0.00228984469339 8.72230122281e-05 -0.00785632626509 -0.00227332064558 3.5875 3.59237 -345.996401093 -22.7939264743 -0.288518528335
-123.504 48.0575 -0.000976729127324 0.000420031717759 -0.0107098223789 -0.00749843911411 3.31131 3.31209 10.2324074969 9.91010795542 0.413756715714
-122.096 48.2641 2.40193598953e-06 0.00343054338042 -0.00149923058304 -0.000760597121522 3.89682 3.91089 1.12881735667 -5.11975750754 3.39410835401
-121.484 48.5183 -0.00477294768629 0.000943235214636 0.00988550523293 0.00123480435214 3.65803 3.68163 -11.1687182858 42.1453383873 -0.765195059969
-120.12 48.4607 -0.00402547562521 0.00063803018174 0.0344097921623 0.00881007554281 3.98056 4.00179 -28.8850433779 28.8432964118 -1.90688250032
-119.333 48.3584 0.00680225169771 0.00173321302535 0.000876108619656 0.00189536727899 4.67757 4.78292 1.43483957566 -70.7763869097 2.43246732201
-118.149 48.4226 0.00297345164396 0.000712997956308 0.00341497156595 -0.00377653605512 3.59625 3.60494 -4.97733078698 -31.1494871829 1.29073719772
-117.225 48.2995 0.0082986645894 0.00144174267022 0.00352929350197 0.00277724938271 3.81064 3.89255 -1.88204401105 -85.9719562062 2.53799213767
-116.367 48.4366 0.00452723861329 0.000470404311226 -0.00016937300986 0.00331088414101 4.21367 4.24509 -352.923826839 -46.0123546861 0.31717771751
-115.589 48.4694 0.00277449542198 -6.16746910297e-05 -0.00341596219748 -0.000316729043367 3.94227 3.95155 -346.045260629 -28.0390099733 -0.514600024177
-114.468 48.3739 0.000831668944787 -4.42322211819e-05 -0.00147405464958 -9.24576067591e-05 3.8438 3.84428 3.03911937923 -8.49640527013 -0.0349415574128
-122.173 37.1311 -0.00108034200675 -0.000695434851827 0.00321360712601 -0.000379564542884 3.76753 3.76899 -4.56035690113 13.8848902264 -0.941941861165
-122.972 47.7172 -0.000791264646617 -0.000895154566343 -0.00867275590304 -0.000912478577073 3.98681 3.98821 8.22221928061 8.39627107695 -0.921889591273
-120.061 47.6902 -0.00932475060605 -0.00284112115725 0.0173712191793 0.00989798842774 4.8945 5.1362 -21.9713727166 97.4139000201 -7.11674273254
-119.045 47.7849 0.00611866384551 0.000632327587179 0.00731949803582 0.00121041033602 4.3464 4.41006 -1.4944769699 -63.011151367 1.54968056839
-118.274 47.8006 -0.00475899865173 -0.00220849802838 -0.0138323855013 0.00307761536625 4.20438 4.24588 -344.633936678 44.8107487986 -1.45795429349
-117.308 47.8192 0.00695711006793 -0.0021574702328 0.0034607524012 -0.00371781329136 3.48624 3.53236 2.50877687445 -70.0077658458 -1.74659864627
-114.574 47.6795 0.000706041045719 0.00081523958263 -0.00268005093269 -0.000302330439515 3.84805 3.84886 -355.29132854 -7.13216117291 0.803475807009
-122.803 47.1109 -0.0012463312494 -0.00191016700367 -0.00615904114501 0.00461793594839 4.48202 4.4905 6.40881886938 14.0511404805 -1.98591326333
-121.989 47.1881 -0.000507462776826 0.000605780543779 0.00342923764509 -0.00216580016963 3.49216 3.49208 -0.556783946068 4.05871160226 0.508364640206
-119.973 47.1936 -0.00652889671447 0.000435824052873 -0.025651542636 0.00173072709369 4.508 4.58788 -337.756841442 66.3418173999 2.03844161534
-118.921 47.0573 0.00687220962192 0.00227492491183 -0.0144028726202 0.0028327534857 4.51697 4.61617 -351.730585331 -70.547284134 2.13492245091
-118.309 47.0615 0.00529046285413 -0.00230626413711 0.00865655977681 0.000561958373526 4.0123 4.05532 -10.0831629489 -45.5400678946 -0.686705008695
-117.276 47.0547 0.00302753233439 -0.00282389739772 -0.00145686022035 -0.000112882393587 3.95328 3.97385 1.37341773329 -28.9656298222 -2.57931788575
-114.459 47.0943 0.00145489231943 0.0005505690642 -0.00240738532868 -5.94303083958e-05 3.86794 3.87007 -352.41524614 -14.6555890292 0.450111680153
-113.506 47.0816 0.000536034004015 0.000608962431582 -0.00114975398182 0.0012557505808 3.98392 3.9846 -355.295904378 -5.36218261646 0.592201354615
-112.52 47.0418 -0.00025628556744 -0.000368417356338 0.00050290820556 0.00115769303573 3.96334 3.96362 0.677172162156 2.75931432325 -0.375024959222
-123.563 46.5459 -0.00319447114983 -0.000744831572659 -0.0140860676949 -0.00523112815376 3.51878 3.52817 -347.859843644 32.8167848063 -0.661843242013
-122.72 46.5934 0.00160241674466 0.000372444852264 -0.00957043454138 -0.00256051175971 3.92957 3.93209 -341.972673719 -15.878331621 0.145425802253
-120.979 46.5433 -0.000330094401708 -0.00131722022799 0.00555673307032 -0.00262122019988 3.79816 3.79871 0.390587118831 5.35921485548 -1.35106362768
-119.855 46.5585 -0.00582657096757 -0.00217791997517 -0.00742375094662 0.000414827358552 4.47207 4.5402 -350.712291855 59.9007598786 -2.02858213205
-119.06 46.4911 0.00370287813724 -0.00258065245147 -0.00127816912696 0.0127813653382 4.9849 5.0324 -2.4112011269 -33.4731076481 -1.92497963761
-118.146 46.5139 0.00567671953504 0.000173703291104 0.00713131335662 0.00528562263269 4.26362 4.31408 -11.7968345151 -56.6386904703 1.94846736482
-117.11 46.485 0.00268994546929 -0.00267851949476 0.000291972688067 0.000942567020177 4.19655 4.21967 1.59709508739 -25.9396009337 -2.47819100222
-116.209 46.3559 0.00291332749829 -0.000610225006859 -0.000360474034264 0.00313050183242 3.91258 3.9266 -347.553720912 -30.972717907 -0.981262869694
-114.188 46.4423 0.000965717061306 -0.000751928454837 -0.00048578050238 -0.000896735121896 3.77972 3.78453 -353.538780014 -10.4763867975 -0.801297926096
-113.493 46.4162 0.00123684567801 0.00106156944711 -0.0019682329648 -0.000790607262472 3.77191 3.77773 -351.816836966 -11.8494635192 0.943962115472
-112.641 46.4246 0.000468832323006 0.000531664212479 0.00102409538497 0.000693831594094 3.90545 3.90811 0.074257926595 -5.10741275278 0.549291220772
-120.728 40.6183 -0.00949237757919 -0.00432431929273 -0.0110882556522 0.00262608612258 5.10531 5.42703 -350.564299651 103.951415135 -4.18407694619
-120.782 45.7664 -0.00207405133011 -0.000346558754945 -0.00112148381531 0.00500873069156 4.50257 4.50806 1.52772611651 21.9748993116 -0.597276330614
-119.928 45.8951 -0.00512452735748 0.00177217347564 -0.015241867138 0.00345536800263 4.66778 4.72421 -339.234289961 56.3598112914 2.86970766458
-118.777 45.7971 0.00523700167416 0.00434281319155 0.0187553801874 0.000917883841914 3.72464 3.77042 -24.228451494 -70.5125688333 6.42893513661
-117.909 45.7087 0.00825911880178 0.00121635972996 0.00471714158047 -0.00011115697295 3.85501 3.93416 -7.0418093935 -87.2813652467 3.09481744269
-117.228 45.9734 0.00364243821521 -0.000207802341368 0.00216294653848 0.000940097111485 4.13037 4.14492 -0.421589250481 -37.6797825375 0.189057252035
-116.155 45.8883 0.00241582604325 -0.00187040430929 -0.00262185947669 -0.000190849261048 3.92206 3.93015 -347.728020636 -27.621430944 -2.16156829331
-115.255 45.7565 0.00335746019325 -0.000232088388848 0.00157142322365 -0.000273232369454 3.79038 3.80116 -353.693864331 -35.3470523104 -0.349712815037
-114.332 45.7893 0.000814190420579 -0.000701331910243 -6.74109017768e-05 -0.000152071929955 3.83363 3.83419 -355.658419938 -8.65401645883 -0.712035733775
-113.37 45.8122 -0.000965745831122 -0.000456124084494 -0.00287396727311 -0.000743773057255 3.70325 3.7045 -353.122630716 9.78914598935 -0.387031537499
-121.317 45.2422 0.00414866754797 0.000843771839834 -0.00061827019087 0.00464950575809 4.6232 4.66107 4.51544001817 -44.1634488897 1.16259096936
-120.635 45.2357 0.0012834629834 -0.000211548682783 -2.65429952314e-05 -0.000372719820229 3.77962 3.78316 0.0732123776553 -13.0347141572 -0.022609105678
-119.669 45.2664 -0.00353230215189 0.00530028151574 -0.0119159841693 -0.00473247508108 4.23912 4.30693 -329.662111236 55.7995756928 6.2516145706
-118.96 45.2904 -0.00394646444124 0.00101354436722 0.00624645012984 0.00306076798828 5.23732 5.29533 2.02820753973 40.4438435759 0.657114034179
-116.268 45.3997 0.00315620880997 -0.00155492106113 -0.00259128070254 -0.000770169868562 3.90491 3.92408 -351.891418098 -34.0923369443 -1.71950480444
-114.233 45.0931 0.00081041251441 -0.000381495641926 -0.000698501331679 0.00111249752792 3.96174 3.96721 -355.205082853 -8.66885129574 -0.399544546385
-113.46 45.2432 -0.00147192539205 -0.000571304840297 -0.00200114158529 0.0011423632862 3.82424 3.83118 -353.500606573 15.1567563571 -0.478138171758
-112.489 45.166 -0.000917873427585 0.000365064863079 -0.00274053667773 -0.000957807618162 3.75304 3.75762 -355.461685045 9.86892647313 0.402776890357
-124 44.6764 -0.00141565480808 2.77658988803e-05 -0.00111357013302 -0.000315507736567 3.73918 3.74461 0.920669490536 14.6341185635 -0.220735919534
-123.292 44.6765 -0.00559850939057 -0.00121769488233 0.00189125474308 9.88457333302e-05 3.6248 3.65993 -5.89229911547 60.2736640376 -2.74597351104
-122.186 44.6837 -0.00952317851212 -0.0013032512017 0.0275079385928 0.000373043414203 3.19721 3.26239 -19.1051902462 94.8086629717 -5.72127564954
-121.227 44.6473 0.00672302270345 0.00366661036806 0.0188448887946 -0.00259885766044 3.82684 3.89902 -15.1328437032 -80.7437041657 6.0866174961
-120.335 44.7344 -0.00655649288064 7.38381934962e-06 0.00673263611759 -0.000944136555858 3.64456 3.69069 -12.039566553 65.0428294718 -2.26266224125
-119.565 44.5913 -0.000415336799071 0.00311343493117 -0.00547618291936 -0.000264849122148 4.70835 4.736 -342.694217979 9.89259520566 3.13893991698
-118.67 44.5191 0.0085462823334 -0.00193180394895 -0.0073882305044 -0.00255912901877 3.24108 3.29753 -337.145798096 -92.9046276766 -4.20140289614
-117.664 44.6653 0.00535965282314 0.00236144817538 -0.00403581708896 0.000684529808754 3.78289 3.82418 -346.439525288 -53.1787040596 1.6516299629
-116.747 44.589 0.00521383280002 0.000658550732583 0.00332907693607 0.00246876386543 4.11097 4.15383 -0.688641505499 -55.8450099958 1.21284950147
-116.013 44.7035 0.0019171458848 2.07230150384e-05 -0.00118255596663 -0.000138140345097 3.87372 3.88072 -353.826857195 -20.351564913 -0.0222801230687
-114.855 44.5494 0.00412317880144 8.71877577109e-05 -0.00188994371703 0.000668091884646 3.73442 3.7548 -349.281407526 -43.4808199295 -0.396080688278
-114.255 44.5642 0.00154893256897 0.000709737081599 -0.000132473271398 0.000553624421172 3.84371 3.84939 2.66807916498 -16.6027663093 0.733010730084
-121.551 36.3887 -0.000456670972364 -0.000644466251218 0.00230859078916 0.000843013640534 3.90063 3.90363 -6.80291529956 7.09458818271 -0.746134482119
-121.461 40.8161 -0.0029745197645 -0.00202182716985 0.00903037822445 0.00205831660429 3.9372 3.95536 -14.2590476343 38.8451740211 -3.03727059455
-119.023 36.6801 0.00250259087572 0.000982396629622 0.0108461975172 0.000392144947124 3.65053 3.65923 -9.85013775813 -30.780063903 1.67941977045
-123.83 44.0035 -0.00150351814617 -0.000981479254115 -0.000103743578121 -0.00229147105265 3.47589 3.4799 -0.0308135219347 17.6413652437 -1.24868447193
-123.278 43.9726 -0.00336928746172 -0.00152639348572 0.00300354710723 -0.00210034284505 3.54614 3.55983 -3.25345001027 38.6215373788 -2.28238766585
-121.268 44.1626 0.00389158412092 0.00412725601225 0.0323613143651 0.0024171318379 3.49208 3.5213 -25.4722557774 -58.923071347 5.60419789718
-120.211 43.9437 -0.000354501452185 -0.00108272737833 0.0054162839952 0.0027019208833 3.94212 3.94515 -13.1201232421 7.71010203521 -1.13759619676
-119.504 44.082 -0.00187635867313 -0.00469677889234 0.00753986968762 0.00079363006115 3.67715 3.7043 -26.3910746755 44.5641736008 -4.94351800201
-118.569 43.9104 0.00330027139154 -0.00277885171047 -0.00397277334473 -0.00380222523753 3.49859 3.51575 -346.432486146 -38.4967176678 -3.14494554249
-117.741 43.9733 0.00720105810705 -0.00272989900188 -0.00664735712438 0.00243382132904 3.30192 3.34678 -324.062157436 -81.310306721 -5.93994505673
-116.803 44.086 0.00520160467512 0.00327972360616 0.00423210525615 0.000131960684058 3.82701 3.87174 -0.522019891296 -58.9426642393 3.80766587866
-123.575 43.3654 -0.00237481843629 -0.00142554164088 0.00122927272869 0.000713198181198 3.83111 3.84081 -1.52725630539 28.0304826533 -1.89665905863
-122.965 43.3717 -0.00648699526179 -0.000857778514451 -0.00247807359261 0.000890205124213 3.86489 3.9169 3.94045301724 69.9617494097 -1.56528120075
-122.109 43.2406 -0.00313628541314 -0.00303122539808 0.000588638764949 0.00474646229198 4.11376 4.1419 -4.06058611352 40.3447848947 -3.68601050322
-121.236 43.2843 -0.00195099306676 -0.00180530112037 0.0168280255473 0.00629751739684 3.81538 3.82413 -22.9383877059 27.9981623058 -2.56319202554
-120.153 43.2515 0.000112439945673 -0.0015865239415 0.0163319591908 0.00181904887689 3.82285 3.82646 -22.0872543036 7.52523061653 -1.31491033886
-119.311 43.3736 0.00206807708914 -0.0024481574133 0.0109945150655 -0.0002299580516 3.44073 3.44977 -17.5069288932 -9.04501015169 -1.34716636489
-118.474 43.358 0.00356028155094 -0.00103211297827 -0.00972850805223 0.00217920231448 3.90181 3.91919 -338.220717269 -39.8383798746 -1.91715549651
-117.754 43.3471 0.0030742491083 -0.00237542939415 -0.00637223934708 0.000449559055499 3.67221 3.68802 -337.733556452 -38.8381785506 -3.13156765311
-116.767 43.4275 0.00551504571077 0.00237277302269 0.00347957145058 -0.0024848700643 3.39432 3.4237 -354.505316392 -59.3179348805 2.3716483594
-115.828 43.4151 0.00459019150479 0.000252043811789 0.00121056357983 -0.00128756881505 3.70335 3.72586 2.98234766443 -49.4723782472 0.394154546218
-115.098 43.25 0.00106925692916 -0.000270072718144 -0.00281606526978 -0.00147228227486 3.62568 3.62738 -353.54757572 -11.6405655067 -0.311998862722
-114.174 43.3979 -0.000194443371857 0.000303096703219 -0.00332952315314 -0.00149050402782 3.63962 3.64024 -354.585352983 2.20454421233 0.309494679042
-124.469 42.8088 -0.000466524063179 -0.000617996893162 0.000918023747076 0.00139866904352 3.84852 3.84978 -1.3975938707 6.35266346465 -0.70602247217
-121.731 42.6133 -0.0040800344231 -0.00340778385776 -0.00266350644329 -0.00591038540578 3.44424 3.46828 1.0021211449 48.8992116406 -3.9621125428
-120.893 42.7258 -0.00150711798325 -0.000484796545916 0.00861326855798 0.00268455521873 3.66099 3.66396 -12.3331217251 17.0604580447 -0.992852633532
-120.251 42.7991 -0.00021025759687 0.00203273039861 0.0197742512194 -0.00467268292501 3.29716 3.30056 -20.5220595189 -8.54505277696 1.6820095704
-119.247 42.6912 0.00258744212474 -0.00182327208097 0.00800675471313 0.000779377794535 3.95178 3.96496 -5.54967486037 -22.8497105497 -1.19665894522
-118.486 42.7308 0.00441082301153 5.2542479017e-05 -0.0066702951771 -0.00124458815152 3.74643 3.76782 -337.728945868 -45.8428511494 -1.1244662622
-117.725 42.6996 0.00177082804841 0.00112421562771 -0.00584576866627 -0.000900209114101 3.71676 3.7218 -346.503057479 -17.4832519201 0.891288769122
-116.87 42.7779 0.00621013431266 6.46721301378e-05 0.00447573656462 0.00048168575054 3.57352 3.61014 -353.750375181 -67.2278402035 -0.00888499194193
-114.903 42.636 0.00123651901613 0.000307226806615 -0.00306310338955 0.000400518829929 3.70443 3.70656 -353.127794647 -13.2440580861 0.245950047702
-114.084 42.6493 -0.00141898874812 0.000326601099223 -0.000296893658576 4.74503085053e-05 3.74312 3.74583 -355.945283241 15.4484901807 0.342448355567
-113.176 42.5452 0.00269993473194 0.000275851512254 0.000136467817653 -0.000120021534467 3.79292 3.80156 -0.119035798112 -29.4745827959 0.408726277726
-123.602 42.156 -0.00235672961012 -0.000370283902188 0.00189727385239 -0.000156628348633 3.75757 3.76415 -3.51858396721 25.6947120876 -0.940139596297
-121.891 42.175 -0.0040932273388 -0.00324067156495 0.00399001234743 0.000977333516243 3.76413 3.79438 -11.3356438898 53.9507807078 -4.48237267251
-120.834 42.0472 -0.00149937270192 0.00205249518278 0.00791796797305 -0.00635919922839 3.06736 3.07139 -14.621593913 6.16059072808 1.29346544466
-119.34 42.0187 0.00239470002656 -0.000604131139127 0.00754859092819 0.000841260796491 4.00093 4.00939 -5.72882731736 -23.8791611542 -0.040482959492
-118.344 42.1901 0.00238213301353 7.03064498341e-05 -0.00953391478901 0.000940776314576 3.98395 3.99174 -343.911698896 -25.4464761104 -0.318395160104
-117.667 42.0192 0.00156916602211 0.00278329338774 -0.00145081560044 0.000957522472306 3.72923 3.7404 -347.370638719 -13.6040239346 2.59001066895
-115.016 42.146 0.000753867997472 0.000394263519082 -0.00312898195454 0.000123073355628 3.7327 3.73386 -353.652714286 -8.05338523133 0.364962679947
-113.944 42.0886 -0.00100962770321 0.000854860832461 -0.00115788730283 -0.00036759594161 3.66345 3.66557 -355.581493277 11.2062315078 0.874232987584
-120.74 38.7552 -0.00852801738024 -0.000741948604393 -0.00081281003139 -0.00177313700223 3.91149 4.00398 -10.6698116804 93.1372589751 -3.52185471964
-124.122 41.8473 -0.000153990743768 0.000423870310797 0.00128618648016 3.01251794522e-05 3.77971 3.78033 -2.36097129493 0.54838900292 0.376093207307
-122.854 41.392 -0.00270645847398 0.000171730898778 0.00179227088883 0.00117473167809 3.81974 3.82848 -4.83406986925 28.0356370335 -0.536555703549
-122.122 41.2742 -0.0108468745042 -0.00221993841356 0.00194485168994 -0.00163925129223 3.59096 3.71219 -10.3956538506 119.754602245 -5.80342415643
-121.839 41.7826 -0.0042004106396 -0.00150589870831 0.00238447788483 0.000775291772084 4.09657 4.12509 -12.8357484995 48.519096666 -2.9845827554
-121.146 41.3593 -0.00667828175132 -0.00405297060652 0.00312956742273 -0.00428917758815 3.63448 3.69569 -9.81599194435 83.4205426956 -5.98129886949
-120.477 41.2047 -0.00502212505268 -0.00611211653142 -0.010582300796 0.012755898731 6.62617 7.03144 -334.842323833 33.3844417903 -4.40282925674
-119.171 41.3884 0.00490772961383 -0.000249001470299 0.00670995799166 0.00418239398946 4.1315 4.16693 -8.21536975471 -51.0749855798 1.07898375435
-118.379 41.4483 -0.0014248366188 -0.00149881021462 -0.00602038061769 -0.00171920448529 3.79252 3.79762 -353.22233677 15.6124244641 -1.49834601623
-117.45 41.423 0.000659002817251 -0.000697712990265 0.0024624458802 -0.00242728554723 3.31722 3.31814 -347.617584768 -8.03237229213 -0.766242706246
-116.54 41.522 0.00653231826621 -9.76237164443e-05 -0.000134293887658 -3.94874513689e-05 3.67499 3.71902 -352.50000484 -71.6428725028 -0.344668988245
-115.791 41.4311 0.00398814189319 -0.000328200344537 0.000346047927424 0.000420263212713 3.62067 3.63647 -352.775809423 -43.9228763603 -0.499921299996
-114.915 41.4157 0.000564198109779 0.000308976413401 -0.00128263579871 0.000451127275306 3.8096 3.81041 -354.151157 -6.09325826951 0.2913238675
-114.165 41.3602 -0.000964591598636 0.000756026986867 -0.00135934206325 -0.000156520090545 3.76104 3.76299 -356.107991766 10.6710175841 0.762809735125
-123.306 40.822 -0.0025406767074 0.000491816279478 0.00334318889804 0.000145548811145 3.9269 3.93551 -6.96873247828 24.9449570124 -0.296680635937
-119.835 40.7484 0.0036431673191 0.00416987757985 0.0218968272786 0.00326249977135 3.09453 3.11329 -33.0770357691 -60.4584298442 5.53717309561
-118.971 40.7797 0.00587822988637 0.00242800178318 0.00314693064021 -0.0046640869294 3.64905 3.68983 -3.58782589138 -68.7035949435 3.48812036715
-118.134 40.7811 -0.00154759406085 -0.000831420713531 0.000342479075965 -0.000297497910657 4.0167 4.02112 -1.38296627708 18.1876145158 -1.03782159425
-117.524 40.852 0.000533298184369 -0.00122904625465 0.000860586132988 0.000265276784802 3.75379 3.75601 -349.361593714 -6.93800190179 -1.26733798337
-116.508 40.7186 0.00527878444456 -0.00065064545367 -0.000120284358148 8.49557058424e-05 3.7579 3.78899 -350.528452902 -58.7415624754 -1.03109463154
-115.736 40.8167 0.00366841912626 -0.000337459396613 -0.00061309214806 -0.000537434155155 3.76249 3.7775 -351.411784055 -40.7063446694 -0.584359324782
-115.039 40.8522 0.000361202381067 0.00128233467677 -0.00250479718506 0.000532836215682 3.83026 3.83257 -351.30693632 -2.86336106114 1.24988869969
-114.204 40.8556 -0.000965794902798 0.000758330042275 0.000472073765285 0.000865411498606 3.81846 3.82044 2.27845414917 10.4948622551 0.73715722191
-123.82 40.1398 -0.000284366437376 -0.00101079749184 -0.00216513922505 -0.000183961476074 3.81724 3.81875 1.67040515561 4.90142638907 -1.04349378401
-122.788 40.1767 -0.00296932610015 -0.000586403709272 0.00165026626393 0.000363688065651 3.78464 3.79501 -3.78812428763 33.3931325105 -1.28633187702
-122.032 39.9971 -0.00542825033981 5.71757040276e-05 0.00231557532622 0.00228050294771 3.82431 3.85819 -9.34182848295 56.6613102392 -1.70932297201
-121.086 40.32 -0.00418834919358 -0.00148107788948 0.00409766960987 0.0072064167234 4.46913 4.5053 -10.5809041273 49.1092373965 -2.79162660448
-120.918 39.962 -0.00707010959804 -0.000327349109285 0.0138210008805 -0.00228392661888 3.80416 3.86131 -19.8300791576 70.6241550712 -3.67034062156
-119.827 40.165 0.000458321640271 0.000350087918563 0.00270544402226 -0.00339294040599 3.59367 3.59398 -1.50656392135 -5.64782697889 0.420336313443
-118.877 40.1614 0.00277497485495 -9.25265139633e-05 -0.0016596417764 0.0152162791766 6.55452 6.5988 -0.538184431449 -30.3802998518 0.280558871848
-118.155 40.2903 0.00150127612811 0.00167006522152 -0.0016033505487 0.00444812261573 4.35642 4.36481 5.28709719101 -17.0730525835 1.70420341358
-117.19 40.1697 0.00351167332042 -0.000362624579002 0.00219025619741 -0.000503572954476 3.7141 3.72704 -348.74404756 -39.2319603126 -0.691308748795
-116.5 40.2917 0.00521264832263 -0.00045238384347 -0.00109307939191 -1.038827412e-05 3.96001 3.99482 -348.527577288 -58.0935549412 -1.00843755264
-115.657 40.1313 0.00170440927253 0.000177658237603 -0.00221408844414 0.00121028424089 3.98304 3.98668 -352.871773035 -18.8665963421 0.104271530319
-114.745 40.2679 -0.000177550953855 0.00140780541277 -0.00242417401882 -0.00016609700706 3.74405 3.74607 -353.631051854 2.63254378869 1.41403850389
-123.338 39.469 -0.00125418406328 7.24788466161e-05 0.000645705544711 -0.00166928418317 3.65369 3.65511 -1.33126701543 13.4703586652 -0.189155023559
-120.608 39.3028 -0.00572425969156 -0.000992667285925 0.0105675831439 0.0045995172553 3.77263 3.80973 -19.7317744066 61.5788301767 -3.58509488099
-119.898 39.6785 -0.00137215783753 -0.00202299750047 -0.0112766479724 0.00655668739373 8.2104 8.27622 -330.133823118 5.78045648585 -1.36548915984
-118.889 39.5399 0.00421398609962 -0.00370903568625 0.0041749582757 -0.00848292646577 3.49731 3.52477 2.79829799764 -43.7419086361 -3.37514783424
-118.08 39.6946 0.00229683022509 0.00365838949944 0.00529596776269 -0.007691568339 3.47532 3.4911 3.06529090082 -28.0680584522 3.79162902212
-117.14 39.5516 0.00438557533951 -0.00149116362857 -0.00271660499503 0.000647460763708 3.7832 3.80667 -342.685020397 -51.3769088703 -2.33438275171
-116.464 39.6202 0.0045007184632 0.000311465308879 -0.00198043581647 0.00179835841672 3.81355 3.83632 -346.106769212 -49.2334356036 -0.364286456586
-115.754 39.553 0.00177076083442 0.0011297607096 -0.00144253059373 0.00149874719751 3.95216 3.95732 -353.322457846 -19.3830553733 1.06956082535
-114.908 39.4731 -0.000137034507383 -0.000480995480786 0.00135837377311 -0.000714213276775 3.67498 3.67491 0.577287617388 1.86315395568 -0.48848790422
-122.015 38.6333 -0.000255381879195 0.00022333222329 0.0051051896362 0.00289698563898 3.93936 3.93908 -12.8282925143 1.69103509902 0.108762680443
-121.377 38.839 -0.00363651608753 -0.00095058736432 -0.000964778208157 8.19813178461e-05 3.85975 3.87587 -5.93339053275 42.1448161566 -1.8637500667
-118.808 38.9383 0.000818465008904 -0.00147345811782 0.00981401973602 0.00291282669478 4.07357 4.07696 -10.9487291724 -3.59891481725 -1.14640257399
-117.932 38.8606 -0.00206828725774 -0.000409655069646 0.000174290682999 0.0149344230903 6.91022 6.93743 -6.51151783208 23.7107945346 -0.863597216625
-117.182 38.834 0.00452208486325 -0.000657662618667 -0.00979616867514 0.000555860045758 3.59539 3.61477 -338.339124036 -51.0169310323 -1.86276934016
-115.654 38.8455 0.00197444484745 0.00111749984833 -0.000638161983335 -0.00179051880983 3.64235 3.64685 -355.210417503 -22.2321005536 1.11385952065
-114.83 39.04 -0.000101382796131 -0.000473190162065 0.0022026294286 0.000505915088033 3.75392 3.75348 -1.36256316528 1.63706346572 -0.480628692075
-120.936 38.2571 -0.00358012953582 -0.00107291119163 0.00654686106567 -0.00087961637898 3.86489 3.88053 -9.51927074126 42.1508024186 -2.14488121246
-120.076 38.7028 -0.00333480786343 0.00059206596973 0.0193813563777 0.00923015452046 3.28047 3.28825 -37.8277036347 21.2789550258 -1.98593449759
-119.451 38.5226 0.0043801912218 -0.00104948174237 0.00506734492628 0.00144151442695 4.10689 4.13491 -8.07776279194 -44.3153140305 0.177684981235
-119.047 38.089 0.00389674433138 0.00154857820308 0.0149243734148 -1.24281323264e-05 3.45603 3.47048 -23.4716548956 -46.8803250514 3.32656549615
-118.106 38.3489 0.000973941036898 -0.00374144460619 0.000602460281779 -0.00413498980714 3.74864 3.76435 0.62021550546 -6.53544485125 -3.61933894722
-117.072 38.2397 0.00134239077732 -0.000560565121217 -0.00636178451034 -0.00200420245246 3.44091 3.44244 -342.979788091 -16.1504129364 -0.810948325343
-116.302 38.2886 0.00152871941876 0.000269991323982 -0.00176876797257 -0.00403641672155 3.48529 3.48686 -350.712399604 -17.0560978981 0.160361938537
-121.328 37.5049 -0.00221005151326 -0.000221703237802 0.00778170806395 0.00158874556625 3.94312 3.94786 -13.195355022 24.1781613374 -1.04525714477
-120.33 37.346 -0.00414194981945 -0.000549786846872 0.00193329146675 0.00384907141567 3.8732 3.89186 -20.7789869519 44.2524889129 -2.49803919989
-119.849 37.8817 -0.00308747776757 -0.00066242247821 0.00991048195935 0.00514487075539 4.08201 4.09299 -33.3958805916 31.2303608956 -2.5380493306
-118.171 37.4993 0.0022626165901 0.000695784527907 0.000622971507332 0.00241251876405 4.07619 4.08202 1.18555232937 -26.4321610802 0.90938425073
-117.225 37.7243 -5.63780165162e-05 -0.000632381466276 -0.00827313209606 0.000570054290849 3.84501 3.84569 -348.120069562 -0.107004550777 -0.623145486605
-121.786 39.2291 -0.00296058863256 -0.00042388854089 0.00457939307196 -0.00326145357799 3.59856 3.60945 -8.54695892567 32.8986653346 -1.31777794597
-120.674 36.8953 -0.00371064724119 -0.00127474826492 0.00631710372061 0.000152055169567 3.76555 3.78796 -16.1319890328 44.6353606734 -2.71323024368
-119.709 37.0069 -0.00164057716098 5.99431975449e-05 0.00247787735687 -0.00513170731518 3.22699 3.23364 -34.5813113206 13.3726659426 -1.06382077426
-120.783 36.3627 -0.00352115906226 -0.000599377332564 0.00191235072526 0.00174998200772 3.91718 3.94067 -16.8863341201 39.4611652479 -2.06454197385
-120.12 36.3356 -0.00560838494201 -0.00153107751371 0.0108756651815 0.00324709048688 3.68149 3.72159 -24.8480327242 63.6708679101 -4.34502746034
-121.236 36.0214 -0.00121167853988 3.54293470499e-05 0.00256784262716 0.00167499562282 3.89177 3.89732 -6.61939714618 13.327929773 -0.294807557449
-120.87 35.636 -0.00168011131428 0.000302488628971 0.00424743313734 0.000588317113875 3.7634 3.76719 -7.74404405311 17.6299220621 -0.190226319162
-119.903 35.8667 -0.00319257045577 -0.000965559368409 0.0112316396382 0.00487242447994 4.04189 4.05521 -19.4816693859 37.8761739334 -2.3337341177
