-122.707 48.7197 0.00264255826885 5.50231193298e-05 0.00597655667885 -0.000366547612157 3.61269 3.61724 1.00929350606 -26.4821322007 0.466856867538
-122.085 48.9983 0.000328010813219 -0.00011389254768 -0.00570602382354 -0.00108913436126 3.83867 3.83964 6.06162269992 -3.23427751175 -0.0939217375262
-120.384 49.048 0.0021585598005 -0.00127300250097 -0.00936108065425 0.000936673347351 3.96748 3.97289 -345.988113529 -22.9957255993 -1.48444150581
-119.272 48.9534 -0.0012192877429 4.19775313162e-05 0.00617005294469 0.000223622649772 3.8114 3.81311 -4.8462948575 11.9756063855 -0.216914813142
-118.585 48.9752 -0.002520119457 -0.00024825983229 -0.000636388875464 -0.00329702926451 3.54893 3.55277 -0.265942606035 25.6400297208 -0.558102838867
-116.363 48.958 0.00357275079272 0.000630509770662 -0.00226618115322 -0.00109785731849 3.63523 3.64302 -353.265080975 -36.0610079299 0.53051195971
-115.653 48.9339 0.0024407907262 -0.000568285253333 0.000655128631309 0.00155108239937 3.9042 3.9091 0.338981059644 -24.288959183 -0.385838439914
-123.504 48.0575 0.000194948275781 -0.00092884664174 -0.00342961658961 -0.00513490949127 3.45186 3.45267 5.15889964188 -1.07843972976 -0.906175974008
-122.096 48.2641 -0.000184190167357 0.00125722345161 -0.000873921593132 0.00192001673116 3.84095 3.84245 7.91377768871 1.51253189736 1.25153976395
-121.484 48.5183 -0.001256541905 0.000947533219322 -0.00847888858275 -0.000311366910301 3.77547 3.77735 -346.78455251 13.416769289 1.03611533548
-120.12 48.4607 0.000856852638613 0.000941346369437 -0.00753371221927 -0.0029043418854 3.75183 3.7531 -349.522739379 -8.29577376629 0.903697023825
-119.333 48.3584 -0.0014096433772 0.00175937426319 0.00499171974521 -0.00132628800672 3.6439 3.6469 -4.20795053111 10.4575520529 1.43929638298
-118.149 48.4226 8.8732486474e-05 -0.000173068583703 0.00140421782514 8.97184075335e-05 3.73806 3.73822 -1.86787883104 -0.637886069289 -0.15829920813
-117.225 48.2995 0.000909941846832 0.000213541216943 -0.000509896448284 -0.00117425372456 3.56285 3.56335 -353.343044529 -9.26062633822 0.199892182225
-116.367 48.4366 0.00358830582164 -0.000401649444352 -0.00188622793398 -0.00244090609776 3.5256 3.5321 -349.341767858 -36.8434721667 -0.744848495325
-115.589 48.4694 0.00251284361832 0.000713420520482 -0.00114281305023 -0.00125800989258 3.7061 3.70994 3.08671283551 -25.8234874087 0.777008646947
-114.468 48.3739 0.000418543179299 -0.000290739769331 0.00220931804856 -5.2248860857e-05 3.77328 3.7732 -1.83323350583 -3.97339536784 -0.24919076579
-122.173 37.1311 -0.00191263048838 -0.000823125190076 -0.000535482843324 0.000662626824395 3.81135 3.81373 -0.546213435432 23.1131469202 -1.15381671961
-122.972 47.7172 -9.57422792848e-05 0.000145095078344 -0.00513015635558 -0.00225202972885 3.59743 3.59706 7.11587428995 0.897270872825 0.139739197944
-120.061 47.6902 0.00437584999001 0.00444522730305 -0.00501708272523 0.00278243313937 4.19193 4.2242 2.75282131389 -48.8436470619 4.82512665601
-119.045 47.7849 0.000865197464107 0.000246747938397 0.00367685286791 0.00230331015541 3.95515 3.95492 -4.02102539932 -9.19606894493 0.410351641591
-118.274 47.8006 -0.000461485143474 -6.53824247519e-05 -0.000288059496833 -0.000211354406747 3.91719 3.91622 -0.0332329671994 4.78106314431 -0.118299639222
-117.308 47.8192 0.00117207110251 -0.000673004844464 -0.000261194548093 0.000524154552606 3.89352 3.89338 1.21402595384 -11.4335508229 -0.575771875008
-114.574 47.6795 0.000787312224446 0.000224500106826 0.000733324511074 -3.95447824176e-05 3.76665 3.76569 -0.112190833113 -8.24649086921 0.27719596461
-122.803 47.1109 0.00015197416464 0.00326048966211 -0.0081584679449 0.00256851173345 3.84595 3.85142 -345.978505681 0.749981100434 3.24228552081
-121.989 47.1881 -0.00141042958476 0.00121741733406 -0.00200312368964 0.000143152858354 3.70279 3.70363 9.14361064586 14.4448415587 1.20980822651
-119.973 47.1936 0.00159362552653 -0.00131857406271 -0.00441969330177 -0.00368247222912 3.36836 3.36922 -346.687169065 -17.640178648 -1.46274232824
-118.921 47.0573 0.00256597439967 0.00119931113428 0.00486549437318 0.00202791519703 4.00055 4.00463 -8.67344435499 -28.8967322316 1.85189413417
-118.309 47.0615 0.000212330437528 -0.000503348858958 0.00216370306976 0.00091604487608 3.85214 3.8506 -7.18697917775 -0.888507405241 -0.438034832112
-117.276 47.0547 3.85094497162e-05 -0.000380676251485 -0.00242889681491 0.00108490415549 3.90664 3.90468 2.27117295352 -0.152290522236 -0.377536566518
-114.459 47.0943 0.00203867544538 0.000561774992153 0.00162706674038 -0.000136414182643 3.70453 3.70512 -1.38106076158 -21.5614678956 0.739293001493
-113.506 47.0816 -0.000223225875214 -0.000226374390757 -0.000351981206779 -8.18113284602e-06 3.77293 3.76943 0.610203787424 2.40857891451 -0.235272910239
-112.52 47.0418 -0.00145864245613 0.000401211745452 -0.00237236344493 -0.000160684457085 3.76972 3.76761 -357.343616444 15.1718220781 0.413249366877
-123.563 46.5459 -0.00265981310025 -0.0003571655411 -0.00610170011685 -0.00491614498976 3.53508 3.53661 6.40020222779 27.6977496217 -0.553563860751
-122.72 46.5934 -7.00681672002e-06 0.00146671488744 -0.00740448753099 -0.0106139405824 3.27613 3.27635 -339.269128886 2.89281747496 1.44243552764
-120.979 46.5433 -0.0017553835431 -0.000820177200746 -0.00413231408363 -0.00526776252225 3.53301 3.53579 -348.875001156 17.8288439333 -0.744732614145
-119.855 46.5585 0.00102052831539 0.000785121640583 -0.00775678660873 0.00231489156891 3.87579 3.8812 -340.803427721 -8.78098842505 0.568510643236
-119.06 46.4911 0.00350575183975 0.00239157200873 0.00145229607371 -0.00114970753135 3.73023 3.74547 -1.40434210737 -39.7697991052 2.89007365282
-118.146 46.5139 0.00180687352749 8.86273104831e-05 0.0043781553803 0.00173199538318 3.92515 3.93237 -6.76108348691 -18.508418256 0.501195473905
-117.11 46.485 0.000175480937341 -0.00152993489576 -0.000677811449271 -0.00216216136076 3.63169 3.63629 1.57588165531 -0.671409524078 -1.51325356803
-116.209 46.3559 0.00126620618135 0.00148694792808 -0.00248040939931 0.00230790329386 4.02179 4.02734 -350.85051427 -12.0652463296 1.39209842668
-114.188 46.4423 0.00165921118522 0.000526345539167 0.00103375236043 0.00040426317301 3.79238 3.79699 0.209176529643 -17.6039867866 0.619871590906
-113.493 46.4162 -0.000777652862471 0.000730229178911 -0.000621244940409 0.000407803978208 3.80286 3.80699 0.813329909552 7.83425574969 0.700952609989
-112.641 46.4246 -0.00104309122643 -0.00057706921077 0.000325292497933 -0.000539300712421 3.66183 3.66689 -0.345468032418 11.1608524385 -0.624191197842
-120.728 40.6183 0.00274225844395 0.00179356145301 0.00335837991154 0.00184929395668 3.90049 3.91576 -4.5401342521 -33.9390574706 2.36969181473
-120.782 45.7664 -0.00204864703459 0.000409953919504 -0.00719801997678 0.00179135990469 3.66929 3.68232 -344.62206908 21.7868820999 0.650848518074
-119.928 45.8951 0.00255492434039 0.00265998627958 -0.00509529142576 -0.000615449100055 3.6914 3.7133 -342.409360126 -21.6430764328 2.19134340072
-118.777 45.7971 0.00435431296829 0.000297020600414 0.00141452551249 -0.000880518499851 3.71383 3.74228 -1.6899964652 -45.5688093823 0.951942379736
-117.909 45.7087 0.00253054484427 0.000282918803825 0.00470905534485 6.90260671102e-05 3.71153 3.7334 -6.10029040988 -26.5744036807 0.821411372366
-117.228 45.9734 -0.000636129451039 -0.000553463010263 0.000577355824758 0.000300388950239 3.8447 3.86372 -0.60039188746 7.26700417886 -0.621065729359
-116.155 45.8883 0.000252872466067 0.00100030306466 -0.00325009688643 -0.00133987013601 3.61528 3.62865 -349.951084977 -1.71661070118 0.974102195393
-115.255 45.7565 0.00357397365356 0.000258080396334 0.00102381146685 -0.000883272337795 3.67783 3.69586 1.34723172331 -37.6483223614 0.44159460211
-114.332 45.7893 0.00301356892434 0.00064365829848 0.000318778236151 0.000371057962084 3.7786 3.7939 -0.189081505977 -32.0497303373 0.840571399258
-113.37 45.8122 0.0006845799244 -0.000523401282945 0.000227639431436 -2.68600321459e-05 3.74679 3.75529 -0.543875825951 -6.85866253645 -0.48205615231
-121.317 45.2422 -0.00199043868019 -0.000801709200185 -0.0112921487541 0.00157385559074 3.83591 3.84679 -349.178286468 20.6367694704 -0.736551658573
-120.635 45.2357 0.00128061015352 -0.000117911848595 5.82602019136e-06 -0.00014568882816 3.79186 3.79899 0.0254616585555 -13.1456456108 0.0706870727678
-119.669 45.2664 0.00400407530202 0.000585847443799 -0.00311275588844 -0.00151291793791 3.43423 3.44544 -341.501603308 -40.2488521552 -0.174987535139
-118.96 45.2904 0.00381127982207 0.000270638146329 0.000903600606045 -3.16099501031e-05 3.7064 3.71826 1.04894992093 -40.2148160905 0.674242457327
-116.268 45.3997 0.000883305453786 -0.00115019388348 -0.00266591315033 -0.000813901098882 3.52847 3.5316 -353.041262302 -9.70432124698 -1.17853413375
-114.233 45.0931 0.0027870238699 -0.000416960311351 -0.000421920007511 -0.000277924994506 3.65165 3.65778 1.87743300252 -29.3707935761 -0.337291607754
-113.46 45.2432 0.0003692958098 0.000410055022904 0.000705584621359 -0.000360941492136 3.73878 3.74029 -0.812513074456 -4.17872383164 0.433190063341
-112.489 45.166 -0.000967341317132 -1.28307071946e-05 0.00101633943033 -0.000411192941096 3.74425 3.74613 -1.40604432291 10.2294405753 -0.0730409113438
-124 44.6764 -0.000758246961527 -0.000442148306645 0.00210824437408 -0.000255286053206 3.71409 3.7156 -2.04038173508 8.83511795092 -0.601979941964
-123.292 44.6765 -0.00385296457698 -0.00156992222061 0.000218802723529 -0.00229087166834 3.5874 3.59714 -0.0738518489595 42.9817453016 -2.24876612955
-122.186 44.6837 0.000922286679758 0.000883785303284 -0.0126190694675 -0.000119497073144 3.68643 3.68757 -339.622642356 -7.82937541493 0.696314668792
-121.227 44.6473 -0.000562441630882 0.000587058606633 -0.00658638021794 -0.000486536800212 3.64505 3.64538 -349.141179637 6.15826971572 0.605959413528
-120.335 44.7344 -0.000510169288084 0.000700102164887 -0.00132815260234 0.000927683541864 3.63871 3.63866 -341.726742349 6.60756095145 0.778456111572
-119.565 44.5913 0.00254866916353 7.27930415549e-05 -0.00278151479242 0.000924531280162 3.70171 3.70466 -347.553071879 -26.862204283 -0.141748146136
-118.67 44.5191 0.00417261881801 0.00115154028898 0.00148095812679 -0.000951481488086 3.61248 3.62166 0.638270806507 -45.3858385659 1.60244653192
-117.664 44.6653 0.00284806501175 0.000564434904348 0.00142441129119 0.000318247315017 3.72973 3.73371 -1.22529023264 -30.7443892136 0.925941636734
-116.747 44.589 -0.000233918529276 -0.00106765719266 0.000702091609125 0.00138845005095 3.8663 3.86629 -0.55408001934 3.66060079922 -1.08628087633
-116.013 44.7035 -0.000557652897241 -0.000981332806945 -0.000612166115755 0.000214330492766 3.71918 3.71909 -354.694858392 5.84668235202 -0.977246846006
-114.855 44.5494 0.0027199266619 0.000393736393565 -0.000625148581059 -0.000665828955411 3.65556 3.65889 2.89476900905 -29.0288242988 0.445937732077
-114.255 44.5642 0.00131916728222 0.000597523265556 -6.95699845503e-06 -0.000153706725609 3.68185 3.6821 0.891449705304 -14.3226778633 0.657662840044
-121.551 36.3887 -0.00200079725793 -0.00147865357805 -9.22171246491e-05 -0.000362868557108 3.74756 3.75029 -3.1535935285 26.0998019994 -1.87715682059
-121.461 40.8161 0.011324336382 0.00385439901244 -0.0125341925084 -0.00130316968412 3.65409 3.73552 -349.524405119 -123.499729656 3.59198850471
-119.023 36.6801 0.000203766363613 0.00050320678795 -0.0101313552164 0.00180026467775 4.07047 4.06956 -351.837630888 -2.25957439033 0.500359167386
-123.83 44.0035 -0.000153538126174 -0.00015446326169 0.00323641666291 0.000433815782375 3.64681 3.64601 -3.38893208706 1.9835345975 -0.18757199597
-123.278 43.9726 -0.00365733026943 -0.00142744010913 -0.0015574179708 0.000247059951192 3.67594 3.68384 -0.691691229507 41.0571869093 -2.10870904496
-121.268 44.1626 0.00122942458462 -0.000118345709937 -0.0165948071778 -0.00130870880109 3.56411 3.56415 -346.458609657 -13.1279684328 -0.216677430115
-120.211 43.9437 -0.000761987821346 0.00143293757573 0.00427320120063 0.000594135143672 3.43903 3.43963 -341.244566565 10.8072827847 1.54887745711
-119.504 44.082 0.0040684899501 0.00101819466726 -0.00266035560042 -0.000667923152987 3.62853 3.63742 -350.530602923 -42.9871040925 0.883788307541
-118.569 43.9104 0.00476383975603 0.00131531456503 0.00180848845344 4.3842685047e-05 3.62266 3.63526 1.25078450768 -52.0458368974 1.77521179309
-117.741 43.9733 0.00269562410238 0.000441066572205 -0.00122679553015 0.000255626569464 3.71339 3.71702 2.12475897445 -29.075110229 0.632818328427
-116.803 44.086 0.00117921716429 0.00113530175604 0.000513596327124 0.00062632090303 3.8343 3.83525 0.0801240854705 -13.6882314934 1.24168196971
-123.575 43.3654 0.00167951260189 0.00152740429572 0.002385707973 0.00033691094853 3.66064 3.66289 -3.33607212995 -21.3730097767 1.88944525249
-122.965 43.3717 -0.00377862802652 0.0008101701586 -0.0012487323803 -0.000164119351779 3.71077 3.71886 -0.991898763478 37.9459044069 0.0581104433187
-122.109 43.2406 0.00888601490675 0.00114679551236 0.0134628352812 -0.000169313067199 3.54755 3.58856 -11.6959721346 -93.2252600861 4.29521349683
-121.236 43.2843 0.00136805249284 -0.00037453836583 -0.00349992473481 1.15586763507e-05 3.74095 3.74155 4.31252311062 -14.3046632495 -0.263287769825
-120.153 43.2515 -0.00649032834622 0.00183395330563 -0.000404636831088 -0.00297484596996 3.25899 3.2767 -338.674375403 72.3888245324 3.27072348882
-119.311 43.3736 0.00352150544806 0.00130947627534 0.0041863236935 0.000448800669222 3.6606 3.668 -2.60724550637 -39.6934345644 1.90409610719
-118.474 43.358 0.00658326615428 0.000375894102806 -0.000658643097114 0.000183199920876 3.52812 3.54964 4.2732420106 -70.8761848125 0.665987196712
-117.754 43.3471 0.00289279459702 0.000350544734972 -0.00153701301613 -2.80998649107e-05 3.65179 3.65604 2.89478280662 -31.2859133612 0.519097779995
-116.767 43.4275 2.42417501404e-05 0.0010800292848 0.00139351722145 -0.000733399829818 3.64935 3.64955 -0.950616513041 -1.56087407825 1.07594397134
-115.828 43.4151 -0.000232303640588 0.000601532525004 0.00120309790779 -0.00156486242126 3.54161 3.54143 -0.292875994496 1.92087989498 0.5787446449
-115.098 43.25 0.0023613847033 0.000410707491246 -0.00209918421061 6.28648586839e-05 3.59337 3.59603 -353.930937386 -25.3150654801 0.333222657759
-114.174 43.3979 0.00180391653945 0.00129970854964 -0.0016303689919 8.63782040275e-05 3.64918 3.65154 2.39522035635 -19.7005633432 1.33356498116
-124.469 42.8088 -3.86284004099e-05 0.00125958194448 0.000504022737049 -0.000604560792007 3.67332 3.67385 -0.18184008998 -2.30964334091 1.22614465822
-121.731 42.6133 0.00693754307723 0.00371591217043 -0.00982771307244 0.00343686643114 3.89726 3.9393 -348.247745601 -73.1161582049 3.4180246332
-120.893 42.7258 -0.0016155506219 -8.58074407681e-05 0.00250861285805 -0.000715910104081 3.64654 3.64766 0.301810963655 17.3851801742 -0.320121737003
-120.251 42.7991 -0.0075901813187 -0.00350037012743 -0.000580875088985 0.00164311980978 3.40307 3.43464 -341.431425332 73.7597329212 -2.07416448429
-119.247 42.6912 0.0049110833364 -0.000219409583858 0.000297693714003 -0.00110797674502 3.44598 3.45705 -348.054627804 -53.1360997062 -0.607234484704
-118.486 42.7308 0.00519117341184 -0.000207097282597 -0.000443056611632 -0.00102843793004 3.55986 3.57356 -353.172878996 -56.1615067004 -0.207742465815
-117.725 42.6996 0.00317674259334 0.000296721923076 -0.00185680511612 -0.00067272623036 3.63954 3.64489 4.02517146322 -34.4995134768 0.418883572473
-116.87 42.7779 0.000178118499724 0.000589822568722 0.00293988301479 -0.000429836174873 3.61667 3.61663 -1.40688626605 -2.69016627513 0.607092769505
-114.903 42.636 0.000638588305797 -0.000700562609052 -0.00184025520058 -0.00061372195002 3.56838 3.56863 -354.992089646 -7.05934152981 -0.711151504311
-114.084 42.6493 0.00329898295184 0.000529020080117 -0.000529360230076 -0.00126733894908 3.48209 3.48729 -356.136945077 -35.7798389448 0.503148361285
-113.176 42.5452 0.00269452426425 0.000225204394698 0.000138178167793 0.000125646766065 3.80634 3.81072 -0.131652066789 -29.38885858 0.358464042203
-123.602 42.156 -0.00133915576432 0.000512536805248 -0.00105788580372 -0.00181568098895 3.58484 3.58574 1.10461868196 13.3513081052 0.280646354945
-121.891 42.175 -0.00976316707501 -0.00539146883191 0.00430488477626 0.00363986391723 3.84492 3.92792 -6.79090523918 117.95841149 -7.90698511494
-120.834 42.0472 0.00209029043006 -3.40941756248e-05 -0.00394477829913 -3.39125447848e-05 3.72073 3.72312 3.93860228432 -22.6104324839 0.13738304753
-119.34 42.0187 0.00159353291473 8.82526739166e-05 -0.00139206763343 -0.00183578765803 3.51674 3.51787 -342.008861461 -16.8853537023 -0.203627260833
-118.344 42.1901 0.00384692626385 0.000602334831936 -0.00119498203559 0.000822906548269 3.77934 3.78855 -353.052302146 -41.8266457786 0.587042133617
-117.667 42.0192 0.00230793533127 0.000273050768892 -0.00171896527216 0.000937394266208 3.78305 3.78625 3.52766434087 -25.278967048 0.380279313754
-115.016 42.146 0.00121918564903 -0.000515241770313 -0.00110556068762 -2.11989425033e-05 3.66165 3.66251 3.95399273829 -13.2832854618 -0.511238434002
-113.944 42.0886 0.00141537738187 0.000147785924591 -0.00229980941933 -0.000566971628375 3.58397 3.58493 -355.837086341 -15.4337183804 0.126700806284
-120.74 38.7552 0.00751465101664 0.00549101511146 0.0107487182476 0.00403927479601 3.54059 3.58516 -31.5213931865 -104.266938005 9.04338431742
-124.122 41.8473 0.00146467191951 0.00138983999328 0.00265458748153 -0.000513751759007 3.5989 3.60099 -1.82907458429 -18.863810372 1.68360216411
-122.854 41.392 -0.00137681729786 -0.000464237544785 -0.000964851014551 -0.00104939943712 3.69905 3.7002 1.26221495394 15.6293769614 -0.67268535835
-122.122 41.2742 -0.00995373963132 -0.00150000706118 -0.00273474905772 -0.000420308221145 3.7122 3.77267 3.35197595672 109.994649911 -2.58287968695
-121.839 41.7826 -0.0135284846641 -0.00310823210156 0.00669201382537 -0.00226532839715 3.62532 3.73469 -8.60756649433 150.48500658 -7.14236345586
-121.146 41.3593 0.00632591015807 0.00104890024263 -0.000254475721919 0.000869997492541 3.80795 3.83406 -0.152491292565 -70.1463511007 2.03083138056
-120.477 41.2047 -0.0028810223914 -0.000341024145939 -0.000312343125375 -0.00192693329581 3.65503 3.6597 0.0275488207192 31.7981529104 -0.75615447099
-119.171 41.3884 0.00287610964157 7.50221650708e-05 0.00143222388934 0.00263289213025 4.01965 4.02578 -0.699590560954 -31.3241293243 0.478163950748
-118.379 41.4483 0.00452582780654 0.000903870771108 -0.00566057970147 0.000918350238638 3.68871 3.70096 -347.7185577 -48.4243527262 0.464129619309
-117.45 41.423 0.00167861837347 0.00161038691787 0.00134314423023 -0.000276443716252 3.67203 3.6751 0.575966161927 -20.0174992971 1.76290913414
-116.54 41.522 0.000104272458336 0.000200466617694 0.000637494209107 -7.51210814017e-06 3.56707 3.56712 -1.02807263102 -1.38032593736 0.210783743029
-115.791 41.4311 0.000751358318633 -0.000393065344621 0.00243161495075 -0.000429612463546 3.55581 3.55621 -2.1729515724 -7.67258435406 -0.299607263655
-114.915 41.4157 -0.000158002145316 0.000351632255711 -0.00115747813192 0.000115139989913 3.64391 3.64404 3.80421084556 1.71872773268 0.350892733249
-114.165 41.3602 0.000725229158343 0.000786288365101 -0.0029455098386 0.000840807696818 3.63739 3.63808 -355.421436312 -7.81302021849 0.772342811633
-123.306 40.822 -0.00184216704164 0.000969993471083 -0.000733885083988 0.00208904679117 3.66333 3.66582 2.14254578055 18.4273482208 0.689537151196
-119.835 40.7484 -0.00863650747625 -0.00201001036864 0.00422322073489 -0.000744844835428 3.47746 3.51585 -7.26382572563 97.6785813514 -4.19902555039
-118.971 40.7797 0.00949567611365 0.00159149515149 -0.0119663919684 -0.00261013207037 3.46685 3.51181 -341.770778279 -99.4531749641 -0.249474776612
-118.134 40.7811 0.00471947173693 0.0005664811095 0.00150686145738 -0.00144894539599 3.59355 3.60566 2.92411486129 -52.3820030793 0.86634203159
-117.524 40.852 0.00206262395177 0.00154409551543 -0.000608524615627 -0.00116237522311 3.47054 3.47381 2.8758070457 -23.6850654189 1.65790069077
-116.508 40.7186 0.0008835563528 -0.00154093916773 4.98935352044e-06 -0.00170018893725 3.64487 3.64674 0.0882157688139 -8.17604444857 -1.4539524597
-115.736 40.8167 3.29598184047e-05 8.1924423278e-08 0.0019047391423 0.000384045739073 3.6926 3.69276 -2.12990819294 -0.361814689225 0.0040107066028
-115.039 40.8522 -0.000858311344374 -0.00032835824586 -0.00124958208373 0.000293871617892 3.74228 3.74296 3.03007374223 9.55799941624 -0.345428091732
-114.204 40.8556 0.000764587546402 0.000193118449247 -0.00192382357656 -0.000264609324017 3.65411 3.65463 2.82110993106 -8.48029335318 0.202483448029
-123.82 40.1398 0.00302250790531 -0.000756783585247 -0.00101697088508 -0.00122585895625 3.56878 3.574 3.9545146802 -32.0783324745 -0.381200231605
-122.788 40.1767 -0.000900693706933 0.000306014091373 -0.000683312237979 -0.0010134290265 3.68778 3.6885 1.68941075086 9.34018636063 0.169495820972
-122.032 39.9971 -0.0128130919681 0.00023133866737 -0.00141597905687 -0.00033789687715 3.76791 3.87327 4.28088424697 141.076496157 -0.960812471738
-121.086 40.32 0.00857839377637 0.00192775386672 0.000898871431098 0.00280182367444 3.98432 4.04237 -1.92492452271 -97.1424911968 3.50116888835
-120.918 39.962 0.00816789621186 0.00580276612742 0.00831538948179 -0.00311083799029 3.37412 3.41959 -5.33214428165 -103.576918746 7.61641576732
-119.827 40.165 -0.0063515511113 -0.00259031149091 -0.0014882787976 7.459556567e-05 3.70116 3.72943 -1.76081085946 74.2424508848 -3.62017522409
-118.877 40.1614 0.00676736135084 0.00041413340359 -0.0142428769759 -0.00353107017379 3.48295 3.50589 -340.364587587 -72.3413574526 -1.05624870023
-118.155 40.2903 0.0058847622353 0.000337763573609 0.00177530713191 0.000329011718895 3.71804 3.73922 2.59816281283 -65.3706886412 0.748342860983
-117.19 40.1697 0.00296238279814 -0.000119525505178 -0.0006560412611 0.00055986302186 3.68432 3.68991 2.61380282173 -32.7935656693 0.048363979168
-116.5 40.2917 0.000748578403413 -8.03202356382e-05 -0.000415026552166 0.00222359394392 3.9174 3.9184 0.26843143193 -8.20243100282 -0.0140941919703
-115.657 40.1313 0.000425631397794 -0.000264261120319 0.0024875455991 0.000377223406213 3.74102 3.74164 -2.50572496938 -4.33278813001 -0.209056292015
-114.745 40.2679 -1.06097124988e-05 -0.00113287508258 -0.00236978953258 -0.000381513701279 3.6738 3.6749 2.2394640278 0.494629128444 -1.13268574337
-123.338 39.469 -0.000681887589024 0.000901973086597 -0.00078110344946 -0.00331058198744 3.55825 3.55918 2.71031643459 6.12444541215 0.799332731791
-120.608 39.3028 0.00301553242136 0.00129728027393 -0.00576558834249 -0.00123315910404 3.77005 3.77689 5.3751703125 -34.4375923224 1.46147726881
-119.898 39.6785 -0.00357973871594 -0.00148585125175 -0.00290120409251 0.000419618502262 3.91523 3.92572 2.16872037068 41.3465245026 -1.84031421519
-118.889 39.5399 -0.00198019217066 0.000555756962505 0.0132747107685 0.00754784434121 4.29716 4.30107 -12.4930607738 18.7283241537 -0.143821252363
-118.08 39.6946 0.00547783489681 0.000975159844997 -0.00237535752475 -0.000640849447195 3.71958 3.73782 4.9035465688 -61.4080745171 1.13319266673
-117.14 39.5516 0.00245086876024 -0.000185485343291 -0.00144713732071 -0.000754012779064 3.60037 3.60344 4.86454892633 -27.3664431269 -0.144077443146
-116.464 39.6202 0.000767607149719 0.000688924038936 4.35659304946e-05 -0.00143089207458 3.62985 3.6302 1.18082706761 -9.11330555495 0.742320061505
-115.754 39.553 0.000861893388433 -0.000193004135556 0.000837210752062 -4.87119651522e-05 3.7299 3.73003 -1.10914744147 -9.37599315582 -0.104010953595
-114.908 39.4731 0.000532174501607 -0.000749819690252 -0.000107896590674 0.000611022618498 3.7612 3.76127 -0.0315498107383 -5.34474128581 -0.709631761647
-122.015 38.6333 -0.00354143354704 0.000408829459265 -0.00307676819431 0.000113570892678 3.60242 3.60872 3.5237470293 39.0421140846 0.0289896150055
-121.377 38.839 -0.0132921634329 -0.000848700188567 0.00195908095072 -0.0117866832706 3.209 3.27752 1.46476775487 148.978860223 -2.61705250483
-118.808 38.9383 -0.00377503715708 0.000379989865577 0.0186718721794 -0.00442650697936 3.42725 3.43318 -13.2274265293 38.267978557 -0.957948132254
-117.932 38.8606 0.00700858400677 0.000120672251043 -0.000831924749274 0.00160381984049 3.76755 3.79664 0.496269675499 -78.5666980686 0.848688985504
-117.182 38.834 0.00247796894417 -0.000888095485583 0.00112281626736 0.000541744061555 3.69452 3.69718 -0.210112280872 -26.6856603402 -0.620234106525
-115.654 38.8455 0.000962193414045 0.000327934098286 -0.00066503636459 -0.000354780510058 3.72559 3.72477 1.01153902608 -11.0600469983 0.388891735999
-114.83 39.04 -9.90685317543e-05 0.000586235529316 0.000138106463998 -0.000158970750059 3.7795 3.77822 -0.441790242712 0.596631391449 0.576714125893
-120.936 38.2571 -0.0060232607274 -0.00221454497 -0.0149767326695 0.00848221114648 4.60643 4.64962 -347.236829769 66.0795534279 -1.79510108039
-120.076 38.7028 0.00310641513896 7.83313016585e-05 -0.00118363368949 0.000506457094684 3.82409 3.82806 -1.36059619793 -34.5974562316 0.589888666677
-119.451 38.5226 -0.00362077607708 -0.000910905380756 0.00108208994304 -0.000996510828961 3.71633 3.72209 -1.64511602245 41.9363594668 -1.48418995721
-119.047 38.089 -0.00563328612896 0.000492330328503 0.00195629402488 0.000329484126025 3.80905 3.82616 -2.49295329302 61.9000445533 -0.478211844734
-118.106 38.3489 0.00789540219888 0.00025563847545 -0.00800758639963 0.00102447589219 3.70148 3.73461 -350.108867278 -88.9515805631 -0.196400433691
-117.072 38.2397 0.00158442836395 -0.000490334338796 0.00290327284822 -0.000195179599644 3.71816 3.71501 -0.22099874946 -17.2652029086 -0.321292065968
-116.302 38.2886 5.76222420742e-05 0.000258510492591 -0.00288090285134 -0.00129654878888 3.66789 3.66409 4.65480778664 -0.680660788989 0.259048042587
-121.328 37.5049 -0.011985861532 -0.00588589217537 0.022251457296 0.00361274350576 3.53484 3.62572 -21.3794059687 151.246428894 -11.1583785369
-120.33 37.346 0.00540981435296 0.00413974876529 -0.00650918565009 -0.00204426388482 3.70038 3.72586 -349.587474439 -59.907270339 3.94498455802
-119.849 37.8817 0.000609038261568 0.00303834589553 0.000958341122626 0.000611954384345 3.88568 3.89083 -0.586754576921 -11.9624486453 3.09518337491
-118.171 37.4993 0.00518786077057 0.000702512196526 -0.00342984821461 -0.00593107374492 3.44451 3.45602 5.7237670419 -59.2607611144 0.789354005727
-117.225 37.7243 0.00187107964482 0.00101157526723 0.00355470077323 -0.000845290806983 3.72548 3.72414 -1.5534219233 -22.6178218956 1.24685794651
-121.786 39.2291 -0.00716627382663 -0.00017032752641 -0.010920215512 -0.00242789897367 3.60586 3.62886 -347.590857664 79.8028022956 0.200100138116
-120.674 36.8953 -0.00441267888167 -0.0045902168496 0.0113796816216 -0.00413370701756 3.39108 3.40617 -19.2084523648 69.1462199271 -6.12053436807
-119.709 37.0069 0.00342724534361 0.00206414283425 -0.00330010967803 -0.0038464148576 3.84011 3.849 7.12773701648 -39.5087476538 2.1103261506
-120.783 36.3627 -0.00973580388161 -0.0040171858668 0.012836196928 0.00305984958062 3.80925 3.88582 -21.4635341455 119.918941891 -8.37232766085
-120.12 36.3356 0.00851980471051 0.00217255505999 0.0263993338625 0.0102984571326 3.91479 3.97816 -26.5832310665 -94.7299973155 6.64939619964
-121.236 36.0214 -0.00393445390007 -0.000865114821026 0.00370282779483 -0.00128375372196 3.76423 3.78444 -3.46533991395 46.4222960307 -1.7023213516
-120.87 35.636 -0.00513261119823 0.00046462335038 0.00186410430951 0.00142090952557 3.98955 4.02338 -1.23501069735 57.5281624145 -0.442218939012
-119.903 35.8667 0.00892801201136 0.00353608769561 0.0125446673311 0.00487490730722 3.85045 3.92868 -7.82165310363 -110.447343284 5.8486608014
