-112.228 32.7006 -0.000398368481633 -0.00360586220993 -0.0149500506251 0.00659906446239 5.55569 5.89871 7.624358719 44.4450757477 -2.75924765321
-111.704 32.5618 0.00131783242044 -0.000618927543256 0.00294801606559 0.00507328295486 4.06534 4.1731 -9.40316798851 -0.573867363765 0.900679407735
-110.739 32.5716 -0.00194851562101 0.000101686392946 0.00980225730666 0.0132784069854 3.64724 3.68373 -13.0286876291 10.8412551231 -1.73751716753
-109.97 32.6399 0.00197858205635 0.000200875451288 -0.0215122742828 -0.00781063307218 7.7178 8.25827 18.1600119562 -27.2060286029 1.26765407431
-109.303 32.7663 0.000762373167084 0.00207298779499 0.00128150801947 0.00755165261076 5.59731 5.49549 -24.022046534 -34.1644070134 1.26977086629
-111.457 32.0022 -0.0030946733544 0.000484601691229 -0.0351987918666 0.0204520805926 11.5509 13.4298 2.32036760131 23.5807922694 -2.13587564955
-110.816 31.7748 0.00237898502138 -0.00342854460088 0.0243685798604 0.0217012703274 3.03621 3.05335 -20.1148032047 40.7432647358 1.33004849851
-110.046 31.9737 0.0011196447688 -0.00142772930588 0.00591018185721 0.0201175641778 3.89502 3.8477 -22.1777100927 16.8592790938 0.707386170192
-109.259 31.9989 -0.00227996976522 -0.003923941281 -0.00184264202141 0.019045424728 4.66899 4.72054 -15.287723778 70.1995535362 -3.63065965049
-109.991 31.439 0.00493620987253 0.0010813342095 -0.0131958773547 0.00273583407069 6.66242 6.77129 3.85399980508 -62.9393767664 4.44547702765
-109.281 31.3757 0.0017817252695 -0.000753632733347 -7.93699416295e-05 0.00405196373778 4.13333 4.08791 -4.26254215913 -5.48723226126 1.07313019579
-122.707 48.7197 0.00158576776157 0.00155884747853 -0.0083849973566 -0.00233117905806 4.51533 4.50179 8.9988628368 -30.1396978946 2.22364860339
-122.085 48.9983 2.90823854499e-05 0.000858805129781 -0.00654720322624 0.00611437602466 5.45928 5.37105 2.77254430896 -9.27982389202 0.565638284232
-121.48 49.0983 0.00307062256994 0.00446274722409 -0.00317346713823 -0.000235785415487 4.14496 4.16879 7.70193494744 -72.5019125045 5.32365457515
-120.384 49.048 -0.000784357671973 -0.000659333146044 0.0010867450866 0.00822290554856 4.61779 4.63202 1.26890246162 13.7722003614 -1.02461052692
-119.272 48.9534 0.00202073217177 0.000844391373007 -0.0043283834595 0.0172944871195 7.31292 7.0118 7.58421846199 -28.1916786639 1.99776977674
-118.585 48.9752 0.000468269745078 0.000795148417968 -0.00284837911942 0.0112215986741 6.59271 6.50855 6.8769875634 -12.1958511032 0.900476937805
-117.559 48.9813 0.00221129390493 0.00273160493189 -0.0130742095772 -0.0144728255026 3.77883 3.81806 17.5201528968 -45.7946801472 3.48368395575
-114.413 48.933 -0.000308187349858 0.00320135905349 0.00128191534684 0.0238408654894 5.16171 5.37101 -14.5278652855 -36.7217023301 1.32786056624
-113.422 48.9725 0.00179901074053 0.00238505367104 -0.0224308535676 -0.000432349742908 4.91813 4.9464 30.2064322859 -32.7654349993 2.75505631806
-112.733 48.9777 -0.00012541314568 0.00154620852468 0.00471304067237 -0.0122874175149 3.53016 3.5637 11.5031372553 -10.1178863642 1.24127137717
-111.597 48.9482 0.00078942222891 0.00210292764509 0.000235325283056 -0.00272698622008 3.76813 3.83288 1.29605678991 -27.9899470217 2.1026316098
-123.504 48.0575 -0.000763037922531 -0.000573956063742 0.00609840040094 -0.00464197288181 3.42311 3.43298 -1.38332455816 12.1681446338 -0.952749959076
-122.096 48.2641 0.0025159531963 0.00474802672019 -0.0187483068239 0.00911789592183 8.56523 9.25395 5.57336081146 -71.1057035285 5.03515308582
-121.484 48.5183 0.000526947911441 0.00186019484185 -0.0125357079998 0.0088550690834 6.26483 6.41778 7.51686869661 -23.1751399653 1.67678965372
-120.12 48.4607 0.00306617314457 0.00195445754015 -0.0103851360117 -0.0124142387135 3.75823 3.80768 19.1563172051 -49.9047167409 3.30070658413
-119.333 48.3584 -0.000222269794197 0.00392483400064 -0.00465990490348 -0.0130458478354 3.97679 3.94767 18.1677683803 -26.8178903697 3.17377795664
-118.149 48.4226 -0.00567251416859 -0.00373794426298 -0.00546887669638 -0.0135873971544 3.67583 3.63251 11.389678246 93.6553638847 -6.45436499491
-117.225 48.2995 -0.00131685888395 0.000227014280672 -0.00666095319299 0.0226318622192 11.219 13.6908 -14.1473579063 5.47544092213 -1.07131894729
-116.367 48.4366 0.00016127594792 0.00151002364185 -0.00620207677978 -0.00264894801592 4.11952 4.17267 4.84413329354 -16.0232600113 1.21268028588
-114.468 48.3739 -0.000335397826996 -0.00145871135005 0.00223051940395 -0.00972868469094 3.47361 3.45966 10.9854387509 15.5990044886 -1.38772788877
-113.273 48.3609 -0.0032288022302 -0.000266707900286 -0.00374566960714 -0.0108031363512 3.28991 3.32184 29.8847476159 45.010637383 -1.08025813538
-112.562 48.3129 0.00310460572372 -0.00275606689061 0.00243916044159 0.00578026292256 8.53373 9.20224 -10.1352476145 5.74205167881 0.892640764732
-111.707 48.4128 0.00136407194775 -0.00246011701554 -0.0127968091347 0.00553384836566 8.05012 8.09814 -8.03173427776 14.8795738782 -0.492820986349
-124.566 47.9475 0.00171271040383 0.000103018108995 0.00270754407143 0.00865865457723 3.7889 3.79458 -10.4669784412 -10.3143838291 1.61662987818
-122.972 47.7172 0.000561532323331 0.0016662939672 0.00601127491081 0.0383987282701 4.13949 4.16999 -30.797610837 -23.159108056 0.679864722379
-121.689 47.6947 0.000600315219668 0.000277236588481 0.00365835919617 -0.0019191589955 3.67317 3.70187 -0.91533060189 -7.84000707376 0.650221552877
-120.061 47.6902 0.000129700175586 0.000147090258615 -0.0114407407702 -0.0149421433332 3.63497 3.58845 17.7873318996 -2.62006479092 0.194641921383
-119.045 47.7849 0.00287218375404 0.00242724009671 -0.00808296075303 0.0154349760786 10.2564 10.1316 -6.12084724967 -49.745639625 3.72897504569
-118.274 47.8006 0.00108153357531 0.0024465043665 -0.00149012616247 0.0178540438593 9.10573 8.69933 -10.0131841444 -36.9283638098 2.15147987872
-117.308 47.8192 -0.00391950554326 -0.00262563801297 -0.0128137582589 -0.0134093441597 3.59921 3.64499 17.5419951097 65.6802101242 -4.29450020169
-116.256 47.8397 0.00116816130697 -0.00067447187464 -0.00187846106524 0.00913025572291 8.28974 8.38927 6.45591059272 -5.92693544618 0.273327535937
-115.475 47.7092 -0.000189379004603 -0.000397492870817 -0.0114262574313 0.0109726552002 7.43868 7.31436 7.43461517104 5.62254192343 -0.42632507092
-114.574 47.6795 0.00172122090652 0.00183612569514 0.00422127743181 -0.00248059817522 3.64395 3.63473 3.00071219451 -35.4055539104 2.51670650679
-112.607 47.775 0.00232673225239 0.00091691231801 -0.0022392731874 0.0115692887855 6.92908 6.82731 0.450534279434 -32.843678412 2.27159259285
-111.746 47.8012 0.000757148020127 0.000275454224387 -0.0109470775179 0.00716545649721 8.35697 7.92827 8.90290151349 -11.1095084409 0.654521044389
-110.763 47.6327 -0.00134137074404 8.88134575631e-05 -0.00533405616138 0.009908517809 4.86384 4.83093 1.02162900472 13.5928814793 -0.816673206469
-123.771 47.1161 -0.000483636001164 -0.00105945122463 0.00551142797979 0.0133034793286 3.90686 3.93964 -29.4064706838 14.8643569053 -0.563820259655
-122.803 47.1109 0.00246029068712 0.00153145365658 -0.00450736871328 -0.011754269871 4.00716 4.02836 0.427123109438 -36.4476820088 2.89321045249
-121.989 47.1881 0.00043384541289 -0.000301261286647 0.00618606246557 0.0116652520446 3.87078 3.84499 -14.6548061704 1.72820847168 0.297393396289
-120.844 47.1935 -0.00242368945752 -0.00098120709205 -0.00073622758203 -0.00387313622072 3.78171 3.81508 0.136744311258 30.8369797503 -2.52739705941
-119.973 47.1936 0.00686988732733 0.008814769253 -0.00142966024686 0.010506102607 4.49025 4.56633 -1.16217723972 -154.403379297 10.7643125977
-118.921 47.0573 0.00498490298112 0.000693615555407 -0.00619339773444 -0.018468440245 3.64918 3.53861 23.4629943781 -65.7130417208 2.945436262
-118.309 47.0615 -0.00390225835232 -0.00153136365823 -0.00366359664914 -0.022362451466 3.35928 3.40348 19.8328961413 57.5912726602 -3.31776111076
-117.276 47.0547 0.00268136747894 0.00182179871931 -0.00709204764091 0.0193977901372 12.7787 13.5123 -13.3667681989 -39.7279615068 3.21604788228
-116.335 47.0477 0.000471742803261 0.00284293891149 -0.00558488898192 0.00689882717648 7.60133 7.61418 5.79999109683 -32.0146663234 2.40467026474
-115.353 47.0528 -8.4758650169e-05 0.00524850976275 -0.00109189759631 -0.00387236623242 6.3554 6.44256 1.84932287711 -52.1798543497 3.60080225921
-114.459 47.0943 -0.00012545815712 0.00189316522469 -0.000372815773561 -3.04666667605e-05 5.6477 5.68895 -4.2636969457 -19.6574714059 1.09697161433
-113.506 47.0816 0.000382719047092 0.000947412022513 -0.000869636077922 -0.00926843955338 3.5269 3.53192 8.8040430069 -12.4061005279 0.987953329346
-111.549 47.0308 0.00195530576211 0.00218589536791 -0.0171975133344 0.0200012300556 7.12477 7.21524 -21.9730275486 -40.0728665531 2.68757543212
-123.563 46.5459 -0.0014218699956 -0.00210330309501 0.00264563568759 0.000486491196866 4.00221 4.0037 -32.1989651591 29.1979408378 -1.47737914773
-122.72 46.5934 0.000743955242637 0.00151968735007 0.00582156825199 0.0154104862512 3.53857 3.55151 -37.5856249971 -20.2425190533 0.663031221495
-121.761 46.5605 0.00113430283283 0.00388245371129 -0.000969441756543 -0.00781217696009 3.60813 3.61351 2.40548572039 -51.7170095094 3.28022075898
-119.855 46.5585 0.0003453879111 -0.00222231749382 4.33677139051e-06 -0.00170688385235 3.90847 4.06692 -7.28051641704 24.2556710526 -0.816818204461
-119.06 46.4911 -0.00266247906162 -0.00259404965599 -0.00324679440083 0.0172685339709 4.29195 4.26075 -21.2868268071 45.3341551008 -3.3015077853
-118.146 46.5139 -0.00328119664948 -0.00447674031351 0.0192413068426 0.0364355181818 3.16941 3.18134 -40.4566999766 61.4984583141 -3.17738103937
-117.11 46.485 -6.87611016451e-05 0.000272978145589 -0.0145533808096 -0.0152373640676 3.82791 3.92626 16.5752567381 -1.29216156723 0.190688747984
-116.209 46.3559 0.00248025014023 0.000112815401969 -0.0127687992768 -0.00320736592891 4.97174 4.9638 1.89456396278 -25.0065992245 1.89150995901
-115.571 46.4151 0.00128939657805 -0.00208537643451 0.0217767084709 0.0203610373251 3.4421 3.42514 -30.1161274789 25.1738851209 0.840487649201
-114.188 46.4423 0.00295802169274 0.00173494497575 -0.00887454643685 0.0190489551042 10.1576 10.9103 -12.4657516018 -42.7147646985 3.42916975965
-113.493 46.4162 -0.00155673177025 0.000348911572051 -0.00411157214699 0.0298644951481 11.0813 12.0778 -33.5044733849 -0.826084705941 -1.46652678611
-112.641 46.4246 2.30954419993e-05 -0.00208168383364 -0.00446896382661 -0.00537886412617 3.68534 3.70334 16.1013362697 14.0914875526 -1.81133848746
-123.559 45.9306 0.00206127536733 0.00146071513428 0.00345867904475 0.0125054880769 3.99959 4.02592 -21.9696369628 -25.172929824 2.30983675316
-122.419 45.9325 -0.000183775004145 -0.00205425768179 0.00579061106857 0.0183536783332 3.64761 3.61271 -26.9522634015 28.3382104207 -0.452294927759
-121.459 45.8839 -0.00200193425255 -0.000705771030535 0.00462954143476 0.0284490544676 3.4625 3.48989 -29.8149076899 12.4099350235 -2.0613668135
-120.782 45.7664 0.00159438600054 0.000820269045003 -0.000798076270979 0.0286856100996 3.87162 3.86945 -30.7580742745 -13.3600238938 1.66308019655
-119.928 45.8951 0.00018734583747 -0.000148004929888 0.00499739947254 0.0224011998425 3.86341 3.79615 -28.0604802871 1.63061186043 0.162172330597
-118.777 45.7971 -0.000262021717791 0.00173409439988 -0.00854027004428 -0.0212049726008 3.66907 3.63949 12.628596611 -12.5232627099 1.17623845241
-117.909 45.7087 -0.000399225976796 -0.000735125576059 -0.00198060852049 0.00063667402064 3.96876 3.84404 -6.3352174222 11.7212358811 -0.732349197077
-117.228 45.9734 -0.000999643184517 -0.00497135480473 0.0191378333162 0.0388565289897 3.24458 3.25581 -46.2435796776 67.9203316343 -0.434625550731
-116.155 45.8883 0.00165233067591 0.00173818915685 -0.0113841579969 0.0275167136147 6.04681 6.32736 -15.3212306064 -32.2488765132 2.24046789643
-115.255 45.7565 0.00116851061753 -0.000278378800666 0.0115067178151 0.0271900312296 3.76367 3.77623 -32.6293545308 1.26990654446 1.10952963645
-114.332 45.7893 0.00441200632713 0.000175186900693 -0.00226450427629 -0.0196477667853 3.38735 3.39107 15.0924634275 -54.5745244896 2.4948169607
-113.37 45.8122 0.00147782662116 -0.00291554450339 -0.00119828641339 -0.010937688473 3.58743 3.53693 15.2632743693 3.27219501784 -1.7431525622
-112.493 45.8409 0.000131804869435 -0.00112861857901 -0.000971035964211 -0.00308151985532 3.65308 3.62852 21.8337469482 4.67770626271 -0.984121225996
-111.626 45.7843 -0.000520872416502 -0.0011518805868 -0.00426543488142 -0.0111105760339 3.80947 3.79535 21.7016982125 13.2838820987 -1.26354517159
-110.659 45.9054 -0.00397513946074 -0.000600450947867 -0.00231523352351 -0.00739471280148 3.96876 3.94019 7.05543532062 51.5453753242 -2.82243152386
-109.716 45.9046 -0.000925919480903 0.000407203945492 -0.00598683353885 0.00465192038147 4.46225 4.47002 5.77236796802 7.34274654911 -0.218284003458
-123.281 45.3153 -0.00261634450693 -0.000793246728287 -0.0132973509401 -0.00964031879147 4.68107 4.74115 10.8186630805 32.8484742962 -2.42985474343
-122.478 45.2059 0.00132442133606 0.0024744202238 0.00675124880715 0.0073175604634 3.84078 3.86727 -31.0870436159 -35.03126381 1.45042851556
-120.635 45.2357 -0.000432444642561 0.00105609643384 -0.00360789585885 -4.24698293756e-05 4.27903 4.28003 -17.8602755567 -12.109188423 -0.0844761774889
-119.669 45.2664 0.000769153068813 0.00334227255781 0.00920886281507 0.0203904151284 2.98624 2.99436 -46.2450261398 -44.3172566471 0.214556596959
-118.96 45.2904 -0.00105082195961 0.0015810560542 0.00691318995914 0.0300758858669 3.33286 3.34839 -38.9343242223 -22.4892050555 -1.0871637488
-117.78 45.2781 0.00331423126437 0.00492255450439 -0.022728861898 -0.00259375591989 5.17547 5.22904 22.9198260293 -73.9516712864 5.9050896939
-117.12 45.2925 0.00202161704207 -8.59702264171e-05 0.00826056402492 0.0079861890886 3.64291 3.60367 -17.9548833403 -9.36178930361 1.84863491198
-116.268 45.3997 -0.00181042008018 -0.00253828598592 0.00687960547391 0.0169280817467 3.73558 3.7446 -28.7790819838 40.4133676533 -2.28723794842
-115.326 45.1285 0.00185320407986 0.00156210661735 -0.0279591544888 -0.00141528090225 7.18835 7.16191 17.7821206501 -34.0751687133 2.29209770387
-114.233 45.0931 0.00260443998169 0.000701008785081 0.0113432384686 0.01935750931 3.8438 3.87344 -25.4322764153 -20.515046109 2.69551992679
-113.46 45.2432 0.00369176559373 0.000761345930403 -0.00132169522372 0.00400197729431 3.98536 3.91047 5.49918085787 -47.0841381834 3.00011263312
-112.489 45.166 -0.00153461518573 -8.96398751967e-05 -0.00763300583333 -0.00251494194298 3.63323 3.58841 12.0387654937 19.1408745982 -0.922108840161
-110.74 45.3212 0.000366121085287 0.00124439270137 -0.00701541281356 0.0153693428457 5.75534 5.74201 -7.91594940431 -17.3978176438 1.0624310466
-124 44.6764 -0.00185200633356 0.0010011326566 -0.0223375381749 -0.00285161551129 5.09964 5.16772 13.898979809 8.82882954999 -0.55987870154
-123.292 44.6765 0.00207659629882 -0.00188587804306 0.0260701432633 0.0205280307383 3.07814 3.09502 -25.1611875546 21.8538173368 1.80144731917
-122.186 44.6837 -0.00159285763729 -0.00196235987115 -0.0345708599875 -0.00503853851916 6.59761 6.94657 34.6486606547 30.4233066452 -2.40712736089
-121.227 44.6473 0.005371656214 0.00215102578861 0.0141386216674 0.0208930273124 3.00827 3.0364 -42.192898887 -20.2727708144 5.0579441582
-120.335 44.7344 0.000175936043872 0.000207663801311 -0.0073347207035 0.00654141317646 4.30686 4.28389 -11.2205753228 -3.66036727832 0.246563776697
-119.565 44.5913 -0.00294280825052 -0.00215007557959 -0.00686815703936 0.00306085580969 4.44963 4.52365 -10.1398722176 45.3687000523 -3.59240306941
-118.67 44.5191 -0.00100234399369 -0.000655277763737 0.0220861837 0.0127142156785 2.73607 2.7426 -36.9453710873 9.3526001346 -1.00809892378
-117.664 44.6653 -0.00184222599956 -0.00241731410354 -0.00716955190692 0.004484296641 4.50252 4.66675 -4.21681924914 42.9043588933 -2.88505134099
-116.747 44.589 0.00326338571568 0.00416279625927 -0.00370776109606 -0.013414573154 3.84781 3.84734 6.69024020012 -74.3492030215 5.26306161643
-116.013 44.7035 -0.00061435357044 0.000487494983757 0.00668702044708 0.00140822887714 3.7198 3.67107 -12.1610800089 -1.98854068956 -0.311431156772
-114.855 44.5494 -0.000206827338474 -0.00153817797257 -0.00495219985854 -0.000270519900645 4.26685 4.0906 -14.6734038952 20.9863200486 -0.878266035497
-114.255 44.5642 -0.00526520646983 -0.00146720459897 0.0101771784358 -0.00143241391207 3.55761 3.61115 -18.9834118288 49.0624796291 -5.41799154515
-113.367 44.6165 0.00520167633458 0.00243709621828 -0.00105956153514 -0.00737413353547 3.65129 3.63229 9.84477358724 -80.9132064354 5.07741881862
-112.644 44.6173 -0.00145439398239 0.0020905728981 -0.00541000836179 -0.00133355315565 3.9635 3.84034 10.8840386576 -0.221354635279 0.87115426109
-110.576 44.3951 0.000460837527488 -0.000981283884284 -0.000183979315892 -0.00699711290096 3.55859 3.5592 4.37973048333 3.90558637434 -0.464545291511
-123.83 44.0035 -0.000817966164386 -0.00329566799391 -0.0257120235982 -0.00191051348617 6.36915 6.43291 -6.63882597685 45.849046616 -2.15377081563
-123.278 43.9726 -0.000976553451381 -0.00151400169837 0.0352016031686 0.00611460812956 2.69025 2.68942 -34.4504968318 20.4668990697 -0.926480446961
-122.411 43.7941 -0.000473291785219 -0.00145809785449 -0.0327747214177 0.0230972846603 14.568 13.9426 -34.1201657014 20.1524677168 -0.45249975207
-121.268 44.1626 0.000881278953013 7.44351990066e-05 0.0103496654422 0.00593815243286 3.61786 3.6456 -21.2822787642 -3.84678253296 0.874643301393
-120.211 43.9437 0.00145598052174 0.000998860336524 0.00431769035126 0.0071321220744 3.18689 3.21566 -38.0960781174 -13.0875682913 1.41026373
-119.504 44.082 -0.000135417899505 0.00126237102339 -0.0076366145326 -0.00162917141715 4.11031 4 -11.286754846 -15.2708182891 0.412012730443
-118.569 43.9104 -0.000530439025432 -0.000148630721649 0.00940292169437 0.00162687816647 3.45861 3.43937 -23.2618986444 3.8429971942 -0.550620238252
-117.741 43.9733 -0.000104953395428 0.00139838168606 -0.011945660979 0.0053331907178 5.35598 5.26618 -4.64273750927 -15.7251072029 0.683001494937
-116.803 44.086 0.00287058014248 0.0031639021639 0.00748613438749 0.030051687695 3.30544 3.34962 -47.2486352412 -38.7980084989 2.39480884905
-115.958 43.9121 0.00405086078448 0.00401279935659 0.00537852662864 0.00461461217142 3.87446 3.92983 -28.2449044803 -67.8818714899 4.77865434696
-115.133 43.7945 0.00143574779833 0.00302980417938 0.00259642015717 0.011776163975 4.01701 4.03543 -19.606893022 -47.9892427275 2.43077444746
-114.117 43.9146 0.00225244404867 -0.00134472629254 -0.00343064152385 0.00118399587014 3.76 3.7024 -21.0526779255 6.55941278329 1.62663695871
-113.452 43.9286 -0.0019651990942 -0.00246384469913 0.0114616548205 0.0140531803019 3.69852 3.63944 -27.0657467803 41.896795379 -2.55426375753
-112.485 43.9997 0.000709888747989 0.00492645084142 0.00325673917153 0.00550579414534 3.82058 3.89774 -4.66217217232 -61.9112858906 3.65700601373
-123.575 43.3654 -0.000545876838112 -0.000371018345306 -0.00334850331046 -0.000518906106392 5.08927 4.97979 -4.32247357249 8.04840468087 -0.655673842316
-122.965 43.3717 -0.00135498058199 -0.000837275043786 -0.0333013703131 0.00782406681236 9.30443 9.27414 27.9469000356 22.0838172124 -1.39631409773
-122.109 43.2406 0.0030625434233 0.00131884736636 0.020277294517 0.00944922366549 2.90265 2.90548 -19.8199433262 -27.813166747 3.285317963
-121.236 43.2843 -0.00280933921234 0.000782987102729 -0.00764154857969 0.00835587709684 3.98984 3.98099 -13.5427813156 3.58024275215 -2.35406448868
-120.153 43.2515 -0.000142558508785 -0.00278377547115 -0.000604719328693 0.020865261733 4.08798 4.04333 -31.3046175422 39.2168765256 -0.331199717828
-119.311 43.3736 -0.000708696394876 0.00106337758718 0.013327971403 0.0256269953763 2.96795 2.96703 -38.8236527343 -15.4693666523 -0.758156958511
-118.474 43.358 0.00107288968378 0.000588566564573 0.00307463953534 0.00651484969109 4.17424 4.24878 -25.6968059639 -11.150323177 1.16714424005
-117.754 43.3471 0.00126540137283 0.00172386462011 0.00222003992093 0.0138692992927 4.02769 4.08351 -19.3285684583 -28.9346087027 1.7439262041
-116.767 43.4275 -0.000773814357737 -0.00131200054933 0.00291461658001 0.00364385676917 3.81791 3.83893 -11.9698753293 21.7015881226 -1.28211992915
-115.828 43.4151 -0.00085200438423 0.000983444728466 0.0187465259599 0.00604052379941 2.90432 2.93111 -43.2171828457 -14.8140723115 -0.910017893405
-115.098 43.25 0.00199741037265 0.00195247630699 -0.0481732159673 0.00242306495505 8.62504 9.85737 -302.457909928 -24.5811803139 1.65697730734
-114.174 43.3979 0.00363978706849 0.00255608490919 0.00239150858773 0.0113842902436 4.01645 4.0321 -18.797071516 -54.3409800828 4.3444824775
-113.518 43.3234 -4.64461628269e-05 0.00417944129751 0.00210987558471 0.00609824772818 3.75025 3.74455 -22.0287564643 -56.600090125 1.39634972774
-112.433 43.3998 -0.0014162211909 -0.00331355937245 0.00755347992384 0.0220775569704 4.35096 4.35111 -33.4133499737 51.037696103 -1.97108119361
-124.469 42.8088 0.00150693710797 0.000470164462548 -0.00398728952935 0.00655290858586 4.91562 4.89758 -4.40759016245 -15.0538138784 1.55896994725
-123.49 42.7667 -0.00237779325647 0.00122788778609 -0.00801229868952 0.0121997172072 5.30417 5.31537 -14.8572567046 -6.7652402379 -1.92096236974
-121.731 42.6133 0.00158598020013 0.00219521563569 0.00500361114825 0.0136596041575 4.04963 4.04875 -24.3396999128 -33.8173182489 1.90722235607
-120.893 42.7258 0.00414444993845 0.000277845316574 0.00122628727268 0.0128017723005 3.89035 3.83518 -16.7842192008 -21.1096149927 4.0385373159
-120.251 42.7991 -0.0008438489578 0.00115387807865 -0.00336261479397 -0.00341346317435 3.8473 3.76466 -4.43370038648 -8.01144571582 -0.144170783754
-119.247 42.6912 -0.00217694230569 0.0017481787229 0.00200159193259 0.0126516211558 3.91147 3.91408 -13.1899372469 -11.0329228845 -1.33923869766
-118.486 42.7308 -0.00348679170447 -0.00102638939989 0.015588796188 0.0258725123952 3.32412 3.35243 -27.8689148175 21.9072734007 -3.60179784979
-117.725 42.6996 -0.00113809067084 -0.00228702656895 -0.0223920499329 0.00232190488689 7.81191 8.13607 7.87361629818 34.5151652761 -2.42455688451
-116.87 42.7779 0.00141679449872 0.000835726043721 -0.00454011978659 0.00424802947564 4.29889 4.26534 -1.93397426557 -21.6528950443 1.63655798337
-116.032 42.7713 -0.0017378665425 0.00116532876662 0.016797937523 0.0281765451273 3.43049 3.42983 -31.8896658123 -13.4684075125 -1.57730890272
-114.903 42.636 -0.00052652264211 4.77802554718e-05 -0.00243958105301 -0.00560335546146 3.82542 3.84416 -3.75672225115 3.96887383661 -0.394930652871
-114.084 42.6493 -0.000667931162445 -0.000553154049361 0.0129339649379 -0.0017958540002 3.29711 3.32444 -7.58662719714 12.0373150451 -0.862360782318
-113.176 42.5452 0.00125209715344 0.000283194428781 -0.0066532322006 0.00555043475697 4.80879 4.91589 -4.27816160794 -14.4322009807 1.16306652511
-112.531 42.6852 -0.000754847327425 0.0015008100947 0.00775146804498 0.00221863671696 3.80472 3.77153 -13.3997644378 -13.6473007116 0.0811768974209
-111.588 42.8321 0.00187040912849 0.00141723661208 -0.000283078667613 -0.00245996613215 3.72497 3.7277 0.662294956006 -33.9992078061 2.32644159001
-121.891 42.175 -0.0019954265641 0.00449375861537 0.001885642884 -0.000569313119444 4.16491 4.20649 -7.07667355749 -44.5831999629 0.156157968555
-119.34 42.0187 -0.00191464455982 -0.000232922508723 -0.00104508677796 0.00237362056305 4.76794 4.8534 -14.9953960252 12.517519316 -1.87692446064
-118.344 42.1901 6.39506654019e-05 -5.62465985773e-05 -0.0239831233387 -0.00206872628796 7.90618 7.81741 19.0273400209 -0.294898739569 -0.00996299432889
-117.667 42.0192 0.00150849639832 0.00198186815925 0.0167438932543 0.0160499661396 3.36419 3.38035 -24.9718329025 -32.2353320448 1.88671098904
-116.471 42.0773 0.00468848337074 0.000718562763912 -0.00486391059558 -0.0116024567823 3.62544 3.62762 11.0951102933 -57.9031210356 3.6014134173
-115.754 42.1669 -7.29515643038e-05 4.26633461365e-06 -0.00110783739294 -0.00972699936859 3.56842 3.57391 5.34607098757 0.692240739632 -0.0491594874494
-115.016 42.146 0.00113850239309 0.00234936264615 0.0137779179927 -0.000871200222036 3.29662 3.27449 -9.78413749288 -37.7001115209 2.16113561487
-113.944 42.0886 -0.00176132191723 -0.00255964755766 -0.0305270953425 0.00462081408275 8.68904 8.64291 17.1011745108 41.4620973308 -3.10400445479
-113.24 42.0343 -0.00292008769243 -0.000708650049926 0.02137443925 0.0251670303807 3.67957 3.69733 -27.945934709 20.1557831364 -3.00484314042
-112.386 42.0041 0.00307966274962 0.00560482511485 -0.0036611140985 0.00106272993175 4.26074 4.33737 -0.29332464657 -91.1129214433 6.04973910837
-111.432 42.0149 0.00045852664014 -0.00215693718939 -0.0154358419506 -0.0160089369807 3.607 3.60118 21.977094085 6.93814689061 -1.7759430802
-120.74 38.7552 -0.00164255958357 -7.81257009595e-05 -0.0164537476317 0.00565532275277 6.04346 6.01434 -9.00672558077 10.1115542925 -1.54518571525
-124.122 41.8473 -0.000635836568418 -0.000826193118989 -0.00929512138072 0.00863184215536 4.89391 4.88776 -5.13105166205 14.1481451673 -0.928756441426
-122.854 41.392 0.000766802452611 -0.000468436074459 -0.00984401852609 0.00591471144484 5.17246 5.18045 6.71527954195 -1.47550491603 0.313554847102
-122.122 41.2742 -0.000127227037528 -0.000400064755005 -0.0118956927885 0.00178758882365 4.56704 4.56485 8.18682934238 5.44860713146 -0.35558678383
-119.171 41.3884 -0.000393558309065 -0.00166631778104 0.0197939432592 0.0126226367548 3.47271 3.43852 -26.2673089747 24.3337505279 -0.642316730304
-118.379 41.4483 -0.000694572150054 -0.00170064807618 -0.0343386164302 0.00278603367985 11.372 11.7684 11.3013883976 23.8328723392 -1.7191435049
-117.45 41.423 -0.00136816482506 -0.00362246367363 0.0177523240591 0.0113094921348 3.55479 3.52859 -23.0421029523 55.237852867 -2.18917845022
-116.54 41.522 -0.0015780270057 -0.000842463097988 -0.0104156235938 0.00443695409615 5.79957 6.11887 -5.13374271027 22.5122777707 -1.78318324708
-115.791 41.4311 0.0007300085604 -0.00414278182614 -0.0245684878654 0.00176720447398 7.69594 7.80179 18.3721943859 23.9210691626 -3.07093350064
-114.915 41.4157 0.00146601301016 0.000762727304005 0.0153119181145 0.00932854721333 3.64556 3.66478 -12.5914456095 -19.5159765339 1.65245231382
-114.165 41.3602 0.000811681953716 0.000406279724368 -0.0143244321531 0.0114491965432 6.89494 6.58598 -6.53852594628 -11.4975611765 0.90077562889
-113.347 41.503 -0.00734064921529 -0.000213704379978 -0.00843473518474 -0.00845518249341 5.55414 6.03725 9.72207794918 85.3315619902 -4.79424183091
-112.448 41.4632 0.00197119987181 0.00191751492549 0.00422730343246 0.0112542137911 4.44563 4.7931 -18.4627012277 -37.4293254911 2.57564942131
-111.63 41.3146 0.0049559686624 0.00405096962863 0.0132049756392 0.0105250061329 3.90252 4.03912 -10.4203261236 -89.7055174375 6.35717447908
-119.835 40.7484 -0.0026409786811 -0.000263345171658 -0.0251754950591 0.00682724836202 8.10515 8.73093 -3.11534163392 22.5089810365 -2.40287360542
-118.971 40.7797 -0.000607823812915 0.00394674452563 0.0297472305917 0.0304117559368 2.92887 2.9451 -33.4462014687 -56.2532369461 -0.513371447717
-118.134 40.7811 2.62186537732e-05 0.000435069666768 -0.0315364893139 -0.00594995739977 9.97518 8.91073 22.2802613615 -3.63732864037 0.382629079541
-117.524 40.852 0.00168907543819 0.00215566787727 0.0141769685825 -0.000190425031127 3.4683 3.45759 -17.5657271342 -37.2249636734 2.29259561623
-116.508 40.7186 -0.00147528522336 -0.00295969364002 0.00764363502771 0.0159742713317 4.08765 3.73917 -25.5448783753 46.3101803318 -2.04655001785
-115.736 40.8167 -0.0020526778461 -0.000884570356275 -0.0362362190257 0.00996804102133 16.2586 13.9949 34.2322649362 32.3070898834 -1.46414863735
-115.039 40.8522 -0.00178069833569 -0.000984461018739 0.00784525845412 0.00119291086167 5.45454 5.51969 -10.5058412129 24.9603206804 -2.03462720839
-114.204 40.8556 0.0024170542912 0.00316809525639 0.00181916039591 0.00429039471306 4.07252 4.05795 -8.05176347021 -57.9952305748 3.72287098046
-113.187 40.8513 0.000943142636063 -0.000473213989288 -0.00221353750269 0.0123680091835 4.18154 4.11576 -10.4466402829 -1.03679073496 0.572768763026
-112.52 40.8903 -0.005503041974 -0.00488828193142 0.0158985104258 0.0229912545702 3.75948 3.74265 -32.964381228 83.4568397422 -6.18105614826
-111.437 40.8869 0.00529001472709 0.00102922804466 -0.01435707437 0.00989056104045 7.85757 9.44195 -7.92917576672 -57.343542163 4.9245150199
-110.834 40.9425 0.00131187575681 0.00529340258682 0.00351667908169 0.00614757606794 4.34081 4.40522 4.99897611524 -66.469992221 4.83964645123
-109.673 40.9763 0.0010328194163 0.00174327708155 -0.0290473956758 0.0165314189009 7.58372 7.61951 38.9325812186 -18.0412225619 1.8426644922
-109.177 40.8936 0.00288964874482 0.000925263880982 -0.00581484932799 -0.00775087456745 3.6092 3.6448 11.3508482727 -43.6811459328 2.3538940837
-121.086 40.32 0.00152589952896 -0.0030199078912 -0.00973095262245 0.0144992741312 4.77281 4.63431 -6.29736846819 28.9251411237 0.0389705212073
-120.918 39.962 -0.00034115023577 0.00178378320474 0.00400597714662 0.0163586427961 4.30326 4.26561 -16.3195957468 -23.0403009535 0.165396863234
-119.827 40.165 -0.000412561658958 -0.00461375252979 -0.00834379033581 0.00340662897332 6.84602 6.89354 1.2719352249 57.4778093234 -2.97407175751
-118.877 40.1614 -0.00245536296352 0.000963575264185 -0.0120094340774 -0.00609067373006 7.21124 8.1951 13.663055552 17.0344757987 -0.91989424496
-118.155 40.2903 0.00385493496657 0.00455902836805 0.0123842632061 0.0242321298767 3.4547 3.53968 -33.1796933496 -67.6559062879 4.02166326185
-117.19 40.1697 -0.000208768300065 -0.000905178161083 -0.0274294976781 0.00363403817182 10.3699 10.0228 20.3862598044 9.73433691879 -0.870576518232
-116.5 40.2917 0.000528345905192 0.0103134652692 0.01301243593 0.0101247068525 3.80245 3.72735 -29.9457823325 -149.463733289 1.79146037882
-115.657 40.1313 -0.000875980428037 -0.00291053851026 0.00534887487873 0.0066905959136 3.83887 3.8213 -11.9387746703 43.755321942 -2.056755681
-114.745 40.2679 0.00208470587965 0.00341914170176 -0.00546302351207 0.00696470732668 5.31882 5.41498 -14.8745627872 -58.095381941 3.29359170515
-113.981 40.1314 0.00454230883449 0.00328579145205 0.00476447810882 0.0459620687016 4.0854 4.10881 -46.0290794838 -40.4436431063 4.14331861476
-112.469 40.2807 -0.000100855148574 0.00110842302167 0.00535008919407 0.00464637010979 3.88157 3.83902 -8.77156267351 -13.0024990421 0.511468843586
-111.502 40.2067 -0.00671102527517 -0.00670159700364 0.000540543924741 0.0247954615936 4.64485 4.93173 -25.033332659 124.622381468 -8.40251223131
-110.738 40.1948 0.000372739989825 0.0011858533713 -0.025887849809 0.0327643134023 98.809 -nan -30.3642418689 -18.4508974588 0.627358264176
-110.008 40.2655 0.00254302461309 0.00389600982011 -0.00345010799278 -0.000986172827694 4.05012 4.08392 6.30375770035 -66.3239146773 4.62311981219
-109.124 40.2982 -0.00289655644344 0.000742727848691 0.00291345515901 -0.0274937559198 2.69576 2.69628 16.1336399665 32.7250177021 -0.738874376741
-119.898 39.6785 -0.000456390467028 0.00204879456306 -0.010269747232 0.00761910927922 6.09245 5.58379 -2.45043066145 -21.8735046943 0.654250413977
-118.889 39.5399 -0.00262245176264 0.00204297739721 -0.00504149117174 0.00984944872466 9.07292 9.96258 -11.7570513841 -12.8757374594 -1.65059648458
-118.08 39.6946 0.000507673106221 0.000353522697711 0.0185898024282 0.0129257918045 3.43471 3.52174 -15.1732657609 -7.28759487188 0.597433086927
-117.14 39.5516 0.00384204723382 0.000338173969703 -0.0148180265434 0.00762691079195 12.0794 14.3553 -15.02329055 -24.4041896871 3.7115180379
-116.464 39.6202 -0.000753613814383 0.00306168043763 -0.0184290496577 0.00765035216433 11.6638 -nan 8.67879737676 -23.5834350588 1.64412465057
-115.754 39.553 0.00274304111286 0.00451062287388 0.00106912491068 0.00543681437971 4.30554 4.32649 -7.10790156055 -77.1201576411 4.63800749645
-114.908 39.4731 0.000527173926456 -0.00302275704478 -0.0142363639105 0.0105179824137 9.88065 10.0763 -10.7331692716 35.8328248102 -0.921651304574
-114.016 39.455 -0.00117066817661 0.00106818444567 0.00362439515267 0.00218220333805 4.18213 4.22578 -3.61322338672 -2.82290970808 -0.334497832785
-113.069 39.5906 0.00282818196914 0.00124206811668 0.0198827477648 0.0142987645794 3.3514 3.36298 -21.1912270433 -30.9751237122 3.07841777698
-111.66 39.6092 -0.000792622671849 0.00127615699887 -0.00222885361209 -0.00690098175497 3.83601 3.71745 1.1975916891 -5.85871985465 0.289584182864
-110.74 39.473 -0.000647841707243 -0.00163182620073 -0.00902564928191 -0.00262966131638 4.23963 4.20257 8.93442659345 22.7269468174 -1.68164871678
-110.246 39.6279 -0.00277234687484 0.000658540963908 -0.0116892959548 0.0153982429641 7.39898 7.88053 -12.7012824408 12.7008268802 -2.04791635128
-122.015 38.6333 -0.00078730096606 -0.000359853727771 -0.00657172109877 0.00940542372041 4.71117 4.70868 -4.2358917564 9.53681477319 -0.865282489493
-118.808 38.9383 -0.0076689101934 -0.00349856816251 -0.0118606527916 -0.0175930714547 3.42621 3.53059 18.4611189431 118.44145233 -7.46500551762
-117.932 38.8606 0.00141653205475 -0.00334031984108 -0.0134748906451 0.0126256365547 11.4733 10.7359 -9.98935624155 35.5257931537 -0.100184229766
-117.182 38.834 -0.00227272722927 -0.00199180414417 -0.0104492013581 0.00795722344188 8.39512 8.3072 -3.41256581005 42.1016405916 -2.98183352403
-116.4 38.8247 0.00413214093399 0.00180385845821 0.00386565746131 -0.00784729418128 3.60737 3.63614 2.71632427863 -58.3882110311 4.35065284758
-115.654 38.8455 -0.00257021326718 -9.92606111114e-05 0.000414282854848 -0.0114818522814 3.49678 3.48193 6.43285934888 26.9130843477 -1.93846256837
-114.83 39.04 0.00188618616872 2.92499468756e-05 -0.00327457072131 -0.0106000087731 3.82018 3.76143 10.3754919975 -20.9869202966 1.27766590281
-114.02 38.9551 -0.000513902727568 -0.000511375751431 -0.0201638061179 0.00324330255202 8.17103 7.98556 13.3050594931 10.6314309274 -0.719373757391
-113.277 38.9882 -0.000394126835458 1.8542665591e-05 -0.00908155535959 -0.00895398524836 4.0658 4.097 13.1634434397 4.47767237557 -0.224196925856
-112.379 38.9995 0.00102187549279 -0.000464284614067 -0.0273173524389 0.0283972599176 11.0064 10.6942 14.6906892566 -8.54208253762 0.201841631981
-111.172 38.9176 0.000776699157217 -7.15540917039e-05 -0.0160723761947 0.00981418906683 6.21537 6.06199 -1.49971360553 -6.70130605398 0.545944508463
-110.133 39.1025 -0.00141973802363 -0.00320539973287 -6.55122125547e-06 -0.0191630565152 3.15591 3.16515 9.74013315785 46.0328530742 -3.41273663311
-109.263 38.9553 0.00110772889981 -0.00362550745399 -0.0243253219881 0.018228367107 7.81077 7.58931 -0.117266531077 27.7758969964 -1.71786615621
-120.936 38.2571 0.00020411504804 0.00168652675706 -0.0149914274946 0.0128656585397 5.94454 5.91287 -16.2796231702 -24.0930567659 0.631721887373
-119.451 38.5226 6.00639913111e-05 0.000434371936606 0.00754187083749 -0.0150413571749 3.24844 3.23537 8.46730301706 -5.27699016983 0.331726565787
-118.106 38.3489 0.00203288521052 -0.000161297220103 -0.0195782009663 0.00709781456088 7.2182 7.20499 2.75469125205 -15.7986357288 1.53186290638
-117.072 38.2397 -0.0017476382616 -0.000665563766941 -0.00631507216725 -0.000853010546511 6.01948 5.85902 1.88911128984 23.0917146138 -1.79747396738
-116.302 38.2886 -2.43403636426e-05 -0.00213756901164 0.012983134324 0.00783029677251 3.76114 3.78633 -15.8120316293 29.5660828005 -0.753509134932
-115.585 38.3489 -9.84576320052e-05 4.23927684147e-05 -0.0223007310026 0.0115223639943 12.0419 11.9202 4.84933241836 0.490709369265 -0.0457612405835
-114.608 38.3281 0.00276041599872 0.00133346195482 0.0168762356186 0.0102241356108 3.55108 3.59779 -16.8205224581 -32.8855496625 3.05393379284
-113.969 38.1802 0.00251413540829 4.87017598238e-05 -0.00919557742606 -0.00123887734928 8.64726 8.5359 11.721605136 -28.9775588826 1.65681214447
-113.021 38.2987 -6.95595899932e-05 -0.00182961902369 -0.00847488010522 0.0123749587675 7.08509 6.96013 -7.64696719649 23.7253544277 -1.01910965438
-111.483 38.2843 -0.000639585856146 0.00284015701771 -0.0251486240466 0.0102236290294 7.68288 8.62108 10.2390267966 -19.1797364595 1.81390862909
-110.711 38.4187 0.00547523424896 0.00235086103637 0.0180441886117 0.00268880721318 3.2698 3.31793 -12.5557840733 -71.1810324771 5.92397610825
-109.894 38.3862 0.000550412471524 -0.000576440813824 -0.00867335451278 0.00208188230449 5.07927 4.9791 6.17814430085 -0.575870269292 -0.0748999687993
-109.261 38.2916 -0.00305942715482 0.00129313965779 -0.0129905157233 0.0131154527159 5.95305 6.01972 4.33510640591 21.2256172685 -1.09174669302
-120.33 37.346 -0.000162424214079 -0.000159353813166 -0.00666542986611 0.0162576666028 5.18322 5.28743 -18.9022206267 2.74252223241 -0.192526265659
-117.225 37.7243 -0.000289953329515 0.00173352262808 -0.00135656403017 0.000503884033601 4.70514 4.61678 3.25467098918 -17.4682915376 0.830804335533
-116.595 37.923 -0.00329342478886 -0.000320056834715 0.00275510454554 0.000843461066412 4.98178 4.95434 5.13660106841 34.8484851455 -2.71650714635
-115.747 37.6444 -0.00121088338703 0.000463095732918 -0.0239608440299 0.0224319602812 11.2176 10.9261 -14.2881231336 0.227370784023 -0.955207613423
-114.849 37.6083 -0.00197134319527 -0.00165336842629 0.00775475265228 0.00239234984038 3.58469 3.60985 -5.23417460104 36.1367184295 -2.54523585686
-113.86 37.5808 0.00279303404126 -0.00025247795748 -0.00999104224375 0.00347388064277 8.69769 8.58403 5.05829094416 -25.5320558972 1.87413964464
-113.168 37.7601 -7.55213412697e-05 1.95107294922e-05 -0.0203546520907 0.00408206365853 9.5762 8.68433 10.9318678502 0.669982904366 -0.0340178407641
-112.363 37.6761 0.002057537306 0.000751773786826 0.0232121552699 0.00890824362271 3.15137 3.1405 -17.1871871392 -22.1286256814 2.18882704593
-111.596 37.7222 -0.000631718807026 -0.000865901201778 -0.0175244305857 0.00704321473654 9.92386 10.6003 14.7247560706 15.2174412889 -1.07157989893
-110.802 37.6354 -0.000906421377309 -0.00137307465161 -0.018464920469 -0.0306120707665 3.3541 3.37547 27.3987515326 20.2623365947 -1.60870452896
-109.995 37.6903 -3.47713641944e-05 -0.00134529984721 -0.0134643338714 0.0160793782858 9.93276 10.0889 -11.9590867667 17.8389080228 -0.708521032996
-109.137 37.7459 0.00238724876649 -0.0017133572277 -0.0108807652534 0.0010874301631 4.11167 4.16357 7.33090365182 -11.5135030922 0.189914111633
-119.709 37.0069 -0.00082871195755 -0.00125026107929 -0.000107553779026 0.0121617390907 4.60762 4.6302 -9.76292718915 21.2712522279 -1.23272688952
-115.22 37.2408 0.000119358380572 0.00378405265335 0.00790864164588 0.00758349175841 3.81882 3.83147 -7.60377176379 -50.0525152583 1.91283950181
-114.715 36.7256 0.00284480237996 -0.00207098126257 -0.00285389211791 0.00587826793973 8.80398 9.77748 -2.22123773914 1.82138434567 1.19691927607
-113.907 37.0195 0.00273741833044 -5.42500421954e-06 -0.00802483653515 0.00378267659853 8.75809 8.71217 -2.15672685869 -23.4667484967 2.2335393912
-113.084 37.0615 0.000913052486928 0.00237625543771 -0.00584477845029 -0.00342254904904 6.73114 6.62949 11.111446905 -33.5192075002 2.398360679
-112.382 37.0183 -0.00121717817425 0.00136837269782 -0.00617128454462 -0.00146416103155 7.41434 7.42452 4.46198137744 -2.33178589642 0.058472057413
-111.506 36.9839 -0.00141404201814 1.34706717386e-05 0.0124734943 0.00222284843246 3.39725 3.42281 -8.57081971168 10.9361876455 -1.19993598785
-110.804 36.9969 0.00286170347033 -0.00184328950858 -0.0230897025563 0.0321886638817 19.0055 28.4519 -76.9118477254 48.0433536974 3.39816315736
-109.874 37.1364 -0.000825667093363 0.00151428324821 -0.0161592418376 0.00716173788292 9.05313 8.88797 -14.1712572802 -14.4906551621 -0.0245269656115
-109.025 36.8299 0.00290354616105 0.00358825092503 -0.00138678756163 -0.0177815509905 3.14985 3.21658 12.7816706263 -67.5133882101 4.60178543893
-120.783 36.3627 -0.000563964241186 0.000484025358261 -0.00830159968007 -0.000963585888965 4.80693 4.82117 4.94534488593 -1.06113353645 -0.184794920073
-120.12 36.3356 0.000584738385974 0.000331104254853 -0.0068478730197 -0.000169454718342 4.62625 4.63835 2.15073779593 -8.6230306143 0.670894992205
-115.383 36.423 -0.000247060835168 -0.00251598200026 -0.00940440871366 0.00306862972379 6.23673 6.33081 -12.1561505116 35.7750846698 -1.21803396145
-114.539 36.4321 0.00345976653529 -0.00095151189619 -0.00198441684298 -0.00101537117888 8.42464 8.30674 9.38004522152 -26.9370565868 1.73979950168
-113.965 36.4151 0.000563195480971 -0.0002324879794 -0.00572671096365 0.00320662836242 7.002 6.50434 -4.38136517549 -1.58475362119 0.350499380047
-113.18 36.4182 -0.00209201599925 -0.000118518546513 0.00218820002646 0.0158461483199 4.02331 4.02689 -16.6229774749 12.9356460658 -1.99492380775
-112.291 36.428 0.00110585276772 0.00108943587141 -0.0109215756269 -0.00127752662113 8.87589 9.69407 8.80233478829 -23.37124694 1.55037421133
-111.13 36.1428 -0.000577612350797 0.000311985823028 -0.0281766601423 0.024207600744 8.51614 8.08894 -7.49577033625 0.669597269974 -0.322210068967
-110.662 36.5996 -0.00169864319888 -0.00613712802519 -0.0141805501038 -0.0206297619802 3.25852 3.29993 21.657778506 66.0888620539 -6.22296911294
-109.87 36.4199 -0.00107927053521 -0.00015488178766 -0.00929470935767 0.0103833011199 8.60311 8.74824 -10.05829346 10.5638612066 -1.00238165212
-115.43 35.8384 -0.000270898588944 4.943025922e-05 -0.00431253325616 0.00546064405666 5.17677 5.17149 -5.58712920322 1.32845633766 -0.212175025573
-114.851 35.7266 -5.33428327163e-05 0.00137514657017 -0.00335084441331 -0.0021082344175 7.62668 7.79818 6.10864614745 -14.8562170026 0.870627988891
-113.984 35.8522 0.00112968763087 0.00253180662584 -0.00292734605603 -0.00191264692688 5.99398 5.96391 4.9115443821 -39.6765376864 2.51927735775
-113.105 35.6339 -0.00103436329155 -0.00181839255099 -0.0112558061559 -0.000980784239641 7.68525 7.39491 -8.23213511193 31.5069061838 -1.78436193994
-112.173 35.8191 0.000195089503072 -0.00418512623366 -0.000404512201032 0.0144083194817 4.5952 4.60713 -11.8662381357 55.3334870641 -1.68843705813
-109.933 35.7113 0.00171422428868 0.00162550861706 -0.00975834106857 -0.0134217118836 3.83088 3.80136 15.5560322844 -35.5695183817 2.30345779181
-109.046 35.7147 -0.00348564507676 -0.000846789200174 -0.00162012676126 -0.00102936036674 4.18866 4.20397 2.32207287699 46.5388993356 -3.09210524339
-114.87 35.301 -0.00120104017812 0.000393108782461 0.0123051996194 0.0228350725878 4.11087 4.15591 -22.8642156369 -1.97217256195 -1.09157876873
-113.885 35.099 0.00312418088945 0.00460616885686 -0.00417195923498 -0.00125214227329 10.0471 10.0202 3.82374349728 -83.3217629902 5.34571151574
-113.083 35.2127 0.000445637168798 0.00202999440946 -0.0148066670459 0.00347337547182 7.60303 6.76352 -4.5768039113 -29.5011338763 1.45979168154
-112.267 35.1787 0.00140818754093 0.000590731864851 -0.00628911214671 0.0284756550972 4.97677 4.93071 -20.5350514718 -14.8420293702 1.51973679694
-111.532 35.0951 0.00456373047009 0.00462062704479 0.00480174154036 0.00573276646143 3.66712 3.66042 -3.16256556058 -97.4653653801 6.39381267011
-110.713 35.0789 -0.00292971195712 0.00069572231686 -0.0036318717134 -0.00541262084257 3.61918 3.60836 6.26679192641 24.5255801423 -1.55306202657
-109.736 35.1181 -0.000752084550983 0.000252384150345 -0.0173363306873 0.0174607803527 12.911 11.4044 -25.2000993405 -0.693686905234 -0.65897091578
-109.388 35.1118 -0.00306022720691 -0.00287871259614 0.0245527734004 0.0119832274477 4.06786 4.07731 -31.4809112735 51.3001799201 -3.48934794366
-113.83 34.5935 -0.00214914157793 0.000758686318331 0.0125786978249 0.0280789550528 4.04598 4.17651 -32.3210111641 -9.62018139031 -2.10363875604
-112.891 34.4692 0.00369042087337 0.0020882991673 -0.00634815605845 -8.98313150904e-05 6.51323 6.52844 -8.57949384147 -54.0968300302 4.23848664629
-112.237 34.4866 0.00119586289456 -3.12329281608e-05 0.00125812177658 -0.001247912303 6.5309 6.47976 -7.03357914954 -8.70528031675 1.01898892134
-111.441 34.4178 -0.000374451618598 -0.000700530199103 -0.00112079534134 0.00862930067909 7.62079 7.44681 -14.3854352188 12.0866627511 -0.623268486176
-110.806 34.3371 -0.00133601697163 0.0011590129117 0.00201823858342 0.0191452206237 9.08288 9.98642 -25.3152272964 -12.5775131355 -1.03413464084
-109.95 34.5293 0.00504161358891 -0.00135659436478 -0.0128339837993 -0.0154969952702 3.86172 3.86499 21.0023257725 -57.3803196272 1.28111263943
-109.29 34.4275 -0.00200936498133 -0.003200018552 -0.00260612513207 0.000824172510161 4.30667 4.23258 2.99943716754 57.1251237734 -3.65885140515
-114.524 33.7503 0.000696649745977 -0.00128137201966 -0.00619068414193 0.00500836453487 4.98785 4.81124 1.68791632109 9.53778203956 -0.183710814834
-113.829 33.8142 -0.000102988750748 -0.00118430891571 -2.8321126132e-05 0.00347662330111 6.0023 5.89742 6.84999871032 14.4125356542 -0.864818974562
-113.005 33.9383 0.000377698496029 0.00121638061273 -0.0257464123955 0.0144791421368 32.2834 -nan -12.9954716644 -19.2451270027 0.820191196664
-112.333 33.9535 0.00284145100075 0.00183869275109 0.00702189336822 0.00219170251508 5.40199 5.24459 -11.7908308463 -43.5655161313 3.35047498678
-111.478 33.8798 -0.000199414710025 0.00152364108274 -0.0102394398876 0.000766708051354 8.20159 7.44853 -1.64517322359 -17.1211449972 0.729523400199
-110.844 33.6953 0.00203253396862 -0.000225310592501 -0.0148687123854 -0.00921349019797 4.25199 4.21996 20.1507422884 -24.686490207 0.881410226463
-110.034 33.7776 0.00166940521709 -0.00195884852498 -0.0055672759762 0.0120708033605 8.22669 7.45476 -10.2798613909 14.1209993454 0.523445273686
-109.254 33.9571 0.000130157480412 -0.00122517174508 -0.0075658385498 0.0167049479587 6.44536 6.41795 -27.1982538618 18.0111172712 -0.145531553502
-112.946 33.3627 0.000609677721161 0.000711916852277 -0.00537497470951 -0.00315969684716 5.49903 5.59983 10.763311441 -14.2017491766 0.935784530662
-112.158 33.2893 0.000488100996933 0.00371367978038 -0.00238127736617 0.00669699353826 7.43648 8.10359 -20.4995978074 -56.6784099563 1.47387683956
-111.427 33.341 0.00161196515908 0.00344862172168 0.00512777429228 0.00618689113011 6.15913 6.44867 -13.7397509938 -58.3642790187 2.84415980448
-110.472 33.2969 0.00227354701775 -0.000227647116469 -0.0072284615552 0.00340261064096 7.89066 7.88031 8.91662726357 -23.2226675577 1.38483800946
-110.036 33.0851 0.00132648857365 0.00167402019973 -0.007732982865 0.000410012137505 7.75801 7.65174 7.55743933724 -32.732509272 2.12536500916
-109.266 33.2921 9.63013549506e-05 -0.00263358193734 -0.00725186347282 -0.00153622879585 4.11328 4.04221 7.91245288637 26.5556742309 -1.87191389713
