-122.707 48.7197 5.81950712418e-05 0.000156189674284 0.00290107890124 0.0016857054805 4.32941 4.32589 -0.00278005072911 1.00303091314 -0.0298490126619
-122.085 48.9983 0.000312770001529 7.90183708114e-05 -0.000112936772981 -0.000965656948446 4.00133 4.02859 -1.41947552008 0.125552439509 -0.292035464563
-121.48 49.0983 0.000736360669514 0.000185651824659 -0.00209861773216 -0.000481412491393 3.83886 3.84126 -1.09008839005 0.364274644922 -0.692066959491
-120.384 49.048 0.0003613860052 0.000144862245306 0.00147364874349 -0.00090790801476 4.26399 4.21395 -2.91711502822 0.487887215762 -0.326194894839
-119.272 48.9534 -9.66994899758e-05 0.000240168224274 0.00120401715049 -0.0012713834934 4.2613 4.18968 -2.73230710627 1.70810337726 0.138212228171
-118.585 48.9752 -0.000416606441337 0.000140904366864 -0.00101598996926 -0.000951329564636 4.0354 4.01066 -1.46946684676 1.34658535207 0.432957958175
-117.559 48.9813 -0.00032073557667 4.32208370784e-05 -0.00113814712138 0.00074110615308 4.01553 4.05701 -0.462668813508 0.536081568236 0.323600094606
-116.363 48.958 -0.000278162254453 0.000182320222985 0.00100153197955 0.0111038842982 4.15028 4.50037 5.24241649443 1.19869703527 0.279102278479
-115.653 48.9339 -0.00020653694575 0.000225615338215 0.000562175012178 0.0193255272623 4.0762 4.76454 11.4775886397 1.30119915167 0.179964789048
-114.413 48.933 -0.000172573568177 8.3373333988e-05 0.000810260319059 0.0102860854431 4.10903 4.09259 5.65283312105 0.503083835076 0.170337441497
-123.504 48.0575 0.000125028894568 0.000396839240199 -0.00105627882382 -0.000545567651605 4.04163 4.04316 -2.1671910482 2.52708932592 -0.0314168985641
-122.096 48.2641 0.000297248504142 0.000292110433345 0.00219588181881 0.00204059272102 4.43912 4.4369 -0.625422687984 1.61802884338 -0.238719737258
-121.484 48.5183 0.000410991917557 0.00019788344765 -0.00137366085781 -0.00104159626834 4.01968 4.01843 -4.82028799195 0.628478114772 -0.349908848626
-120.12 48.4607 0.000209188951487 0.000425621428664 0.000817755865751 -0.000765621681746 4.08715 4.05762 -4.36563003153 2.50772541089 -0.109455258916
-119.333 48.3584 -2.65387617992e-05 0.000357322686739 -0.000271849088908 0.000522112837271 4.04436 4.03933 -1.86028447011 2.40652484585 0.0871876881113
-118.149 48.4226 -0.000181712717691 0.000120270286587 -0.00345900719662 0.000828192325954 3.95915 3.95732 -1.27908998299 0.969171733998 0.197323598956
-117.225 48.2995 0.000260504974366 -0.000501181975793 0.00698378501539 -0.00232920843346 5.16999 5.00921 -5.05487372158 -3.58278574088 -0.355934628422
-116.367 48.4366 -0.000381101438251 -0.00197001635805 -0.00135356827971 -0.0116537405659 3.39682 3.35377 -24.7185429887 -9.80872829397 -0.67400300486
-115.589 48.4694 -0.000174384124694 -0.00414829246791 0.00240136326566 -0.00912986740155 3.37193 3.41058 -31.7020715118 -20.764653438 -2.35661919964
-114.468 48.3739 -0.000429007483713 -0.000945849929692 -0.00824530582341 0.00020807505381 3.46483 3.54084 -5.3286760275 -5.4839867028 0.26035154486
-122.173 37.1311 -0.000102239682156 0.000121411991404 -0.00335958591546 0.00200704065044 3.69405 3.70157 2.53933385396 1.02009774196 0.126592033096
-124.566 47.9475 2.31981317837e-05 0.000164436600922 0.000200459979558 -0.00192159335406 3.93597 3.93653 -2.48779560309 1.09715309105 0.0179887941853
-122.972 47.7172 0.000251110223343 0.00076526915977 -0.00107870433029 -0.00054210859645 4.0949 4.10802 -3.59465033546 4.77070856874 -0.0530095246281
-121.689 47.6947 0.000589243876567 0.000414499026351 0.00364539021032 -0.000117375448709 4.64454 4.65847 -5.60371906499 1.67369875187 -0.456578355494
-120.894 47.923 0.000278889175715 0.000219771537938 3.9582925204e-06 -0.0015540922136 4.11936 4.11832 -4.32971214086 1.01650059937 -0.219320650019
-120.061 47.6902 0.000161995211088 0.00010198865416 -0.00182675465754 0.000614922457039 3.78625 3.80992 -0.725834138526 0.501745423114 -0.14278949238
-119.045 47.7849 4.02464939825e-05 1.39090255718e-06 0.00376334436449 6.30353355619e-05 4.21726 4.20732 -2.74155071033 -0.0417760059279 -0.0392670488246
-118.274 47.8006 -7.31534482625e-05 0.000191605513047 -0.0117533880121 0.000534793038069 3.46692 3.50479 -0.711218277466 1.3366556662 0.0999517163885
-117.308 47.8192 0.00175925305842 0.000405674343565 0.0132627697893 0.000922836737204 7.61055 8.25361 -6.8603760741 -0.157558541759 -1.61252716636
-114.574 47.6795 -0.00212586495425 -0.00241268165186 -0.0210603352817 -0.00287629343876 2.52425 2.56005 -10.6621126783 -11.1826869739 1.39224267544
-113.747 47.7687 -0.000628545376463 -6.84346525935e-05 0.00890163233027 0.00296018454036 4.21745 4.45265 -1.21889902808 -0.0395929234804 0.618758871804
-123.771 47.1161 -0.000223453363043 0.000422405077299 -0.00175576425232 -0.00206809766407 3.77931 3.82919 -7.56384582654 3.35396142401 0.349881339059
-122.803 47.1109 0.00020151297073 0.000591765491581 0.00115832227575 -0.000623509946707 4.12222 4.27676 -6.62010809297 3.53584759841 -0.013081587408
-121.989 47.1881 0.000906563962749 0.000434211605017 0.000576998957226 -0.00202924621835 4.0999 4.1573 -5.99291772903 1.11886635281 -0.74710798118
-120.844 47.1935 0.000692060758425 5.10674775246e-05 -0.00186963913003 0.00283519209512 3.98363 3.97713 2.42489945659 -0.249149012201 -0.680175847043
-119.973 47.1936 0.000266944190435 -0.000456745875629 0.00169512454351 0.000551332575591 4.20946 4.21911 -2.53110456336 -3.41474052553 -0.353211812082
-118.921 47.0573 -0.000246234781199 -0.000172990099321 0.00196082883105 0.000354636134287 4.12792 3.98277 -3.0397942663 -0.812891993323 0.206964606321
-118.309 47.0615 -0.000794507180338 0.000204484308527 -0.00181158478444 -0.00103852303952 3.77779 3.87752 -3.89268236771 2.43521998579 0.819595136867
-117.276 47.0547 -0.000604423532602 0.000419245561298 -0.00911135355587 0.00167135319747 3.81929 4.43562 -2.01834825524 3.38455177301 0.66437246965
-116.335 47.0477 0.0159982462933 0.00136191813957 0.00377332562737 0.00550448420245 18.0011 -nan 190.296711196 -15.5138854932 16.0523450461
-115.353 47.0528 -0.000444167345541 4.41163971579e-05 -0.000853893038877 -0.000669313590455 3.94134 3.19501 -0.527247943444 0.610101735675 0.446303522723
-114.459 47.0943 -0.0187050605992 -0.000556069494004 -0.00281198212533 0.000538176775736 1.73476 2.05585 -0.71423413474 9.12432372307 18.541352157
-113.506 47.0816 0.000386895560539 -0.00023494386493 0.0147644274094 0.00216205068596 5.29605 8.78112 -3.57575014299 -1.82444061123 -0.416702456561
-112.52 47.0418 0.000314273594206 -8.04143073221e-05 -0.00129663868519 -0.00165801941348 4.03896 4.08162 -4.06898106329 -0.775546253412 -0.322478364117
-123.563 46.5459 -0.000168948774191 9.17914759646e-05 -0.00082968410062 2.70964770129e-05 3.82158 3.86682 -4.92478360104 0.968386150573 0.188191783885
-122.72 46.5934 0.000501478823407 -3.85075563888e-05 -0.00087374366529 -0.000233672657947 3.79316 3.90126 -5.15695721563 -1.25238663917 -0.492050046352
-121.761 46.5605 0.00110789746291 -0.000102401621536 0.000846357565924 0.00271436724083 4.17876 4.25075 -0.143281083245 -2.13461039756 -1.10761688315
-120.979 46.5433 0.00103813808049 -3.22544215169e-05 -0.000498743194548 -0.000404434200928 4.01897 3.96997 -4.53222958776 -2.0217753048 -1.01274919091
-119.855 46.5585 0.000368404425785 2.99424753384e-05 -4.53643756982e-05 -0.000589193725669 4.04932 3.87914 -5.56458381055 -0.447688362192 -0.348361644279
-119.06 46.4911 -0.000626558606139 0.000175061764062 0.0029765905832 -0.000538745141049 4.24084 4.10947 -5.41267147255 2.18833749018 0.650368550112
-118.146 46.5139 -0.00090827754867 0.00025611850456 -0.00592397462149 -0.00128313531816 3.70219 3.69159 -4.96771934685 3.05249594047 0.942743775863
-117.11 46.485 0.000784819559887 -0.000234975608366 0.000340070093335 -0.0024481700863 5.05768 5.54998 -10.9293244205 -3.11610137456 -0.818840733994
-116.209 46.3559 0.00147401203739 0.0027998409373 0.0124205513485 0.00378103008453 6.19599 7.62011 30.0467555687 20.6355396517 -2.45239326337
-114.188 46.4423 -0.00230736143873 -0.000297199954592 -0.0161552842379 -0.00941447557735 2.54426 2.49288 -7.22243610131 1.41602966036 2.18408082956
-113.493 46.4162 0.000169969258293 -0.000236761179718 0.00847602138024 -0.00127558135313 4.58377 4.78296 -5.55161282785 -1.67354763356 -0.210900699245
-112.641 46.4246 -0.000112624642771 -0.000169364796246 0.000278772560176 0.00155519220609 4.24689 4.24515 -1.80705871878 -0.977356472266 0.0932102908941
-120.728 40.6183 0.000316492413692 0.000527193754766 -0.000273198587957 -0.00145198364284 3.92883 3.91407 -4.59888028788 2.85847540995 -0.143075159726
-123.559 45.9306 4.15828327727e-05 -5.36138940485e-05 0.000459715005962 -3.65406517614e-06 3.93011 3.96846 -3.86678698078 -0.447766944167 -0.0546952197066
-122.419 45.9325 0.000604143012726 -0.000506923238339 -0.00198130345234 -0.000911203943925 3.68997 3.72756 -5.52054559679 -4.63777991194 -0.725083658954
-121.459 45.8839 0.00083910772447 -0.000329994400748 0.000656193532391 -0.000636096622275 4.11538 4.10945 -6.99014187775 -3.96048560403 -0.899726321619
-120.782 45.7664 0.000372862564952 -6.23983530252e-05 0.00156860495696 2.98153070521e-06 4.32136 4.32945 -7.45276765839 -1.1968499552 -0.37409232115
-119.928 45.8951 4.81199135168e-05 0.000466420767306 5.2558529347e-05 -0.000401793099575 3.95774 3.97173 -7.78151069548 2.94178914491 0.0943731595248
-118.777 45.7971 -0.000330182945297 0.000107175244166 -0.000373950832189 0.000653749723359 3.92221 3.958 -6.71812983652 1.30077777995 0.346875760728
-117.909 45.7087 -0.000180896469552 -4.60423209528e-05 -0.00221627446723 0.000547416362545 3.93647 4.08147 -4.22359216108 -0.0337749648463 0.166306096496
-116.155 45.8883 0.000156202372185 0.000180902120838 0.00617163797977 -0.00233742952717 4.47512 4.59668 0.278318250577 1.05144696228 -0.133104675603
-115.255 45.7565 0.00024218086599 0.00440895862465 -0.000405886159843 0.00803685305477 3.82239 3.89161 30.7247751976 26.7334260862 -2.01424538096
-114.332 45.7893 3.50989218711e-05 0.00085060414023 -0.00184100070402 0.00992056866351 4.07508 4.05907 10.9456823982 5.44922147353 -0.106908533955
-113.37 45.8122 5.61296147835e-05 0.00021385207613 0.000736505961168 -0.000821023297962 4.04676 4.08823 -7.00973233282 1.24574409054 -0.00872269497926
-112.493 45.8409 -0.000117371805543 -0.000197246021147 0.000890752454507 0.000815221485215 4.09607 4.07465 -2.7638108367 -1.12763182847 0.0902905024225
-123.281 45.3153 0.000443995913847 -0.000257469669279 0.00062193349753 0.000676144907439 4.03319 4.05643 -2.92426672148 -2.58763855142 -0.495726930592
-122.478 45.2059 0.000870537370836 -0.000484848886967 -0.000367918898546 0.000139700338336 3.98194 3.99211 -3.42360860133 -4.89924799761 -0.966943525647
-121.317 45.2422 0.000358266365173 -0.000540281558614 -0.000448253330937 -0.00157052826307 3.91075 3.89183 -8.58383946348 -4.37494110709 -0.518344070836
-120.635 45.2357 2.78220267917e-05 -0.000519660809789 0.000872326093094 -0.00146321634664 4.10578 4.12019 -9.18434826375 -3.44184373458 -0.201447105087
-119.669 45.2664 8.31855157973e-05 -0.000243330479008 0.000384758461057 -0.000874808634332 4.06845 4.12149 -7.00176205061 -1.75476605583 -0.150297914978
-118.96 45.2904 -0.000119864940864 -0.000419103239011 -0.00162781194664 -0.000579902802724 3.87682 3.91901 -5.37039668058 -2.53707838274 0.00890160957103
-117.78 45.2781 -0.000218754957119 -0.000759255376658 0.001791687452 -0.00093823872373 4.30734 4.45765 -6.52252726523 -4.51273297491 0.0121945528907
-117.12 45.2925 0.000224215344071 -0.000493334398978 -8.5227176102e-06 -0.00214485091781 3.92062 4.00916 -6.25119363508 -3.53857949286 -0.34045626264
-116.268 45.3997 0.000240652788364 -0.00022976986591 -0.0036951340145 0.000215325293647 3.66715 3.7297 -3.20466962228 -1.77734361324 -0.279496648932
-114.233 45.0931 -5.87950427666e-05 -0.000230280538771 0.00453198324233 -0.0041776325413 4.35464 4.49188 -9.17948872111 -1.31929719013 -0.00549309457516
-113.46 45.2432 0.000155810587294 8.94503441047e-05 0.00206453057045 -0.00123989836751 4.2034 4.24316 -4.93379502081 0.372346135628 -0.136294752493
-112.489 45.166 0.000182399460747 -6.38370720101e-05 -0.00204080722576 -0.0029804192602 3.87271 3.86294 -4.00548787205 -0.579414939466 -0.190304199998
-124 44.6764 -4.29096230703e-05 -0.000193579689199 -0.00104368565005 2.04737143239e-05 3.91179 3.94553 -1.64644873744 -1.26690512723 -0.00717273302292
-123.292 44.6765 0.000396118339394 -4.60705266259e-06 -5.70127123567e-05 -0.000476822796695 4.0262 4.06505 -3.13853327265 -0.791162807092 -0.382726890371
-122.186 44.6837 0.000932875905655 -0.000202812253552 -0.000376192114572 0.000944842289245 4.17513 4.15724 -2.86137760317 -3.04005895962 -0.953842149941
-121.227 44.6473 0.000619282475221 -0.000475104257032 0.00210918383226 0.000354752725284 4.4228 4.31775 -4.9177369898 -4.37426245167 -0.726845105858
-120.335 44.7344 -3.36850024952e-05 -0.000462534449018 4.25896812889e-05 -0.000454709951932 4.0551 4.01487 -4.46733475302 -3.01707789754 -0.0876710101877
-119.565 44.5913 -0.000194313986857 -0.00105193151181 -0.0018786155217 0.000641491159093 3.82815 3.85847 -1.18096288082 -6.78510795904 -0.0168061838242
-118.67 44.5191 -0.000116537490495 -0.000569243209037 0.000713324577628 0.000558655757266 4.08025 4.08379 -1.72822307919 -3.61910046597 0.00184876059199
-117.664 44.6653 -0.000107469969626 -0.000651818870339 0.000473969230469 -2.6587431662e-05 4.04461 4.03065 -4.59491913034 -4.06696406291 -0.0480593364944
-116.747 44.589 -0.000142501295921 -0.000465178642831 0.000307778639367 0.000261834106626 4.04894 4.07041 -4.22967845678 -2.79545608754 0.037351878794
-116.013 44.7035 2.52714768063e-05 -0.000402555351081 -0.00188368709751 -0.00481279197238 3.82256 3.90133 -8.67916841947 -2.5758301999 -0.13882888051
-114.855 44.5494 5.54797811548e-05 -0.000315469419977 0.000789591155923 -0.0076593085151 3.95215 4.00272 -9.7470268539 -2.05512551024 -0.14507875567
-114.255 44.5642 -0.000106954674893 -0.000267858409771 0.000737507144905 -0.0011168399711 3.97422 3.94854 -4.65730184459 -1.54787343337 0.0515467997731
-121.551 36.3887 -0.000382556957283 5.49388529385e-05 -0.00306284353257 -0.00100815280227 3.74627 3.76203 -1.33474696051 1.17041693302 0.382212169822
-121.461 40.8161 0.00106996436761 0.000352329216388 -3.95868032994e-05 -0.000716700148199 3.95568 3.90348 -4.40710700878 0.0803703304558 -0.912792364312
-119.023 36.6801 0.000903797436778 0.000155594354132 0.017158223922 -0.00352614172775 5.12648 5.26822 -7.80701812584 -1.33170096537 -0.781497509375
-123.83 44.0035 -0.000721651982802 -5.36202111854e-05 0.00254226251901 -0.000116309299384 4.11382 4.29908 -4.0220462357 1.16026726169 0.673734616845
-123.278 43.9726 0.000218342632407 -0.000226345193025 -0.00149357581813 0.00116096053417 4.00994 4.18837 -2.14015224571 -1.96270945873 -0.269335584218
-122.411 43.7941 0.00107245130947 0.000127219899036 -0.00032277408892 -0.000429646289427 4.0181 4.01191 -4.08051569147 -1.28401223302 -0.992589982087
-121.268 44.1626 0.000568949193038 0.000164772794543 0.00194570353351 0.00159971149432 4.30137 4.20139 -1.32051608816 0.242004997535 -0.518337717566
-120.211 43.9437 0.000696739372961 -0.000268154107871 -0.000125478505609 0.00152453052456 4.07376 4.02842 0.688081957098 -2.67437923855 -0.733316451004
-119.504 44.082 0.000102942558027 -0.000688545804701 -0.0016640164524 0.000352639969849 3.93705 3.8084 -0.686769193864 -4.75595974334 -0.23364300628
-118.569 43.9104 -0.000429030908287 -0.000609507411621 0.000291221845333 0.000532506115062 4.20969 4.15302 -1.65996718661 -3.45765023224 0.297826840579
-117.741 43.9733 -0.000175074711349 -0.00069778858933 0.00126961740874 0.000465564534266 4.27266 4.29476 -3.34084216955 -4.30297727806 0.0171374408935
-116.803 44.086 -0.000139279318229 -0.000682502079858 -0.000116574234423 -0.000523360602521 3.9369 3.93962 -5.42983903624 -4.15861701223 -0.03187008879
-115.958 43.9121 -0.000206475868984 -0.00021043387302 -0.00024160166726 0.00117610883539 3.91836 3.90584 -3.11369424161 -1.0853334093 0.160761126236
-114.117 43.9146 -4.30308111938e-05 3.25659421474e-05 0.0006399881377 0.00138298573871 4.02374 4.02221 -1.04871087084 0.246046921813 0.0472275697532
-123.575 43.3654 0.000477974193419 -0.000287954025153 -0.00197404083934 0.000284533523059 3.76285 3.77285 -3.38200878798 -2.96255327018 -0.540449738723
-122.965 43.3717 0.000371661651948 -0.000331852772563 0.00167792946884 -0.000647592621392 4.21261 4.20546 -5.35663729017 -3.07604841036 -0.456914046427
-122.109 43.2406 0.000522088230564 0.000392388742571 -0.000230951751796 -0.00199918970354 3.90151 3.91482 -7.17707203344 1.37217231418 -0.35999979373
-121.236 43.2843 0.0010210634549 0.000512200777106 -0.000309317932123 -0.00158802400028 3.97429 3.99373 -5.20709438633 1.32358349868 -0.825288764227
-120.153 43.2515 0.000797726641436 7.44979058077e-05 0.000664209277804 0.000393977254857 4.14696 4.05883 -0.575569058888 -0.626026460314 -0.765508015002
-119.311 43.3736 0.000210202982153 0.000140921533259 -0.000611584587077 -0.000603551778434 3.98119 3.88115 -3.01559592097 0.595957079648 -0.170871052158
-118.474 43.358 -0.000119192548383 -0.000344428172792 -0.000591226696094 -0.00042967673932 4.08054 3.96698 -3.66945395162 -2.07136440894 0.0333190752249
-117.754 43.3471 -0.000123012676578 -0.000625135466883 0.00173485479891 -1.40872544777e-05 4.38172 4.27001 -3.83021548288 -3.88623975376 -0.0270890320836
-116.767 43.4275 -0.00045681504496 -0.000201100465191 0.000232160321284 0.000146390894506 4.09453 4.02322 -2.66549840409 -0.688923954596 0.40628621073
-115.828 43.4151 -0.000480721337036 -7.86723480803e-05 -0.000970957163782 0.000236627600855 3.82444 3.82541 -2.26610167387 0.0826931386515 0.457530393316
-115.098 43.25 -0.000136198042628 -1.55166819313e-05 0.000454085982548 0.00172021628324 3.96952 3.98339 -1.23617476393 0.0450202609799 0.131838541072
-114.174 43.3979 -0.0001265207322 7.23229875406e-05 -0.000194579131716 7.01824716013e-05 3.93867 3.93928 -1.63743088879 0.587902340943 0.136393794566
-124.469 42.8088 4.09023980954e-05 1.35947474848e-05 -0.00111041906767 -0.00185498608498 3.81603 3.80057 -3.96429144612 0.00196640895335 -0.0346881942508
-121.731 42.6133 0.000509010001537 -0.00052769348129 0.000922959677038 -0.00061390575258 3.933 4.03916 -4.98161522485 -4.62605042627 -0.644166275495
-120.893 42.7258 0.00112350242071 0.000247560256767 -0.00308124501873 -0.000387400030477 3.60317 3.62483 -2.96968431851 -0.351907320488 -1.0217131973
-120.251 42.7991 0.000862278430661 0.000508465359434 0.00137665990943 -0.000750679722697 4.12402 4.06628 -4.34864549069 1.75095048052 -0.690032474183
-119.247 42.6912 0.000411195133193 0.000472279059633 0.000294097519591 -0.00035376212408 4.09074 4.03313 -4.77881611786 2.34609787732 -0.267256723703
-118.486 42.7308 0.000375348167533 0.000460823799481 -0.000390332073354 -0.000405328469719 4.10267 3.98033 -4.6732679056 2.3497016025 -0.24142005699
-117.725 42.6996 -0.000255087902657 0.000291219522712 0.00082473351857 -0.000312021839579 4.17612 4.03931 -3.8458634026 2.31352690958 0.317688625915
-116.87 42.7779 -0.000726377114447 0.000415408267867 -0.000522713469502 0.000830501324349 4.01993 4.00276 -0.326719421052 3.5499981521 0.786727833257
-116.032 42.7713 -0.000270404923522 0.00019567100992 -0.000125183531236 0.000232311156391 3.94989 3.95009 -1.80982723179 1.60032785692 0.302347377804
-114.903 42.636 -0.000161378786758 4.18147060243e-05 0.000272884428452 -0.000409572372856 3.93512 3.9243 -1.55836924879 0.449089890355 0.166181116893
-114.084 42.6493 -0.00031542053676 5.88556826692e-05 -0.000263997189326 -0.000225541821646 3.88109 3.87695 -0.800563124325 0.681046244423 0.320694572708
-113.176 42.5452 -7.75548592974e-05 6.06536080399e-05 -0.000917774002424 -9.82058306057e-05 3.89589 3.90696 -0.286314126654 0.448234117292 0.0849824072203
-123.602 42.156 0.000297214857151 0.000850668622844 0.000529623423815 -0.00111520317021 3.94076 3.91335 -5.02671371632 5.11037499471 -0.00612054567445
-121.891 42.175 0.000484481031958 -0.000619713139106 0.000447003297259 0.00273054997511 4.07074 3.9804 0.661651305768 -5.00618328556 -0.604239650998
-120.834 42.0472 0.000363154991139 3.34515250519e-05 -0.000422533127917 -0.00022728626406 3.93166 3.94708 -4.1316676563 -0.49260516563 -0.338921587019
-119.34 42.0187 0.000220700629273 0.000448195899962 0.000572148883421 -0.000116027211689 4.03852 4.04161 -4.73857561242 2.53548864243 -0.0873191035677
-118.344 42.1901 0.000194349433413 0.000792778747372 -0.000579967456561 5.56010156928e-05 4.01782 3.97156 -3.75299050925 4.87787162902 0.0101374327378
-117.667 42.0192 -1.33755410762e-05 0.000814371238852 0.000388471622106 0.000258108283251 4.09294 4.01909 -2.63749996493 5.3616537788 0.197102362063
-116.471 42.0773 -0.000350882114457 0.000449024747731 -2.8385672199e-06 -0.000211239128719 4.04357 4.0619 -2.89939647027 3.41467605405 0.440284308952
-115.754 42.1669 -9.3511764855e-05 0.00033601816678 0.000446524512932 7.42836742322e-05 3.97179 4.00543 -1.25474489052 2.28400613952 0.152961797375
-115.016 42.146 -3.53221641311e-05 9.09832120497e-05 -0.000289466554869 -7.17332087455e-05 3.81464 3.80715 -1.00598606924 0.623189090012 0.0502667923209
-113.944 42.0886 -0.000210373472358 -5.00733676098e-05 -0.000426278210196 4.73199653314e-05 3.86932 3.89052 -0.434863551876 -0.115966190877 0.200516328041
-120.74 38.7552 2.22828610565e-06 0.000171606348338 -0.000352147507823 -0.000551649070386 3.87701 3.93758 0.848360664966 1.17782079979 0.0364073809886
-124.122 41.8473 0.000332002805896 0.000789173789071 -0.00197560011443 -0.00180483341445 3.76706 3.79322 -4.54547744794 4.64465216905 -0.0595122585433
-122.854 41.392 0.00127737889819 0.00130414900535 0.00025933427704 4.24907946366e-05 4.01048 3.95947 -2.83082606374 6.34580983727 -0.851791185869
-122.122 41.2742 0.00142545514709 0.000352028529467 0.000477797606753 -2.14666109258e-05 4.03676 3.93991 -3.35155518908 -0.52411448361 -1.26354057575
-121.839 41.7826 0.000540544518694 0.000678318693002 0.000424556335388 -0.00148965135419 3.97825 3.89924 -4.16914899116 3.45823531409 -0.316347976681
-121.146 41.3593 0.000641993103517 9.65747312264e-05 -0.000665019571385 0.000884178266534 3.96964 4.07984 -1.97764700984 -0.494504060753 -0.596142653512
-120.477 41.2047 0.00028376383801 0.000247485913093 0.00061787301261 0.000359095865212 4.07172 3.88383 -3.49753675661 1.11521238303 -0.204623703366
-119.171 41.3884 -7.28689233482e-05 0.000517469358449 0.000302571813881 -0.000452465490685 4.00882 3.99252 -4.00798871797 3.55795090842 0.209785114538
-118.379 41.4483 -7.03413714438e-05 0.000399884195026 -0.000796240940595 -0.000504704067792 3.93157 3.84635 -3.37317913138 2.75356522766 0.168405562933
-117.45 41.423 -1.20997771953e-05 0.000497459913838 0.00102228498219 -0.000275413776236 4.10211 4.14673 -2.56109498218 3.27694330695 0.125300646515
-116.54 41.522 -0.000281156210803 0.000246058468538 -0.000445847234497 -0.00072067699311 3.87342 3.93228 -2.26659569393 1.99753086429 0.327153739185
-115.791 41.4311 0.000296126894667 0.00021054789456 -0.000452270243793 -0.000119710021472 3.83635 3.83676 -1.87293587349 0.969496910483 -0.248055761284
-114.915 41.4157 0.000374007118109 7.30188036699e-05 0.000663616331328 0.000670050062334 3.96366 3.89829 -0.550989864532 0.0581027775714 -0.356340985488
-114.165 41.3602 -0.000274936341905 -2.55839063435e-05 -0.00080590694977 0.000647952930262 3.85675 3.82173 0.295916741118 0.0976091686352 0.26818762038
-113.347 41.503 -0.000300986652869 -3.60770761598e-05 -0.000262329663039 0.0012137528866 3.94161 3.92514 0.347171741173 0.0336782335537 0.293263464542
-112.448 41.4632 4.636217505e-05 -5.02559449984e-05 0.000383513783647 -0.000918525466732 3.99867 4.01679 -2.8847200123 -0.365587410913 -0.0547839249051
-123.306 40.822 0.00147175088476 -6.51608497436e-05 -0.000904083740345 0.00140124900557 3.73594 3.78797 -5.43691787994 -4.02873099838 -1.40745467802
-119.835 40.7484 8.32525894912e-05 0.000214291169391 0.000742167469235 0.000633601881329 4.12399 4.11725 -1.9417131651 1.29823579592 -0.027756453369
-118.971 40.7797 8.47918380077e-06 0.000150116469899 0.000401686242025 0.000501078098458 4.041 4.10791 -0.701987779649 0.993540211293 0.0243475933911
-118.134 40.7811 0.000111055702159 0.000189733817665 -0.00127344920784 -0.000107580101628 3.86516 3.95523 -0.212832109834 1.11183197499 -0.0706839803901
-117.524 40.852 -3.86803977514e-05 -5.48754238593e-05 0.00064385907293 0.000742803994525 4.06171 4.09845 -0.136374796931 -0.312868685309 0.0273649171064
-116.508 40.7186 -6.49321747771e-05 -0.000207345768982 0.00151553782875 0.000968398316748 4.21606 4.28217 0.182800963839 -1.28214249139 0.0268074002581
-115.736 40.8167 0.000118657480004 -0.000456955928632 0.000165367919234 -0.00162800099416 3.85997 3.94595 -2.38261863501 -3.11278118854 -0.213786474269
-115.039 40.8522 0.000299479487945 -1.24948732137e-05 -0.00167409755287 2.5704005115e-05 3.61274 3.65308 -0.727518366726 -0.430322915859 -0.296892810821
-114.204 40.8556 -6.61648196994e-05 9.02801212372e-05 -0.00011791241795 0.000614282949531 3.8699 3.86048 -1.89350184126 0.654939950854 0.0821433413045
-113.187 40.8513 -0.000116631836232 -0.000217821042401 0.000528760531343 -0.00134204169703 4.08311 4.10727 -3.69446892211 -1.2022411553 0.0680063380797
-112.52 40.8903 -2.55823373469e-05 -8.8859530764e-05 0.00136724638485 -0.00201329676882 4.12375 4.12103 -3.43201210435 -0.518758033481 0.00732790664981
-123.82 40.1398 0.00042282401724 -0.00149019783402 -0.00148875446393 -0.00107087426037 3.82437 3.89289 -2.41557039897 -11.2784056419 -0.846516510019
-122.788 40.1767 0.00074918830557 -0.00116829041392 0.000125762496093 -0.00138148309845 3.85996 3.89575 -4.11055713606 -9.68037640789 -1.07955848363
-122.032 39.9971 0.000223513489286 -2.82152939615e-05 0.000228210556844 -0.000560972348646 3.92291 3.93338 -3.78028119204 -0.677809610766 -0.221490771944
-121.086 40.32 0.000618800312902 0.000576035221367 0.000193404279749 -0.00105154370125 3.92043 3.98257 -3.69994106176 2.61189279896 -0.423716370501
-120.918 39.962 0.000459067661183 7.29355876021e-05 2.34476065408e-05 0.00163458226325 3.99191 4.01133 1.31354379482 -0.172082373421 -0.433759726765
-119.827 40.165 0.000352944951991 0.00016755018176 -0.000100247245293 -0.00094699887819 3.89534 3.90535 -2.78449670958 0.469911445292 -0.295633805264
-118.877 40.1614 6.84094796875e-05 -9.57455459207e-05 -0.000755244264916 0.000449229849395 3.90871 3.92682 0.955142278137 -0.736710830162 -0.0856570489944
-118.155 40.2903 0.000177674507896 -0.000361874539478 -0.000289527138132 0.000958905616828 4.02203 4.08453 2.12644251323 -2.63073987771 -0.235099004619
-117.19 40.1697 0.000150741976181 -0.00047077853928 0.000138289711325 -0.00141858952223 3.9909 4.01437 -3.62340500582 -3.32364773083 -0.266002194187
-116.5 40.2917 4.76946333309e-05 -0.000392243820691 0.000783723871932 -0.000648694482903 4.0567 4.0787 -0.493950115388 -2.62910162848 -0.123078050856
-115.657 40.1313 3.19947861831e-05 -0.000866929453746 0.000529267039865 0.00291509651949 4.08039 4.10204 5.38792800583 -5.72302757425 -0.106725809759
-114.745 40.2679 -8.22633129097e-05 -0.000546670771655 -0.00109720470962 -0.00175817219692 3.86003 3.89383 -5.09524084996 -3.31103960481 -0.0605148089699
-113.981 40.1314 0.000115089387595 -0.000511946058011 0.000348925674422 -0.00203521338496 3.92966 3.97511 -6.67457120273 -3.38607079769 -0.252327015974
-123.338 39.469 9.02623126594e-05 -0.000651798136657 -0.000134142418258 -2.50406761734e-05 3.9575 3.95773 -0.531773354505 -4.73757068633 -0.26046670076
-120.608 39.3028 0.000312837804216 0.00017248709996 0.00043925693375 0.000181970517138 3.92068 3.97049 0.113806815783 0.6712118117 -0.264388670532
-119.898 39.6785 0.000447403375623 0.00023876417617 0.000173547229595 0.000463555215277 3.91384 3.9023 -0.671904837458 0.884074158667 -0.378692132926
-118.889 39.5399 0.000561079803968 -0.000138936299268 -0.00149340076382 -2.33265008592e-05 3.81463 3.80028 1.19954894063 -1.69304998811 -0.57740508641
-118.08 39.6946 0.00036099492974 -0.000583910236965 0.00164368540885 -0.000808868338423 4.17996 4.16142 -0.969188068022 -4.42986256371 -0.482217898058
-117.14 39.5516 -7.20120249928e-05 -0.000320379892604 0.0019213546472 0.000212972049975 4.14228 4.11263 -0.152853851548 -2.01756630019 0.00587431177127
-116.464 39.6202 0.00024551498205 -0.000524963891197 -0.00438094416865 0.000379757082458 3.50975 3.54244 1.67211065987 -3.72968046976 -0.328032607558
-115.754 39.553 0.000468815051437 -0.000685418870479 0.00101869910943 -0.00106505908287 4.21294 4.17445 -2.5053319351 -5.13141871993 -0.61328003662
-114.908 39.4731 -7.82298450045e-05 -0.000810733781689 0.00321592253024 -0.000187066698129 4.50409 4.42623 -3.44275303897 -5.04025369167 -0.116750775125
-114.016 39.455 -0.000276519621791 -0.00055127642867 -0.0030841425243 -0.000268169392097 3.80367 3.77997 -1.93567049071 -3.13184755979 0.158298323458
-122.015 38.6333 -7.72021551259e-05 3.24861107433e-05 0.000546517999318 -0.00104675338497 3.99969 3.96701 -0.729616155651 0.371046796339 0.0830384297781
-121.377 38.839 -0.000116691913744 0.00011703872546 -0.000868071765247 -0.00108420277237 3.75518 3.6978 0.642398142693 1.00369497434 0.140783209501
-118.808 38.9383 0.000757857099153 -0.000244868430007 -0.000917732978534 0.000843859450144 3.91704 3.89524 0.862915735849 -2.72685981789 -0.792000236005
-117.932 38.8606 0.000318511853896 -0.000361309038695 0.00142178132649 0.000718039855463 4.17734 4.10892 0.413379440537 -2.86055139452 -0.386067732015
-117.182 38.834 0.000144466450898 -0.000326823950014 -0.000493320928049 0.00189288634568 4.01513 4.03552 2.02351846373 -2.34478928124 -0.198414940811
-116.4 38.8247 0.000602952335276 -0.000386926061894 -0.000829157763275 0.000140592856773 4.01008 3.98172 -0.276342084533 -3.3596939443 -0.669198448699
-115.654 38.8455 0.000343418708518 -0.000357426947188 -5.70111028127e-05 -0.000495588234182 4.15609 4.04462 -2.86233434451 -2.84929116372 -0.419430685805
-114.83 39.04 -0.000209980821633 -0.000242251927739 0.00293635816838 0.00131343621205 4.37561 4.27064 0.771445410673 -1.3323453895 0.165910396594
-120.936 38.2571 0.000267593499078 0.000170442208786 -0.000634545966192 -0.000868942845261 3.88485 4.03974 1.97767892542 0.780613510686 -0.225514644786
-120.076 38.7028 0.00063344415055 -2.94860128483e-05 0.00129353057853 -0.00109687264872 4.01917 4.11333 0.203559704882 -1.22350357244 -0.623216378917
-119.451 38.5226 0.00100445448874 -0.000161528653199 -0.00173285541627 -0.000827522160464 3.78277 3.7 0.493052287908 -2.64362715098 -1.01530227027
-119.047 38.089 0.000733342043755 -0.000134756618363 -0.0010471575244 -0.00082672173815 3.89823 3.9799 -0.62530263987 -2.13059616867 -0.744234533088
-118.106 38.3489 0.000501424536254 -7.8624197623e-05 0.000945798695836 0.000529764788093 4.0954 4.06116 -1.15690782764 -1.34346243814 -0.50569530086
-117.072 38.2397 0.000173004712314 -0.00051794247985 0.000163784765959 -0.0012012084843 3.97377 3.99245 -3.49760544804 -3.69049732534 -0.30646595639
-116.302 38.2886 0.000377596598751 -0.000345429014239 -0.00105376350941 0.00020838921892 3.9825 4.00088 -1.47086467981 -2.83105195171 -0.44655087429
-115.585 38.3489 0.000243086053264 0.000184174699578 0.00120130422833 0.000321107041591 4.27354 4.2357 -2.16838973982 0.811964630035 -0.193381464368
-114.608 38.3281 -0.000363599853141 0.000181795681269 0.00103008781099 -0.000199477529051 4.16599 4.03572 -1.71122940959 1.6801261785 0.39439125954
-113.021 38.2987 -0.000240987067942 0.000165658856088 -0.00187493695846 -0.000125613486655 3.8875 3.88719 1.30026920069 1.28485262579 0.263278004957
-121.328 37.5049 0.000184919075027 0.000227937746341 -0.00227463783942 0.0029004867829 3.6356 3.65718 4.48270025597 1.3682208382 -0.141384053302
-120.33 37.346 0.000828806490711 0.00114153473015 0.00319081342121 0.00886576832116 4.28477 4.35816 13.9060380348 8.0277555286 -0.820817703802
-119.849 37.8817 0.000687901722713 0.000318588406964 0.000203993348719 -0.00190967155344 4.05973 4.09512 2.50155955213 1.24574363969 -0.612152515353
-118.171 37.4993 0.000562957327233 7.52016691287e-05 0.000857133760546 -0.00405475018097 4.17022 4.10298 -4.76299056181 -0.697773523329 -0.512606157836
-117.225 37.7243 0.000436531921484 8.50515816101e-06 0.000370010483172 -0.00175721902433 4.0156 3.91411 -2.99176506175 -0.737743947708 -0.418335089995
-116.595 37.923 4.301378685e-05 -0.000109371230319 -0.00166998040266 -0.000995673961868 3.84848 3.69202 -2.69909534115 -0.785927528775 -0.0695186943515
-115.747 37.6444 -0.000122884155576 0.000466736890036 0.000636512796758 -0.000982852124446 4.13776 4.04142 -3.55767661279 3.21726957892 0.242217833131
-114.849 37.6083 -0.000431666520771 0.000630448301448 0.00112894418646 -0.000736346638393 4.08413 3.91671 -1.6955870592 4.68992509412 0.563041650797
-113.86 37.5808 -0.000505956191275 0.000386936722911 -0.00082727029053 -0.000753718144214 3.80685 3.90946 -0.264770888785 3.10546456979 0.571205324898
-113.168 37.7601 -0.000140880809931 0.000463776177819 -0.00112832561746 0.000605355766247 3.85913 3.89259 3.68371974512 3.07282751319 0.194254757049
-121.786 39.2291 -4.87656833581e-05 -0.000130142879402 -0.00062477365519 0.000286787776516 3.89312 3.88789 -1.21985228222 -0.803464069992 0.0124693855622
-120.674 36.8953 0.00046673511369 0.000595675480224 -0.0044368030847 -0.0016477934828 3.54802 3.7956 -0.345908077191 3.22934155104 -0.296174362244
-119.709 37.0069 0.000781351970737 0.0013533372124 -0.000152027609096 0.00840611608936 4.35525 4.84847 10.6275711314 9.15018100359 -0.696508089972
-115.22 37.2408 -0.000285508255132 0.00089125707528 0.00140911260068 0.000252359875864 4.11746 4.15775 -0.750758017446 6.17886881944 0.472007256169
-114.715 36.7256 -1.91287314332e-05 0.000523555322547 0.000667146510667 0.000460397797581 4.00127 4.08167 0.720518558828 3.41395689843 0.119544362408
-113.907 37.0195 -0.000478049395855 0.000392489810482 -0.000132956301876 0.000979318389093 3.81344 3.87006 3.24163543493 2.96811509613 0.528011880769
-113.084 37.0615 3.07263990437e-06 0.000268755884187 -0.0021378491395 0.000908824756765 3.54538 3.60782 4.05877902001 1.71859276262 0.0284919111011
-112.382 37.0183 0.000342030887892 9.17243311139e-05 0.000110305120237 0.00179282404809 3.96835 3.96592 2.63465764252 0.282579347973 -0.326333192485
-120.783 36.3627 0.000353702918763 0.000177564246768 0.0125045150707 -0.00646512545288 4.41834 4.80871 -12.5992068648 -0.0463209900308 -0.231203640447
-120.12 36.3356 0.00555719866233 -0.0147309384283 0.0207256741576 -0.0398758245565 1.50116 1.57232 -40.1874671102 -92.1706275345 -15.2457814652
-116.33 36.4193 -0.000456236208061 0.000253574534113 -0.00164063745378 -0.000629366260689 3.89895 3.92737 -0.794754486586 2.38564379458 0.503027937086
-115.383 36.423 -0.000249555329466 0.000489446881863 0.00110332388104 0.000787429063474 4.05012 4.18999 -0.237270603406 3.54487602026 0.350013818394
-114.539 36.4321 1.70551881878e-05 0.000159382506489 -0.000128135907273 0.00190711911758 3.89136 3.96259 3.769231786 1.02372278717 0.00566097287308
-113.965 36.4151 4.97125492947e-06 0.000120793165384 -4.62219467484e-05 0.000228891699475 3.78838 3.81721 1.98432883783 0.773267989665 0.015336387481
-113.18 36.4182 0.000204895990216 -0.000433966736213 -0.00176701677762 9.49263548644e-05 3.81039 3.83314 -0.321845822747 -3.01652444583 -0.287716458925
-121.236 36.0214 -0.000438139333519 -7.38946644111e-05 0.0126356807185 -0.00503031111209 4.58104 4.57764 -9.63584472422 0.849814264341 0.365807723194
-120.87 35.636 7.24601115594e-05 -0.000483673016373 -0.000563429100645 0.00652947952476 4.1461 4.00211 3.02883568649 -3.49596817542 -0.174218098339
-119.903 35.8667 0.000433740257378 -0.000757858927072 -0.00813464234217 0.0319401573026 3.86744 3.61804 21.5856667419 -4.96066079046 -0.341226845153
-115.43 35.8384 -0.000350097217809 -0.00036950525933 -0.00169253256536 -0.00186239880219 3.76574 3.81058 -1.20391563807 -1.83579035613 0.251257992424
-114.851 35.7266 -1.29668665393e-06 -0.000424177958323 -0.000882096495328 -0.000803501342004 3.73514 3.78291 -2.38531824625 -2.71754110353 -0.107418233286
-114.87 35.301 5.0505126625e-05 -0.000496386816278 -0.000903452011382 -9.69417286164e-05 3.85989 3.85536 -1.13784687035 -3.28306303973 -0.167844564338
-113.885 35.099 0.000356573694777 5.77630645009e-05 -0.000198133551239 0.00123400637972 4.01071 3.99961 3.52198017063 0.0148391902208 -0.343455398818
-113.083 35.2127 0.000281652503401 -0.000290306357296 0.000531929170111 -0.00181057957793 4.05905 4.04464 -4.02807999637 -2.31334992835 -0.350585410187
-112.267 35.1787 -7.75847602552e-05 -0.00012397408429 0.000318543113465 -0.00246443613435 4.00124 3.98665 -4.49351992247 -0.626807721207 0.0402785117154
-113.83 34.5935 0.000387283014382 2.31605553131e-05 0.00110524771405 -0.000210877511769 4.24014 4.23114 -0.815791142583 -0.443870408146 -0.371272483414
-112.891 34.4692 0.000196926349323 7.18558493423e-05 0.00359262286825 -0.000179871853169 4.51829 4.4391 -2.40726767804 0.127040644176 -0.172273060435
-112.237 34.4866 -0.000178557533326 -4.23390850301e-05 -0.00259558286311 -0.00153837237296 3.85398 3.82992 -1.83466323996 0.00960039601658 0.16329577844
