-114.58 32.5356 0.000394130826029 0.000772372694317 0.00645948377206 -0.000371574916557 3.78301 3.79752 -5.59015030441 -9.09311360102 0.866516965761
-113.767 32.7683 -0.000105929878741 -0.00367511457599 -0.00026320263484 0.00431234559937 4.2964 9.08086 -1.22198060729 20.1306373395 -3.39920005084
-112.883 32.7513 0.00146474368048 0.00064891403965 -0.0160066197174 0.00501190991267 5.81736 5.94299 -336.461705721 -18.3208635642 0.610729310167
-111.704 32.5618 0 0 0 0 3.21267 3.14627 0 0 0
-110.739 32.5716 -0.000729619502289 -0.000187999950321 0.00294980721396 0.0059909183983 4.39791 4.32241 -4.19852910394 9.4615680477 -0.472264415754
-109.97 32.6399 0 0 0 0 3.20117 2.86964 0 0 0
-109.303 32.7663 -0.00163804318144 -0.00182587498146 0.0256204903869 0.0160956616274 4.05569 3.56054 -33.4636853878 31.2462342074 -2.41264039928
-108.633 32.5466 -0.00374648200724 -0.00212688307167 0.00024197550968 0.00158017352512 4.71343 4.64239 3.61568189697 53.3429465583 -3.00475077291
-107.785 32.5324 -0.00211034700753 -0.00158064740393 -0.00111064077231 0.00275720834011 4.85645 6.63396 8.69232668346 29.8816657853 -1.88446494471
-107.001 32.6995 0.000500299080641 -0.00107203304236 0.00112881139001 0.00593996738841 5.06262 6.83736 -341.41457664 -6.86853029668 -1.08766133991
-106.262 32.6349 0 0 0 0 5.70832 6.50555 0 0 0
-105.454 32.7001 0.00260913063398 0.00101322427794 -0.00693166913815 0.0038803231923 4.23036 5.22415 -321.170823362 -25.6074709715 -0.112966730121
-104.657 32.6588 0.00386168007747 0.00110206994131 0.00200995369757 0.0017171066379 5.0467 6.46731 -341.615707519 -48.7847048361 0.841505408768
-104.02 32.6462 0.00250296126484 0.000851690481562 -0.00156266970795 0.000651513592611 4.58962 3.74516 9.84238439233 -33.0542314608 1.02895991651
-103.357 32.6764 0.00045439055736 0.000334044306326 0.000793241516802 -0.000343083664919 4.58353 4.16545 0.427007104689 -6.6938359625 0.427036838733
-112.812 31.9559 0.000950901221912 0.000432718323722 -0.0143291499145 -0.00114776320082 4.44312 4.36621 13.0391329615 -12.8348868772 0.577434811369
-111.457 32.0022 7.52063956232e-05 0.000379548479401 0.016396513167 0.0175629100287 4.53346 4.4627 -26.4608316016 -4.22083514998 0.312398667512
-110.816 31.7748 0 0 0 0 4 3.88752 0 0 0
-110.046 31.9737 -0.00156947181011 -6.92983240014e-05 -0.00993771675042 -0.00516125117127 3.8484 3.87524 16.9173172599 20.1599166815 -0.143636462238
-109.259 31.9989 0 0 0 0 3.0079 2.89964 0 0 0
-108.527 31.9041 -0.00201186811074 -0.0012728572422 0.00969273929588 0.00215181990291 4.39927 3.76599 -3.01536951204 30.1095233325 -1.91599298413
-107.778 32.0094 -0.00196577673206 -0.00215869485071 -0.0586992715915 0.00779829951324 3.73856 4.16094 -301.594206067 0.962796679804 -0.34676890747
-107.101 32.1046 0.000759252335555 -0.00169103387668 0.0138620511642 0.00836972913 4.93881 6.67192 1.23351270494 -3.53798683093 -1.42301941959
-106.428 32.0062 6.51001280403e-05 -0.000672317741802 0.00391954952653 0.00128883994934 4.51311 4.82911 9.66175792007 0.168107240355 -0.660297247171
-105.523 32.076 0.0018252586883 -0.000105933188043 -0.0036979106605 0.00329122416794 4.04571 4.69926 -326.303107274 -22.8761951679 -0.672443827761
-104.823 32.1101 0.00236228581525 0.00134130095614 -0.00111402651007 0.00248818418629 4.31982 4.35937 -340.556328664 -29.1060651954 1.14461875164
-104.101 32.0618 0.00258020798746 0.00257830133982 -7.37273114995e-05 0.00387163900177 4.81804 4.63311 9.40412828139 -36.1331852766 2.78092103214
-103.292 32.012 0.00100154298442 0.00198909640651 0.000604584761909 0.00131607991159 4.50729 4.27307 -0.514426138922 -18.8454934462 2.17105345419
-109.991 31.439 -0.000740460955887 -0.000226048123051 -0.000599993887759 0.00238496900388 4.37649 4.2556 1.64856755768 9.97788430188 -0.444047892995
-109.281 31.3757 -0.00158317048056 -0.000535880932043 -0.00232509227538 0.00259439702099 4.20436 4.23376 9.11274505859 21.3397452608 -0.800561886066
-108.528 31.3369 -0.00143004756532 4.78310521593e-05 0.00132556498432 -0.000817523911767 4.05703 4.1057 3.76797356688 17.7614690909 -0.313624882037
-105.483 31.4425 -0.000810313388023 4.57009834477e-05 -0.00777130886936 -0.00854640585626 3.39698 3.54727 -339.778523857 10.5620960476 0.11242684971
-104.971 31.3711 0.000442364052186 0.00108745806533 -0.00123165101375 -0.00252909841254 3.08936 3.57881 -329.612460317 -1.80218401148 0.931258589449
-103.979 31.3165 0.000635021011933 0.00268496529332 -0.00319286443446 -0.00351880775572 3.68031 5.30206 -341.495893844 -5.56595874872 2.62795122446
-103.492 31.3691 0.00428056630407 0.0030070944836 0.00210430746836 -3.04117370886e-05 3.78257 5.86215 -1.55347714775 -64.2955970875 4.02196577349
-102.81 31.3818 0.00193922742652 0.00118191956844 0.00210072639172 0.00217991762024 4.16615 4.06867 -5.10086268368 -28.9225791291 1.72471623317
-104.986 30.7862 3.93344834389e-05 -0.00120954346122 -0.0119772437263 -0.0122479014802 3.43197 3.61791 -340.606316877 -1.69861196509 -1.20909904314
-104.029 30.6689 0 0 0 0 3.05374 3.55056 0 0 0
-103.402 30.8498 0.00284058120501 -0.00010882081057 -0.00400935658636 -0.00326195490641 3.10367 3.3916 -341.946953878 -37.2987954797 -0.32973090659
-102.685 30.7263 0.00139271212656 0.00145886537169 -0.00225036664291 0.00148998598793 4.03903 4.04158 5.22684193727 -20.731235028 1.63198763815
-104.09 30.0609 -5.20733518994e-06 -0.0015156798199 -0.00549245976867 -0.00253487783811 4.10838 4.25269 -343.769410884 -0.587882893783 -1.51469257422
-103.612 30.1456 0.0010661820295 -0.00165557860255 -0.00736245154041 -0.000881941684394 3.57289 4.14552 -326.571278832 -20.579378206 -1.91691567966
-102.788 30.1615 0.000817698406514 0.000255880916129 -0.000408643333513 -0.00465273784002 3.32413 3.40122 9.31269293748 -11.0082559814 0.30906843734
-104.133 29.554 0 0 0 0 5.58812 5.12953 0 0 0
-103.389 29.4528 -4.90967140003e-05 -0.000419426941996 -0.0040228156287 0.00155898333627 4.13647 3.76501 -345.830815187 0.611828786621 -0.419061071492
-102.888 29.4862 -0.000950390398559 -0.000308719153213 -0.00217891371181 0.00353571205246 4.08528 4.15355 7.27862894744 12.9895607588 -0.406137703767
-115.653 48.9339 0.000130765668746 0.000125485952588 0.00481950650542 -0.00717446886255 3.33568 3.26962 -0.808918336397 -1.85297167001 0.16718046873
-114.413 48.933 0.000201903542837 -1.21908919188e-06 -0.00100760106233 0.00070762877928 3.91122 4.58776 1.02876402859 -2.06290007564 0.0698514286963
-113.422 48.9725 0.00112052297704 0.000204428434779 0.00135580872279 -0.00146473907725 3.89908 3.8314 1.05736700951 -12.3180202346 0.570489759032
-112.733 48.9777 0.000532867399832 8.0872821706e-05 -0.00350825149581 0.00923584947793 4.88017 4.40047 4.97775630565 -5.87784534162 0.217869627033
-111.597 48.9482 -0.000169423141478 -0.000380128912553 0.00593435364642 0.00142626673791 4.02492 3.89829 -4.12588262533 3.37120316289 -0.416147167199
-110.699 48.9448 0 0 0 0 5.60708 5.7576 0 0 0
-109.846 48.9198 0.000926453059147 -0.000222097202157 0.00145102838273 -0.00640065946312 3.62277 3.42371 16.2245247247 -10.1716405965 -0.197664055745
-108.743 48.9286 -0.000205373469682 -9.4755533499e-05 -0.00606370305458 0.00871417350535 5.42014 5.05863 -333.775518705 2.07169003436 -0.0597862482043
-107.926 48.8799 -0.000326875324058 -0.000516414870723 -0.00293393220844 0.00502434670929 4.71185 4.2403 15.5468452742 3.68100044911 -0.519451005947
-106.925 48.9912 -0.000243775280669 0.000519385005409 0.00872819472528 0.00465594902025 4.37317 4.33058 -11.4236676548 -0.166178178174 0.354961438221
-105.915 48.9926 -0.000126670372582 -0.000138854333828 -0.0033711532225 0.00158150798831 4.35893 4.42735 7.9959221708 1.57110665772 -0.151999035418
-104.879 48.9592 -0.000267859506101 -0.000116056993195 -0.00774186892184 -0.00191745996096 3.86786 4.05951 10.826926296 3.04135090245 -0.128148280631
-104.002 48.9239 0.00251829996522 0.000886620924997 0.0139124680971 0.00591974206863 4.1328 4.55516 -14.266853623 -29.5474447926 1.93152833289
-115.589 48.4694 0.000354377014912 0.000593211648522 0.00155839908877 -0.00243061970882 3.48239 3.46066 0.376520754317 -6.05385585411 0.683233854127
-114.468 48.3739 0.000468381290373 -0.00221807236121 -0.00016993448175 -0.00323354822429 3.59794 3.44954 3.1342357381 2.88010521752 -1.95365249238
-113.273 48.3609 0.000580368628449 0.00030431497842 -0.00418555822601 0.000482958593957 4.35 4.68368 14.2838380759 -6.73483419832 0.367103594059
-112.562 48.3129 0.00138334680786 0.00135972634496 0.00225690621326 -0.00655254050557 3.61635 4.0484 6.44564795081 -18.4007198343 1.64755182377
-111.707 48.4128 -1.97669234908e-05 -0.00023758368681 -0.00136262060014 0.000938332345179 4.54867 4.32828 7.65482525751 0.746908370518 -0.236658273022
-110.799 48.2921 0.000154966880941 -0.000196408517109 0.00503188414569 -0.00331022335264 4.7259 4.70802 4.1978041419 -1.12437487867 -0.151757627266
-109.777 48.3943 0.000663855620968 0.00104068079176 -0.00252841091548 0.00472847987493 4.67797 4.5598 -342.229459271 -7.36106312876 1.03986268547
-108.944 48.4551 0 0 0 0 5.92977 5.24358 0 0 0
-108.021 48.4389 -0.000614990566403 0.00105907100132 -0.000617023076506 -0.00439911838531 3.59179 3.45211 8.64875345713 5.24534084818 0.969238621041
-107.017 48.4278 -0.00010439615034 0.000818704933694 0.00157945870257 0.00389339973962 5.15926 5.17608 -4.49512507411 -2.00173084572 0.734848186214
-105.996 48.3008 0.000258181636691 -8.96389141137e-05 0.00499700572473 0.00194007724344 4.10966 3.98991 -9.15909573617 -2.2472676758 0.0212214637423
-104.991 48.4643 -0.00020673101066 0.000650107504976 -0.00349845512262 -0.00531779993542 3.50404 3.6447 3.48996528978 1.00635281578 0.603945151215
-116.256 47.8397 0.000970055844173 0.000845906587803 -0.000671705079653 0.00636569539757 4.26772 4.40516 -5.68195005536 -13.8388150342 1.20944857976
-115.475 47.7092 0.00451734363152 0.000950565207984 0.0125164385483 0.00511866733447 3.70646 3.70614 -21.8460415603 -42.9445728377 3.8409815606
-114.574 47.6795 0.000606338253468 0.000344808415898 -0.00979199283768 0.00122065602786 4.47266 3.73983 10.0666569733 -7.34527394463 0.461125979298
-113.747 47.7687 0 0 0 0 5.59812 5.34005 0 0 0
-112.607 47.775 0.00104606325896 -0.000228778082656 0.00771569877394 -8.53093666848e-05 3.87437 4.16095 4.73361351925 -10.5247061282 0.0575863883154
-111.746 47.8012 0.00152458979001 0.000229414319112 -0.00895185210308 -0.00431951853897 4.2405 4.196 -336.536443663 -16.7400940232 0.121283446129
-110.763 47.6327 0 0 0 0 5.78101 5.64995 0 0 0
-109.049 47.7343 -0.000221531605519 0.00101729291272 -0.00220649955512 -0.000517324195846 4.1572 4.0702 11.0005194883 1.2538093382 0.987932009659
-108.004 47.7133 0.000549489923005 0.00148647078435 0.00180449396684 0.000275519831147 4.07637 4.15423 5.29684416486 -9.21215209177 1.56362279501
-107.096 47.8264 0.000736218609543 0.000737943156084 -0.00097454196095 -0.00543616348562 3.54032 3.63279 3.2292119282 -9.82852692112 0.876758144079
-105.884 47.7456 -0.000160201089156 0.000533963262208 0.000136169359669 0.000264626909964 4.02477 3.91599 -5.10095282053 -0.303495740046 0.450020823742
-105.184 47.8026 -7.17716808133e-05 -0.000549433431134 0.00551796978806 0.00156996895922 4.00574 4.00976 -11.4447151804 3.36735471051 -0.527690168234
-104.425 47.5302 7.29825270789e-05 -0.000362239550741 -0.00248469577843 0.00460800437084 5.75351 5.87609 -4.56204707668 0.457140874636 -0.322990178482
-115.353 47.0528 0.00114154531888 0.00221580183419 0.00745904154823 0.00183914159639 4.42108 4.36108 -10.0737346945 -23.9395333253 2.48175610644
-114.459 47.0943 0.000670920193436 0.00326662910963 -0.00848758953655 0.00144214425199 5.72464 5.31304 8.36785771904 -15.6852055719 3.33318755109
-113.506 47.0816 0.00175214989732 -0.000221855596761 0.00114957913748 -0.0027680193244 3.80515 3.8767 -1.98610700446 -17.0344293551 0.478801528236
-112.52 47.0418 0.000779243950686 -0.00148558398012 0.0146752846576 -0.00204820397632 3.57263 3.44214 -11.1840221561 1.18816713794 -0.864311836877
-111.549 47.0308 -0.000864082350037 0.00025140311982 -0.0161025288426 0.00169522304963 4.69823 4.2794 -321.636316121 10.0771227782 0.519866458528
-110.687 47.1523 -0.00252686090729 -0.000280425544551 -0.00384034730721 0.00350122099951 4.90538 5.02341 14.7542942472 28.4975420102 -0.447217414436
-109.802 47.1961 0.000174891838153 -0.000181447059726 0.0132618766361 -0.00235466043026 3.61137 3.76028 -9.0484410305 -0.832984311669 -0.0829426282827
-108.88 47.1646 -0.00118562099532 0.00186816424752 -0.0214033223124 -0.0134942600293 3.40803 3.49144 -339.310569934 14.6772472579 1.94062218214
-108.136 47.0911 -0.00101634381118 0.00060415877524 0.00454351994914 -0.000766285092206 3.87306 4.1403 6.00893689008 10.0571151129 0.41171062844
-106.994 47.0658 0.000715675239165 0.00100995476471 -0.000816757992891 -0.00181254773372 3.69152 3.97718 8.67504232227 -9.37145339505 1.08651395055
-106.18 47.1498 0.00206438995343 0.000580494574058 0.000898370628556 -0.00173908382368 3.94344 4.18366 0.804800048158 -24.2571794747 1.05792927081
-105.207 47.173 0.000605603162575 -0.000355142579955 -0.00129810525284 0.002809250241 4.36635 4.23558 1.35757387042 -5.83402575952 -0.216202443253
-104.327 47.1152 0 0 0 0 5.17143 4.95492 0 0 0
-115.571 46.4151 0.00133482040171 0.000502735191717 0.00579716052874 -0.00870649642547 3.91953 4.09256 -4.45409517995 -15.8219556504 1.05733626844
-114.188 46.4423 0.0025768658435 0.000946560950566 -0.00606974772457 -0.00498482640081 4.26857 4.77734 7.51644524699 -30.579955945 1.54440242482
-113.493 46.4162 0.00228157336614 -0.000320863678218 0.00470082456916 9.91367087512e-05 4.37741 3.62575 -6.14693339198 -21.1473852108 0.755277458966
-112.641 46.4246 8.21300249957e-05 0.000351357053214 0.00030946321231 0.00144967476366 4.89176 3.9493 2.36231239514 -2.09405486183 0.359588605658
-111.676 46.5336 -0.000549119726865 -6.43262006966e-05 -0.00789382838051 0.0027915293256 5.4493 5.15187 -339.295451876 6.16596587036 -0.0521825494276
-110.858 46.462 -0.000118370457854 8.091412578e-05 0.000847032916048 -0.006713927163 3.51387 3.40137 5.0836544524 1.08274392504 0.0506725933872
-109.914 46.5663 -0.000827846478288 -0.00255495076714 0.00630218484638 0.00561135663627 4.61682 5.1532 -1.528497057 18.4363439383 -2.6848013906
-108.786 46.4611 -0.00113588481906 0.00023278863644 0.000452307013788 0.000482232968262 3.73875 3.94302 9.09846859191 12.3959232888 0.0752552327201
-108.13 46.5038 -0.00105832725838 0.000902105020199 -0.00304860980685 -0.00127243666973 3.75208 4.01267 -343.141977301 12.0923359933 0.910738155118
-107.076 46.5408 0.000637989060827 -0.000220449107745 0.00115733087392 0.00175895872187 4.22149 4.75533 3.01275958087 -6.53963280675 -0.0776145013095
-115.255 45.7565 0 0 0 0 5.76899 6.32577 0 0 0
-114.332 45.7893 0.00167616112278 0.0012682996129 -0.00175043306144 0.00614331910937 5.25616 5.94361 6.18145662253 -22.0264787205 1.6716545531
-113.37 45.8122 0.00184452565047 0.00235002513221 -0.00123826603554 0.00642256769411 5.50915 5.15445 -5.63890018606 -30.4959716384 2.92689488789
-112.493 45.8409 0.00103700361045 0.00066801006944 0.00575667706461 0.00567512127113 5.07113 4.92575 -16.9155816473 -13.9141514894 1.15832726258
-111.626 45.7843 0.000348808814321 -0.000481000719877 -0.00406236062467 0.000226671408815 4.62032 4.42692 9.10811631375 -2.9123637056 -0.410582762251
-110.659 45.9054 -0.000342131675095 0.000281286543371 -0.00077270134799 0.000813803102289 4.28417 4.19882 7.68593341473 3.20842637409 0.211352754039
-109.716 45.9046 -0.000815411278382 -0.000403767281682 0.00108063735922 -0.00701587167222 3.44526 3.25289 4.25601492232 10.0928892976 -0.583476921602
-108.944 45.8538 -0.00183710730035 -0.000204802622478 0.000145707062901 -0.000680637228792 4.18299 4.36388 3.56000792273 20.9028392466 -0.630283053385
-108.149 45.8006 -0.000854232421259 -0.000435586920771 0.000499045397982 -0.00100239625186 4.08527 4.43395 9.50126592694 10.2870196898 -0.535733514469
-107.123 45.8231 0.000161916927753 0.000654963397105 -0.00901039674041 0.0042640016867 4.54335 4.99305 12.8823483364 -2.20018960414 0.661805668122
-115.326 45.1285 0 0 0 0 3.2621 3.35482 0 0 0
-114.233 45.0931 0.0011274300018 0.000932224169453 -0.00573771581843 -0.00282391626799 3.76582 4.46186 14.9274930695 -13.9471528174 1.05904426651
-113.46 45.2432 0.00338121347438 0.00174631006915 0.00433744808113 -0.00376362217125 3.47888 3.93966 -2.27967080571 -43.0795713389 2.94269237247
-112.489 45.166 0.00166170801499 -0.000795978588127 -0.00131413714897 -0.0034786635106 3.55802 3.44795 8.12528996266 -16.593559445 -0.42979111891
-111.805 45.2285 -0.000377848999797 0.000151243682992 -0.000904266700936 0.000563772594052 4.61417 4.24988 5.81020913578 3.76841492355 0.0565246709894
-110.74 45.3212 -0.000414734782619 -6.09963993677e-05 0.00288881471676 0.00190300718018 4.37163 4.23819 -2.32664539741 4.66705490811 -0.205876423469
-109.563 45.3171 -0.000625079239243 9.73719994836e-05 0.00109976582487 0.00783895167119 5.61365 5.41977 -0.357190172003 6.45347583077 -0.101253500229
-108.214 45.2202 -0.00127464419162 -0.000793598812668 -0.00289248247964 0.00265420097188 5.25649 5.66617 9.36977586731 15.6592640495 -0.946592413052
-107.207 45.225 -0.000279402416873 -0.000200345372825 -0.00466831696513 -0.00642228858438 3.30366 3.45663 10.1462545206 3.42095521737 -0.226300806707
-114.855 44.5494 8.2122273764e-05 -0.000730146890284 0.000931767247756 -0.00652519142354 3.08187 3.05745 12.862037265 0.439404937701 -0.706825068142
-114.255 44.5642 0 0 0 0 3.10117 3.39968 0 0 0
-113.367 44.6165 0.00502787830385 -0.00134555945849 0.0114903792236 0.000615767787656 3.26459 3.4315 -6.53715233433 -43.7744607174 1.13351247334
-112.644 44.6173 0.00171373860371 0.000856148708362 -0.00847321460697 -0.00785988541043 3.33985 2.94373 15.7207636038 -20.331640559 0.993297529618
-111.248 44.7038 5.42953373115e-05 0.000412841646024 -0.00404615417013 0.000370234356344 4.74475 4.44153 14.0594893744 -1.0442894853 0.416047155887
-110.576 44.3951 -0.000279138238641 0.000812808084146 -0.00286713225043 -0.00543706440047 3.89926 3.75885 12.3851507017 2.17343027751 0.777493246639
-109.664 44.6769 -0.000772190087256 0.000108717797663 -0.00078861869145 0.00223491613871 4.8305 4.63001 -3.04801608962 7.85495978238 -0.173759162454
-108.986 44.6704 -0.00171982885349 -0.000340568913383 0.0070135421889 0.00118574177496 3.95249 4.03711 -18.7682529893 18.3363110639 -1.28685784012
-107.999 44.4868 -5.52604950668e-05 -0.000829375178084 -0.0040910947582 -0.00170881560387 4.1853 4.3751 4.08780725663 2.6711853265 -0.822064074669
-107.042 44.6277 5.1788747706e-05 -0.00123404599473 0.00608657987158 -0.000233065607624 4.0845 4.31171 -6.50101855048 4.80868361124 -1.12420731007
-115.133 43.7945 0.00018552298646 -0.000637407912332 -0.00521767211606 0.0023363384077 4.19599 4.27592 15.8590004223 -1.25369383999 -0.611260671179
-114.117 43.9146 0.0020816251769 -9.18256329299e-05 -0.00227688877549 0.00628152971403 4.09942 4.21649 -334.524225067 -23.8862547422 -0.227946434054
-113.452 43.9286 0.00144895754203 -3.56143089163e-05 -0.000561352659228 0.00323145889889 3.5398 3.39489 16.1737055523 -16.5417886148 0.0903086731905
-112.485 43.9997 0 0 0 0 5.46735 5.15477 0 0 0
-111.487 43.8756 0.000640617677174 0.000628585965372 0.001077649736 0.00167595437453 4.25126 4.2799 5.42944263445 -8.9355966384 0.765274988198
-110.576 43.92 8.24233581373e-05 0.000913168874904 0.00071602612657 0.0040507155648 5.07981 4.93333 -3.87296669199 -4.93125348257 0.874913561745
-109.817 43.7013 0.000472126884984 0.00046384051329 -0.000706741100885 -0.00698567194101 3.65638 3.57449 6.54686138814 -6.44262700279 0.548663096
-108.994 44.0363 0.000108908967121 -0.00051652020376 2.02848453978e-05 0.000846545957074 4.62221 4.53034 6.45818777193 -0.112827388331 -0.48678636976
-108.128 43.9496 -0.000277207419202 -0.00096221696791 -0.000917716964153 0.00482537560832 4.69215 4.28581 2.65140705688 5.81406547211 -1.00063854383
-107.292 43.8122 -0.000559257666616 -0.000357370469072 0.00472496074214 0.00681646113574 5.04379 5.04835 -7.01799795693 7.62278905233 -0.546549143223
-115.828 43.4151 -1.83143031977e-05 -0.000406567156234 -0.0015925965769 0.000544718174055 4.08687 4.11538 4.66652920583 1.68171795771 -0.391277790794
-114.174 43.3979 0.00159500571313 0.000812819702606 -0.00481823568631 -0.00915409162009 3.25916 3.2876 -338.012766992 -18.3428909333 0.808021397502
-113.518 43.3234 0 0 0 0 3.02643 2.90951 0 0 0
-112.433 43.3998 0.000624555450056 0.00114427657084 -0.00211100843146 -0.00849534191792 3.21314 3.2757 19.1383194798 -7.49848909949 1.15700763195
-111.612 43.2741 0.000781098562561 0.00114939474413 -0.00859449635969 -0.0017235627286 4.14559 3.84673 -337.592032666 -8.40792994474 1.1102604965
-110.712 43.3629 2.45235852845e-05 0.0010523743501 0.00549111288324 0.00263969522007 4.36809 4.31581 -2.36420810688 -4.69027086684 0.989927005506
-110.02 43.2112 0.0010954416655 0.000740451817412 0.0030108137038 0.00660877888156 5.05131 5.22303 -6.68886755964 -15.2128248425 1.13347123752
-109.053 43.2649 0.000450004158533 0.000286035964186 -0.00267999940438 -0.00090796507967 4.18567 3.8419 7.77871540004 -5.73672067345 0.357362202962
-108.084 43.3531 -0.000942316954256 0.00059203106287 0.000120785986435 -0.0064713135684 3.74739 3.57065 4.54355034769 9.3276230158 0.38274740504
-107.446 43.3459 -0.000808083759258 -0.000239376341669 0.00134120671848 -0.00942050828804 3.35336 3.33779 5.1270323116 9.81271691849 -0.387627133073
-106.479 43.4126 0 0 0 0 5.54852 5.23173 0 0 0
-113.176 42.5452 -0.00216900699142 0.001117956893 -0.0034888832813 0.00998340346778 4.8885 5.0059 1.68931186805 19.5010055297 0.335976153764
-112.531 42.6852 0 0 0 0 3.70215 4.31528 0 0 0
-111.588 42.8321 0.00154021969934 0.00203431008939 -0.00101459832176 0.000927746220809 4.46631 4.97301 11.1090933462 -21.2670716547 2.24056016486
-110.92 42.7507 0.000877445246419 0.000758384031894 0.000624347713627 -0.0111378399471 3.12506 3.18835 11.4614259708 -11.3303218079 0.868059439166
-110.042 42.6372 0.000806727350839 0.000488128637118 -0.00512375871235 -0.00363816146255 3.92104 4.01952 9.89059087605 -10.1856178806 0.601266425494
-108.847 42.8247 -2.63398884552e-05 0.000993069369744 0.00168328215695 0.000965924599817 4.15409 4.0766 -1.71619480986 -3.49630828391 0.930443609868
-108.342 42.6579 0.000128466639984 0.000738761807329 0.0152429777905 -0.00135058349121 3.6278 3.68376 -11.5483437359 -5.45698099111 0.710967823239
-107.251 42.6332 0.00120052753135 0.00040205233744 -0.0130046782804 -0.00217211748485 3.63284 3.64528 -324.039925808 -11.6583882043 -0.0342805982743
-106.524 42.6507 0.000121570699446 0.00130016762719 -0.0167693862617 -0.00201624620385 3.93571 3.71767 -332.632142457 1.81684674018 1.24568342139
-113.24 42.0343 0 0 0 0 4 4.44267 0 0 0
-112.386 42.0041 0.00177891412868 -0.000304327865724 -0.0114031278652 0.00443443033936 4.33782 4.60934 -337.926370816 -20.9343370839 -0.35562837112
-111.432 42.0149 0.00163627045446 -0.000784252870319 0.0112772347258 0.00547379948391 4.64632 4.36814 -14.6155789515 -10.7107724798 0.27134874546
-110.873 42.0995 0.000725464293028 -0.000482421997312 0.00299656075426 0.00486996756391 4.70291 4.88278 2.15332758686 -6.50006082729 -0.249999538182
-110.036 41.9243 0.000455497643004 -8.90525262792e-05 -0.0118614078212 -0.00125698010252 4.01605 4.02431 -330.820737316 -5.47085854851 -0.172738664995
-109.357 42.1012 0 0 0 0 5.31707 5.31096 0 0 0
-108.34 42.0073 -0.000748050054125 -0.000285003457993 0.00704581623641 0.00396223166729 4.37714 4.90697 -12.8635625632 9.34885276164 -0.618763550783
-107.369 41.9641 0 0 0 0 5.20816 6.76593 0 0 0
-106.434 42.031 0 0 0 0 3.08112 3.12826 0 0 0
-105.701 42.1143 -0.000728445999479 -0.00079088905629 0.00316164391483 -0.00909152867303 3.25127 3.3429 4.96611916436 10.0899092799 -0.901284048255
-104.933 42.0432 0.000756272186595 0.000194452449138 -0.00519215792821 -0.0139729635377 3.14017 3.14176 7.12631445886 -9.20322140347 0.282143364397
-112.448 41.4632 0.00108857075568 -0.0014157489707 -0.0315079015795 -0.00420336372806 3.35304 3.50726 -316.108927163 -18.3700616558 -1.73139008903
-111.63 41.3146 0.000834297079112 0.00258473029387 0.0104386408163 -0.00330794553106 3.62999 3.98101 -7.32628699972 -22.697304455 2.68057612224
-110.666 41.4729 -0.000623068177463 -0.000786357013486 0.00998333730066 0.00210957836241 4.62987 4.36461 -11.4134854317 11.0537612903 -0.993523778813
-110.067 41.4272 0.000174971655078 -0.000112112851055 -0.0134404269997 0.00514928873036 5.43672 6.90962 -323.479431452 -2.3809365111 -0.160824884909
-109.157 41.5047 0.000748548117914 0.000427027352111 0.00391685970539 -0.00328008825755 3.59694 3.64313 -1.43911250984 -10.0416882806 0.648458488861
-108.187 41.4906 -0.00117658439149 -0.000850662103598 0.00323352032032 0.00162603801171 4.12978 4.05796 -12.2355904715 17.1262271145 -1.31492627452
-107.364 41.6067 0.000664468045274 -0.00177823849312 0.00135828589916 -0.00782423556566 3.80209 4.2024 -4.00239638025 -0.161721036017 -1.44204826216
-106.596 41.4033 0.000136315191873 -0.000678475789931 -0.000399573196037 -0.000284314279636 4.18719 3.73502 4.71301844477 -0.0949646734151 -0.641365360231
-105.722 41.468 -0.00166737263108 -0.00113640540054 -0.00496722960677 0.00273695851248 4.32175 4.11711 14.5457766767 19.925626425 -1.13897145183
-104.825 41.4676 -0.000880538015368 -0.00037158487322 0.00717485027267 -0.000333332575322 3.98384 4.07858 -3.57334785802 11.3748561606 -0.618004282554
-102.772 33.9696 -0.00123225362914 -0.000187421700724 -0.0368967440722 0.00617569338949 3.82223 3.09267 -312.037423913 11.4875296093 0.559699665362
-112.52 40.8903 -9.26225145807e-05 -0.00132822800725 -0.01540231375 0.00186162122129 4.63521 4.55957 -335.112963935 -0.0698186179285 -1.31773469225
-111.437 40.8869 0.00107533881998 0.000499096420436 0.00233681066012 -0.00424324855601 3.26612 3.19773 15.03291078 -13.1920925411 0.58508157786
-110.834 40.9425 0.000318714409815 -0.00103558030202 0.000982522262356 0.000984529745065 4.82331 4.62143 5.03589818968 -0.66510886507 -0.926323967994
-109.673 40.9763 0.000513923006258 -0.000583932063334 -0.000120766579255 -0.00820960041355 3.60498 3.65746 7.77569860507 -4.76146090735 -0.481701358009
-109.177 40.8936 0.000816982906316 -0.000630357253698 -0.0031632799503 -0.00785444441602 3.4104 3.4256 12.223372918 -8.97059831848 -0.54895832302
-108.263 40.8338 -0.000152599837509 -0.000530122052639 -0.000105498808727 -0.00239616870114 4.2406 4.02421 4.21975742151 3.17285155837 -0.550710571683
-107.52 40.76 -0.000226439355386 -0.000224022730752 0.00226987682206 0.00217869344013 4.69385 4.4321 -2.89202607716 3.44204805086 -0.285981242541
-106.454 40.8023 -0.00062653999677 0.00100524375288 -0.00789865440276 0.0228144881653 5.97353 5.34188 3.32387758971 4.83973642072 0.85278048136
-105.944 40.8947 -0.00136798591823 0.000401408982865 -0.00447393548292 0.00134978872196 4.85135 4.78239 13.8371219791 16.3184090073 0.376492256758
-104.882 40.8271 -0.000763047131702 0.000402614746291 0.000556511347865 0.0113347387348 5.97638 6.41262 -4.7861340007 7.13559021485 0.13638891358
-104.087 40.8132 -0.000493583056122 0.000296910492361 0.00602783777279 0.0144379932992 4.94396 5.21602 -11.5083898032 3.90231651649 0.0631598648234
-112.469 40.2807 -0.000213246596915 -0.000214035212186 -0.00269940902831 0.00228001731749 5.04364 5.17226 11.3181862616 2.91561884746 -0.24582693831
-111.502 40.2067 0.0017979329309 0.0010100653073 -0.00510039825213 0.00284448370534 4.49238 4.50762 -329.327534342 -18.7980486826 0.654030628194
-110.738 40.1948 0.000527079772094 -0.000218903298019 0.00502211882349 -0.00165898053095 3.8148 3.58191 0.849226574653 -5.15733280053 -0.0421170032335
-110.008 40.2655 -0.000651634286914 0.00065041493268 0.0018576243913 0.00210747339818 4.55186 4.38393 1.91054938209 5.24520798363 0.436924454631
-109.124 40.2982 0.000278856528115 -5.17197697217e-05 -0.00416158250008 0.00797654697484 5.47154 5.32998 12.8003022889 -3.27567796851 -0.027481627409
-108.242 40.1348 -4.57584803676e-05 9.11208870707e-05 0.00215829901352 0.00403158277014 4.98072 4.70171 0.802493116569 0.22302439384 0.0747577774965
-107.47 40.2149 -0.00047173013923 0.000343780304763 -0.00168022577032 0.00406538031635 5.30618 5.02381 2.81125486043 4.55536831506 0.224320710467
-106.547 40.1618 -0.000375580022467 0.000487405032065 0.00343010635788 -0.000413016781702 4.81571 4.97673 -3.9169534901 2.320465318 0.335023844965
-105.918 40.2109 -0.00119552137091 -6.88777043554e-05 -0.00368666203782 0.00151203721057 4.90254 5.00329 3.89151841636 14.3211840816 -0.296163505269
-105.073 40.1227 -0.00133885085927 0.000177343103118 -0.00529184335728 -0.00381256368517 4.05335 4.21235 6.80437787725 15.7866674343 0.00437970756492
-104.12 40.1129 0.00057103407512 -9.71307648752e-05 0.0144286971044 -0.00749925233265 3.0016 3.15405 -10.1724301952 -5.87694336301 0.13844227473
-113.069 39.5906 -0.000481570319773 -0.00025267739447 -0.0186647859107 0.0033819922077 4.22564 4.02341 -330.497933464 5.26039454727 -0.181031755249
-112.279 39.5708 -0.00265147893611 4.33976375256e-05 -0.00380250140504 0.00236463515773 4.46783 5.43997 -330.636375811 31.44890628 0.447824094165
-111.66 39.6092 -4.65667516501e-05 -0.000132861970264 0.00706442933236 -0.00107413911476 3.71076 5.06128 7.99547084389 0.878078187949 -0.139653345674
-110.74 39.473 -0.000284742316808 0.00101554307595 -0.00508305909202 -0.00167633614156 3.94601 3.69122 17.5478465575 3.06013157348 1.0066370296
-110.246 39.6279 -0.00117518455675 0.000513718869117 3.37190102124e-06 0.00199790886634 4.92312 4.65291 -336.604853584 14.5797416332 0.606216913015
-108.981 39.6333 0.000639103224764 0.000818404273973 0.000225558261846 -0.00392843066214 4.33293 4.14448 6.5143609113 -9.47191316429 0.926738288289
-108.391 39.4998 -0.000354682710305 -0.000505130819969 -0.00169786345524 -0.00441833032138 4.11628 4.04031 6.36727944126 5.35606127618 -0.56270079913
-107.449 39.524 -0.000451216606578 1.27567865612e-05 0.00229204590955 -0.00543970216133 3.87959 4.06958 1.95066724473 5.25314156905 -0.0997827218049
-106.759 39.5952 -2.5338966171e-05 -3.63613603062e-06 -0.0016212942693 -0.00426687303993 3.85731 3.87301 5.44017324699 0.309933288773 -0.00809922988458
-105.839 39.3741 -0.00053984623301 -0.000176995492172 -0.00163626267268 -0.00168763002975 3.91625 3.70441 0.969941066438 6.88985498846 -0.301885630747
-104.908 39.5144 0 0 0 0 3.14858 3.20142 0 0 0
-104.168 39.5125 0.000190966916113 -0.00166089403758 0.00320688213931 -0.00679744558262 3.28184 3.38243 -2.51077662908 3.30933305661 -1.54490195247
-113.277 38.9882 -0.000566656644343 0.000350436879407 -0.0110901835045 0.00286674756944 5.06373 4.89437 17.4187541332 6.48312257454 0.309115715054
-112.379 38.9995 -0.000793964597108 0.000130927310675 0.00242780000351 -0.00355652785373 3.68361 3.78394 20.3958818567 9.5402449463 0.126267395786
-111.172 38.9176 -0.000123917583347 0.000654881091964 0.00239971343613 0.00143894829803 4.1443 4.38889 14.6726745799 0.798949942456 0.641537479885
-110.133 39.1025 -0.000243380599978 -0.000123296186868 -0.00351012928273 -0.00277594276629 4.11985 4.26401 16.8868683955 2.98767062178 -0.131177211279
-109.263 38.9553 0.00109103704516 0.00118972177764 0.00246790890588 -0.00218686269547 4.54176 4.74603 3.53024612386 -16.41021864 1.42469237416
-108.296 38.9541 0.000458453469576 0.000552766385312 0.000811591020009 0.000902567291826 4.57986 4.15427 0.536863742969 -7.25605616953 0.660772743548
-107.574 38.8347 -0.000825522646907 -8.39501617352e-06 -0.000420691126459 0.000814896583858 4.80102 4.33808 2.23285674563 9.76710879898 -0.211859139894
-106.91 38.8627 -0.000548070209934 -0.000131626798963 -0.000500876919861 -0.00169721129517 4.11375 4.14618 3.76536044705 6.86933614426 -0.244108263445
-105.834 38.9045 -0.000731507069147 0.00111839134564 -0.00130294012675 -0.00425306916547 3.54791 3.60847 -1.39548392811 4.72654546186 0.867232705359
-105.149 38.9641 -0.000183967673777 0.00011495795161 0.00454851512509 -0.00432635821164 3.42673 3.50163 -9.90656549542 1.47305133419 0.0292944504668
-104.247 38.9145 0.000381061614328 -0.00039993570079 -0.00218602299 0.00758633935594 5.25918 5.02372 -2.50799745055 -3.13181001265 -0.279150203146
-113.969 38.1802 -0.000382217703212 -0.00105334370404 -0.00875633331808 0.00890006386958 5.94438 6.00832 6.66403587055 7.84614175138 -1.11724059963
-112.277 38.2108 -0.00136293412821 -0.00125748218046 0.00270820595097 -0.00231441626242 3.78559 4.00739 8.77737346809 19.3070971682 -1.51261756397
-111.483 38.2843 -0.000332408216168 -0.000458667488018 0.00123654292069 -0.00356976880458 3.69801 4.08933 16.0716176056 4.40676680178 -0.480546248002
-110.711 38.4187 7.18225329926e-06 0.000293094129828 -0.00344554626691 0.000373194613489 4.2175 4.3976 -337.569861415 0.104538698272 0.292281989219
-109.894 38.3862 -0.000267989440047 0.000548551675635 0.00222351065245 0.000608445244349 4.52605 4.62862 15.9053951563 2.93938415887 0.535207961412
-109.261 38.2916 0.000696513449525 -9.58306539598e-05 -0.00297815115111 0.00453630253427 5.56711 6.07238 -341.136196807 -8.5068377176 -0.10537392146
-108.379 38.1888 0.000591209253252 0.000821036012591 0.00110645099744 0.00503701562296 5.24806 4.94696 -0.98328726128 -10.0128958286 0.96509098892
-107.55 38.3685 0.000394241472128 0.000546954921064 0.00128232715186 0.00376039298015 5.05332 4.56114 -7.94788060527 -7.15972328193 0.661185279287
-106.756 38.2289 -0.000540421648937 0.000512414798081 0.00283675229413 0.00438900120816 4.97193 4.53512 -10.9557022638 3.0809808571 0.213639196061
-105.107 38.2315 0 0 0 0 5.73751 6.70309 0 0 0
-104.283 38.1474 0.00066609177046 0.000199306519266 0.00287973379507 0.000946236699982 4.50823 4.85072 -6.06003394337 -8.55754936996 0.41201177666
-113.86 37.5808 0 0 0 0 5.77157 4.92687 0 0 0
-113.168 37.7601 -0.000885699655389 -0.000896290279035 -0.00185102113506 0.00358407038493 5.19842 4.82522 6.61856593034 13.1861518539 -1.09443513804
-112.363 37.6761 -0.00109961481846 -0.00102833998864 0.00528349078577 0.000407455333004 4.16489 4.15951 0.402899818721 16.9086137082 -1.34801946271
-111.596 37.7222 -0.00107216508712 -0.0015332346858 -0.00121310058475 0.00182182544971 4.60444 4.97101 16.0703884845 14.3758193489 -1.60649716963
-110.802 37.6354 -0.00054649483509 -0.000177524570988 -0.00255884481393 0.00172052750398 4.34216 4.55729 -334.724726579 6.42529251033 -0.12178821478
-109.995 37.6903 -0.000428453250978 0.000752660474405 -0.00454210964311 0.0042711521332 4.82387 5.38805 -327.445062331 7.28158709708 0.832960940472
-109.137 37.7459 0.000470352282123 0.000289861850638 0.00200941287484 -0.000844246023016 4.20744 4.34912 8.30667762082 -6.280032399 0.365128769695
-108.36 37.83 0.000886428058482 0.000852498532486 0.00417764420904 -0.00637890990567 3.52048 3.44283 1.61056822385 -13.2973250728 1.06076138423
-107.792 37.662 0.000147929160878 0.00145353035058 -0.00631376189193 -0.00167342031368 4.31998 4.14539 10.0701210207 -3.9130610204 1.4608343833
-106.829 37.7461 -0.000305313628962 0.00177107959075 0.00330947466756 0.0031274058985 5.11946 4.91806 -7.55602048788 -5.25582016525 1.50206371595
-106.002 37.7059 -0.00045339263574 -0.000160860940326 -0.00286183179973 0.00509405914051 4.54475 4.63798 -0.0740143415559 5.9181408683 -0.274784025847
-105.213 37.6407 9.34423202349e-05 -0.00100708321395 -0.00311005648849 0.00318283845134 4.16433 4.41737 -6.21789802428 3.32648033336 -0.908785737282
-104.435 37.6606 0.00105460648826 -0.00153402146182 0.0121881414117 -0.00237481772248 3.36479 3.65162 -13.6017618448 -2.8472856812 -0.876375692471
-114.715 36.7256 0.000598787771958 -0.000431865386556 0.00258219918428 0.00201497324427 4.37326 4.11028 -3.45347636536 -4.18260040228 -0.119370901819
-113.907 37.0195 -3.62500342769e-05 -0.000109456115419 -0.00141530193937 -0.000554917860716 4.39399 4.17592 1.32962011473 0.889755546632 -0.115179239927
-113.084 37.0615 -0.00100864400585 -0.000402169692525 -0.00064629646591 -0.000861940466428 4.26418 3.96043 1.5212396842 13.248851004 -0.723807824998
-112.382 37.0183 -0.00108999341571 -0.000975296145519 0.00692439189188 0.00034812798912 4.11148 4.08865 -2.99084409786 17.0315749268 -1.33401260716
-111.506 36.9839 -0.00121146501427 -0.000665454396016 -0.0084872239048 0.00290153874595 4.71922 4.88434 -335.208845318 14.1593091583 -0.566699423271
-110.804 36.9969 0 0 0 0 4 3.99989 0 0 0
-109.874 37.1364 -0.000911361750703 -0.00224101794622 -0.00217700700713 -0.00715912964851 3.14521 3.43574 -332.253582523 6.76256449459 -2.07106805726
-109.025 36.8299 -0.000957843886859 0.00185149249473 -0.00290933867426 -0.00185303301769 3.78373 3.39725 12.6635007336 9.63791410213 1.75365589672
-107.534 36.9914 -0.000320763272528 0.00322830155578 0.00123135997504 -0.000172936225055 4.30375 4.52109 0.274195929943 -7.47679309558 3.00622393624
-106.903 37.0138 0.00142664519446 0.00125844143504 -0.00133721363298 -0.00457479399185 3.73273 3.93123 -2.6718321712 -21.7515078235 1.65076173355
-106.037 37.0361 0.0013455931568 0.000670726322614 0.0014427837343 -0.00475031845101 3.56407 3.56231 -5.07182898463 -18.5473825776 1.09762106779
-105.052 37.0738 0.00113669842225 -0.00117241797018 0.00202411782777 -0.00888788727828 3.11883 3.0978 -4.84978152282 -8.52295117057 -0.731476688737
-104.411 37.1388 0.000384317313896 -0.0010361116087 0.00342079312935 -0.00434384132314 3.73559 3.44597 -3.57396709502 -0.705577673458 -0.873690651228
-115.383 36.423 0.000456380854374 0.000456690884378 -0.00201003087675 -0.00457032722172 3.70631 3.81318 3.39101079738 -7.14924844098 0.586509405027
-114.539 36.4321 0.000446016239027 0.000334904642161 0.00252290143059 -0.00228027819883 3.82624 3.95137 -2.18499793749 -6.67324906972 0.492556681745
-113.965 36.4151 -0.000327529968298 0.000311849810464 -0.00249173852777 0.00139701369965 4.0504 4.65632 2.93530936334 2.5052824174 0.184604227289
-113.18 36.4182 -0.000213285903738 -2.10491397711e-05 0.00268923373891 -0.00259922814014 3.96587 4.05364 -0.497724137428 2.5198067372 -0.100257862851
-112.291 36.428 -0.000718284400339 -0.000396747701399 -0.000738887102168 -0.00061856874591 4.11554 4.15474 7.58526412787 9.72303295171 -0.552341154728
-111.13 36.1428 -0.00103249242314 -0.00122252400699 -0.000876909652797 -0.00838963575764 3.30752 3.29599 18.2345677664 13.2234185712 -1.25366568091
-110.662 36.5996 -0.000294837956601 -0.000183922860743 0.000255351879755 0.00171551821078 4.67065 4.63921 16.5206245904 3.74904471689 -0.199108264133
-109.87 36.4199 -0.00133339719837 6.12267753979e-06 0.00651790977649 0.00347727841756 4.25605 3.35488 2.45129823281 15.8048084947 -0.370369509381
-109.208 36.2925 -0.00497713025774 0.00364565120922 -0.00929106681081 0.00503589436713 3.90731 4.9754 -320.166305309 74.0369123007 5.21999127667
-108.52 36.3758 -0.00109023593157 3.84652053191e-05 0.00819635352313 -0.00539626651666 3.63765 4.56827 0.572463203899 12.7980912661 -0.283211690342
-107.658 36.4277 0.00129830203818 0.00335386306895 -0.00517970454348 -0.00121783159316 3.44603 4.47195 14.515147463 -17.8306016734 3.40413299045
-106.855 36.3773 0.00219248794963 0.000909438144332 0.00368703816242 0.00354874098692 3.94435 3.57701 -7.66298523176 -29.5611660043 1.71686699938
-106.192 36.3289 0 0 0 0 5.30753 4.38289 0 0 0
-105.278 36.4093 0.00196437399021 -0.000309510754832 0.0030000620081 0.00322260168361 4.13858 4.16045 -7.64586757625 -21.2247530169 0.46054650877
-104.408 36.3998 0.000404297623981 8.31818188583e-05 -0.000945916165567 0.00826340696311 5.01645 4.58993 1.69738672403 -5.16393396241 0.166778336568
-103.744 36.3945 -0.000526415194097 -0.000209404124395 -0.00521612683466 0.00632543500991 5.23704 4.93191 9.5076418946 6.75249695054 -0.24370064023
-115.43 35.8384 -0.000364455854681 -4.40241826267e-05 0.00254043015443 0.000252851614901 3.86099 4.08851 -1.96269035979 4.25597857731 -0.197976159584
-114.851 35.7266 0.000539618044192 -0.00119667570067 -0.000484289629799 0.00126562431805 4.6838 4.62669 0.759006010002 -0.486250334747 -0.898346605339
-113.984 35.8522 0.000683720992955 -0.00154380531138 -0.00220854418536 -0.0108223530253 3.4746 3.28757 4.92466595243 -2.27087557581 -1.26460241398
-113.105 35.6339 5.22020368194e-05 -0.000382744272132 5.79125330767e-05 0.00246710040824 4.56462 4.21184 -0.721075086882 1.21543572423 -0.333554305472
-112.173 35.8191 -0.000478219918984 -0.000618608449977 0.00312204726493 -0.00256572023484 4.1023 3.85379 1.21225877023 8.14941721958 -0.743804230177
-110.794 35.6218 -0.00188469392043 0.000219842178821 -0.00193224475252 0.00956689046023 5.25145 4.55319 10.7147758366 22.7015640289 -0.079423560435
-109.933 35.7113 -0.00560891761764 0.00263148756102 -0.012206194478 0.00215264302225 4.40496 6.22016 -315.907840562 77.0997350044 4.76258032977
-109.046 35.7147 0 0 0 0 3.10741 3.78874 0 0 0
-107.638 35.8054 0.00247105561234 0.000440579558355 0.00336809962416 -0.0038409698191 3.65971 4.2154 14.3238616051 -31.100468234 0.551756300009
-106.909 35.9138 0.00465286035987 0.00116736575519 -0.0128572203211 -0.0017701078902 3.77889 3.71015 -326.557311062 -51.2645729593 -0.260953814731
-106.183 35.7452 0.0019807502432 0.000592162946069 0.00359185541212 -0.00252250459279 3.55178 3.30417 -6.31700523297 -25.8173009786 1.28864930864
-105.272 35.7259 0.000439205628659 0.000454709172744 0.00975455016309 -0.000189391681638 3.77203 3.4847 -20.53721655 -7.80526805796 0.624908940901
-104.616 35.8383 0.0011295115058 -0.000396082593341 -0.00607161875399 -0.00677867644538 3.71257 3.49135 12.2023548738 -14.0172344083 -0.357426014105
-103.786 35.7964 0.00038852130525 0.000231341765021 -0.00248707296703 0.00228790320897 4.84385 4.72863 3.84292080047 -5.30659427322 0.292582972468
-114.87 35.301 -5.02289864293e-07 -0.000945974166673 -0.00116181258238 0.000264718835299 4.41304 4.62378 0.442046275253 4.55078068713 -0.871343619587
-113.885 35.099 0.000332462849808 0.000465243022459 -0.000621073466701 0.00492938518497 4.77507 4.7938 -1.12324778562 -6.08356119088 0.559606032473
-113.083 35.2127 0.000907510128183 -0.000122648531835 0.000477632159368 -0.00127653952446 4.20092 4.29615 -2.43598903062 -9.63021311042 0.261364657593
-112.267 35.1787 -8.6911100631e-05 -0.000456672186808 0.00535848426814 0.00435095444549 4.65395 4.63666 -4.26593038421 3.40992802145 -0.44981156756
-111.532 35.0951 -0.00183393443777 -0.00121742092795 -0.00705728348126 0.0077187895086 5.66573 6.24156 19.2250540258 23.1815871708 -1.25776724474
-110.713 35.0789 0 0 0 0 3.10266 3.17671 0 0 0
-109.736 35.1181 -0.00327528515382 0.000312705596937 -0.00581144775031 -0.00191596408402 3.72578 -nan -325.33653595 40.5025305296 1.19121257737
-109.388 35.1118 -0.000832003488883 -0.000703576746735 0.0144745984103 0.00324817032541 3.67083 4.94077 -10.0345879451 13.3665839467 -1.01610190461
-108.5 35.1259 0.000135244786075 5.29291676367e-06 -0.0015323516505 -0.000726514838164 3.31882 3.64095 14.9798649176 -1.69812157415 0.0118888860027
-107.648 35.117 0.00139619647154 0.0010266973234 -0.00397194560786 0.00926427609685 5.59156 7.25468 -340.07619215 -16.871948312 0.954320474604
-106.867 35.0719 0.00193824775863 0.000209860376223 0.00228907852308 -0.00360684219462 3.93603 3.9024 1.60073468068 -24.2855490784 0.694877168769
-106.15 35.1605 0 0 0 0 3.10761 3.0688 0 0 0
-105.408 35.2106 0.00239124657215 0.00183649397398 0.00601052037998 -0.00218608300306 4.14163 4.1537 -8.18272402287 -36.8464047286 2.62821413393
-104.461 35.2177 -0.000472817292949 0.000392589783096 -0.00776674325555 0.00673847309258 4.58402 4.47739 6.77208282158 5.29615157272 0.329311917699
-103.766 35.0891 0.000430239506165 -0.000242162222155 -0.00655085198094 -0.00619436313984 3.62231 3.7508 -336.973915983 -5.88404887861 -0.310401458711
-103.063 35.0637 0.00104656949239 -0.000199811816083 0.0037450817458 0.0053736522796 4.11719 4.31604 -1.46154489917 -12.2413500831 0.0640371030678
-113.83 34.5935 0.000607248732844 -0.00048110430096 -0.000190582129061 -0.000679654729304 4.21441 4.55579 1.34774491653 -4.87062481536 -0.228403026605
-112.891 34.4692 0.000417203837771 -0.000327341883274 0.00152102601074 0.00113279792808 4.33455 4.49002 -0.320530188416 -3.28662314856 -0.146271326758
-112.237 34.4866 0.000462884389088 -0.000233075905427 0.0031099393022 -0.00175480872515 4.08842 3.77576 6.40176591981 -4.84962785176 -0.107055061201
-111.441 34.4178 -0.00177705671725 -0.000199060410784 -0.0077893816588 -0.00217440610422 3.97805 3.05461 19.4627882383 22.314549399 -0.231597981161
-110.806 34.3371 -0.00436746887421 -0.00128283503313 0.00192837901504 0.00335703622087 4.57076 4.90636 11.4106536084 56.6494523189 -1.91770927511
-109.95 34.5293 -0.00325247228245 -0.00105710526212 0.000591144043494 -0.00119816485187 3.49955 4.23588 7.70810258029 42.7011796974 -1.68208265522
-109.29 34.4275 0 0 0 0 3.03371 3.01277 0 0 0
-108.498 34.5421 -0.00165779217861 -0.000979143071244 0.000318565775975 0.000295012912093 3.64211 3.82532 9.91030023284 22.4078676985 -1.19882809113
-107.786 34.4457 0 0 0 0 3.16196 3.45708 0 0 0
-107.01 34.5058 0.00186885053003 0.000107111691358 -0.00551417706864 0.00965763905198 5.66484 6.63051 -340.793609334 -23.5553524525 0.0188144279206
-106.188 34.581 0.00161763981489 0.00123652848269 -0.00290161982791 0.00563051341098 4.46126 4.69653 3.34451974053 -23.3718787061 1.55492087405
-105.435 34.5646 0.00369173946778 0.00145006668525 0.00496400768119 0.00437121913442 3.92059 4.27569 -19.6729914209 -48.9692832101 3.29456615063
-104.662 34.5271 0.00189999743559 0.000639529412831 0.00194672157192 0.00483081657878 5.3333 4.75891 -6.83365865276 -25.4490932364 1.28251847631
-103.81 34.5508 0.000974730005116 -0.000415176160156 0.00247389103182 -0.00244294211479 4.1387 3.98732 7.38485344787 -11.7637655593 -0.308235786981
-103.097 34.6469 0.000785586510274 -0.000825837317931 -0.00280188347038 -0.0130046866711 3.09296 3.16565 8.44992892898 -9.15956682799 -0.76288165334
-114.524 33.7503 0.00107055148438 0.00111552151167 -0.00617226667659 -0.0034077397072 3.93619 3.97414 9.92139445666 -16.2458664984 1.33334072924
-113.829 33.8142 0.00149680022001 0.00020326108643 -0.00132158944338 0.00459931180302 4.52379 3.70574 4.13508012853 -18.567046098 0.669493775223
-113.005 33.9383 0.000943725070095 3.3875237831e-06 0.00214560720554 -0.00162459043123 3.69543 3.40037 -2.66089704352 -10.767668092 0.396381630994
-112.333 33.9535 -3.82794173228e-05 -0.000125970880458 0.00617283461293 -0.00415470879776 3.71273 3.51404 -3.20453139871 1.09465262109 -0.130478857719
-111.478 33.8798 -0.000616062322596 0.0017408198598 -0.00973086149473 -0.00328747983631 3.45653 3.73162 20.3672495492 7.65601245901 1.73801995096
-110.844 33.6953 0 0 0 0 3.20248 3.12511 0 0 0
-110.034 33.7776 0 0 0 0 3.01173 3.06697 0 0 0
-109.254 33.9571 0 0 0 0 3.16275 3.38259 0 0 0
-108.377 33.9085 -0.0019276281646 -0.00118168988471 -0.00453040720705 -0.00250467166392 3.69347 4.0508 -338.467851774 23.4213929116 -1.05468770344
-107.674 34.0087 2.71332020815e-05 -0.000949771189881 -0.0184131391913 -0.0169202776019 3.00787 3.2704 -338.007561965 -1.35526866529 -0.948693732965
-106.965 33.937 0 0 0 0 4 4.11798 0 0 0
-106.921 34.0739 0 0 0 0 4 4.23766 0 0 0
-106.055 33.9315 0 0 0 0 3.28916 3.60233 0 0 0
-105.436 33.9257 0.00436708486546 -1.85842720973e-05 -0.00241240418341 -0.00565766491231 3.4055 3.49976 -339.779820901 -55.4973753644 -0.40642966975
-104.693 33.9229 0.00206948917743 0.000623624769169 -0.00902988205274 -0.000946982601116 4.62293 4.31918 10.1512527182 -26.9514640799 0.776429653271
-103.825 33.9232 0.00229345596353 -2.57726556738e-05 0.0183391144982 0.00605454214062 4.06723 4.83196 -33.1141819884 -19.8645018338 1.65247196188
-103.163 33.8839 0.00207746480749 0.000220916578314 0.00164244497673 0.00851852093796 5.24082 4.04289 -343.423852727 -26.3825527138 0.0911959093296
-113.657 33.1999 0.00143092578433 0.00207751023426 -0.000202056332673 -0.00980653340282 3.1746 3.62722 7.1083875683 -24.3572866302 2.38510577077
-112.946 33.3627 0.00048319555009 0.000690281930512 0.00257101312888 -0.00299685268858 3.90329 3.72056 0.0777331288497 -8.89068902811 0.820795345652
-112.158 33.2893 -0.000709072863064 0.000431682970905 0.00113932021532 0.00819265169812 5.07701 4.76179 -6.98253314273 5.29837504417 0.0438584085715
-111.427 33.341 -0.000768384969863 -0.000132932923962 0.00151701220239 -0.00317391016887 3.70411 3.83777 4.29773344296 9.7968148392 -0.344047179682
-110.472 33.2969 0 0 0 0 4 3.94573 0 0 0
-110.036 33.0851 -0.00140719930235 -0.00145952729925 -0.0162576225807 0.00530940546871 5.57652 5.06077 -330.846898407 14.5113467334 -1.20153158782
-109.266 33.2921 -0.00397500892819 -0.00333032547087 0.00788420105691 -0.00499137391065 3.87595 4.2145 -3.56561521412 62.8429547305 -4.58915350247
-108.592 33.1132 -0.00224287291269 -0.00127701161169 -0.00498759089067 0.000540620542408 4.01541 4.56655 14.1883832904 29.665512382 -1.42839104981
-107.671 33.3086 -0.000515407092602 -0.000992787768232 -0.00118026619484 -0.00259257772024 3.38832 3.63023 15.3809575129 6.99088944222 -1.00920444495
-106.964 33.2555 0 0 0 0 3.09439 3.28277 0 0 0
-106.232 33.2621 0.00213701778247 -0.00058127497139 0.0012249648611 -0.00729949612952 3.2781 3.53829 -340.782164973 -27.7451390861 -0.702367384244
-105.365 33.3298 0.00308218948817 0.00104622138552 0.00135518317636 -0.00103616402023 3.86497 4.34877 12.6379877414 -40.0572930152 1.17924589608
-104.717 33.2797 0.00254855279481 0.00125329738068 -0.00690371559792 -0.00259763471724 4.33095 3.44611 -337.269615131 -30.094208706 0.877062736296
-103.98 33.2716 0.00139556951678 -0.000158739563022 0.00487357206271 -0.00548398395197 4.2908 4.00415 0.92480369825 -17.0333418373 0.157246803487
-103.215 33.315 0 0 0 0 5.46769 5.06497 0 0 0
