-114.58 32.5356 0.00489949573387 -0.00246681386006 -0.0101363655947 -0.00940555694443 6.4684 8.17303 19.8060420955 -12.523316215 2.43083127533
-113.767 32.7683 -2.69570942301e-05 -0.00280355964955 -0.00134251292233 0.00521239927902 5.12189 2.04285 -0.71989387167 34.6690144408 -0.849523732106
-112.883 32.7513 -0.00409192798584 -0.000515242357302 0.0023863848316 0.0139298617038 17.3342 3.93035 -180.104305178 -23.0115050059 4.04696142145
-112.228 32.7006 -0.00605310060033 -0.00389583702487 -0.030741253043 -0.0112429451809 6.69866 -nan 60.1110957544 87.213272542 -4.98667176875
-111.704 32.5618 0.0033280605416 0.00151876503716 -0.00313035085514 0.00996898232923 4.29982 -nan -9.99503102144 -26.5196283047 3.5263773444
-110.739 32.5716 0.00136672884862 -0.000350404915348 0.029797165686 -0.0465466018057 1.64368 1.64335 33.1173577954 -11.5712101394 0.54543598362
-109.97 32.6399 -0.000701092206687 0.00350762420782 -0.0368844321464 0.0376227605879 4.26355 3.24879 -95.083941475 -21.1683639768 -3.56853314235
-109.303 32.7663 0.000297099905214 0.00182234329435 0.0283257117897 -0.00934874558113 2.66329 2.53874 1.81364823686 -23.8741231193 0.976810113585
-108.633 32.5466 -8.49589123705e-05 -0.00252219035239 0.133339004065 0.038891887691 1.23469 1.23309 -26.2527148743 33.4686640019 0.136362721005
-112.812 31.9559 -0.0116585067549 0.00581695456873 -0.0306760472794 0.0392865932066 26.2756 -nan -219.962601486 126.827400799 12.986940683
-111.457 32.0022 -0.000119018953864 -0.00580386953737 0.0378548079196 0.0013995207543 2.62003 2.90352 -5.74857412126 74.5506074024 -1.4445715005
-110.816 31.7748 -0.000860773163136 -0.00119624718078 -0.0685927526961 -0.0064106639825 8.27377 10.7554 -261.256923675 2.60343914564 -0.651075085164
-110.046 31.9737 0.000785962522358 0.00201682647864 -0.0670297799911 -0.0389153153931 4.47125 7.17926 -282.142607315 -6.70097761914 1.89171228832
-109.259 31.9989 0.00200647753103 -0.000293782378529 -0.0284562947171 -0.0128815747469 5.23122 7.58819 28.9437551078 -17.7677601949 1.08169296306
-109.991 31.439 -0.00180451748669 -0.00122509724449 -0.0233506487059 0.0289268528678 26.4777 -nan -33.2647910482 10.1917524303 -1.4664745873
-109.281 31.3757 0.00476150735698 -0.00238437470453 0.0030909866259 0.016104885025 3.80333 4.49968 -17.180101008 28.5061451822 4.63203314858
-122.707 48.7197 -0.00104046940478 0.00105617151278 -0.0076590234128 -0.0204471691845 4.21496 5.07228 26.2142670646 -0.716449412065 -0.0393695363519
-122.085 48.9983 0.00245617321908 0.00337110438846 -0.0281160737702 -0.038204373622 3.75094 4.90882 46.4879593606 -43.0587703418 4.10801287898
-121.48 49.0983 -0.00697561514873 0.00783991122403 0.0215015139724 -0.0375657821217 2.87646 3.31087 21.5307777685 -18.9912525358 -0.405134094891
-119.272 48.9534 -0.00111835052469 0.00156781917494 0.0498026531396 -0.0112129148089 2.02705 2.56347 -6.20168980592 -15.002836391 -0.722250821194
-118.585 48.9752 0.00561126650865 0.000273265363701 0.044723722789 -0.00143050613544 2.77185 3.87141 -3.67074817481 -22.1936032112 5.45605090615
-117.559 48.9813 -0.000197618100733 0.00319152500301 -0.101585636138 -0.0207343238517 3.44366 3.62961 -241.316835185 30.735538803 2.2118144859
-116.363 48.958 0.00414470733222 0.00198703494757 0.065348393647 0.00957598697892 1.68613 1.67129 -18.0398888844 -27.4446848152 4.27449229642
-115.653 48.9339 0.000841708940942 3.14861980348e-05 0.0114855019059 -0.00523328129151 2.73871 2.55569 -4.77486415193 -3.49676085169 0.81066242553
-113.422 48.9725 -0.00279649948968 0.00378778401236 -0.00514438610221 0.0271690070646 4.28986 -nan -22.7077129378 -45.314310713 -2.67192961974
-112.733 48.9777 0.00512276136984 0.00236717331701 0.025313234146 -0.00231406853234 2.20038 2.3397 -14.3054919202 -40.494287748 5.47693113072
-111.597 48.9482 -0.00380486968352 0.00165592359205 0.00778515017289 0.0218099040441 3.63848 3.13216 -20.4887981352 -15.7773020761 -3.62363240675
-110.699 48.9448 -0.0013620833315 0.00052692549857 0.0224429751555 -0.0401837335054 2.27814 2.22306 10.8493506971 5.19512812456 -0.754209924726
-109.846 48.9198 0.00154124771397 0.00101303699648 0.0136676383988 0.0103031416078 3.17902 2.89214 -15.9472619414 -16.3084317114 1.7146528447
-123.504 48.0575 0.000329478971435 -0.000508150086387 -0.017672466602 0.0702333355972 3.2674 3.70954 -80.766004576 5.9737678551 0.60017553241
-122.096 48.2641 0.00427597667497 -0.00117627724533 -0.0165405667828 0.02331440302 6.93585 8.16782 -36.6303687209 29.6057149384 4.42378452577
-121.484 48.5183 0.00146447411358 -0.000590584104197 0.00776433909052 0.0278501852069 4.42546 5.48061 -27.4744679755 9.72635654432 1.54311146266
-120.12 48.4607 -0.00184883764001 0.00211766748408 -0.0654430452495 0.0304383829597 23.2076 -nan -155.472096364 3.18775755297 -0.110522933187
-119.333 48.3584 -0.000674300322497 -0.0102321532427 -0.21164762022 0.0626391487757 1.8436 1.99347 -177.230962339 -115.622352635 4.49462865303
-118.149 48.4226 0.00477225840836 0.000296260085041 0.0184645716166 -0.0223126078468 3.31246 4.45095 28.5575255468 -45.4257029233 3.35450175689
-117.225 48.2995 0.000685467360194 -0.00131419854761 -0.0557882437678 0.0108860080697 11.2249 5.56456 -152.759027817 -4.33055224755 0.527775616328
-114.468 48.3739 -0.0023157147889 -0.00563960219569 -0.0346265388607 -0.0122461047161 4.59103 3.81115 11.836926218 72.5978355592 -5.14996403782
-113.273 48.3609 -0.00136293324671 -0.00181235578238 0.0240041937355 0.0126736208842 3.2018 3.17672 -31.0357554094 20.2393871549 -1.14741188838
-112.562 48.3129 -0.00216247019145 0.00209897104367 -0.0460538698805 0.00983820852108 4.47526 7.27499 -169.757853924 5.71182342187 0.550925042739
-111.707 48.4128 -0.00287640364793 0.00237841452194 -0.0379023598282 0.168166605697 1.36182 1.40437 -114.035469921 -36.595553894 -2.46810554585
-110.799 48.2921 0.0018419266629 0.0052740412709 -0.0421980518882 0.0499561735175 9.58094 -nan -87.7271882531 -11.6273421568 -3.73005587888
-109.777 48.3943 0.00365923252263 0.00723283546393 -0.0164141563801 -0.00414077758015 6.66749 27.398 2.34976405568 -101.448977277 6.77476571328
-124.566 47.9475 -0.00143659445743 0.000938737940796 -0.000411756351315 0.00422352475824 4.17491 4.51983 -0.737744187627 -6.35142433665 -1.15716067276
-122.972 47.7172 0.00727998587873 0.00412749863005 0.0145522651659 0.0297765632263 7.27088 -nan -61.4058322559 26.0274825991 2.22438169392
-121.689 47.6947 0.00167124417066 0.000517124927914 -0.0289119271611 -0.0363090661588 4.68506 4.01683 69.5524923148 -19.9236178972 0.605816494147
-120.894 47.923 -0.00234513940585 6.71587972188e-05 0.0255963228289 0.00630841891221 4.65346 6.19865 -9.5777811777 3.30360870585 -2.3094662116
-120.061 47.6902 0.00286474584923 -0.000924547218145 -0.0305000287244 0.0823211981958 7.05492 10.064 -90.3153875103 35.7005378737 1.7799512182
-119.045 47.7849 -0.000543562642229 0.0039732529511 -0.0479313757187 -0.0805958600783 3.33865 3.55986 -267.392575777 23.8606553691 3.88530718943
-118.274 47.8006 0.0036638758306 -0.00247787571692 -0.0123124193003 0.0299181852402 3.83854 4.26247 -86.7075301436 52.0898667348 3.73106882373
-117.308 47.8192 0.00655163652744 0.00376605575307 -0.0240639490083 0.0769354123722 3.63369 3.45235 -54.8513364 6.37047554888 3.33704481497
-115.475 47.7092 0.00704979494516 0.0030321876704 0.0458480562571 0.0214746726974 2.04648 2.09546 -19.2469517642 -41.6353171719 7.20691619691
-114.574 47.6795 0.00214935603572 0.00108979010994 -0.00899401872784 0.0119429005605 5.90727 4.76479 -6.70513197476 -20.2532664434 2.37003436549
-113.747 47.7687 -0.00114573789742 0.00133318100726 -0.0458118099554 0.0272337289672 29.2448 12.6847 -159.394097201 1.82140438971 -0.116962362148
-112.607 47.775 -0.00504882247366 -0.00190881104221 0.0477272931856 0.030853555992 2.85668 3.0616 -23.875698362 24.6803150071 -5.08054985811
-111.746 47.8012 -0.00154584664358 -0.00292560232078 0.0692867485973 0.00624817968563 2.15307 2.28383 -6.51827997153 40.6541899344 -2.41705872569
-110.763 47.6327 0.00332432731488 0.00212246087671 0.0429205759642 -0.0254516813094 2.22368 2.31629 -0.291799507594 -42.1206611426 3.91896106233
-123.771 47.1161 -0.00455716978656 -0.00392779725794 -0.0430769666283 -0.0458347947007 4.58532 -nan 65.1838222957 59.5410952274 -4.60723963481
-122.803 47.1109 0.00222456790699 -0.000122161739802 -0.0158860548167 0.00643106187532 5.64738 -nan -1.78420828709 -5.15416135879 2.12235835472
-120.844 47.1935 -0.00317811002299 -0.0039429729375 -0.0149422513536 0.0126849510536 6.06534 6.3145 -2.0591736314 55.1032304967 -4.13442884248
-119.973 47.1936 -0.00919162772578 0.0015196921281 0.00225340764314 -0.0312230417239 30.9262 -nan -26.0624570529 -32.0814915263 -9.31111026563
-118.921 47.0573 -0.00518144315175 -0.00468170150519 0.0398765208569 -0.0683704733581 1.93532 2.77973 16.6697207321 81.7792261315 -6.94471078729
-118.309 47.0615 0.00498830287727 0.00245186097989 0.0118573550737 0.0127303714343 3.49369 4.3219 -19.8003498916 -29.5473712999 4.99260230314
-117.276 47.0547 0.00137060409189 5.44567606172e-05 -0.0100326109438 0.00719783983559 6.03015 4.3408 2.75276797765 -7.20301067562 1.27875552192
-116.335 47.0477 -0.0145665945831 0.001015003269 -0.113557365993 -0.020464181654 1.64655 2.05866 -215.259278903 54.073423714 14.3899103303
-114.459 47.0943 0.000260516771963 -0.00494079465123 0.0365471134684 0.0224220408493 2.52952 3.16009 -18.091253346 60.1606671942 -0.168309668675
-113.506 47.0816 0.000309807582193 -0.0044001046244 -0.0768300421896 -0.132816888101 1.63867 1.69097 -287.238803691 -10.0513671974 -4.40652066648
-112.52 47.0418 -0.00138992535561 0.0032577739681 0.00661983395605 -0.0148392950474 3.9987 4.10671 -0.0141614364368 -29.5650995716 0.095272839515
-111.549 47.0308 0.00745266427213 0.0105497353454 0.0233622697334 -0.109979439475 1.73165 2.07516 21.775862676 -157.698901637 12.805925454
-110.687 47.1523 0.00270787959341 0.00108557150309 0.0142364255523 0.0117506177722 3.44497 3.60183 -13.0262454649 -21.017222769 2.88448349821
-109.802 47.1961 0.00113364091419 0.000822439626613 -0.0146541774932 -0.0051138350226 5.09634 4.47685 4.54636734357 -16.299992205 1.39647203332
-123.563 46.5459 -0.00277500516868 -0.00421407672762 0.0113476413536 0.0556302635506 2.3155 2.57749 -57.5847666367 14.8734872936 0.75499165583
-122.72 46.5934 0.0102704136446 -0.00077721182071 -0.141382825089 0.107583984219 1.37301 1.47195 -161.007228912 61.9911798997 -7.93618843885
-120.979 46.5433 -0.00158821069 0.000309377279143 -0.0212559561314 -0.0169089157887 4.38348 3.3057 21.7532994561 9.09456711344 -1.03134304234
-119.855 46.5585 0.00185806107828 -0.00241176256438 -0.18291355331 0.0284930878798 3.50567 2.99535 -177.883933001 -19.0929383143 -0.889067755558
-119.06 46.4911 -0.00665319337897 -0.00124101007524 0.0685473334135 0.0630688533546 2.42281 2.21335 -41.4289494191 -16.4859233318 -5.68456528995
-118.146 46.5139 0.00360587128105 -0.0035466220554 0.10616463485 0.048538365587 1.7985 1.88833 -33.1790329963 51.5555014422 4.32574501112
-117.11 46.485 -0.00235817772409 0.00547983181061 -0.0616970293844 0.13183650592 2.13174 2.0373 -107.882423847 -31.7871190544 -5.58865280547
-116.209 46.3559 -0.00173063097814 -0.00157396949928 -0.000219429611612 -0.0491455550249 2.8794 2.54836 40.2620397564 27.6700183238 -2.20719642007
-114.188 46.4423 -0.00273855115113 -0.00181365751732 0.135677320294 0.0171989283558 1.32594 1.31536 -24.1553113554 21.7041891761 -2.70328387491
-113.493 46.4162 -0.00192295457176 -0.000590896793319 0.0408489293558 -0.011777233732 2.58276 2.37506 2.15554160906 16.9353939394 -1.98856282283
-112.641 46.4246 0.00769071175725 -0.00285887098709 0.102981563118 0.0148326873578 1.86059 1.76625 -19.3424285594 27.0920735276 7.41267395573
-111.676 46.5336 -0.00635213283308 -0.00736460476409 -0.0734779047614 0.0350731110135 7.88032 -nan -82.1627109125 -16.3994822283 2.7128987435
-110.858 46.462 0.000802887977889 -0.00728792930123 0.0276798825605 -0.0392477959632 2.05378 2.43801 16.0715753008 61.3551064522 -4.27217792154
-109.914 46.5663 0.00489184001663 0.0174855905511 0.00539101791537 0.0441962048445 1.54293 1.73733 -84.2185540523 -66.4128988792 -12.1231915461
-123.559 45.9306 -0.00103252684426 -0.0017526404603 0.0064239575401 -0.00947422549292 3.59677 3.66853 1.83168029165 23.0971081829 -1.50683282966
-120.782 45.7664 -0.00243708798702 0.0074412198988 -0.0163619578048 -0.00303363729655 7.72927 -nan 34.6196875044 -31.3246305246 4.38359569325
-119.928 45.8951 0.00267764456699 0.00267247492142 -0.0361160835495 -0.0164396300535 5.92481 10.6909 54.0669862703 -40.1267376034 3.3591157686
-118.777 45.7971 -0.000222497960258 0.00785221606023 0.0127787088143 -0.0430309177718 2.78476 4.09035 20.2942672249 -71.2105319125 4.81571370051
-117.909 45.7087 -0.00104857765465 0.0075329236443 -0.0514139542809 -0.0195615370446 7.40564 -nan 28.1241333395 -51.6161730471 4.88850408671
-117.228 45.9734 0.00527864796949 0.00164915378452 -0.0234751853553 -0.101490373373 2.30556 2.80206 48.0402613982 -66.8929491315 3.47149300747
-116.155 45.8883 0.000352168694826 -0.000832217551583 0.0258527975858 -7.94690038835e-06 3.18418 3.92249 -5.34526419544 8.59206224577 0.110455192882
-114.332 45.7893 -0.00204830929097 0.000628124394227 0.0456368391566 0.00138697407144 2.59074 3.27639 -10.1812788282 -2.08501869202 -1.86331222265
-113.37 45.8122 0.00114354855864 0.00262052291752 0.104473727925 -0.00126068645771 1.77063 2.21099 -20.6765078841 -33.1871535684 1.27155829632
-112.493 45.8409 0.00211937473056 0.0118384175692 0.0267300812705 -0.00412107299262 2.51896 9.21394 -7.02433369212 -148.866468076 5.52897447192
-111.626 45.7843 0.00190447926333 -0.00165313603468 -0.00932301417238 -0.0162338246076 4.78066 4.46692 20.8074647343 -2.64318106792 0.144586714122
-110.659 45.9054 0.000941545909143 -0.00704463366445 -0.0323289645811 0.0401125665452 25.7233 9.23196 -59.5210983449 80.410676194 4.69321901751
-109.716 45.9046 -0.0044354241594 0.00353195545919 0.0213905620592 -0.104824291345 1.71455 1.99645 45.0026497696 39.1939031144 1.95252572623
-122.478 45.2059 -0.00212154067424 -0.000728170501587 0.0116809010499 -0.00335861764416 3.3602 3.43442 0.100969971491 15.1907809675 -2.24044764959
-121.317 45.2422 -0.000180035546363 0.00338128932133 -0.0675395246623 0.0453591058864 4.98732 -nan -130.029251322 13.7177684188 -3.04125832997
-120.635 45.2357 0.0037045922451 -0.00568357736358 0.0113503875338 -0.0438378832332 2.73082 4.63863 44.2364162118 -6.83088521074 -3.25371706416
-119.669 45.2664 0.00832471285107 -0.00135961293998 -0.0864845701508 -0.0093501493896 1.85294 2.06264 -207.102933184 -31.3840849224 -8.43474986918
-118.96 45.2904 0.000263296985719 -0.00394809146344 -0.0434989124545 0.0167207131847 11.8441 28.342 -18.7105691286 47.4756890186 0.254446520533
-117.78 45.2781 0.000190095661788 -0.0130954034653 0.250190505273 -0.0214438290194 0.636928 0.658015 -18.5713770717 158.562064076 -0.08228065823
-117.12 45.2925 0.00110535601313 -0.00406549377681 0.010766321762 -0.0430767763858 2.7316 2.80054 16.1990016601 31.7589490881 -1.52894675425
-116.268 45.3997 -0.00869727721651 -0.00806641925041 -0.0377596655522 -0.0337672294382 3.68059 6.31442 -279.713185189 84.925303177 -6.20711872813
-114.233 45.0931 -0.00747714616498 -0.0148315916077 0.0503549094557 -0.0244994602249 2.11981 3.38829 5.6345251609 205.592118311 -13.5940726456
-113.46 45.2432 0.00322339927736 -0.0144006560525 0.0472427065626 -0.220636342332 0.821967 0.867747 49.1154856205 16.1270670558 -12.7440609182
-112.489 45.166 -0.00460060796288 -0.0117153187234 -0.04909909234 0.00382799154508 3.55778 -nan 57.2505737477 79.1525639689 -12.2790437294
-111.805 45.2285 -0.00178054943948 0.00325135045584 0.00569294797535 0.0452539962274 4.129 7.16837 -57.344715794 -46.4068744505 -3.25670945105
-110.74 45.3212 -0.000420624936972 0.0029061084415 0.0300032399245 -0.0348009014815 2.52842 2.40789 11.3615446861 -26.1561218481 1.40732916255
-109.563 45.3171 0.00594108477269 -0.00998967370709 0.0407030314892 -0.00220693487706 2.84348 3.77906 -37.4923026755 138.970780325 7.73612780742
-120.335 44.7344 0.000665600783329 -0.00154020055009 -0.000921879616067 -0.0582150673548 2.82099 2.43559 34.0455873141 5.18012436139 -0.794836196902
-119.565 44.5913 -0.00215674644849 -0.00127305557821 -0.00515123745437 0.0911913474052 3.13897 3.19321 -73.7280452786 -12.7194161349 -0.169119939895
-118.67 44.5191 0.00632197570265 0.0105960227502 -0.066736281129 -0.0585846205862 4.08614 -nan 50.0022285775 -117.415202073 12.1642327649
-117.664 44.6653 -0.00505781880205 0.00147616707663 0.0913426272731 0.043427166889 1.4586 1.32519 -27.0113646907 -25.6494108391 -5.20521086484
-116.747 44.589 0.0026204670221 0.00421311054211 -0.031462516161 0.0318521717041 13.4833 8.16809 -52.266818565 -26.7654842006 -0.00312322367324
-116.013 44.7035 0.00113024590796 -0.00330159202476 -0.0386520376769 0.00499263068197 7.80714 4.5678 -266.94818168 -29.1531326196 -3.47573750938
-114.855 44.5494 -0.00106315032566 -0.000110177160232 -0.0026384272568 -0.00324906876494 4.70375 1.51274 8.89862033751 7.88668786053 -0.970084500247
-114.255 44.5642 -0.036990563451 0.00239716334012 -0.0742446550713 0.0102140510823 8.71446 -nan -246.820842317 342.719281071 28.0676003153
-113.367 44.6165 0.00524882531986 -0.00146224117554 -0.0380777689624 0.0132517203281 11.1815 3.21684 23.7764066377 -35.2626645097 2.52339819647
-112.644 44.6173 -0.00848814468549 -0.0170995206685 -0.0784326267355 0.0503717359497 2.15879 2.19924 -222.015311723 -169.695093132 2.67116370848
-111.248 44.7038 0.0065628903348 -0.000176351299871 -0.0299615373463 -0.0240578708845 4.95597 -nan 49.198816536 -78.986606142 1.63470681459
-110.576 44.3951 0.000270470966072 0.00213546705591 -0.0108972157531 0.00267378176277 4.9139 2.61511 5.21116351761 -25.0683144051 1.31661450838
-120.211 43.9437 -0.000422232504624 -0.000635865909771 -0.00823843373797 -0.00162400218942 5.46803 3.35086 5.36232414208 8.98305154328 -0.635805761094
-119.504 44.082 -0.00732475442004 -0.00364594642925 -0.048105288907 -0.0218770009016 5.2807 -nan -259.127019652 55.9211322842 0.350022620336
-118.569 43.9104 -0.000869834592018 0.00102881658283 -0.0183715973117 -0.0803896453876 2.10112 2.22542 52.5527148094 5.96994256249 0.694773682766
-117.741 43.9733 0.00133443591449 0.00148515776431 0.0164774617885 -0.084372017251 1.83905 2.00413 33.7787871206 -23.8286258147 1.98874247008
-116.803 44.086 -0.00162802693918 -0.00322427078292 0.0236263608442 -0.0599465005337 1.83097 1.99366 30.0766087506 40.5445091067 -3.51943462376
-115.133 43.7945 -0.00244296025353 0.0106249502545 -0.00448054327621 -0.00172729537338 3.81365 18.1652 3.88415675672 -106.005850056 2.31940631304
-114.117 43.9146 -0.00512217226394 -0.00183958666235 -0.0230632045996 -0.0185056077329 4.4306 7.49558 44.0306282905 67.5408636798 -3.74792939597
-113.452 43.9286 0.0222638019263 0.0124829575103 0.0205982731953 0.0491850733097 3.01918 -nan -70.1038148297 98.953140679 5.89728239594
-112.485 43.9997 0.000315844821814 0.000211962604806 -0.0102258918437 -0.0775065534116 2.27236 1.83439 44.1211942592 -4.6799284554 0.316058177052
-111.487 43.8756 -0.012149489171 0.00208250077694 -0.0626262878285 -0.0306147303105 2.41522 3.99478 -232.513933513 95.725859573 11.6918194262
-110.576 43.92 0.01887517428 0.0158356349369 0.128082223198 0.310696116682 0.674203 0.735183 -96.2707953297 162.036255374 -8.90107270816
-109.817 43.7013 0.00174674095769 -0.000307080341745 0.00261885814585 0.0068668153631 4.17687 3.57712 -7.70866139085 -3.13119520898 1.56751134016
-120.153 43.2515 -0.00369023500981 0.0159235920082 -0.0152240955328 0.0138423550293 4.77006 -nan -105.513539952 -50.2160816077 -16.0303365185
-119.311 43.3736 0.00409544550892 0.0024448031283 -0.0791469629308 0.0474524469846 4.1632 3.93886 -167.447648602 50.5155149621 -4.76959488892
-118.474 43.358 -0.00248236204676 -0.000595616425403 -0.0143518583583 0.0199253436903 7.86212 9.7976 -5.00614654974 14.1023098917 -2.55281425916
-117.754 43.3471 -0.000624876276926 -0.000904159138703 -0.0172079237409 0.0235755716022 6.47697 -nan -29.2666631116 9.51067128761 -0.456272682039
-116.767 43.4275 0.00976723021693 -0.00209446563835 0.0955492020809 -0.116959170887 1.12155 1.13877 27.0332668967 -70.0179777628 5.13388731609
-115.828 43.4151 -0.00136607112282 -0.00129111971364 -0.0157452307976 -0.0740308202545 1.97962 1.95079 45.7588279344 21.8097688155 -1.72973345306
-115.098 43.25 0.0043747038367 0.00163496127898 -0.0217510985804 0.0247534419366 4.63108 -nan -101.930881166 50.2612520577 -0.910730062752
-114.174 43.3979 0.000542315056211 0.00416477878573 -0.000483525838806 0.0133761650759 5.04711 17.9612 -7.98013889224 -51.9798680986 1.53258753178
-112.433 43.3998 -0.00150873129499 0.00279561448002 -0.00394438784967 -0.106917079097 1.65136 1.75764 45.9465109759 5.33039356155 2.08207310579
-111.612 43.2741 -0.00322101416165 0.00199821453534 -0.17381376134 0.0536398165818 2.25721 2.54146 -187.977722697 13.0729665036 2.54553941024
-110.712 43.3629 0.0036302891582 0.00621224175143 -0.0570927546585 0.0937396618293 4.91681 -nan -163.123740204 89.7175092108 -6.84013926365
-119.247 42.6912 0.00303809298976 -0.000297931019515 0.0107092969383 -0.0256521784137 3.30662 3.71285 18.4543345461 -18.823981636 2.27394341414
-118.486 42.7308 -0.00219460542212 -0.000311591200742 -0.0177517252575 -0.0361345943235 3.40003 4.0031 51.1663722032 26.3164204471 -1.05881609609
-117.725 42.6996 0.0100750563103 -0.00284168468104 -0.0221562621263 0.00330618117052 6.19686 -nan 6.01531072348 -20.472151337 7.93440906806
-116.87 42.7779 -0.00308597195534 -0.0019382301223 -0.00734847488384 -0.01881847964 3.44577 3.64315 23.3354126414 43.2370805444 -3.57922090001
-116.032 42.7713 0.00114793449041 0.00351797157653 0.0178927001593 0.0830038866104 3.48303 4.36168 -34.7788805992 -38.4880600536 0.230290183284
-114.903 42.636 -0.000367667713647 0.000587409710454 -0.0456328341069 -0.0166558754949 6.73579 16.8746 49.6048653289 1.90196453422 0.432962099499
-114.084 42.6493 0.00915952348066 0.00225840842108 -0.116517897746 -0.0672826067424 2.73395 3.89074 -258.847600583 -80.7666515511 -3.07954361859
-113.176 42.5452 -0.00800963855844 -0.00420288864575 0.0221204130359 0.0274594756497 5.18875 8.99375 10.5515718409 99.117529991 -9.00680337192
-112.531 42.6852 0.0136407600235 -0.0153223159725 0.110567004635 0.267030685734 1.02649 1.22938 -72.7251979814 256.181157711 20.5083129351
-111.588 42.8321 0.00244059815347 0.000589182705408 0.0218944362785 0.0380269558004 2.59095 2.6669 -45.2820911729 4.37106469997 2.05569265502
-110.92 42.7507 0.00157275076287 -0.00651295369436 0.0135255431904 -0.0274394380019 2.38898 2.49942 21.7772306327 43.0597572247 -3.60258770717
-110.042 42.6372 -0.000315702402219 0.0112529180433 -0.00385051359257 0.0149090340737 9.46138 -nan -34.3437869019 -142.784331609 -2.13928598719
-108.847 42.8247 0.00347774150893 0.00486902251431 -0.0508768025547 -0.0319142197314 3.34396 3.95415 -279.725074502 -25.3395114182 3.69394815254
-108.342 42.6579 0.00379498161592 0.00252467542406 0.00200113165541 -0.00579622532736 4.0904 4.56381 18.173478565 -57.6711664242 4.47502368406
-119.34 42.0187 0.002057423388 -0.00460711320055 0.0318770531198 -0.0443045061903 2.16165 2.24636 13.7472146955 34.7759932753 -0.631412319788
-118.344 42.1901 0.00230765834508 0.000722415667028 0.0226207138522 0.0367845391765 3.15989 2.87111 -33.3821410578 -1.18637851541 2.04035167943
-117.667 42.0192 -0.0063868588941 -0.00306788577291 -0.0490964809053 0.0468198538954 8.31957 4.52787 -106.245427932 -76.4767480781 2.78471800145
-116.471 42.0773 -0.00271903341549 -0.00426366237605 0.027993324106 0.0207499798164 3.13366 3.79929 -34.8198201027 42.0140114711 -1.51176932841
-115.754 42.1669 -0.000264238372521 -0.00103613594716 0.18506172581 0.00273089396395 0.743078 0.747057 -16.4691606078 13.0236719393 -0.332341096235
-115.016 42.146 0.00118488316899 -0.00560149538741 0.023729348196 0.0309253744975 2.42741 3.06289 -28.539130981 71.0595840972 1.92539341084
-113.944 42.0886 -0.00303046898286 -0.0063066576878 0.200436812528 -0.121848481177 0.774344 0.785034 4.44180550507 87.6697356731 -5.49499309564
-113.24 42.0343 0.000531392492496 0.000568645046902 0.0791337222022 0.00875430387195 1.93989 1.90223 -21.0334766362 -7.28907472163 0.542625328342
-112.386 42.0041 0.00343942913689 0.00748704551873 0.146579116486 -0.221484219125 0.782224 0.784693 16.4368322155 -100.88186435 7.40225751867
-111.432 42.0149 0.0153841640266 0.00180377997285 0.0378421675379 -0.0659094972032 1.24903 1.23088 -0.684098817117 -97.3843029491 14.8719071612
-110.873 42.0995 -0.00185060485494 0.000296270900251 0.00199076111689 -0.0249127034019 2.97551 2.51767 13.2088124233 11.305183392 -1.29257479974
-110.036 41.9243 0.00448612017059 0.00154706693432 -0.0203132417516 -0.0035445954501 6.10103 -nan 11.3021817172 -49.9041852126 4.53875871881
-109.357 42.1012 0.00222172144452 0.00203499538675 0.0115021437161 -0.0322254776222 2.84393 2.99991 18.0389803704 -38.6943251234 3.01249437647
-108.34 42.0073 -0.000871416709805 0.000210490595341 -0.0401006469824 -0.0592579573406 2.83072 3.11122 -295.666169513 11.312558074 0.217477345099
-107.369 41.9641 0.00469411584181 0.0102150106694 -0.0824392722503 0.0399438867356 4.23833 -nan -206.473933292 133.58083777 -4.77296710414
-106.434 42.031 0.000115995225156 0.00450948685993 0.00991994661393 -0.0454268255317 2.98603 3.13302 23.1904628996 -38.4027969717 3.57409412821
-119.171 41.3884 -7.42933353314e-05 -0.00212938583734 -0.0281220679453 -0.0187172851102 8.89616 6.15712 11.3487930208 23.1069286601 -1.09004204665
-117.45 41.423 0.0116884657179 0.00271837903632 0.00694917389138 -0.0458271900027 3.85008 7.46016 -285.171469082 -141.226203651 1.99096099393
-116.54 41.522 -0.001069469273 0.00121242140061 -0.0229908073708 0.0482960986741 4.67548 3.15716 -74.3082129408 -19.4191382171 -1.60697564249
-115.791 41.4311 -0.00483591727277 -0.00026278535312 -0.201429994031 0.0173289184688 2.17163 2.21943 -210.192833564 7.44443933633 4.71248904568
-114.915 41.4157 -0.00582121968129 0.00820117163396 0.0599561154216 0.0292228329262 1.92484 2.27004 -52.9621503352 -125.356629539 -9.30471323562
-114.165 41.3602 0.000881795786342 -0.000593427936771 -0.0114496441493 0.00530264530668 4.96283 4.07791 -3.3398425217 3.69486958853 0.657459273316
-113.347 41.503 0.00672779132498 0.00594507886209 0.0101370707375 0.00100246720413 4.57598 5.21544 -15.5883983497 -83.750656719 7.33887326937
-112.448 41.4632 -0.00215450270898 -0.00424818658942 -0.0338120683796 -0.0495071176112 3.15826 3.69767 49.7224460185 42.3804412302 -4.70222406287
-110.666 41.4729 -0.00499183383682 0.000457333837657 -0.0851339912135 -0.00347758147898 4.89202 4.94466 -243.246041579 44.9905766133 4.15475019569
-110.067 41.4272 0.000263747929601 0.000645788919881 0.0110222553305 0.0178621735749 3.59825 13.9818 -15.5383419183 -8.72683838052 0.360645817232
-109.157 41.5047 -0.000471778916943 0.00235722807138 -0.0439605288655 0.0105087217875 10.5912 -nan 22.6597039034 -15.9016929877 1.43229882604
-108.187 41.4906 0.0021338942691 -0.000801167192891 -0.0083039482857 0.0318606984755 8.51286 19.8285 -85.3720658146 29.1614874651 1.77703364724
-107.364 41.6067 -0.00241786445191 0.00218731515257 -0.0126470206514 -0.0316091105127 3.86543 -nan 46.1308592734 21.7570962333 1.37909645877
-106.596 41.4033 0.00144733860833 0.00259504389671 0.0136815178138 -0.0258261363543 2.74697 3.25161 15.1855187386 -37.9231143803 2.82015403013
-119.835 40.7484 -0.0025738704119 0.00249201501843 3.06378271935e-06 0.0350995382904 3.95927 4.61263 -28.799647311 -36.044900712 -3.03815392859
-118.971 40.7797 -0.00187354420218 0.00220158452954 -0.180925076201 0.0379708044964 1.97714 1.9466 -174.546686382 15.8711153638 0.873074122621
-118.134 40.7811 -0.000851834206131 0.00279850981702 -0.0314160557259 0.0204939737597 5.95181 3.57492 -18.8612290959 -34.4402538232 -0.894725207563
-117.524 40.852 -0.000673365207694 -0.00294685400209 0.0368840319118 0.0140406883431 2.78195 2.71456 -17.4207925766 36.3815777638 -0.726546721012
-116.508 40.7186 -0.000397886113688 0.00191581125552 0.0454737945575 0.0424600791781 2.54038 2.39309 -24.5742895772 -24.0823119785 -0.5767172074
-115.736 40.8167 -0.00249595087742 -0.00158934759883 0.00289146334648 -0.0670986898809 1.55401 1.56878 35.0163818729 36.7709576112 -2.73752535832
-115.039 40.8522 0.00176591140139 2.32479622602e-05 0.0355814990299 0.032505289479 2.48015 2.70554 -23.8772919581 1.07832551464 1.76107111742
-114.204 40.8556 0.00256087748279 0.00919921500865 -0.0282274555989 0.0121834473158 7.77393 -nan -56.8329771455 -74.7783295326 -3.31552486859
-113.187 40.8513 0.00387441474234 0.000517339971225 0.0201998776558 0.0289855328633 7.75641 8.88968 -49.0916526486 16.6899305948 3.20369349892
-112.52 40.8903 -0.00106378862313 -0.000350944642801 -0.0886289475327 0.032929254009 5.43584 3.52888 -196.876527642 -5.70442299787 1.09209635501
-111.437 40.8869 -0.00368373342461 -0.000101137708208 -0.0117595479443 -0.0106015631439 4.40796 -nan 13.6266453706 29.193655946 -3.01198354903
-110.834 40.9425 0.00108355775711 -0.00197548825338 0.00779592402588 0.0292887457068 3.51317 3.76294 -35.7291687981 27.6721765982 1.47358864116
-109.673 40.9763 0.00514579054914 -0.0068264269268 -0.0411219912652 0.0282543580929 40.7982 -nan -286.823548266 -77.6874028221 -7.45802122732
-109.177 40.8936 -0.00753720950508 -0.00401208920812 0.00415839835835 0.0359073230256 7.56424 2.50788 -26.65550585 48.9998284756 -7.41357450398
-108.263 40.8338 0.00348083546658 0.00670528827296 -0.0319656829446 0.024974400187 6.49918 8.88463 -142.551597513 79.911964293 -7.55460361893
-107.52 40.76 -0.000590990499404 -0.000158220113924 -0.028954806441 0.0202397547097 11.1496 5.31197 -148.423009836 -7.64457354435 0.448729834681
-106.454 40.8023 0.00163046574413 -0.000978311798078 0.0150636401084 0.0447156151756 3.59866 3.66141 -43.5303039733 18.4035622534 1.84026560743
-119.827 40.165 -0.000753499292591 -0.00193665825881 -0.0642279768452 0.0982150080734 2.54897 2.845 -110.827272206 -10.8743955019 1.98756853719
-118.877 40.1614 -0.00159114551617 0.0026854206812 0.0201894315925 -0.0290587232381 4.59228 -nan 4.31781119537 -23.3685826918 -0.493970772397
-118.155 40.2903 0.00307697070353 0.00775731421269 0.0231264012082 0.0315113239487 2.98612 4.63761 -24.8952298207 -89.7555522416 2.09438741556
-117.19 40.1697 0.00173343343331 -0.00291442994493 -0.00330161315451 0.00297710831652 5.15054 5.46611 -28.3975008265 39.1424459836 2.21047011405
-116.5 40.2917 -0.00308975853933 0.000575217715319 -0.0700896953923 0.00991826796234 24.7276 -nan -270.400850075 38.5835606813 1.53126246862
-115.657 40.1313 0.000482724108239 0.00198834019421 0.0166524585572 0.0246147903336 4.46561 4.78402 -18.299442755 -24.9287316343 0.527039132912
-114.745 40.2679 0.000708193335501 0.000805580848071 -0.0209046785534 -0.0961818302384 2.38707 2.48695 54.674065567 -11.1943355618 0.961499414448
-113.981 40.1314 0.000853646096058 0.000739887203456 -0.0370273102582 -0.00762415615778 12.6308 -nan 51.8362376686 -13.0507522572 0.960494125949
-112.469 40.2807 -0.000738045030046 0.00206365017524 -0.0561997549134 -0.0334265352024 3.75404 3.81055 -291.50933863 9.641297907 2.0706856025
-111.502 40.2067 0.000947145576477 -0.00546715412413 0.0658955680679 -0.00506222982291 1.94471 1.97958 -13.0154092071 66.9043047217 0.00580487038189
-110.738 40.1948 -0.00407564612775 0.00151395496447 0.0823758725054 0.0294316672337 1.65154 1.67288 -32.3276960645 -27.3844398299 -4.26153314363
-110.008 40.2655 0.00199287056461 0.000170660500394 -0.00964493137395 0.0031050402935 5.27787 6.01114 6.25625660881 -14.8661227383 1.80755757434
-109.124 40.2982 -0.0022849749058 0.00301614483681 0.0704466529634 0.00807391989418 1.72386 1.74469 -16.7622648739 -34.6713605876 -1.84587000661
-108.242 40.1348 -0.000847697067007 0.0064207010012 0.0431250182868 -0.144008964707 1.60677 1.69515 17.5280734609 -53.8990330447 3.74761744612
-107.47 40.2149 -0.000804552548472 0.00288618825181 -0.0146409944677 -0.0163876671423 4.73823 4.12784 -5.88805639976 -31.8989366439 0.237824732407
-119.898 39.6785 -0.00182100890043 0.000540439658999 -0.00146589650592 -0.0361574288495 4.20627 4.22069 14.1925425314 5.57654915006 -1.29426636898
-118.889 39.5399 0.00752191467485 -0.0110899989437 -0.0292980400076 -0.0200517749254 4.35721 -nan -182.2901956 -107.83845672 -4.45936788477
-118.08 39.6946 -0.00125396988997 -0.00446820538651 0.0102460532651 -0.00311731574804 3.29969 5.92575 1.93699519034 56.9154551358 -2.67845835788
-117.14 39.5516 -0.00523457946105 0.00125774827256 0.0203057604202 0.0475255812759 2.37436 2.43999 -55.0740540505 -51.267775436 -4.94468795098
-116.464 39.6202 0.0024678673385 -0.00352072800197 -0.0354469481161 0.0241283864077 49.6466 -nan -28.4552019016 48.2795895298 3.02404162741
-115.754 39.553 0.00297148797227 -0.00137746908244 -0.00986973204556 0.010139297933 4.47762 5.8134 -5.59963058752 7.93257033653 2.56119502698
-114.908 39.4731 0.00706757834846 0.00229387625276 0.0309741173721 -0.0500513365661 2.26644 2.41234 16.3792519535 -75.7242407953 7.05554402347
-114.016 39.455 -0.00305885480075 -5.84678380791e-05 -0.0278736651299 -0.0164734935487 6.19029 -nan 24.4750920231 27.8498122921 -2.20364698189
-113.069 39.5906 0.00340040348403 -0.00134369997723 0.073899441838 -0.0515102113526 1.5875 1.64441 6.96051788388 -5.42826730642 2.35818886289
-112.279 39.5708 0.00271527644587 -0.00341182447445 -0.00263321662605 0.0181923457652 3.07174 2.99212 -26.7424036041 46.3178794703 2.99309685881
-111.66 39.6092 0.000368061897789 0.00241678933673 0.015486230465 0.00505969731315 3.33367 2.83223 -12.471353333 -31.3149134518 0.779377561835
-110.74 39.473 0.00374192007369 0.0017583324018 -0.00953733317647 -0.00360087877671 6.20504 -nan 20.761972785 -49.7543583901 3.91734925736
-110.246 39.6279 0.00318006985582 -0.00110602582291 -0.0928528904861 0.0307092783729 4.07373 3.53591 -209.147611232 -18.2589639108 -3.27328498363
-108.981 39.6333 0.000309239226887 -0.00183633323654 0.0528807152041 0.0335423608077 2.34086 2.69816 -32.8877054821 24.2443731401 0.573180365691
-108.391 39.4998 0.000903065377667 -0.00261957981605 -0.0550333676493 -0.0505536448232 3.43739 3.61731 -286.391519371 -16.7611822342 -2.72462674188
-107.449 39.524 -0.00387854029144 -0.00491944050856 0.0214416465622 0.00910567617676 9.36192 -nan -7.13059552589 77.5437996796 -5.24340892169
-118.808 38.9383 0.00204421440559 -0.00147765080493 -0.0520305828304 0.0215333020093 7.39772 5.21579 -165.875771996 -2.63498441401 -0.992311464905
-117.932 38.8606 0.000428225413981 -0.00507020228275 -0.041610715834 -0.0268428448507 4.61943 4.17032 -268.490237356 -25.305276331 -4.93439074589
-117.182 38.834 0.00212831472789 -0.0063452065274 -0.030236776392 0.00951811013962 11.8247 14.852 7.2390100795 59.9241839254 -0.777178182912
-116.4 38.8247 0.00514844663372 -0.0101901845508 -0.00246567474039 0.0102143998938 3.96823 3.8723 -7.91172733352 112.976543953 3.18221267191
-115.654 38.8455 0.00343467621933 0.0023393678809 0.0700253867906 -0.109201662988 1.36956 1.36027 27.7944942283 -51.4118336114 4.05529927546
-114.83 39.04 0.00161133364758 -0.00361766017627 0.00735422989898 0.0112348215605 3.93576 4.51712 -5.9315801148 39.3455099573 0.699478751625
-114.02 38.9551 0.00208460314627 -0.00845242382493 -0.0167798967644 0.105477309083 2.38131 2.46139 -91.4597888401 59.5394529531 8.6723107425
-113.277 38.9882 0.00144166694035 -0.00144670769451 0.00277146676903 -0.0211197267011 3.41187 3.32296 19.5539460976 2.10112571424 0.15822080528
-112.379 38.9995 -0.00221576351138 0.00410718468267 -0.000272724840032 -0.015178926832 3.57921 4.00161 14.0278228569 -26.1830465614 0.590445191033
-111.172 38.9176 -6.29196296295e-06 -0.0194249525518 -0.0295630995098 -0.082256301194 1.03291 1.10819 58.3136660014 40.1334935736 -19.1754675783
-110.133 39.1025 -0.00679110878393 0.00409284989327 -0.0248993342524 -0.0788347017191 2.18968 2.08632 43.2610824438 59.72532369 1.0625973146
-109.263 38.9553 -0.00020782950121 -0.00168540209415 -0.0350202344889 0.0289794441823 12.1819 -nan -29.6501822213 21.5876835405 -0.0402620726281
-108.296 38.9541 0.000575250087265 0.000482308881796 0.128853598629 -0.286252217248 0.757594 0.756567 28.6255786467 -9.82284512975 0.730267724285
-106.91 38.8627 0.0011335230681 0.00280719650583 0.000103748645976 0.010540789094 4.12253 5.07583 -9.6421784243 -39.8178196626 1.87069360779
-119.451 38.5226 -0.00166101728397 -0.00144971797117 -0.0602802787223 0.0430821556508 10.7665 12.0628 -96.5045330867 -17.0026465111 1.14763481493
-118.106 38.3489 -0.00465887019009 -0.00166817881832 0.0257903140863 -0.00240704563553 2.83264 2.80668 -3.34819276547 33.6787245754 -4.92216993903
-117.072 38.2397 0.00307472427298 0.00181432587171 -0.0164454044072 -0.0372541071338 3.64761 3.52218 39.9997323638 -44.3421476513 3.17295459085
-116.302 38.2886 0.00132017765058 0.000767711334504 -0.00697961084166 -0.00791421797634 4.5542 2.82693 14.128625969 -16.947223091 1.52589081257
-115.585 38.3489 -0.00974726077687 -0.00215920753441 0.000719623099779 0.0665198231131 4.03081 4.44633 -87.5640438231 -103.996715703 -1.54155084891
-114.608 38.3281 0.00846367368645 0.00228638521169 -0.0134183535444 -0.00573059603102 4.28794 32.487 46.9265528201 -109.530334596 5.46343483999
-113.969 38.1802 -0.000612972638022 0.00126673691236 -0.0156784831935 -0.0130658236701 5.71894 4.23773 21.0778679797 -6.98913005115 0.371444295892
-113.021 38.2987 -0.00369242320681 0.00113335018923 0.0911974637066 -0.0250223798542 1.72047 1.99475 15.282427534 16.0592022664 -2.31651489584
-112.277 38.2108 0.0241609457839 -0.00495451895442 0.141530768527 -0.0458884361668 0.709468 0.7539 -16.0739854711 34.9289202887 23.6066146039
-111.483 38.2843 -0.000663113351736 0.000182494995207 -0.0133693405428 0.0202545939456 5.10724 2.12245 -22.8970295434 -2.49151379924 -0.666030074071
-110.711 38.4187 -0.00633961737233 -0.00200729220038 -0.00207214052496 0.0328522509975 5.34502 4.59371 -32.8595583155 10.9536738424 -5.88095572435
-109.894 38.3862 0.00501904736383 -0.0115890801433 -0.081779217964 -0.0055844783887 2.60527 2.71396 -249.126975981 -151.769159331 -11.8158633488
-109.261 38.2916 -0.00192685936639 -0.00335047021539 0.0209963040966 -0.0524919840187 2.02842 1.95652 40.2681052783 41.8361602546 -3.85635323663
-108.379 38.1888 -0.00265194764098 0.000948633080977 0.0239586492693 0.00265682645072 3.32176 3.5983 -6.91329776716 -1.47518010512 -2.24698350476
-107.55 38.3685 0.00307638946227 -0.0034297407309 0.0536516688966 -0.00647585381742 2.52272 2.66255 -4.48685820238 28.1052343072 1.67519493568
-106.756 38.2289 0.00317913876394 -0.00261400368109 -0.0148375607829 0.0411972881229 5.98347 9.50969 -44.1617991954 46.2758599524 3.84520586249
-117.225 37.7243 0.000814048918669 -0.00124714824923 -0.064808162156 -0.0707182534433 2.15364 2.28815 -273.227908384 -13.6333577104 -1.40953435959
-116.595 37.923 -0.00170344383363 0.00347978016102 -0.110001293872 -0.0679763234493 2.27935 2.22265 -261.868508687 38.2245789607 3.87434521761
-115.747 37.6444 -0.000799372663905 -0.000990726388022 -0.204137855408 -0.0391533686826 2.7881 2.88982 -184.730389366 -14.4766850054 1.01274897402
-114.849 37.6083 0.00151143969153 -0.00162395005222 -0.0473683729376 -0.0282167993319 4.64382 4.57621 46.9832465465 -9.17023326488 -0.874286506728
-113.86 37.5808 0.00101066329922 -0.00647851768694 -0.00229164533416 -0.0161640701851 1.45073 1.44208 48.327198139 18.6568250191 -5.64007067314
-113.168 37.7601 -0.00149964062337 -0.00147960096055 0.00255059831691 -0.0154178022054 4.94024 8.50905 21.4695464002 26.8461735591 -2.10437841637
-112.363 37.6761 -0.00254900969187 -0.00205929069664 -0.0213513700359 0.029226369831 8.07853 6.8881 -78.96052565 -13.6982207103 0.392174592103
-111.596 37.7222 0.000152141282784 0.0125140243332 0.0188283807065 0.16792103249 1.01893 1.01839 -99.7041133577 -31.3903182341 -12.2131942689
-110.802 37.6354 -0.0012728805628 0.0015166848905 -0.0539946720166 0.0582599649293 3.39732 3.33461 -164.168286511 5.33288756978 0.0690817868062
-109.995 37.6903 0.00140092899737 -0.000134568899805 0.0215093351992 0.00524429693561 3.52645 2.70581 -12.4041581695 -1.57392542268 1.35354860776
-109.137 37.7459 -0.00347273286252 -0.00194101013784 -0.0285277534227 0.0159078184049 9.17804 4.69698 13.3620481188 47.6215008883 -3.94282802876
-115.22 37.2408 0.00742051280701 -0.000799083528799 -0.0888430254575 -0.0394706466669 1.75793 1.81177 -235.839866304 -64.4924789545 -6.40137510608
-114.715 36.7256 -0.000452230078958 0.0048173654318 0.0349301010974 -0.00100801716955 2.68604 3.52491 -7.9923016847 -58.8797292243 0.467517658088
-113.907 37.0195 0.000252665786155 -0.000151785825468 0.00287307553762 -0.0146653793618 3.26881 2.21936 7.51268211045 0.253915418172 0.155712565547
-113.084 37.0615 -0.025093027666 0.00138739947657 0.0771712091131 0.0199694652775 0.901483 0.977677 -18.7180511013 -9.34009253613 -25.0480771764
-112.382 37.0183 0.0085402936138 -0.00116030302958 0.029514365102 0.03175893868 4.52676 19.5685 -51.8664066454 69.591473236 7.90891824218
-111.506 36.9839 5.46423259642e-05 -0.00440521812971 0.0205505261278 0.0156657607156 3.57253 4.29792 -30.8455798117 56.3163134319 0.780931847703
-110.804 36.9969 -0.000729482652979 -0.00450656796662 -0.0393869906838 -0.0477202529516 3.5117 3.93494 -271.87484848 -11.1206847147 -3.98524614661
-109.874 37.1364 -0.00132412368036 0.0106464754421 0.0263201689184 0.0403784445297 2.17132 2.34198 -72.9558616553 -102.123470344 -9.03839785398
-109.025 36.8299 0.00549015432586 0.00263892172895 0.0244812288444 -0.0599387544611 2.01146 2.20155 30.3362570699 -78.6453901785 5.38796376022
-116.33 36.4193 -0.00058101769753 -0.0014633078177 -0.0102745472897 -0.00451094415821 4.92234 4.4478 5.42037336567 19.7537186462 -1.10776902871
-115.383 36.423 -0.0092828899357 -0.0046208987882 -0.00622886724861 0.0197521783302 5.60279 -nan -35.0665002231 22.0654949591 -7.55550664158
-114.539 36.4321 0.00510322846667 0.00244179708128 0.0281706742161 0.0186544162284 2.75479 3.75755 -25.2689219511 -23.6352324867 4.80091651345
-113.965 36.4151 0.00087327759889 0.00272144445878 -0.0277228732423 0.107336386465 2.24161 2.36777 -94.1613922796 1.68576568807 -2.39891389044
-113.18 36.4182 0.00286939657185 0.00387256669312 -0.0673732784825 0.152495888887 2.47016 3.21496 -113.476695631 39.8319551933 -4.04563081516
-111.13 36.1428 -0.000818837713934 0.00118988278613 0.0123970208945 0.0198573473996 4.20355 3.96107 -39.1517232943 -17.9940342335 -1.1452228054
-110.662 36.5996 0.00127804605103 0.000287246432219 0.00912808693153 0.0453066495405 3.77508 3.30635 -32.0943149623 -0.704326214869 1.20608727924
-109.87 36.4199 -0.00479570682554 0.000666609669949 -0.0390496362315 -0.023289589629 8.78826 -nan 44.5438654459 54.3043263826 -1.2727862342
-115.43 35.8384 0.0014352142162 0.00033470367939 -0.03227448661 0.00540855558952 6.73172 4.12691 -213.780061424 -0.854226963862 -1.29042686737
-114.851 35.7266 -0.00231375650846 0.0036195705138 -0.024763906689 -0.0049760529053 8.8868 3.68877 28.8011456384 -9.6889718643 1.08250236811
-113.984 35.8522 -0.0018406057888 0.000518164226895 0.0240017592007 -0.05556052727 2.55106 2.43588 11.1784676943 6.11389114803 -1.32960348429
-113.105 35.6339 0.00234334264291 -0.010953504913 -0.00937360671665 0.0574300878233 1.41457 1.51275 -91.2337260917 72.880572349 11.1345787403
-112.173 35.8191 -0.000128822463913 7.64944614793e-05 -0.00793199690306 -0.0219364742265 3.72583 3.8229 18.5667317267 0.275738011602 -0.0522495712807
-109.933 35.7113 4.81347184948e-05 -0.00176126677234 -0.0230962016657 0.0233890483606 7.87729 4.85587 -20.8085973951 23.08896627 0.0143016501878
-109.046 35.7147 0.00306681424684 0.000654432819611 0.00377317563364 0.056587630944 3.94262 3.00998 -50.2829571765 11.1698881658 2.41078141592
-114.87 35.301 -0.00200466143538 0.0102826880371 -0.0186012588045 -0.0106619536633 4.16245 6.22024 26.8767464426 -74.2995525004 5.86311178212
-113.885 35.099 0.000868545213164 0.0108150235829 0.0955907383573 0.174251292065 1.21782 1.22513 -54.3056413894 -106.260180718 -5.57706064878
-113.083 35.2127 -0.00173529278788 -0.00141316972455 0.0050942495726 0.0330308893101 3.23358 2.11742 -40.36959559 8.98895086845 -1.11446123634
-112.267 35.1787 -0.00112292641557 0.000230650490915 0.0968635801368 -0.021644664198 1.38109 1.40423 1.44317185823 2.5238249898 -0.961335388051
-111.532 35.0951 0.00646898278558 -0.000142418498728 -0.0210727582239 0.0241543490994 16.6295 -nan -115.429930159 83.6716790559 -0.420346874173
-110.713 35.0789 -0.0017239711748 0.000100972817703 -0.0263130986574 0.00758178557767 20.3114 5.34857 25.3937851882 15.4235192191 -1.11528430684
-109.736 35.1181 -0.00749195379012 -0.000200987333568 0.00220568552354 -0.0325492227534 3.01871 0.783833 20.5206018008 68.2880231998 -5.67812003794
-109.388 35.1118 -0.105984525977 -0.00721825278192 0.032533048882 0.0731483792103 0.327568 0.462629 -32.2350249408 -154.331138989 -103.022213829
-108.5 35.1259 0.004158253271 0.000324378610416 -0.0146224825611 0.0144247051524 6.71535 -nan -20.3163845588 -6.57628456146 4.16810125531
-107.648 35.117 -0.00204575562429 0.000392959885565 -0.0250263622422 -0.00111643975924 9.31552 -nan 23.7786217985 16.4176807375 -1.10470940603
-106.867 35.0719 0.00174352465942 0.000289648496652 0.00437232420363 -0.0311630160882 3.16759 3.22258 19.6662267711 -18.9158495765 1.46306476242
-113.83 34.5935 8.24238102787e-05 -0.00183345212657 -0.0158030481633 -0.00213666030742 5.30327 -nan 9.25276367282 20.3040821881 -0.783570834421
-112.891 34.4692 -0.00912098448098 0.00505388872451 -0.0324654686499 -0.0160155084659 8.63865 -nan 52.6280533474 91.5519037358 1.95547852739
-112.237 34.4866 -0.00296918876487 -0.000301645231955 -0.00365160294638 0.0133461386051 5.01858 -nan 1.7469932049 17.6971199426 -2.8745158897
-111.441 34.4178 0.00310025258818 0.00360599523192 -0.0190857970902 0.0261656192773 5.85612 -nan -57.8886745441 -12.4802024852 0.247441758205
-109.95 34.5293 -0.00220210056517 -0.00100574925106 -0.0064469898333 0.00646282570377 4.58569 4.76999 -3.52620370191 21.4637124154 -2.40405198573
-109.29 34.4275 -0.00136287170292 0.00600875465818 0.011447630766 0.00205295600646 3.59196 3.74899 -11.659915905 -75.0935836044 -0.290262634037
-108.498 34.5421 -0.00131081241023 0.00347834815543 -0.00213738964775 0.00338000244736 4.91058 -nan -17.0432324002 -44.4024740408 -0.981485612539
-107.01 34.5058 0.000979202344363 -0.00324596772611 -0.0171436924427 0.018352313929 6.75923 6.63078 -45.3613165599 45.3068424449 2.11842883923
-114.524 33.7503 -8.06873253867e-05 -0.00580826849495 -0.0923490467065 0.00350655844785 5.62239 20.5867 -232.027277341 -60.841115188 -3.20478743035
-113.829 33.8142 -0.000305195829971 -0.00157401290704 -0.000548763314127 -0.265867359922 1.09439 1.19856 58.2508367001 8.5412346077 -1.60176421643
-113.005 33.9383 0.00511233312164 -0.000747104871158 0.0382955896328 0.00355382728661 2.52724 4.25067 -8.60968676888 -2.261908269 4.8976488049
-112.333 33.9535 -0.00259378297238 -0.000472360047486 -0.0251298712738 -0.0118570572088 6.16583 7.59366 18.5873986013 25.5343972939 -2.33637798641
-111.478 33.8798 0.00365423145422 -0.000368099278677 -0.0163142317747 -0.0151704270296 6.53078 9.44576 53.8359946346 -44.4670926615 0.67023811388
-110.844 33.6953 0.00212680157346 -0.000258789289649 -0.0295366141498 0.0219096351925 31.0996 17.7963 -59.2389377485 20.1975710209 1.81597571192
-109.254 33.9571 0.00214218147233 -0.0159293436046 -0.0276555253565 -0.0876877146442 2.63227 -nan 46.0721220683 54.2013793781 -13.9104040893
-107.674 34.0087 0.000646450732123 0.000726164571887 -0.0248138340681 0.0233661680771 9.43295 9.37007 -45.7164524537 -5.56390215041 0.311254359912
-106.921 34.0739 0.00300173176805 0.00392181057561 -0.0283918259648 0.00758665137643 7.84892 4.80017 -30.3529157896 -47.3758541925 2.49829285643
-113.657 33.1999 -0.000955377150994 -0.0299768380092 -0.00288647271476 -0.0100956348644 4.26178 -nan 28.7850059396 273.259562176 -22.5286524347
-112.946 33.3627 -0.00657386113808 -0.0103834489269 0.0394027966235 0.00359452643841 2.36611 2.88661 -26.2316462884 122.041514354 -5.14368396864
-112.158 33.2893 0.00142058533378 0.00272563227494 -0.0608599956667 0.0152444464005 10.4396 -nan -188.780717233 38.2434441789 -1.88755263045
-111.427 33.341 0.00135346072658 -0.000221973483585 -0.0152184491284 0.0144362881486 5.12233 6.58357 -10.8496101166 0.154561362093 1.30341767099
-110.472 33.2969 0.00318265212925 -0.0017586858895 0.0594495779163 0.0367190076444 2.30916 2.25548 -22.4076891791 24.6772286394 3.2447500144
-110.036 33.0851 -0.000661021080468 -0.00253250886218 0.00880727434726 0.0300180601562 2.96025 2.52474 -48.7108887073 25.3707222014 0.614040678873
-109.266 33.2921 0.00133325588014 -0.00460081100221 -0.00524418965482 -0.00737038980807 3.90878 3.21861 10.7160666786 42.5117482646 -1.29814670464
