-112.228 32.7006 -0.00164292638913 0.00247703867407 0.000900322538616 0.00383197026693 3.71491 3.7144 -4.25199216521 -29.0578347174 -2.47840347009
-111.704 32.5618 -0.0021244592015 0.00166861941073 -0.00112727577011 0.00269252902742 3.74421 3.74834 -7.79094546368 -24.3210315444 -2.64283492691
-110.739 32.5716 -0.00165123690875 0.00324904703745 0.00102469129631 0.00128678611105 3.45826 3.4648 -6.59750689153 -36.6834601279 -2.8492654256
-109.97 32.6399 -0.00160803819194 0.00218092870928 -0.000971822782489 0.000579514237376 3.60608 3.62206 -5.94356587157 -26.7886496289 -2.34240101379
-109.303 32.7663 -0.00111783345853 0.00373758253018 3.966349848e-05 0.000748316750449 3.48671 3.49335 -7.98117372095 -39.3967319995 -2.59771348153
-111.457 32.0022 -0.000880914818184 2.46107090442e-05 -0.000908190948059 -0.000358623569872 3.84416 3.84469 -1.22738376461 -3.16906641992 -0.838619174713
-110.816 31.7748 -0.00177302506399 0.000208540074554 0.000869074124306 -1.35523174436e-05 3.58009 3.58547 -0.377650831399 -7.58047484402 -1.74877473071
-110.046 31.9737 -0.00112522665994 0.00200395582706 0.00122487043899 0.000338330794913 3.46998 3.47941 -2.60239033104 -22.9526367018 -1.74613948563
-109.259 31.9989 -0.000892268479486 0.00196142591351 0.000868920445465 -0.00370849702773 3.67031 3.67587 1.36984025255 -21.7011027569 -1.39106850408
-109.991 31.439 -0.000455706685633 -0.00114278916321 0.00130376660761 0.00206252596413 3.59789 3.5985 -1.34472093021 9.43960501583 -0.062024943198
-109.281 31.3757 -0.00205328687376 -0.000507984962685 0.00552928928623 0.00676390771331 3.21619 3.21849 -4.6210234265 -2.9433035164 -1.71859462198
-122.707 48.7197 -7.28203418897e-05 0.00280102413008 0.00346325365603 -0.000622915012792 3.37637 3.37287 2.64623442019 -25.4727885114 -1.17622420695
-122.085 48.9983 0.00232387893416 0.00197710793443 0.0024463868102 -0.00367322768754 3.49197 3.48573 5.59413840292 -10.50962889 1.51127618995
-121.48 49.0983 0.000817464831554 0.00115392724727 0.0015005369863 -0.00300336455619 3.49975 3.49475 5.64159129926 -8.07887563595 0.387419561566
-120.384 49.048 -0.00147357177178 0.00237466792679 0.00168514332047 0.00182932171161 3.47141 3.48095 0.728496192558 -27.553216119 -2.29815342947
-119.272 48.9534 -0.00460389981698 0.00669104445628 -0.000806908051011 0.00111633111253 3.50632 3.56665 1.62301789607 -79.4827533148 -6.75674115325
-118.585 48.9752 -0.0056845455706 0.00653928651065 0.00068035476971 0.00358880149968 3.38791 3.42456 1.0862448966 -82.4866668705 -7.70551575375
-117.559 48.9813 -0.00474224925007 0.00747073015993 0.0048574477306 -0.00169719012529 3.4316 3.46571 4.04216717342 -87.0251526105 -6.82481189381
-116.363 48.958 0.00546733784526 -0.00225644861216 0.00309018629032 -0.00477374736351 3.40342 3.40591 6.80386360774 36.2822966671 5.85687334262
-115.653 48.9339 0.00129543466753 -0.000758546666835 0.00184336159734 -0.00388218020074 3.38262 3.36884 5.17740257656 11.0742407925 1.45109750617
-114.413 48.933 0.000843158386104 -0.00179218734812 0.000992726085367 -0.00206947768822 3.47563 3.47555 4.48307852497 20.2220672183 1.28581448543
-123.504 48.0575 -0.000920280349036 0.0026982111605 0.00293620821157 -0.000226701549981 3.45164 3.45486 2.25073146457 -27.5516652816 -1.94936307056
-122.096 48.2641 -0.00150954143949 0.00879677182732 0.00201442300175 -3.67665351314e-05 3.31516 3.33643 4.58180326004 -85.9206752944 -4.55120388104
-121.484 48.5183 -0.000495336977526 0.00586762549925 0.000898795148293 -0.00178981051363 3.70601 3.7195 4.30797821769 -55.8688812949 -2.54112912099
-119.333 48.3584 0.00371385989848 -0.0154454534086 0.00210480191097 -0.00328207954568 3.7278 3.79416 4.76276826559 158.276924576 8.46307028109
-118.149 48.4226 0.00337624814544 -0.00953898889492 -0.00367227347912 0.00507684471725 3.66018 3.69787 -5.8898590687 100.830698853 7.51195930593
-117.225 48.2995 0.00136157802689 -0.00436104750721 0.00148304081158 -0.00277409891525 3.61151 3.61634 4.44974880192 46.3526373271 2.60473056739
-116.367 48.4366 0.00144929541318 -0.00246153857169 0.00195846346701 -0.0003642588231 3.47268 3.47357 4.58576046928 28.3194261641 2.09372827859
-115.589 48.4694 0.000480175927117 -0.000228934391522 0.00057364740648 0.0028695011723 3.44459 3.44026 0.533842669458 3.90262184282 0.529626999372
-114.468 48.3739 0.000264098576403 -0.00128533965924 0.0023392397852 -0.000318428193007 3.61517 3.61256 3.19898048811 13.5157371276 0.621065374167
-122.173 37.1311 0.000289190779667 0.00179135072025 0.00170990267299 0.000907956965216 3.61703 3.61305 -0.780314308999 -13.8356752248 -0.513103505899
-124.566 47.9475 0.000237510199155 0.000908124421207 0.00781256101371 0.00266325212328 3.27841 3.28141 0.559248244919 -6.77658346852 -0.19741866143
-122.972 47.7172 -0.00292785907258 0.00188050165628 -0.000970583204808 0.00782976292091 3.26207 3.27741 -11.3119938815 -31.841772855 -3.46783576437
-121.689 47.6947 0.000676976604927 -0.00267412173786 -0.0023401572776 0.0108896944489 3.23995 3.26087 -13.6890309481 24.6003837913 2.20526450283
-120.894 47.923 0.00403471353518 -0.00447273377997 -0.00335957236856 0.00937101783254 3.48175 3.48505 -12.0520414292 59.2374790554 5.90684415555
-120.061 47.6902 0.000963231003217 -0.00402767365325 0.00323188321001 0.0018859282312 3.43869 3.42611 1.13724558049 40.5495722393 2.45072056252
-119.045 47.7849 0.00119114000446 -0.00267035036606 -0.00114429922562 0.000650805254207 3.75594 3.73637 1.36658074866 29.2140347189 2.09953714515
-118.274 47.8006 -0.00025294053025 -0.00377876668031 -0.000293445080403 -0.00178374680792 3.70501 3.68562 3.93814522289 35.1622875164 0.972755028529
-117.308 47.8192 -0.000423225905579 -0.00162600510123 0.000870505085493 0.000605179564619 3.57282 3.56062 4.40534036988 14.4007570695 0.0862972148765
-114.574 47.6795 -0.000150454685933 -0.000301043795683 0.00212214011676 0.00210352381632 3.42528 3.42247 6.15894724226 2.64374321468 -0.0743768573176
-113.747 47.7687 -0.000486908995363 0.000245764480494 0.00482285566768 0.00207213374059 3.42213 3.42026 4.71007345263 -3.74072089701 -0.533200045009
-123.771 47.1161 0.00181246560229 -0.00701706000821 -0.00160768531393 0.00329778654449 3.57369 3.58543 -4.48123356893 66.9407273438 5.18492368147
-122.803 47.1109 0.000278558017243 -0.00359514272895 0.000234395757988 0.000594656284886 3.53236 3.54103 -0.82233940525 32.3740943802 1.87032385856
-121.989 47.1881 -0.000357827599811 -0.00393682979589 -0.00073012841576 -0.000501227498263 3.38785 3.39244 0.952981186844 33.5678322582 1.30280057811
-120.844 47.1935 0.00107057629608 -0.00146306959393 0.00189023606372 -0.00440914782787 3.44085 3.43542 5.23678801864 17.0834609519 1.49405197948
-119.973 47.1936 0.000223779349706 -0.000130213111325 0.00106996111499 -0.00286244859904 3.55217 3.53665 5.37887655702 1.92764441418 0.253550893105
-118.921 47.0573 0.00111627705729 4.13214267711e-05 -0.000794963995348 -0.00162432398601 3.67512 3.67051 5.47152280233 2.98430350423 1.05117166918
-118.309 47.0615 0.00015409223079 0.000793484823597 0.000375201000248 -0.00103469778346 3.69204 3.68088 5.29663664884 -7.12529369584 -0.0899960490449
-117.276 47.0547 -0.00132759165827 0.0020592646831 -0.00128282763153 -0.00189022041223 3.80154 3.7946 4.79360834335 -23.8042565653 -1.87532894325
-116.335 47.0477 -0.00197807651502 0.000938174140414 0.00191820090817 7.33766070542e-05 3.50473 3.49763 4.86110313354 -14.8091445288 -2.16237985785
-115.353 47.0528 0.0014521689145 -0.000215785790779 0.000811761355763 -0.00375396445186 3.38321 3.38103 10.4159817533 4.78159449078 1.46749321194
-114.459 47.0943 -0.00058020849804 0.000520096641357 0.00242615934061 -0.00335613652387 3.64278 3.6391 9.75196528383 -6.32049899375 -0.662682665446
-112.52 47.0418 -0.000234226231189 0.00387837528197 0.00897402254345 -0.00758772368756 3.44059 3.4368 8.74871513783 -40.2796349146 -0.88772883797
-123.563 46.5459 1.89383511682e-05 -0.00145909300016 0.000677404760805 0.0002552062257 3.63599 3.62116 -0.648895215015 12.5828169484 0.683295084037
-122.72 46.5934 -0.00160809919479 -0.000187341809263 0.000318020885257 -0.0014624799047 3.47346 3.46034 4.10239499145 -4.10260609253 -1.42346260523
-121.761 46.5605 -0.000153801663203 -0.00163531394189 0.00114525482034 -0.00149430739186 3.30441 3.30156 5.84120912069 14.5534985017 0.396916639617
-120.979 46.5433 -0.000273668262116 -0.00133800772012 0.00165483505036 -0.00151904463488 3.47344 3.47289 4.82510969413 11.4391310457 0.195694979666
-119.855 46.5585 -0.00102586762022 -0.000488548761326 -0.000736506893291 0.000919790201239 3.52482 3.53394 3.76064105871 1.0619919001 -0.796321843315
-119.06 46.4911 0.00100600978795 0.00132838588507 -0.000318795283437 0.000960475771961 3.61718 3.62382 3.44674739737 -9.0432050372 0.497247573552
-118.146 46.5139 -0.00159753004407 0.00112899077227 -8.31133469871e-05 -0.000692640691576 3.71596 3.71506 6.33660419685 -15.3138240315 -1.84933695136
-117.11 46.485 -0.000489420057533 0.00294515859611 0.00194339118472 -0.00394355652805 3.46178 3.47675 8.62871636273 -30.0275235992 -1.1482626643
-116.209 46.3559 0.000773955684296 0.00477767423595 0.00553866867805 -0.00533420327517 3.42299 3.46206 13.6538938958 -46.9961556669 0.142616130678
-114.188 46.4423 -0.000175993461399 -0.00268753669651 0.00223503921793 -0.0060962999227 3.60476 3.61463 17.3918830963 27.5516136813 -0.0666277492569
-113.493 46.4162 -0.00409112174102 -0.00352573432302 0.00286775843841 -0.00809350614975 3.55526 3.57507 20.7772528692 37.5762755705 -4.18500852742
-112.641 46.4246 -0.00474414702774 0.00969762352484 -0.0034126867622 0.0070994225184 3.76785 3.82941 -5.78436538615 -112.221258814 -8.32743170156
-123.559 45.9306 -0.00109545022529 0.000330164290554 0.00178752752981 -0.000373015111627 3.66669 3.66702 2.6953385216 -7.14299265007 -1.13553961674
-122.419 45.9325 -0.000738815938777 8.76365016331e-05 -9.95528194725e-05 0.000405423015333 3.36299 3.36382 5.44317727747 -3.26670070675 -0.723598644401
-121.459 45.8839 -0.000538187315338 6.53845132757e-05 0.00162803404455 0.00114179083306 3.46214 3.45796 4.56811875429 -2.4237915129 -0.527262207484
-120.782 45.7664 -0.000582287063468 -0.000410886665064 -0.000950972669609 0.00311877382743 3.38156 3.38016 4.14302416387 1.79288250909 -0.403436325308
-119.928 45.8951 -0.000776203833127 -0.000510856326718 0.000292240176182 0.00129900761103 3.57754 3.58769 3.55705418247 2.07003686244 -0.550968397741
-118.777 45.7971 -0.000820496297471 -0.00314236677012 -0.00189386425099 0.00220692491239 3.51098 3.52919 9.67165212829 28.485226114 -0.0734158965244
-117.909 45.7087 0.00190859127948 -0.000865240029741 0.00305113688344 -0.000374069620285 3.36333 3.37473 10.7771362759 12.3037644565 2.04367734731
-117.228 45.9734 -0.000542798974176 -0.00392338775051 0.000959209785532 -0.00394233811316 3.61752 3.6399 16.5379128808 38.7464067078 -0.173715913191
-116.155 45.8883 0.00182824903742 -0.00881590462134 -0.0024224982632 0.00325669166533 3.54853 3.58376 10.6652917718 91.1270476391 3.40008968633
-115.255 45.7565 0.000668446475482 -0.00338401273558 0.00364658173635 -0.00335788101455 3.46252 3.46696 11.9165796105 35.0924801385 1.16607754169
-114.332 45.7893 0.00107099895137 -0.00597438002439 -0.00179341381051 0.00137632403254 3.3481 3.35126 9.9562026189 62.22866128 2.08140460537
-113.37 45.8122 0.00366320963461 -0.00616379496156 0.00204162671274 -0.000601795764385 3.45089 3.44719 6.52993914964 70.368117767 4.92313287977
-112.493 45.8409 -4.05816495668e-05 -0.00402492458249 -0.000134005582855 -0.00460298935806 3.80505 3.7991 5.76546121701 40.6871980976 0.851149899404
-123.281 45.3153 -0.00127497205141 -0.000423772955001 0.00137035820656 -0.000127945788238 3.67457 3.67552 4.24820849875 -0.81277969867 -1.02334294391
-122.478 45.2059 -0.00138904579214 -0.000987762808932 0.000460260968373 -0.000164968444798 3.35392 3.3601 7.56283184454 4.89139393825 -1.01347906899
-121.317 45.2422 0.000419788831068 -0.000114174728069 0.00136516142095 -0.000933893474762 3.48474 3.49148 7.48190904732 2.27659220933 0.43473915423
-120.635 45.2357 -0.000975652812267 -0.00157100420407 -0.000256386557007 -0.00272453293073 3.60182 3.61017 9.84254617821 12.4793624434 -0.551552841008
-119.669 45.2664 0.000952684966649 -0.00391372206707 0.00115935733251 -0.00035491799206 3.45694 3.46659 11.4940820036 39.6362089318 1.75481443105
-118.96 45.2904 0.000420226885975 -0.00554266767335 -0.000941999029875 -0.00132133148945 3.56624 3.57577 12.1112921064 54.6328359376 1.47222144257
-117.78 45.2781 0.00222739817403 -0.00575508184213 0.000888342445574 0.00317234376789 3.28767 3.30722 10.1446936855 60.832626835 3.38881409177
-117.12 45.2925 0.00400107468444 -0.00407690686797 0.000922961602765 -0.00141603321977 3.47999 3.48754 8.05176854115 49.2679674445 4.85676005268
-116.268 45.3997 0.000955329570266 -0.00609334983421 0.000654863293684 -0.00435029866284 3.64899 3.64225 11.0662231963 62.2545808961 2.01497513517
-114.233 45.0931 0.00102908979121 -0.000948115059973 0.00235858658365 0.000831912926072 3.46823 3.45579 2.11255769711 12.4441213212 1.26852372433
-113.46 45.2432 -0.00139104183859 -0.00167361103628 0.0028352441746 -0.00144022975976 3.41317 3.39824 3.45152298315 12.6794660128 -0.882569392848
-112.489 45.166 -0.00125388108495 0.000173446722355 0.00562826042893 -0.00313765203512 3.41444 3.40212 4.80217246878 -4.84283529381 -1.25909885304
-124 44.6764 0.000556768497779 -0.000126412938812 0.0012381061946 0.00048425419125 3.65853 3.65866 3.93185562758 3.1590344035 0.562249364326
-123.292 44.6765 9.37292899168e-05 -0.00120547524035 0.00223809593421 0.000668661456062 3.43478 3.4371 7.55775804362 11.2013848143 0.474539594947
-122.186 44.6837 -0.00111581277513 -0.00289289219922 -0.000756351175075 -0.000724339312891 3.42229 3.42948 9.30989961587 23.7971534678 -0.269101997681
-121.227 44.6473 0.00156827612273 -0.0048242044179 7.38462113294e-05 0.00216763468986 3.32311 3.33557 10.4112759927 49.1206625891 2.71288334629
-120.335 44.7344 0.00232409443021 -0.00442337241857 0.000380095407916 -0.00130977576901 3.48002 3.48604 11.7352193221 47.085005924 3.21738350132
-119.565 44.5913 0.00133555049655 -0.0047187235769 -0.000613252842464 -0.00174055034454 3.54946 3.55046 10.5594089832 48.1066285219 2.36194651399
-118.67 44.5191 0.000474761433432 -0.00199471648626 0.000947759699545 -0.000732127979544 3.46115 3.45675 6.30359720819 20.2335114442 1.02519531777
-117.664 44.6653 0.00039741967208 -0.0025900100531 0.00240551329254 -0.00566678011438 3.5146 3.50302 10.060964223 26.0611847394 0.933557485318
-116.747 44.589 0.00143274144293 -0.00319026930835 -0.000388772864374 8.50689166301e-05 3.37444 3.36614 6.11719451361 34.6632956056 2.23079002193
-116.013 44.7035 0.00125913293591 -0.000381341071107 0.000123710409467 -0.000241463152049 3.60469 3.59541 3.32284093319 7.53146815781 1.3154576318
-114.855 44.5494 -0.00196337138598 -0.000690740486227 -0.00193917673795 -0.00350411252639 3.63667 3.63418 5.59666862486 1.74463481245 -1.72477438887
-114.255 44.5642 -0.00129372782554 0.00184517500325 0.00531073012837 -0.0019912159023 3.2098 3.21511 8.57987869539 -21.0596413032 -1.62892982984
-121.551 36.3887 -0.000297181815051 0.00260015477665 0.00306953728327 0.00198837180829 3.46596 3.4795 -6.26092191899 -22.2156097707 -1.57959902188
-121.461 40.8161 0.000649897385834 0.000344076790061 0.00407536531491 -0.000775083333267 3.30988 3.31026 0.700763645689 -0.478744503301 0.454042515815
-119.023 36.6801 0.0016284881385 -0.0014523902648 0.00214177988748 0.00867966826304 3.35075 3.35693 -7.65637270614 19.7739950848 2.13992780949
-123.83 44.0035 0.00143737116375 -0.00435008038687 0.00221147111958 -0.00072771548241 3.64554 3.65586 9.40434910757 43.4472189163 2.65662016331
-123.278 43.9726 0.00137976875007 -0.00355293060459 0.000663432971773 -0.0018928450397 3.52501 3.52559 8.61071006135 36.223495997 2.38695661679
-122.411 43.7941 -0.000398097089247 -0.00293334215012 5.19628323244e-05 -0.000125306714034 3.38243 3.38179 7.0141175652 25.4286412946 0.554145841181
-121.268 44.1626 0.00155723914358 -0.00315277422297 0.00267745641838 -0.00335830432925 3.33705 3.33252 9.37511768812 33.415282921 2.3369555934
-120.211 43.9437 0.000961146825139 -0.00133184170111 0.00164377941224 -0.00134053408762 3.42245 3.41608 5.17143541511 15.3061212028 1.33926775381
-119.504 44.082 -0.000625539634998 -0.000906408412791 0.000436734692908 -0.00067697432644 3.50766 3.4948 4.34423759623 6.38288778015 -0.293643738498
-118.569 43.9104 -0.000374792388051 -0.00111299963079 0.000982989917649 -0.00228118013601 3.39512 3.3968 6.4546616635 9.49156572345 -0.0457617921557
-117.741 43.9733 0.000866350055076 -0.000483021060867 0.000412766800036 0.000937343213854 3.41851 3.41151 1.22225940999 7.56374366238 0.981989269597
-116.803 44.086 -0.000591639137363 0.00101078695206 -0.000876724051384 0.00181528281817 3.63109 3.62234 -0.646277510667 -11.5994552923 -0.930334931166
-115.958 43.9121 -0.00122804327004 0.0014951295926 0.00157015405488 0.000520111609462 3.3205 3.34017 2.98357081933 -18.1263906988 -1.63063966354
-114.117 43.9146 0.000943310138718 -0.00279351208832 0.00258140150794 0.000361694261506 3.56541 3.5696 -1.82964733283 30.0305416601 1.90490354397
-123.575 43.3654 0.000321342361868 -0.00246767544907 0.00211552536463 -0.000176054436306 3.52294 3.51386 3.89508818991 22.7668229623 1.23876913882
-122.965 43.3717 -0.00182529533363 -0.0018274504122 -0.000905774681641 -0.000308309744604 3.43585 3.43334 3.93075593399 9.63128665873 -1.00921030701
-122.109 43.2406 -0.000906760788943 -0.00158360980468 0.00159816766007 -0.000124945552427 3.30803 3.30671 4.41113838615 11.0725671376 -0.283020108129
-121.236 43.2843 -9.47775077183e-05 -0.00149165311476 0.0011469167381 0.000267909358839 3.27846 3.27913 3.39755906238 13.0675971327 0.452930956185
-120.153 43.2515 -0.000142667400993 -0.000869348414609 -0.00137651645869 0.000508389077867 3.43699 3.4371 -0.847015466304 7.09112987368 0.234576837455
-119.311 43.3736 0.00059624792926 -0.00273400366317 1.05292512177e-05 -0.000626131850693 3.2544 3.25167 1.77402229027 27.0285545775 1.55916791685
-118.474 43.358 0.00179320432974 -0.00070657797144 -0.000195579724873 0.00328390886983 3.47489 3.46286 -4.10619651389 14.1865513948 1.91898413454
-117.754 43.3471 -0.00208927375261 0.00133831901841 -0.000431401586616 0.00340142135594 3.56399 3.57438 -3.53076879716 -20.9315501112 -2.46342210848
-116.767 43.4275 -0.000482795634471 0.00144451012356 -0.000609631146001 -0.00244367939819 3.32035 3.33527 3.36021820458 -15.1988925544 -0.910192345431
-115.828 43.4151 0.00500323685386 -0.00563219663697 0.000571448846228 -0.00243710860856 3.38764 3.39938 0.938106009331 70.3839879841 6.6276352989
-115.098 43.25 0.00178808992545 -0.00137042590302 -0.000194141159682 0.00154986886 3.49147 3.48019 -3.4220802062 19.9612229089 2.18962531598
-114.174 43.3979 -4.76665232093e-05 -0.00107039574721 0.00170577191099 0.00216145375585 3.45622 3.4504 -6.54601235671 9.54365266011 0.432470558326
-124.469 42.8088 0.00248503195477 -0.00101064920615 0.00154765086322 0.00102967735647 3.42211 3.42017 1.35947333457 18.6081831976 2.67788095168
-123.49 42.7667 0.000994688415766 -0.000729319856828 0.00148253136848 -0.000199343300103 3.46186 3.45636 1.16392820883 10.2236154601 1.20996517722
-121.731 42.6133 0.000368286266161 9.54609516495e-05 0.00149506121337 0.00083430307132 3.27022 3.26979 1.84150674994 0.545000999721 0.301148615649
-120.893 42.7258 0.000961877291579 -0.00142862261905 -0.00154971951577 0.00164321864163 3.39179 3.39266 -1.63790923312 16.4436370812 1.49142691003
-120.251 42.7991 0.00104529426028 -0.00117938932749 0.000640575435925 0.00245020111539 3.32911 3.32717 -1.86035387758 14.7003515073 1.4546522032
-119.247 42.6912 -0.000319653303541 -0.000157616448501 0.00138163066679 0.00241664671998 3.43558 3.42956 -1.82035512744 0.0704834354996 -0.222673528955
-118.486 42.7308 -0.00440742927035 0.00100487956526 0.000205922297294 -8.79032298142e-05 3.48172 3.48892 -0.297152965692 -26.0223949091 -4.44911010693
-117.725 42.6996 7.4310309189e-05 -0.00470278758346 -0.000705066824253 -0.00310019286046 3.17674 3.1892 4.52601898053 44.4731177889 1.50051619689
-116.87 42.7779 0.00511098993915 -0.00444822682735 0.00042960357112 0.00121910705215 3.48672 3.49619 -3.32112560509 61.557463203 6.51089155449
-116.032 42.7713 0.00134749370975 -0.0031177692128 -0.000340665959291 0.0022783771568 3.52863 3.51813 -5.67810490508 33.9354255226 2.60674257672
-114.903 42.636 -0.000736122000173 -0.000318417639247 7.40797619299e-05 0.000835263323746 3.40717 3.39882 -5.52825894831 -0.346196101104 -0.523700708804
-114.084 42.6493 -0.00134623776321 0.000458625036188 0.000240624477471 0.00054540261243 3.48599 3.48107 -4.27459719298 -9.82126633009 -1.41629979457
-113.176 42.5452 -0.00195010115999 0.0010992201856 0.000752439576512 0.00453596228312 3.4941 3.49226 -5.0978241611 -18.4309077364 -2.22953315238
-123.602 42.156 0.000480992646327 0.000347533748658 0.00158601820096 0.00165532040625 3.41005 3.40681 -0.651763171864 -0.868375473725 0.271677073434
-121.891 42.175 2.97139350733e-05 -0.000991489779201 0.000525891867358 -0.000918133624506 3.22771 3.23345 0.499464851604 8.72008920439 0.439173651436
-120.834 42.0472 0.000471410383239 -3.61922788188e-05 -0.000884716001945 0.000182630346915 3.47739 3.47443 -1.2663105088 2.27122026279 0.440797321248
-119.34 42.0187 -0.00113482840795 0.00181326211386 0.00319257214234 0.000802232378165 3.22053 3.22376 -0.867957457644 -20.6066870235 -1.77779494955
-118.344 42.1901 0.00306869808191 -0.00114716918568 0.00159363885927 -0.00124600407182 3.34708 3.35553 2.4411385477 20.9490090224 3.27606474559
-117.667 42.0192 0.0025562782614 -0.0031545430868 -0.00103070752831 0.00194328136327 3.59425 3.58854 -4.63521738816 39.0994892227 3.70416178356
-116.471 42.0773 0.000765114118098 -0.000284396781528 -1.11984315831e-05 0.00177235795616 3.47907 3.46601 -4.61709744515 5.87742641042 0.812373471877
-115.754 42.1669 -0.00016958107123 0.000898266814638 6.95292334496e-05 0.00130047231238 3.45498 3.44132 -4.37673310023 -8.85260587357 -0.536741309098
-115.016 42.146 -0.00152836735758 0.00139431154704 0.000386757301188 0.00106738939864 3.47345 3.4651 -3.83585454833 -19.1058335115 -1.96596223097
-113.944 42.0886 -0.00196938991211 0.00197269872212 -0.000322172550107 0.00146849336869 3.47485 3.47378 -5.10367810132 -26.5418737713 -2.61499602008
-112.386 42.0041 -0.002237863669 0.0027508630057 0.00129719308722 0.0048713577401 3.38468 3.3912 -3.511188078 -34.8096351598 -3.11041525811
-111.432 42.0149 -0.000911139874909 0.00105214999323 0.00295343954703 0.00225375896009 3.47715 3.48651 0.22271622597 -13.2365750672 -1.18926492353
-120.74 38.7552 0.00139123149253 0.00158835378067 -0.000295856231943 -0.000458818226492 3.52406 3.52229 -0.198396798359 -8.30780719593 0.616514212312
-124.122 41.8473 0.00108558818315 -9.61274976733e-05 0.00254444344272 0.00214504884017 3.47197 3.47049 -0.303417407156 5.39663673855 1.01167699643
-122.854 41.392 0.000542223253862 0.000721335991389 0.000702870839349 0.00149694155994 3.44224 3.43977 -0.0480454341915 -3.9097470989 0.175523128063
-122.122 41.2742 -0.000804025299331 9.90198720942e-05 0.00289043848241 -0.000662102837989 3.22956 3.22192 3.14149650171 -3.72732630489 -0.782516088034
-121.839 41.7826 -7.78871357335e-05 -0.00286226212963 0.0018318282265 0.0012018916573 3.18696 3.18796 -0.285069500799 24.3338000492 1.1521107901
-121.146 41.3593 -0.00179033010737 0.000467769676851 0.00221924176417 -0.000668612054274 3.39374 3.38879 1.37320964355 -10.8317230326 -1.83019436708
-120.477 41.2047 -0.000797502095511 -0.000787512019034 -0.0031737376639 -0.00213999266613 3.65582 3.65832 -1.85371261535 3.45963399456 -0.373657617849
-117.45 41.423 0.000536935381159 0.00075446427704 1.51811208202e-05 0.000940480856442 3.44293 3.43928 -5.52787913044 -4.14213184205 0.127288298001
-116.54 41.522 -0.00105356196183 0.00142140738754 0.000244120736318 0.00043328624623 3.45741 3.45188 -4.39794583922 -17.2430138746 -1.56725319012
-115.791 41.4311 -0.00197758717205 0.00210168434035 0.000244908818883 -0.000430566381363 3.46315 3.46683 -4.7534463996 -27.4373328913 -2.69271125409
-114.915 41.4157 -0.00242175350299 0.00159250196157 -0.000258125872114 -0.000376682017506 3.47862 3.48662 -4.33589930038 -24.6828425523 -2.86539292726
-114.165 41.3602 -0.00202764759161 0.00108935830101 -0.000883539473652 0.00102880696928 3.49465 3.50468 -3.9715708525 -18.3324834597 -2.2948602872
-113.347 41.503 -0.00306857972116 0.00145986017227 -0.000964408771815 0.00106336211378 3.58438 3.59785 -2.89692941 -25.5341963055 -3.39269882507
-112.448 41.4632 -0.00258436375225 0.000530157854271 -0.000311651979878 -0.000280101243977 3.38241 3.41163 0.754361590573 -13.323628451 -2.62189519095
-111.63 41.3146 0.00206112907042 -0.00797968678894 0.00620655163265 0.000419089191364 3.2287 3.24263 7.63382329668 84.6743160919 3.48825088407
-123.306 40.822 -7.53611532804e-07 0.00147915547536 0.0025200678885 -0.000116295609505 3.5565 3.55781 1.15291841614 -12.5844248197 -0.620558498471
-118.134 40.7811 2.94512535997e-05 0.00023093203741 0.00195874646108 0.00267028803307 3.38841 3.38812 -4.19501595179 -1.88665072389 -0.077221360317
-117.524 40.852 -0.00082361180401 0.000613111104885 -0.00166978770941 0.000976866746977 3.57022 3.56917 -4.53041801765 -8.99863138609 -1.0108849754
-116.508 40.7186 -0.00124793317337 -0.000114756509659 -0.000242698790248 0.00132519246474 3.43643 3.43997 -4.35268530953 -4.33460641475 -1.07442963401
-115.736 40.8167 -0.000824107168489 0.00031834623403 0.000236236111491 0.00180303818262 3.48293 3.48611 -1.19831936888 -6.01878530963 -0.883336928508
-115.039 40.8522 -0.00062580806052 0.000143505446125 -3.73935361735e-05 0.0016277707069 3.49438 3.49691 0.0077648321876 -3.53083571884 -0.636571505975
-114.204 40.8556 -0.00148074951364 -0.00154841768748 0.000769669624833 -0.00158514828717 3.56835 3.57219 5.46670101264 11.4006704434 -1.048980457
-113.187 40.8513 -0.00178056038557 -0.00175971352487 -0.000996242166585 -0.00209551221191 3.50653 3.51027 7.50653415188 13.8332938615 -1.38648258441
-112.52 40.8903 0.00163654534755 -0.0070852349754 0.000157576001527 -6.35934002728e-05 3.32004 3.32225 9.09093330571 74.1380247368 2.80577223608
-111.437 40.8869 0.00047947209118 -0.00324002110593 0.00280935399458 0.00115623239345 3.58198 3.5708 2.73599955745 33.4855274361 1.31999664842
-122.032 39.9971 0.00116687838465 -0.0022538261132 0.00243636291841 -2.54862238933e-05 3.44782 3.44982 -0.21226617556 23.9074477348 2.01562429815
-119.827 40.165 0.000482253522812 -0.000655394526591 -0.000383300806147 0.00151063967754 3.58482 3.58203 -1.70607070131 7.6699218981 0.715700681472
-118.877 40.1614 -0.00151943877926 -0.00092824936141 -0.000228003416882 -0.000250917146692 3.50403 3.5062 0.211813361603 2.61401082217 -1.04356877098
-118.155 40.2903 -0.000220641104888 0.000501024880913 -0.000293687671988 -0.00067549940667 3.4338 3.43648 -1.26352992263 -5.33349146751 -0.403447901539
-117.19 40.1697 -0.000149687031604 0.00018153307404 0.000313801850892 -0.00053920822648 3.55534 3.55402 2.13064233144 -2.17201971578 -0.202065943228
-116.5 40.2917 -0.000815092110421 -0.000623427138608 -0.000415266886859 -0.00209038379947 3.51701 3.51581 6.00008341479 3.80381202184 -0.620857685699
-115.657 40.1313 -0.000874505644256 0.000326114683843 0.00153641635811 -0.00390511550821 3.49347 3.49337 8.08987024008 -5.0729316672 -0.924851899676
-114.745 40.2679 -0.000365904047214 -0.000506332638323 0.000864291044665 -0.00420376905428 3.37888 3.37522 10.0076866549 4.33913339892 -0.270297027237
-113.981 40.1314 -8.47951679736e-05 -0.000265378257228 0.000136225298786 -0.0042425725174 3.57221 3.5646 6.91497325146 2.41574660423 -0.0238016226178
-112.469 40.2807 5.31542971237e-05 0.000230751073483 0.00241642167207 -0.00207183778492 3.47825 3.46521 5.57640602334 -2.16675703942 -0.000899300065647
-111.502 40.2067 -0.00155657439389 0.00195033613153 0.00394289145795 -0.00426670483529 3.49467 3.48846 8.4574575289 -22.4369757886 -1.86283151689
-120.608 39.3028 3.30895520197e-05 0.000294023484826 0.000992886031144 0.00235686848849 3.40657 3.40151 -1.93335581691 -2.37613229743 -0.0988020583709
-118.889 39.5399 -0.000799208176066 0.000704474518099 0.00125488386976 -0.000108205291236 3.4602 3.45456 1.40602606862 -9.15242554147 -1.00166765801
-118.08 39.6946 -0.000956450851168 0.000285490283703 -0.000205598677022 -0.000364313872748 3.44483 3.44418 2.5592991955 -5.76310396517 -0.996604176829
-117.14 39.5516 -0.000872936969181 0.00123687188631 0.00105144545713 -0.00213315604921 3.46265 3.46007 6.91122184249 -13.8971157752 -1.16065557963
-116.464 39.6202 -0.00134290909849 0.000629504127257 0.000238774461332 -0.00164989894922 3.41564 3.41575 7.35483413282 -9.20876672057 -1.45514069287
-115.754 39.553 0.000561011753496 0.00113106295002 0.000827270616681 -0.00191617221456 3.39752 3.39463 6.89573856561 -9.52869283106 0.271379966157
-114.908 39.4731 -0.000590017637384 0.000830199536337 0.000384172797759 -0.00071948931663 3.57209 3.55295 1.66070306244 -9.72261510047 -0.824671225465
-114.016 39.455 -0.00347303353846 0.00390344830926 -0.00115991385777 0.00373549450588 3.5152 3.51032 -1.88920470582 -49.28870905 -4.66811721229
-113.069 39.5906 -0.00288618369336 0.00433966942531 2.20762890367e-06 -0.000559560406419 3.42577 3.42631 3.95802256236 -50.0474198161 -3.92320752929
-112.279 39.5708 0.000980961484416 0.00679554271861 0.00110469733142 -0.00198396849308 3.05345 3.0646 9.8386687106 -66.8609659231 -0.073243188954
-111.66 39.6092 0.000636261192615 0.00374450142176 0.00309896370434 -0.00325977375417 3.58152 3.57927 7.07053908507 -36.3358659251 -0.10346271468
-110.74 39.473 0.0038367737204 -0.00204439204645 -0.00349639702306 -0.00218747251223 4.3495 4.36096 -2.14246774938 33.2484562116 4.30298592278
-121.377 38.839 0.0004683687136 0.000807270601841 0.000228211023995 0.000402882534553 3.66858 3.67078 -0.612711849842 -5.02027267909 0.0821067051518
-118.808 38.9383 -0.00167732569856 0.00233842981655 -0.000312473152052 1.20386117662e-05 3.40282 3.40209 1.38582875943 -26.8705027518 -2.41533695802
-117.932 38.8606 -0.000376295578228 0.00165198284366 0.000855027205162 -0.00146891995232 3.30817 3.30685 4.88753544159 -16.3836821058 -0.851744077995
-117.182 38.834 0.000240158638192 0.00317903954529 0.00127774664973 -0.00025599303955 3.31167 3.30281 3.84385230415 -28.8005651892 -0.749222244859
-116.4 38.8247 -0.000400819135051 0.00260646097189 0.000351070194743 0.000632581434 3.45743 3.42863 1.53219747397 -25.4273636954 -1.25706961998
-115.654 38.8455 -0.00198341058239 0.0034220494052 -0.000212182172957 0.00319874870011 3.49731 3.46036 -1.64018753642 -38.7423592789 -3.13902232634
-114.83 39.04 -0.00224895987619 0.00511634459038 -0.00117806691538 0.00491356609 3.42498 3.43027 -5.81597703832 -55.6058028046 -4.26975176451
-114.02 38.9551 -0.00451495014192 0.00361319685513 0.00230222259947 -0.000831164954385 3.32953 3.35763 0.384928541241 -49.1677931008 -5.45806939661
-113.277 38.9882 -0.00132228583997 0.00582616027502 -0.00198080299211 0.00397190533274 3.21519 3.24349 1.25213987901 -59.983107018 -3.06214767946
-112.379 38.9995 0.00324118194286 -0.00578065822406 0.00368438168968 0.00587018023488 3.12974 3.14887 -9.9421600619 67.3073081597 5.61790380862
-111.172 38.9176 0.00365605770784 -0.00121622919467 0.00169724390256 0.0137548237442 3.39231 3.39972 -9.52778291292 28.381411691 3.80431232842
-110.133 39.1025 0.00150167972696 -0.000174602929742 -0.00292312260036 0.00474053640604 3.87883 3.87208 -7.04722660922 8.06119205345 1.43973091457
-120.936 38.2571 -0.000252582854883 0.00120808191989 0.000388078368925 -0.00128832703771 3.62417 3.6198 1.79965467808 -11.446405058 -0.692593869781
-120.076 38.7028 0.000761616533223 0.00228764791668 5.82551732041e-05 0.000575295637855 3.37172 3.36583 0.911477916765 -17.297814394 -0.179925052453
-119.451 38.5226 -0.00114917375501 0.00238161779704 0.0019564682936 7.71342640706e-05 3.36524 3.36137 2.07570095943 -25.206563987 -1.92995173586
-119.047 38.089 -0.000424277688101 0.00377756492422 0.00201288627545 -0.00078210081663 3.32349 3.32499 3.32832781599 -35.4492605954 -1.66543330406
-118.106 38.3489 -0.00180159535666 0.00203814611149 0.00205586450952 -0.00139512112007 3.3292 3.33051 3.35027497295 -24.2880540448 -2.36633549903
-117.072 38.2397 -0.0018991643202 0.00513094980933 -0.000697487503737 -0.000159650095908 3.30888 3.32087 -1.54081410455 -53.242424824 -3.76721858321
-116.302 38.2886 -0.00194040392395 0.00497366268638 0.000270220577399 0.000927910783493 3.49695 3.51688 -4.84049165107 -52.1892075376 -3.92575432551
-115.585 38.3489 -0.00640483877494 0.00922510867785 -0.00209287199227 -0.00455366480934 3.58159 3.62723 -5.79641803531 -109.696475114 -9.8511862613
-114.608 38.3281 -0.00160629696655 -0.00408190082206 0.011318671159 -0.0142797420593 3.27069 3.28842 14.720671525 38.9242350225 -1.21456180201
-113.969 38.1802 0.00780888831715 -0.00911593898618 -0.00518670049364 -0.00195135935132 3.54621 3.59464 -11.7212523041 118.463536687 11.4181557418
-113.021 38.2987 0.00330612120973 -0.00678601440039 0.00181495417633 0.00309771405024 3.25216 3.25384 -8.43467425871 76.0487936048 6.07239613684
-112.277 38.2108 -0.000154894536495 -0.00324846504289 0.00347410801588 0.00316664039837 3.38465 3.38369 -5.55623139667 29.3798963193 1.19288548617
-109.894 38.3862 0.000112713837418 0.000487227178445 -0.000167893901323 0.00826392603696 3.43727 3.43505 -12.9903553196 -3.76682188234 -0.147889023915
-109.261 38.2916 -0.00104243536246 -0.000126328081845 0.00372223379536 0.00839710128359 3.37512 3.377 -10.7974252701 -3.86512139902 -0.864706758267
-121.328 37.5049 -0.00103719352774 0.0019773966783 0.00149465453839 -0.000757189975201 3.59534 3.59405 0.616505248249 -20.8656991884 -1.74441991742
-120.33 37.346 -0.00447812835718 0.00476363513598 0.00107940354609 -0.000597359309843 3.41325 3.42919 2.21039776098 -57.3194648624 -5.91009660476
-119.849 37.8817 -0.00211243909194 0.00708675504634 -0.000359797333761 -0.00194025642541 3.43842 3.45734 3.51290480832 -70.1615907961 -4.39714887911
-118.171 37.4993 0.000698738304108 0.000731272189381 0.000630099362425 0.00572106833098 3.42507 3.43029 -4.7787638463 -3.20224036037 0.288970127553
-117.225 37.7243 -0.000584290121546 -0.0010962678878 -0.00354311263428 0.00819932647713 3.50339 3.52003 -8.11198027613 6.40892138891 0.0388729409074
-116.595 37.923 -0.00140973146196 0.000169909971332 -0.000327571986398 0.00771562972487 3.30414 3.31382 -9.56925286356 -8.50173254349 -1.29667222594
-115.747 37.6444 0.00305705177586 -0.00469791682066 0.00482459254648 0.00500437944066 3.07437 3.09411 -5.14029518347 54.6679728421 4.80504219955
-114.849 37.6083 0.00398276644704 -0.00527671141347 -0.00232897294616 0.00397045909865 3.50544 3.52092 -8.97077207081 64.8529738922 6.0526473235
-113.86 37.5808 0.00191093181362 -0.0036018486316 -0.000596431741135 0.00361084772881 3.44923 3.42327 -6.60694662276 40.6854782936 3.30770813298
-113.168 37.7601 0.000620131796172 -0.00212450354603 0.00124600469545 0.00223458271364 3.34408 3.32426 -3.67374423315 22.0859205123 1.39839304993
-112.363 37.6761 -0.00103293071414 -0.000115079714121 0.00191502664154 0.00240661960403 3.36804 3.36026 -6.64108953347 -3.42766295754 -0.883777460499
-109.995 37.6903 0.000873816360699 -0.000404147420339 -0.00211324527239 0.000145799936305 3.58452 3.58471 -8.35379518572 7.65967973876 0.962642435705
-109.137 37.7459 0.000150087037462 -0.00092759260149 0.00384780052461 0.00132869538424 3.44531 3.44429 -6.47706936625 9.46378153586 0.50462843376
-121.786 39.2291 0.000345250183233 -0.00055827923867 0.000505922366809 0.00159910125604 3.63476 3.63215 -1.27127231733 6.1463160164 0.55526405543
-120.674 36.8953 -0.00211842913717 0.00283673388513 -5.99219725665e-05 0.00148678128613 3.46265 3.48335 -5.5361522153 -32.979750895 -3.23762196188
-119.709 37.0069 0.000448411089247 -0.00122586510443 -0.00090254359417 0.00144140194656 3.40437 3.42145 -8.89443991703 12.0973498908 1.03183239795
-115.22 37.2408 0.00195370801396 -0.00237022602549 0.0012517842336 0.00551509301356 3.45293 3.44218 -5.03424404635 29.3794339498 2.7842552358
-113.907 37.0195 0.000278128101339 -0.000238095200918 0.00126417820591 -0.000581248465355 3.42119 3.41528 -6.83970311457 3.35824689784 0.355185383714
-109.025 36.8299 -0.000155405245392 0.00033438267668 -4.01912961198e-06 0.000771357969422 3.56013 3.54136 -5.76715559073 -3.81854038956 -0.271821939147
-120.783 36.3627 0.000473478008053 -0.00225465329882 -0.00225790792127 0.00322882016146 3.62891 3.63499 -9.90999184447 20.0062752714 1.64689118606
-120.12 36.3356 0.000882552933437 -0.00886909590415 0.000444870058209 0.00298058859893 3.42744 3.43469 -7.05971735349 76.1479194244 5.26268314037
-114.539 36.4321 0.000428396145258 -0.000331054678635 0.00141184449973 0.00265158054746 3.40271 3.39898 -6.65493761723 4.82562399417 0.531487520214
-113.965 36.4151 -0.000810704204849 0.000359218278815 0.000772813724471 0.00166071480351 3.37564 3.37586 -5.53623134693 -6.66066097777 -0.886476428172
-112.291 36.428 -0.000598155651743 0.000230755500535 -0.000130186583875 0.00359336923871 3.441 3.44125 -8.16667115205 -4.79819028806 -0.637844949014
-111.13 36.1428 -0.000409688526044 0.000185390967674 0.000840337773456 0.00250664770346 3.4085 3.40816 -5.76136566165 -3.40436501392 -0.449662974318
-110.662 36.5996 0.00033878619276 -9.0528250284e-05 0.0003514154011 0.00189525239183 3.46311 3.45973 -5.18154541213 2.20131803725 0.34727214372
-109.87 36.4199 7.75692651697e-05 0.000407486354117 0.000385177130413 0.000651084589789 3.51271 3.50955 -6.41795662353 -3.51371198761 -0.0929511645169
-121.236 36.0214 0.00194866825078 -0.00407643158864 -0.000127925036496 0.00181792413404 3.69451 3.7064 -1.24629984323 42.053257631 3.50665342869
-120.87 35.636 0.00144027908223 -0.0015061752896 0.000939164047261 -0.00142363261007 3.72048 3.70756 1.26382678725 18.116562524 1.90822134288
-119.903 35.8667 0.000520733383367 -0.00252420840935 0.00131799685432 -0.000632234546713 3.69102 3.6853 0.902888049859 23.832275952 1.44219168087
-113.105 35.6339 -0.000520544202807 -0.00139699313068 0.000560799891372 0.000319139144267 3.40676 3.40567 -7.37906587299 10.138531269 0.15957974284
-112.173 35.8191 -0.000627174873222 -0.000102651093225 -3.24976144822e-05 -0.000891257815557 3.48533 3.48531 -6.69085229429 -1.76842609385 -0.522828646719
-109.933 35.7113 -2.1856401679e-05 0.00156194698304 -0.000643557380157 0.0034534293307 3.45026 3.45019 -9.63135956187 -14.3669519192 -0.728640192
-109.046 35.7147 -0.000462227445407 0.00118120786241 0.00144284303411 0.0053341077874 3.46493 3.46455 -8.43821349089 -13.0685895948 -0.92273904994
-114.87 35.301 -0.000103739538119 0.000334120776228 0.000473376373718 0.00228538623478 3.65843 3.65869 -4.39944567911 -3.40422547697 -0.233522965375
-113.885 35.099 0.000108159437603 -0.000343442154165 -0.000156217376418 0.00152181327542 3.50208 3.49941 -7.73672714414 3.50743002745 0.254009599085
-113.083 35.2127 -7.54637959003e-05 1.68529837143e-05 0.000644812586616 0.00256427870197 3.41518 3.40759 -7.33121668051 -0.485851044514 -0.0750489943378
-112.267 35.1787 -0.00118224310643 -0.000256217168615 0.00100087176065 0.00110743265358 3.42603 3.4239 -5.95752422603 -2.61517672968 -0.967335875614
-111.532 35.0951 -0.00098919516631 3.18904990483e-05 -0.00024750377989 0.00231400059901 3.45704 3.45646 -8.10812525349 -4.72761487161 -0.900169409483
-110.713 35.0789 -0.00156478836665 0.000689880548279 -0.000469979823208 0.00442937325215 3.4824 3.48425 -8.91692673866 -13.4170637786 -1.70783733445
-109.736 35.1181 -0.00282141589805 0.00149259063998 -0.00112621468002 9.85394767367e-05 3.51573 3.54333 -8.62613610976 -26.3913977496 -3.19000467092
-109.388 35.1118 0.000752058794904 0.00147220949712 0.00268098133871 8.28604609646e-05 3.31813 3.32756 -7.1276185991 -10.6302448073 0.0821117340525
-113.83 34.5935 -0.000359825969964 0.000316136811218 5.00798510905e-05 0.00200804546581 3.63171 3.62828 -5.70873751418 -4.34111783054 -0.460449880216
-112.891 34.4692 -0.000193536570814 0.00119062315258 0.00109380065618 0.00091466443161 3.42347 3.42735 -6.51895669941 -11.5178546042 -0.688798020901
-112.237 34.4866 0.000336662111094 0.000837195615153 1.38738951895e-05 0.00209203498124 3.42332 3.42188 -8.71251347108 -5.88693653489 -0.086595283904
-111.441 34.4178 -0.00169060438382 0.00127814698613 -0.000255684441728 0.00183625693697 3.50383 3.49265 -7.71781445814 -19.0373398698 -2.07960711366
-110.806 34.3371 -0.00207103049151 0.000633844248642 -0.000106615709618 -0.000578108049775 3.44817 3.44112 -5.76553797721 -14.2998815639 -2.15128865527
-109.95 34.5293 -0.00101562297865 0.000500707352761 5.8155105751e-06 -0.000302154342687 3.48992 3.48945 -4.55346687171 -8.62067149707 -1.12919710932
-109.29 34.4275 -0.000436441705132 3.20151841903e-05 0.0016702353188 -0.00144411635252 3.48088 3.482 -2.20510562083 -1.7880117226 -0.422572888896
-113.829 33.8142 0.00017894566822 0.00113538503016 -0.00146863150406 0.00039636466216 3.81026 3.82122 -3.23805144209 -9.61962618485 -0.275523382715
-112.333 33.9535 -0.00080178172097 0.00109375167619 0.000634443832378 0.00103106621968 3.58903 3.58588 -4.5078668548 -13.1902635766 -1.16855230073
-111.478 33.8798 -0.00103457784582 0.00293880269788 0.000507894264815 -0.00160713610707 3.48618 3.49708 -2.01184358566 -31.3197013367 -1.98951139935
-110.844 33.6953 -0.000359106002196 0.00154791040737 -0.000609509211859 -0.00108597395657 3.59897 3.60636 -1.2068001709 -15.9641388236 -0.846728105724
-110.034 33.7776 -0.00128585982288 0.00174937619194 0.00114235215961 -0.000796569982445 3.44897 3.46572 -1.45754271064 -21.0886475531 -1.78412730703
-109.254 33.9571 -0.000868648132219 0.00157720368182 0.0024952104044 -0.00108375157494 3.49684 3.49466 -0.888182378641 -18.1273851472 -1.31227273934
-112.946 33.3627 -0.000106254185306 0.000780647864906 0.000615336739772 -0.00210778031722 3.72364 3.71997 0.167059057282 -7.6569332601 -0.35363601466
-112.158 33.2893 -0.00110549425805 0.00184159379676 -0.00018431335555 -0.00323324168281 3.76111 3.75932 1.16638428273 -20.8308566391 -1.60777387407
-111.427 33.341 -0.00155701750151 0.00269389005558 0.000162804636502 -0.000283444245124 3.56112 3.55616 -1.65742083313 -30.7526974983 -2.38135442777
-110.472 33.2969 -0.00149371483886 0.00283331026181 0.000398859188526 -0.000531032211901 3.55206 3.54865 -1.99106065933 -32.101417184 -2.36233024616
-110.036 33.0851 -0.00239417489402 0.00373396286534 -0.000711145508099 8.41499973586e-05 3.57821 3.57035 -4.51653555593 -44.2655895958 -3.61943708395
-109.266 33.2921 -0.000947650764448 0.00418205931145 0.000493258865591 0.0027158123186 3.4867 3.4908 -6.67243110313 -43.0626301614 -2.55197268151
