-112.228 32.7006 0.00146185070658 0.00062066695849 0.000148603249136 0.0237408190972 3.36847 3.34277 -14.7691958417 2.86515404096 0.877482926199
-111.704 32.5618 0.00146446883093 0.00135799633543 0.0123543326556 0.0139753940806 2.98994 2.88355 -4.3266688752 -6.85862276578 0.826027804796
-110.739 32.5716 -0.00031904676641 0.000419293092417 -0.00297874137841 0.00315561482282 4.22519 3.93316 -2.16099362849 -5.07004404939 -0.443446088366
-109.97 32.6399 -0.00145319167594 -0.00068656893261 -0.00393457276964 0.00114256075393 4.88375 5.09271 -1.35151918009 1.83494241475 -1.15386797967
-109.303 32.7663 -0.000455879999081 -0.000859776849256 0.00527265298232 0.00356105852472 3.64379 3.9264 -5.6525120233 6.29235655147 -0.0875808713106
-111.457 32.0022 0.000195263668306 0.000871502925823 0.00522758326111 -0.0111581858225 4.38074 4.40148 15.89435312 -8.61859202154 0.158986534585
-110.816 31.7748 0.000640207977659 0.00100659243258 -0.0110284659857 0.00897235489454 5.11604 5.11946 -24.1341256922 -3.19627000807 -0.199132153993
-110.046 31.9737 0.000561996836346 -0.000424520101543 0.00134261937922 0.00443758073469 3.86439 3.83995 -10.5055095273 6.46294150258 0.695576731491
-109.259 31.9989 0.000324895559492 -0.00126988482791 0.00130708900805 -0.00256420543101 3.98612 3.91696 -0.406534072495 13.3345075279 0.692157979526
-109.991 31.439 0.000886228333678 -0.000448377704799 0.00204784369014 -0.00131461949563 4.02934 3.93306 0.423811595532 6.960786613 0.978839712876
-109.281 31.3757 0.000136034309229 -0.000260069361013 0.00347895511783 0.00597921854064 3.60596 3.5406 -4.59500676895 2.96811864589 0.222677249039
-122.707 48.7197 -0.000462905524932 -0.000493884432646 0.00490606729362 -0.0120786976457 4.62678 4.81753 8.68138258293 3.2704604726 -0.295131192945
-122.085 48.9983 0.000641214666486 -0.000831409205458 0.000539242595438 -0.007141979289 5.1231 5.79542 7.97159262466 9.71087765549 0.861980339336
-121.48 49.0983 0.00156398177252 -0.000785900355404 -0.00438689589533 -0.00370757549406 4.19559 4.26986 -6.42701964124 14.7114796179 1.74418899816
-120.384 49.048 0.000487638695877 -0.000936230859962 -0.000689325405484 0.0109920549872 3.33876 3.31836 -9.76728868701 10.4509581386 0.927736682076
-119.272 48.9534 -0.000625140360782 0.0001175647025 0.0263244771832 -0.00358506079672 2.88945 2.99672 13.1480304164 -2.27599848511 -0.636082648172
-118.585 48.9752 0.00216838343483 8.34924863307e-06 -0.0258707102239 -0.0153113640885 12.1009 -nan -159.582289444 -0.852024342567 -2.16603684928
-117.559 48.9813 -3.31366189435e-05 0.000455165605826 -0.0121339113236 -0.0128511704362 5.52033 4.85397 12.7453291645 -4.61367685156 -0.106711986486
-116.363 48.958 -0.00233063448997 0.00164872050425 0.0232280361071 -0.00546136121653 2.1059 2.29774 15.7911786004 -19.0473096822 -2.47601558421
-115.653 48.9339 0.00150584613696 -0.00094040096657 -0.00915214639644 -0.124393242986 1.62822 1.72076 88.7425073987 -10.7451239926 -0.309518457921
-114.413 48.933 0.00117528357896 -0.000103510201737 -0.0318594506835 -0.062540095997 3.69036 3.67015 77.3748412358 -9.7109493873 0.54224505583
-123.504 48.0575 -0.000651465251386 -0.000268904533505 0.0176592165362 0.00315664705482 3.4402 3.43443 3.19030888494 -0.112060751756 -0.49137536048
-122.096 48.2641 0.000680064007583 -0.000886386334653 -0.0238847025255 -0.00568343094925 12.5466 18.4007 -33.1692134274 10.2228969412 1.11074523237
-121.484 48.5183 0.00046449225992 -0.00153012578635 -0.0107151749233 0.0137531645256 4.09567 4.04904 -31.3005259217 12.1800845442 1.53110659526
-120.12 48.4607 -0.000374605832057 -0.000825677372831 0.0169536051254 0.00667250734845 2.69693 2.64255 0.153386033788 6.00774553287 -0.00846527333048
-119.333 48.3584 0.00030137848873 0.00021850737756 0.00867915827396 -0.00093020147911 3.54803 3.57345 3.80212601004 -1.04590654049 0.210446421004
-118.149 48.4226 -0.000454833174774 0.000345794833782 -0.015243669903 -0.013127762574 7.3734 6.50551 35.4629727153 -2.37495275016 -0.366078643464
-117.225 48.2995 -0.00267289250728 0.00143978393387 -0.0244578908172 -0.0196667414041 5.43061 6.40686 74.7838830985 12.8246546651 -0.463234569529
-116.367 48.4366 0.000631072294447 0.000188918927548 0.0553651836004 -0.00633087781085 1.33252 1.34234 19.7967183102 -1.76684133115 0.6261387286
-115.589 48.4694 0.00122371750548 -0.00214539558672 -0.00266082433888 -0.0038730246878 4.27642 4.46656 2.35774335029 24.8543878664 1.83547400929
-114.468 48.3739 9.43754130831e-05 -0.000493519686649 -0.053228419716 0.0219627200039 7.58912 6.79011 -84.6543738353 -0.332144829156 0.454202558455
-122.173 37.1311 0.000273471601045 -3.80051226501e-05 0.00297178458595 0.00289886882298 3.8726 3.50628 -0.351631074535 1.39874307397 0.263672608786
-124.566 47.9475 4.81784664481e-05 -4.21832655876e-05 -0.0102532886765 -0.000151111908646 4.57313 4.54879 -3.80141917905 0.587827999503 0.0630541194614
-122.972 47.7172 -0.000849112687078 -0.000329217620331 0.0178742124175 0.00362856998905 3.68175 3.80173 3.03647077975 -0.295767707289 -0.651806436195
-121.689 47.6947 0.00253196885607 -0.000136670218653 -0.0356296145868 -0.00798112246695 8.07529 9.31864 -111.290511364 16.1399161799 -1.74166380022
-120.894 47.923 -4.5435721024e-05 -0.000188830643764 -0.00327244000033 0.00285084760639 4.21159 3.6455 -2.51627067112 1.455823731 0.0456072199945
-120.061 47.6902 -0.00223715956899 0.000290804333967 0.0322020048568 -0.00756035008848 1.94032 1.89809 17.9271663128 -5.20771429764 -2.25534320105
-119.045 47.7849 0.000666761835589 -0.00012076571296 -0.00695716182088 0.0060541739615 3.95122 4.12689 -3.28822750474 4.05602558901 0.650566266357
-118.274 47.8006 5.24362552583e-05 0.000782582411481 3.44198682691e-05 0.0114442914381 3.97392 3.93797 -7.12150406732 -6.56676477211 -0.343082269301
-117.308 47.8192 -0.000980896097675 -0.000228549294611 0.00706693956097 0.00602224316365 3.64527 3.84594 10.4342386697 0.286588756199 -0.915604052324
-114.574 47.6795 -0.000989149053511 6.11271982231e-05 -0.062802606437 0.0100720976699 5.06269 5.02467 -44.9031861894 -9.49579386798 -0.475722563149
-113.747 47.7687 -0.00335755848719 -0.00138460356273 0.0883788449016 0.0399290655356 1.61656 1.62889 -3.22017686493 -0.0997033280958 -2.56933068148
-123.771 47.1161 -0.000301827778348 0.000260848942081 0.00360817733889 -0.00405098756633 4.10079 4.15364 4.95806052532 -3.41532956602 -0.377013558658
-122.803 47.1109 -0.000263941079588 0.000168566141336 -0.00369450917094 0.00607036018403 4.43357 4.70305 -8.66530801218 -2.80363077084 -0.312967647019
-121.989 47.1881 0.00100008939218 -0.000127506195284 -0.00131518960512 0.0135978829929 3.62425 3.63567 -9.48453151179 6.60800735149 0.893393263177
-120.844 47.1935 -0.000268665264154 0.00104021896947 0.0077474144267 -0.0403155960123 3.32646 3.12374 55.9120080371 -7.36913430731 0.312124510938
-119.973 47.1936 -0.00192212020112 0.00161381605294 -0.00442849071159 0.00276948270254 5.03001 4.85949 -4.13531934717 -23.0648836045 -2.45508469928
-118.921 47.0573 -0.000610629730684 -0.000222563594606 -0.00649877583715 0.00185985671153 4.37762 4.76783 -5.66480800478 -0.987929689483 -0.427956560879
-118.309 47.0615 -7.87614392061e-05 -0.000857776080379 0.00714945974265 -0.000178930166976 3.39387 3.49677 2.75010983962 7.81005411943 0.218331169095
-117.276 47.0547 0.000377447218246 1.33010433632e-05 -0.00380952769098 0.00332084505956 4.42036 4.51339 -8.30269003903 1.80163139163 0.319423044651
-116.335 47.0477 1.0234843364e-05 -0.000833174430159 0.00249265430665 0.0249203120702 3.33694 3.64745 -30.0239692414 5.37598671121 0.656347058053
-115.353 47.0528 -0.000652607597085 -0.000662655311811 0.0129697781976 0.0147571655217 3.51217 3.44125 -15.7459486608 1.51383277433 -0.133976340573
-114.459 47.0943 -0.00497324353629 -0.000193369972561 -0.0655400286656 -0.0093920148104 8.17319 -nan -11.6318173857 -25.0636688188 -4.13839560873
-113.506 47.0816 0.0113286528787 0.0017583821024 0.170672548106 0.0156562639163 0.765563 0.785311 9.88563486651 1.02730405091 10.8944410015
-112.52 47.0418 0.00229748762345 0.00239070156877 0.00165757928432 0.000114701901702 3.89513 3.23641 0.0483331494122 -16.0683362807 1.42270809587
-123.563 46.5459 -0.000825675390659 -0.000635385198021 -0.00319413497767 0.000836252606822 4.34244 4.56443 -2.31244940244 1.52416509217 -0.416755038422
-122.72 46.5934 -0.000315572609742 -0.000192331100602 -0.000498298533492 -0.00252077063611 4.58611 4.96025 4.81559783433 0.638441551727 -0.225219970799
-121.761 46.5605 0.000344976333206 0.000314789177575 0.00297336661358 -0.00581419443742 4.33022 4.32293 12.9615882601 -2.28776218351 0.270420676044
-120.979 46.5433 -0.00117819977416 0.000954126135537 -0.000920557731313 0.0178863837387 3.65701 3.7969 -13.8183135796 -14.5149887791 -1.51601186084
-119.855 46.5585 0.000208646900169 -0.000470319050661 -0.00235246040257 0.000475606955049 4.19056 5.44806 2.68224469456 5.08152533163 0.364096591327
-119.06 46.4911 0.002387509584 -0.000194601880331 -0.000665794656939 0.00240450209351 4.02826 4.55413 0.596500800793 10.9164248669 2.27862923153
-118.146 46.5139 0.000215239448111 -0.000579938846949 0.00410010260579 0.00258584520492 3.85569 3.74003 -0.386820058475 6.18377471079 0.424311504838
-117.11 46.485 0.000192801345269 5.80119945891e-05 -0.00951413311976 -0.00460723977547 5.77242 5.56319 -9.37299441241 0.506048989609 0.134900139716
-116.209 46.3559 0.000556325237012 -0.00606963492217 0.00276441789009 -0.0142471186915 4.01128 4.11702 43.0960797954 54.9776346726 -1.75068430289
-114.188 46.4423 -0.00117246708424 -0.000787142505548 0.00783843483929 -0.0201964174646 4.03789 4.34215 12.4663503294 6.50975175231 -1.06368119952
-113.493 46.4162 -0.00153578404036 -0.00116009374503 -0.0345575917255 -0.00444928994636 4.37534 7.42607 -18.3488173672 -0.176851906583 -0.509743588183
-112.641 46.4246 -0.000285517313494 0.0100443004229 0.0651922375677 0.240989112042 0.745363 0.772671 -47.3126282779 -45.3030124994 -9.2877526382
-120.728 40.6183 6.91419565552e-06 -0.000276143767263 -0.00250290692375 0.00949159846897 4.07377 4.04171 -4.44516104371 2.34826067823 0.138304900159
-123.559 45.9306 -0.00114517335343 -0.000585822408296 -0.00591908934334 -0.000554807599008 4.37949 4.25901 -2.99680074767 -0.516107053783 -0.708464006104
-122.419 45.9325 -0.000956802113628 -0.000432268514054 0.00146598899942 -0.000820933952382 4.03588 4.25688 1.39900509909 0.0100616282735 -0.694752663352
-121.459 45.8839 -1.10778194574e-05 -0.000588814344273 0.0019733380806 0.000957285456622 3.72374 3.99044 0.0678547148029 5.15958407655 0.237705363575
-120.782 45.7664 0.000763858897325 -0.00048028335318 -0.000300385911628 -0.00192239713488 4.10126 4.18854 0.587759998123 7.32338995314 0.892871784724
-119.928 45.8951 0.000391517742754 -0.00132099033948 -0.00194240578476 -0.000524424920128 4.52346 4.33483 0.194759670228 13.4704587604 0.888479617553
-118.777 45.7971 -0.000410322065277 -0.000634330855307 -0.000741829274378 -0.0054854024599 4.76859 4.83015 13.3938576923 5.53033122496 -0.298593866377
-117.909 45.7087 0.00032289446438 -0.000856979926707 0.00176015366336 -0.00355625434461 4.11902 5.0553 9.94459461242 9.05476503196 0.499967341299
-117.228 45.9734 0.0032965129317 -0.000602211637209 0.00190795433368 -0.00390724510211 3.82983 4.08994 2.70332177652 16.609234309 3.31121712123
-116.155 45.8883 -0.000197564380252 -0.000359266123514 7.53903226575e-05 -0.00809714388633 4.34548 3.03621 10.8550415246 3.22169576338 -0.130265479982
-115.255 45.7565 -0.00424921855203 -0.00181774787664 0.000172316497134 0.0023774756728 4.43049 4.25778 -15.2636024219 -10.2706380019 -2.38552785707
-114.332 45.7893 -0.000891652425384 -0.00108146427996 -0.0025904864164 0.00359295689987 4.89676 5.10292 -11.1961901771 4.78531560488 -0.206230810239
-113.37 45.8122 -0.000579799350379 -0.00212835233973 -0.00454658266623 -0.000850470266068 4.24868 3.96483 -5.86131737542 17.3768846906 0.375154181017
-112.493 45.8409 -0.00283121196385 -0.00794355009872 -0.0022348388897 -0.0668140663056 3.12713 3.36449 32.1916521954 87.1394779583 -4.62469529108
-123.281 45.3153 -0.000583526530144 0.000139958546611 -0.00119186389423 -0.000968713901405 4.07367 4.00062 -2.65858743099 -3.87976222073 -0.578469583532
-122.478 45.2059 -0.000730513100607 -0.000648636688093 -0.00242156507542 0.00199529818642 4.28631 4.44055 -8.61676184061 1.20070005111 -0.238319691191
-121.317 45.2422 4.96792655124e-05 -0.000616184657132 0.00185989503684 0.000431749840818 3.60918 3.64933 -2.84161031169 5.53141923667 0.330091464489
-120.635 45.2357 -5.19750570647e-05 -0.000535839487182 -0.000433275587348 0.0012386570323 3.57552 3.56189 -5.74808243485 4.27689860548 0.223592733216
-119.669 45.2664 0.000888952541161 0.000176822761042 0.00126132000029 -0.000937725209752 3.55709 3.57835 -1.75963168206 2.18103771389 0.727180187456
-118.96 45.2904 0.000696890788408 -0.000241590446115 0.00395218728236 -0.00457884070706 4.16209 4.0764 7.35640370662 4.1758256811 0.736324404589
-117.78 45.2781 0.000244546228883 -0.000767291460753 -0.0062201194469 -0.000726928821633 5.42952 4.96931 -8.90929255841 7.81476244899 0.60669348283
-117.12 45.2925 -0.000195236961693 -0.000560692325762 0.000283971846634 0.00893513523405 4.02524 3.84654 -17.4931014598 3.10960837195 0.204245178066
-116.268 45.3997 0.000689272486706 0.00430087497652 0.000715550892679 0.00912804143448 3.26486 3.15205 -20.7730084226 -27.6136662941 -2.3654268332
-114.233 45.0931 -0.00118301892748 -0.000577624571896 0.000565038077536 0.00160451928466 4.09462 3.9207 -5.26673845013 0.224745036158 -0.826836107264
-113.46 45.2432 -0.000764258077863 -0.000827637799211 0.00056902364155 -0.00405073694925 4.53697 3.8761 4.88120898472 6.30106572922 -0.534824021024
-112.489 45.166 -0.0001493439932 -7.92104542723e-05 0.0114828172079 0.0113725213691 3.43389 2.82871 -1.57589339368 0.237223774839 -0.112892978343
-124 44.6764 -0.000190256829229 0.000893098636508 0.00172464086603 0.00664952891936 3.79165 3.69602 -8.80329216142 -7.96018337771 -0.673906487076
-123.292 44.6765 -0.00076480379957 0.000195429581214 -0.00392567868974 0.00241775776084 4.43474 4.5404 -12.0842536687 -5.99606477328 -0.721299300094
-122.186 44.6837 -3.81987877558e-05 -0.000898838629784 0.00254503506083 0.00185778734675 3.84901 3.86631 -1.79745764926 7.53375723578 0.377174300856
-121.227 44.6473 2.32780278371e-05 -0.00070014008514 -0.0019658053207 0.000265396569803 3.96352 3.97144 -6.19919275106 5.94360747425 0.379855649948
-120.335 44.7344 -4.68455448764e-05 -0.000297394463791 -0.00154865800925 0.00557218177069 3.66315 3.75464 -10.6647122901 2.12633307006 0.131092979701
-119.565 44.5913 -0.000219951623931 -0.00106999015166 0.00716576467891 0.00556339110811 3.03109 3.13913 -6.40455718823 8.02662873169 0.343652912629
-118.67 44.5191 7.99202073428e-05 7.55118397998e-05 0.000909094581875 0.00804411980134 3.46628 3.53077 -12.844088267 -0.144030887819 0.0207262661975
-117.664 44.6653 0.00100292987791 0.000395598866057 -0.00954443855322 0.00283106214365 5.22712 5.0311 -28.9044489038 5.30383199577 0.321689275005
-116.747 44.589 0.000134196327922 0.00121647705325 0.00278170450088 -0.00178190303312 4.39547 4.59006 -0.0677218249307 -10.8434128692 -0.323737188458
-116.013 44.7035 0.00134424078082 0.000636992090515 -0.00111761191685 -0.000843812251604 4.66399 4.90598 -5.76589710253 0.383124375737 0.912277865665
-114.855 44.5494 -0.00148314963261 -0.000151012283478 -0.00566965801194 0.00394483946663 3.94485 2.76052 -2.86971942766 -4.50881881713 -1.30473703803
-114.255 44.5642 -0.00750246862149 0.000220707152732 0.0176428431711 0.00209488395947 2.0852 2.12899 8.77482087279 -16.9079067726 -7.40550261701
-121.551 36.3887 0.000316067692166 0.000578704815796 -0.000421745459702 -0.00151277903998 3.94652 4.02241 1.29047395328 -3.80028754008 0.0641993528251
-121.461 40.8161 0.000723524365719 -0.00103719204024 0.00575807953916 -0.00324086669144 3.49779 3.43168 9.94183810083 11.2875498574 0.963483150357
-119.023 36.6801 -0.000307359321308 0.000178393056256 0.00612065443749 0.0106598824327 3.23705 3.2604 -8.20255619619 -2.96228680056 -0.355337899334
-123.83 44.0035 0.00123775311808 -0.000186369919075 0.00488650148854 0.00152224491993 3.52266 4.15337 3.67063184379 6.1951939175 1.21277319628
-123.278 43.9726 0.00198773968428 -0.000659641448444 0.00329179120092 0.00144747517143 3.55934 3.57353 5.05533964802 12.6774387824 2.09192592287
-122.411 43.7941 -3.18270650516e-05 -0.000151555806882 -0.00363843121861 -0.00354435529585 4.78484 4.58028 1.92442612297 1.20797824155 0.0315301269615
-121.268 44.1626 -0.000290653477436 -0.000616559138957 -0.00301910596071 0.00301914008185 4.26719 4.26588 -6.87018021303 3.60738440687 0.0756312686346
-120.211 43.9437 0.000555576204598 -0.000397999069506 0.00166534854145 -0.00258984345756 4.15465 4.22666 2.73414842299 5.57711852871 0.662047997582
-119.504 44.082 0.000246136735828 -0.000745090914004 0.00399664500923 -0.00149092486891 3.71862 3.53973 2.83082050788 7.68593644848 0.49319397472
-118.569 43.9104 -0.00051310196426 -0.0011185716589 -0.00442305355666 -0.000418701544745 4.35075 4.2829 -8.49931753114 6.79340607136 0.143362952925
-117.741 43.9733 -0.000716296874835 0.000218496314515 0.00310573419116 0.001687448838 3.83432 4.13954 -2.51392072447 -4.94964050391 -0.74194040676
-116.803 44.086 0.000196065141365 0.000923536034607 0.00569744224938 -0.00873049618111 4.08004 4.66638 26.377746702 -9.36965551502 0.272227041626
-115.958 43.9121 0.00141084949376 -0.000677764684575 -0.0110605442654 -0.00271123839142 6.0267 5.77324 2.75804902404 10.9222548152 1.55217948489
-114.117 43.9146 -0.000210753347407 -0.000317004185653 0.00832461388132 -0.00181347976764 3.68413 3.77256 11.0898676651 2.8721238198 -0.16057609994
-123.575 43.3654 0.000228186498477 -0.00115743931692 -0.00109725025064 -0.00734984310419 4.63701 4.6695 13.4557000741 11.1694819282 0.480342540336
-122.965 43.3717 -0.000241062282896 -0.000285516301603 0.0019410136412 -0.0041099438654 4.23046 4.29476 5.20115043126 1.73111913233 -0.124602962875
-122.109 43.2406 -7.16584687944e-05 -0.000132166776472 -0.00206786327955 -0.00352848950939 4.89632 4.87057 6.83407272319 0.983134080063 -0.026147684781
-121.236 43.2843 5.77433544404e-05 -0.000315514411956 0.000695271908469 -0.00467385758588 4.34543 4.35094 6.96956080302 3.06669568337 0.150953670251
-120.153 43.2515 0.000174833330255 -0.000592564867002 -7.68644855225e-05 -0.00645383368262 4.26895 4.35165 9.60918541502 6.00004952934 0.315833072842
-119.311 43.3736 0.000644946631771 -0.000261196476329 0.00171391309628 8.02749227763e-05 3.9767 3.80649 2.41305828526 4.64138148607 0.695695545046
-118.474 43.358 -0.00109556460582 -0.000895104191318 -0.00166894300883 0.00056011326103 4.34736 3.99981 -0.580749342104 3.82069416798 -0.651423290259
-117.754 43.3471 -0.00104469898337 -0.0010285231381 -0.000289330121934 -0.00522660876599 4.73728 5.22499 12.2105338493 8.22366648444 -0.849278498431
-116.767 43.4275 0.000793081723091 -0.00173930905489 0.00361524351944 0.00772990684135 3.71301 4.01039 -5.25956622949 19.0606306105 1.49289200864
-115.828 43.4151 3.38469280844e-05 -0.000596648601617 -0.00473250570153 -0.000782249458796 4.33464 4.34273 2.50819166174 5.79622618555 0.220707967596
-115.098 43.25 -0.000305717183352 0.000476919969077 -0.000111628812468 -0.0108662688282 4.2051 4.18176 20.8356517857 -4.79478312435 -0.302408224267
-114.174 43.3979 0.000307719427906 -0.000824754151679 0.0028434223747 -0.000879698388562 4.00667 3.97066 4.22083587359 8.92431841585 0.518029558528
-124.469 42.8088 3.13393655027e-05 -0.000989683290488 0.00288348138659 -0.0019008715577 3.91722 3.84308 3.3328633913 8.6247243812 0.424736171748
-123.49 42.7667 -5.1727682248e-05 -0.00103474670884 0.0019890221342 0.00621119943907 3.7481 3.64059 -8.10449298847 7.79879416254 0.540798670692
-121.731 42.6133 -0.00023794999922 0.000448905773853 -0.00470617837124 -0.00903143799703 5.45972 5.70879 14.9334363758 -4.62828511132 -0.312612268659
-120.893 42.7258 -0.000138844597007 -0.000303931832591 -0.00231963257947 0.00680148834363 4.08544 4.16602 -13.2956818593 1.49963115209 0.0760036146899
-120.251 42.7991 0.000258218438122 -0.0005859341056 0.000825984877085 0.0100570473669 3.68862 3.73495 -6.75297968936 6.1597071043 0.521277944288
-119.247 42.6912 0.000525186988291 -0.000477976752225 0.00155725979195 -0.00161571663777 4.16971 4.09456 5.98538094478 5.9779538837 0.643464650577
-118.486 42.7308 0.000123629818537 -0.000138085412577 2.96616353202e-05 -0.00446645402424 4.211 3.95645 11.7332551452 1.56300193133 0.147729276319
-117.725 42.6996 -0.000193483404528 -0.00122034056308 -0.000476170267303 0.00400655347605 4.0408 3.95888 -3.3986007573 10.041280948 0.353289870467
-116.87 42.7779 -0.00014487790754 -0.000994656437348 -0.00239249562405 0.000807142831282 4.44929 4.35014 0.174642451106 8.67816311634 0.229222484626
-116.032 42.7713 -0.000323770609305 -0.000462110623582 0.005833762336 -0.00111336252243 3.81192 3.83957 7.51416651415 3.73628099368 -0.20638060033
-114.903 42.636 0.000581655148217 -0.000361646653255 -0.00412846709534 0.00880551265367 4.12169 4.36715 -13.1058335835 6.27813958044 0.68466638647
-114.084 42.6493 0.000320848523617 -0.000304397598606 0.00115298801584 0.00239202935527 3.8533 3.81832 -0.627504725128 4.03223480956 0.406807340662
-113.176 42.5452 -0.000151228291062 -0.00029185154605 0.00435292134061 0.00335457398932 3.56412 3.52091 -0.685664692796 2.28082032778 -0.0431555349532
-123.602 42.156 -0.000496679226613 4.08453358992e-06 0.00230950909561 0.000752640652861 3.94889 3.70129 -2.11445323059 -2.25457545606 -0.43898201161
-121.891 42.175 -0.000446794633628 -0.000851944504744 -8.81352010428e-05 0.00914402473709 3.4042 3.7583 -20.1888535845 2.69448641234 0.290502189854
-120.834 42.0472 0.000275417743208 -0.00017503186571 -0.00580969713713 0.000143566478319 4.70629 4.82928 2.13256770131 2.55796454137 0.321127702263
-119.34 42.0187 0.000142430718778 -0.000306509825149 0.0128522770671 -0.000720716577082 3.25712 3.22588 7.38437417344 3.24637847496 0.221035830473
-118.344 42.1901 -1.76935282275e-05 4.97240557164e-05 -0.00605525062778 -0.00155414963487 5.44792 5.42803 1.67536861593 -0.517509908953 -0.0343081916494
-117.667 42.0192 0.000187332309739 -0.000325810292054 -0.00769645690208 2.45629264318e-05 5.58551 5.31883 -3.67600001049 3.69370566435 0.310631510668
-116.471 42.0773 -8.27178943609e-05 -0.000470958466881 0.00871807149843 -3.82709538783e-05 3.52341 3.41746 4.14769516297 4.23117025412 0.0604074182648
-115.754 42.1669 -0.000608504975207 -0.0005735301604 -0.0019998859857 0.00117521014584 4.5438 4.67835 0.371978150588 3.2408882942 -0.368905364364
-115.016 42.146 -7.32382780338e-05 -0.000622214470282 -0.00388454272471 -0.00184791592582 4.74455 4.98279 -2.23842467027 5.49518329368 0.17185128221
-113.944 42.0886 0.000420478901796 9.80759269182e-06 0.00294907437209 0.000154720914925 3.76904 3.71856 2.6999208152 1.15066444731 0.399277569405
-112.386 42.0041 0.000153263999812 -5.60867582538e-05 -0.00165395336781 0.00216756775172 3.96503 3.94911 -3.29440363927 1.1218317932 0.163118906288
-111.432 42.0149 5.19853660719e-05 -6.18693351771e-06 0.00215957822925 -0.00010308764538 3.88346 3.87336 0.997290296992 0.218582749027 0.0515172669081
-120.74 38.7552 -0.000230088089702 -0.000687715946739 -0.00733165032258 -0.00510357215424 5.8688 4.31354 3.34084764833 5.32266044927 0.0278450361005
-124.122 41.8473 0.000235344842108 0.000266940505361 -0.00834630373174 -0.00150779957039 4.77292 4.79013 -2.82316689468 -1.09444815011 0.0739257361573
-122.854 41.392 0.000691780498684 0.000737652738849 -0.00107765403197 -0.0035151884694 4.36137 4.40066 5.31594402507 -4.25295559613 0.39204845806
-122.122 41.2742 0.000270734791364 -0.000596614356995 0.00228388994694 -0.00804152935838 4.18242 3.85278 14.7646707094 6.02584459316 0.373915308411
-121.839 41.7826 -0.000404269756584 -0.00215487967519 0.000150075904749 -0.00089484368005 4.05676 4.27444 -11.0276419374 14.3343265064 0.940500979774
-121.146 41.3593 -0.000191563291505 -0.000632812869549 -0.00271811903434 -0.00536674183734 4.84258 4.68219 12.2513158008 5.52234186067 -0.0529824884815
-120.477 41.2047 0.000460135711948 -0.000531093450749 -0.00768035190917 -0.0144371525039 5.82994 5.9358 33.1175842362 4.33792954981 0.370508303467
-119.171 41.3884 -6.88076148231e-05 7.35520773089e-05 0.00536498813698 0.0065358965803 3.53921 3.53697 -4.04505202568 -0.940674950166 -0.0948233012271
-118.379 41.4483 2.54816698433e-05 -0.000461819702932 4.25443015088e-05 0.00567760733165 3.9277 3.99583 -4.58237714514 4.12799459445 0.233867746664
-117.45 41.423 0.000333730361773 -3.67685681079e-05 -0.0034361054113 -0.00397921980966 4.81555 4.73353 9.75422137559 1.05116391331 0.333929640456
-116.54 41.522 -4.33498282141e-05 -0.000115258069179 0.00352250642104 -0.00245668942047 3.98877 3.89505 4.26403039741 0.965761911833 -0.00745076343713
-115.791 41.4311 8.89471400743e-05 -0.000779259377216 0.00232413901804 -0.000583784299949 3.88433 3.8456 1.01651661506 7.6105846344 0.348799999387
-114.915 41.4157 5.12592157495e-05 -0.000376431870078 -0.0030034694343 -0.00173008084897 4.64575 4.4094 0.465222218474 3.73015803337 0.176132993818
-114.165 41.3602 -8.47994414026e-05 -0.000401784131283 -0.00121960258017 -0.000917614585439 4.40563 4.28974 2.60203297387 3.6215400764 0.0380818100851
-113.347 41.503 2.16601423434e-05 -0.000189359139216 0.000904917931209 0.00122480292654 3.91753 3.93725 -0.729863193554 1.88451114473 0.0852133380903
-112.448 41.4632 1.68076862888e-05 -0.000107588956502 0.000938625724218 0.000523199271274 3.84348 3.84871 -0.181645204432 1.09790596007 0.0507491647996
-123.306 40.822 0.000812761097495 -0.000836768880382 0.00204615072389 0.00276189103697 3.86348 3.99481 -0.575900226753 10.4130444722 1.10076530428
-119.835 40.7484 3.47819752879e-05 -4.59280939507e-05 -0.00995072057288 -0.00286820040135 6.29841 6.4492 -6.41570094472 0.550554002084 0.0530824875804
-118.971 40.7797 0.000810250801502 -3.26083739227e-05 0.00951451066303 -0.00152889814575 3.27771 3.20466 4.97003073362 2.73333655096 0.780552159963
-118.134 40.7811 -0.000362967209781 -0.000558876873866 -0.00112984623715 -0.00655473780334 4.19734 3.96262 14.2516417045 4.89645818359 -0.27961442593
-117.524 40.852 -0.000221113584755 -0.000177858712444 -0.000116261781874 -0.00273184718406 4.54225 4.78056 2.53522902431 0.92069481014 -0.149019200266
-116.508 40.7186 0.000512250926759 -3.34835513114e-06 -0.00237513924449 0.00111791379842 4.43415 4.74277 -3.50508390436 2.16123251839 0.466125216341
-115.736 40.8167 -0.000130615749367 -0.000548143421801 -0.00018905536454 0.00323634678649 4.05909 3.98734 -5.91814186103 4.28489926669 0.130436773511
-115.039 40.8522 -0.000426554248805 0.000144581467311 -0.000461926659504 0.00303454442677 4.12011 4.19186 -1.49038955282 -2.93590374601 -0.449697704274
-114.204 40.8556 0.00015810114958 -9.16037499697e-05 0.00139079525236 -0.00282697121505 4.15407 4.20305 10.9417501219 1.15921461008 0.170404485287
-113.187 40.8513 -9.31825458215e-05 -0.000382764763797 -0.00287044740363 -0.00255942967418 4.51941 4.47566 4.76996246257 3.52908944828 0.00523056621372
-112.52 40.8903 -6.58834885518e-05 -7.25574199392e-05 0.00348563172753 -0.00179091688382 3.80951 3.87159 6.32578296139 0.578432934624 -0.0486839849149
-111.437 40.8869 0.000262946441026 -9.3073510023e-05 -0.00235196475225 0.000111243980137 4.10408 4.07907 -1.02618535237 1.79234899911 0.278926639152
-123.82 40.1398 0.00038925004782 -0.0014831071004 -0.00967575443279 0.00105879560277 4.41832 4.56403 -1.14468656171 13.907467437 1.02728721497
-122.788 40.1767 0.00158873193325 -0.00132659606379 0.0129579237471 0.00012405004348 2.90246 2.88176 9.54221210505 16.0588241471 1.89249259111
-122.032 39.9971 -0.000104579655365 -4.10219938045e-05 0.00292133625563 0.00090398747427 3.74447 3.4436 0.357663273314 -0.0594532199119 -0.077959651123
-121.086 40.32 -0.000569433636353 -0.00100480941439 -0.00748056783372 0.00258485958381 5.08211 4.80371 2.14848761575 6.79918962215 -0.14683387496
-120.918 39.962 -0.00158734892437 -0.000734867576147 -0.00900139396535 -0.00752742164219 6.07304 6.67441 1.53833434951 0.61931244307 -1.18060481034
-118.877 40.1614 0.000258132034074 0.00041050595397 0.00630933704008 0.00165026789116 3.53542 3.48902 3.78500816632 -2.93573984681 0.109390634503
-118.155 40.2903 0.000270516388334 -1.69212643819e-05 0.00184781731666 0.00250030010267 3.81113 3.6785 -1.18246516518 1.20712925194 0.254627522819
-117.19 40.1697 -4.54750960604e-06 -0.000963680045363 -0.00229495789479 0.00952973644117 3.75345 3.73395 -23.2011547901 6.65484273978 0.678282661161
-116.5 40.2917 0.000300407358015 -0.000591833017727 -0.00500388140172 5.35409089019e-05 5.05822 5.29689 -3.76122544103 6.54963166653 0.523238927568
-115.657 40.1313 -0.00018722160514 -0.000282089813441 0.001834721224 -0.00071706870623 3.8262 3.75156 4.82795663021 2.18176081502 -0.102309985614
-114.745 40.2679 -0.000182093327518 -0.000234633791797 0.0042219542573 -0.00319618351201 3.56702 3.6099 10.295803905 1.99958319672 -0.138912287555
-113.981 40.1314 0.00063165943288 -0.000270988443344 -0.00236032820578 -0.00263329314551 4.53166 4.57787 3.8177490781 4.3675790309 0.681757563147
-112.469 40.2807 -2.66679198374e-05 -0.000277990500908 -0.0009264285492 0.000820373719554 4.33837 4.35444 1.37764872629 2.62329556143 0.05762734088
-111.502 40.2067 2.67625901625e-06 4.98203037441e-05 -0.000368749277544 0.00103687772151 4.10918 4.14424 -0.139507390387 -0.47718279509 -0.0130968357381
-123.338 39.469 0.000367010568958 -0.000530527564328 0.00618772383114 -0.00602885955542 3.76337 3.74166 8.65389353391 5.72171894368 0.507242837758
-120.608 39.3028 -0.000439667055086 -0.0011277373019 -0.00489072473898 0.00692501638428 4.05118 3.93295 -14.2533710196 5.83165354142 0.352864439321
-119.898 39.6785 -0.00046036552125 -0.000206991315667 -0.000744748436639 0.00503044226144 4.12229 4.28417 -7.72874534506 -0.595423034624 -0.285945456505
-118.889 39.5399 0.00019336943396 0.0003126494809 0.00585943603387 -0.00183025710031 4.01921 4.1796 7.48311843586 -2.41362566431 0.103376701002
-118.08 39.6946 0.000839526551863 0.000120141269383 -0.00862861694916 0.00253809815517 4.94904 5.13961 -15.7646589868 4.12157479014 0.58617211279
-117.14 39.5516 0.000170105748038 0.000115250355904 -0.000320026781145 -0.000847311374917 3.82055 3.5965 0.996015306227 -0.464927108964 0.118216286846
-116.464 39.6202 -0.000228118381761 0.000126044647057 0.00777580473811 -0.000883070124916 3.01346 2.89779 7.67889182906 -1.73628069716 -0.251411121902
-115.754 39.553 1.14978140582e-05 0.00026618886726 -0.00560774442929 -0.00257551291939 4.46528 4.28611 5.40949447204 -2.5104494324 -0.0598546351319
-114.908 39.4731 -0.000268199861727 -9.226981321e-05 0.00479891828039 0.00133756731572 3.7577 3.72016 1.42619203926 0.00425059583514 -0.223855786302
-113.069 39.5906 -0.000323438586744 -0.000246663182022 -0.00547398498402 0.00163097503277 4.48325 4.22542 -3.48171910091 1.04385757589 -0.203547783476
-112.279 39.5708 -0.00121429831948 -0.000168264110006 0.00492153193579 0.000168852397525 3.71998 3.82112 1.12180555821 -2.09365199778 -1.10711151107
-111.66 39.6092 6.29026962097e-05 7.13154433298e-05 -0.0022722368349 -0.00126923981641 4.37529 5.03577 1.79639132288 -0.517407727545 0.0400898625968
-110.74 39.473 0.000487866201619 -3.73028644653e-06 -0.00189427366704 -0.00295948402271 4.3463 4.42281 2.65988777459 1.3425589474 0.472109157425
-122.015 38.6333 0.000335755760503 -7.21161971767e-05 0.00354512593298 -0.00722400797123 3.78583 4.44817 7.50895280708 1.58235297289 0.341983143284
-121.377 38.839 0.00230599316499 -0.000331028580469 0.00329728649263 -0.00205200937061 4.10578 3.86373 2.2874469325 11.0913888146 2.26037796664
-118.808 38.9383 0.00023539825216 0.000485528169663 0.00575704729865 -0.000861078029792 3.8531 3.97935 6.39489368653 -3.84620487338 0.0886793783483
-117.932 38.8606 0.000421229883884 -0.000112746533245 -0.00584264512407 -0.00352470981006 4.65683 4.5953 -1.65302721413 2.65455798962 0.430803508949
-117.182 38.834 -0.000238200978871 0.000651008327443 0.00367009842036 -0.00710406841261 4.17646 4.16062 17.711159112 -6.50154288889 -0.283527939527
-116.4 38.8247 0.000312188083708 0.000437608900118 -0.00285180625983 -0.000954394494839 4.49994 4.784 2.26533998491 -3.06624262119 0.152765140823
-115.654 38.8455 0.000358052103866 0.000562710059801 0.000714094482591 0.00217024977215 3.90955 4.01437 0.976511799054 -4.03285717319 0.146131266963
-114.83 39.04 -0.000402891608708 0.000288335444081 0.00304242119097 0.000158807703246 3.69773 3.74011 0.493719933092 -4.05942221274 -0.476691974906
-114.02 38.9551 0.00051840064496 -0.000152664427963 -0.00033507625623 0.00327571383196 4.21187 4.40116 -7.06810487948 3.70988320018 0.53149532692
-113.277 38.9882 0.00041224439743 0.000830424678074 -0.00464212560244 0.00068408572199 4.57723 4.37268 -5.59479146246 -5.84529136146 0.0243857108609
-112.379 38.9995 -0.000503507318141 -6.20824937624e-05 0.00409788994395 -0.0014294582947 3.82319 3.83567 0.417031872837 -1.00910124532 -0.458462199708
-111.172 38.9176 0.000315325132347 -0.000142219999885 0.00127667494171 -0.00354306248803 4.13283 4.19946 2.94275318075 2.24781113418 0.341440639667
-110.133 39.1025 0.000437975488453 0.000202534081391 -0.00403880060651 -0.00353148016191 4.46638 4.43854 2.54456109657 -0.868114023872 0.371695376042
-120.936 38.2571 -8.95969443352e-05 0.000330352603742 -0.00680835723094 0.000767902345697 4.74278 4.32353 -2.01812207288 -3.16972709156 -0.225998097546
-120.076 38.7028 -0.00246295926947 -0.000153343533077 -0.00123847234914 -0.00361136853241 4.80283 4.62674 0.217824799336 -7.96862536225 -2.19974259352
-119.451 38.5226 -0.000629791307245 0.000337457898906 0.00585773552899 -0.00430242933333 3.48166 3.66228 8.99137392209 -4.60606192952 -0.693325028875
-119.047 38.089 -0.000124806217537 -9.77738612879e-05 0.000617960993778 -0.000148401011887 3.94767 4.23501 -1.97320772646 0.346686670342 -0.0720946121993
-118.106 38.3489 0.000766051619298 -0.000283017909809 -0.00394340237192 0.00597927795308 4.24449 4.33308 -9.18018040367 6.20063899588 0.801036780848
-117.072 38.2397 -0.000133459622831 2.91008909309e-05 0.00278297017893 0.00442329220787 3.86913 3.92868 0.372638177394 -0.736398564014 -0.13491731402
-116.302 38.2886 0.000256251645584 -0.000178339826972 -0.00178570226148 0.00148315988841 4.12855 4.30521 -2.56997622153 2.61347616614 0.306377918144
-115.585 38.3489 9.61535358696e-05 0.000100893364593 0.00079635300933 -0.00243681923007 4.16654 4.22475 4.65272278254 -0.693896452029 0.0644391768324
-114.608 38.3281 0.000477134340879 -0.000182389923685 0.00180121891477 -9.81254921656e-05 4.15237 4.23402 -1.54410917305 3.43928602816 0.510762581733
-113.969 38.1802 6.76865581496e-05 -0.000540579954659 -0.00413642612372 0.00141739306061 4.61322 4.66821 -6.77328464112 5.13762989157 0.3018145388
-113.021 38.2987 -0.000102905494362 0.000436993117926 -0.000432286798061 0.00202208689346 3.91321 3.99398 -7.86088291266 -4.39494639337 -0.29012733023
-112.277 38.2108 0.000138048262974 -8.66212020855e-06 0.00501614387439 0.000347001798049 3.60033 3.62694 -1.70430517603 0.570013852296 0.132412102799
-109.894 38.3862 0.000943821183574 0.000777961632985 -0.00621660401919 -0.00164839332255 5.19491 4.72394 -0.052576821159 -4.781127149 0.669981256419
-109.261 38.2916 0.00050404902419 0.000199766171506 -0.00277735248995 -0.00269838333607 4.49321 3.98256 0.210739720969 -0.488333061862 0.42569385427
-121.328 37.5049 -0.000165391380292 0.00016911804308 0.000387106153522 0.00346308257191 3.96086 3.80205 -3.10768329065 -2.11964581211 -0.224690518764
-120.33 37.346 -0.000741645979456 0.000437446544681 -0.00595767752573 -0.00186598586274 5.03776 4.47293 -5.36474271942 -7.00861255258 -0.860747538762
-119.849 37.8817 -0.00151596747784 -0.000657424722554 0.00129881697434 -0.000712706943296 3.95876 4.03243 1.31187240335 0.371789641779 -1.15749251528
-118.171 37.4993 -2.42345534517e-05 0.000230921038702 0.00496851469768 -0.00820861996945 3.7764 3.81402 8.43878467913 -2.21333809087 -0.078915568964
-117.225 37.7243 9.15443379822e-05 -0.000229553722518 -0.00139562772384 -0.00357055436611 4.35087 4.33028 2.18134533499 2.39801641125 0.163103768112
-116.595 37.923 -5.91975415074e-05 -0.000148480919398 1.17121739555e-05 0.00213746169188 4.26639 4.34491 -4.06643665763 1.06196706198 0.0102675684285
-115.747 37.6444 0.000201766500061 -0.000103170427695 0.00113912474993 0.00181362371312 3.89186 4.13583 -1.99055752243 1.70351525316 0.225984069935
-114.849 37.6083 0.000505328065355 -0.000278420060439 0.00222760914486 -0.000760697692397 4.00511 3.97566 -0.99022528941 4.38322705742 0.571888045061
-113.86 37.5808 -0.000390272716352 -0.000247763757666 -0.00341995131676 -0.00318764147564 4.97698 4.72328 4.23357370397 1.34774882089 -0.310294983547
-113.168 37.7601 -0.000498563342904 -0.000137582505625 -0.00189032314148 -0.00165168645398 4.66508 4.90462 0.648961776148 -0.286869367522 -0.428679578953
-112.363 37.6761 -4.51216369521e-06 -3.87000236853e-05 0.00419845634177 0.00389774353213 3.54328 3.56508 -4.89539207285 0.340136354281 0.011390212373
-109.995 37.6903 0.000100262104227 0.00091243767068 -0.00453267268979 0.000847749871531 4.51705 4.50809 -2.52784864705 -8.49696379809 -0.215627940304
-109.137 37.7459 -0.000200466544843 0.00252472224044 -0.00506909650713 0.00108830425151 4.63716 4.60756 -1.62045882823 -25.5306716133 -0.988546595447
-121.786 39.2291 -2.16006795346e-06 0.00176626354666 -0.000769643827729 0.00834494292811 3.55461 3.79885 -15.6354754192 -12.6702893969 -1.1464066789
-120.674 36.8953 0.000112486778186 0.000116604617717 -0.00395434211904 -0.000572926772942 4.93751 5.03251 -4.90188805162 -0.452188308849 0.04255133318
-119.709 37.0069 -0.000402527415175 -0.000229550780952 0.00143811207989 0.000101764994352 3.998 4.01839 -3.24613223684 0.245420498486 -0.257870149021
-115.22 37.2408 0.00030659250591 -0.000201945361514 0.00364114806499 0.00217433759729 3.79209 3.63473 -2.97610328759 3.02909808748 0.361647560426
-114.715 36.7256 5.17886745578e-05 -0.000838405346671 0.00513666790435 0.00340698575293 3.5806 3.52049 -0.296937569187 7.93874664348 0.341668605373
-113.907 37.0195 -0.000287097172058 0.000551748372833 0.000688466644823 -0.00228418482623 4.3996 4.27988 3.14937321426 -6.0807109653 -0.43227321544
-113.084 37.0615 1.1030862375e-05 -0.000157452334359 -0.00586426212944 -0.00389645749246 6.07314 5.87649 3.67240437817 1.55103207759 0.0527604575952
-112.382 37.0183 1.02291200311e-05 0.000124809352125 -0.00189311954694 -0.00386151586364 4.40706 4.26026 6.3087493795 -1.20689023758 -0.0169496260666
-111.506 36.9839 -0.00039886872193 0.000104711738559 0.00774070208745 0.00286486367526 3.34689 3.32583 0.952486591812 -2.22056362867 -0.411963018193
-109.874 37.1364 -0.0021197458784 0.000214124225992 -0.0123139580507 -0.00125272966164 5.03117 7.16376 -6.59480544433 -10.856683486 -2.02500492623
-109.025 36.8299 0.00208997907667 -0.00058916125699 0.0123641013603 -0.0113960010732 3.43908 3.62002 11.5901303853 8.04751830672 2.1348293123
-120.783 36.3627 0.000452727069393 -0.000159825520526 0.00526957357923 -0.00146288825675 4.07702 4.01754 1.70959423703 2.98334834875 0.479574680126
-120.12 36.3356 -0.000631055041175 0.000693850029347 -0.0123147281778 0.00926153839571 4.16053 5.82059 -24.6117313088 -8.78401470101 -0.937884002097
-116.33 36.4193 -0.000136632343141 -0.000189360211512 -0.00795411805443 -0.00144013371984 4.53232 4.60458 -3.10615041832 1.13449023919 -0.046849687264
-115.383 36.423 0.000342227523355 -0.000344209166488 0.000396677229307 0.00172945116783 3.96073 4.01016 -3.5191306257 4.45327851016 0.452893633379
-114.539 36.4321 -0.000304970006929 -1.82177668731e-05 0.00290317059642 -0.001143997181 3.80633 3.6661 4.47920092241 -0.635952622985 -0.288875131486
-113.965 36.4151 -0.000879757313717 0.000447884048025 -0.000238287496024 0.00411180852719 3.87402 4.08758 -9.2033052788 -8.11770099496 -0.986640176597
-113.18 36.4182 -6.04484898906e-05 -0.000224378699984 -0.000868662567962 0.00264670763496 4.29813 4.43719 -3.93898140868 1.82393597217 0.0327875890614
-112.291 36.428 -0.000258611641949 0.000524223118998 -0.001897528567 -4.93475956694e-05 4.39935 4.43011 2.05416408236 -5.80574022691 -0.398127271383
-111.13 36.1428 -2.18456533627e-05 -0.000120898746773 0.00156455883912 -0.000763076691261 4.03653 4.04807 -0.833028200892 1.09059608288 0.0184573791528
-110.662 36.5996 -0.000720859260475 -5.37736089671e-05 0.00468611602421 0.00494021095862 3.61664 3.49071 -4.10995007343 -2.23431430638 -0.648921759796
-109.87 36.4199 -0.00151886077243 -0.000390151612387 -0.0100534781469 0.00537223808752 4.65863 4.67268 -15.0386898852 -4.96550950474 -1.0744062094
-121.236 36.0214 0.000145143720256 0.000157667535266 -0.00396634497836 -0.0106503340628 4.71967 4.7994 5.51303094524 -0.960040453173 0.0872834586671
-120.87 35.636 -0.000794077934826 0.000304330930719 -0.0304171289505 0.00818118089551 6.30924 7.17667 -37.121373445 -7.84763970202 -0.651471354974
-119.903 35.8667 0.00200905806355 -0.00309835502822 0.00216631972793 0.0031343577936 3.80157 3.90465 -1.6931964862 34.4135330542 3.12905584033
-115.43 35.8384 -0.000252623495149 -0.000406246557336 0.00299030995984 -0.00699342714178 3.77403 3.70714 7.63505328194 3.32068290486 -0.155261235386
-114.851 35.7266 -0.000385549256449 -0.000328718018244 -1.24621516629e-05 -0.00812751986569 3.9785 4.02087 4.46812178267 2.08049357475 -0.281788639384
-113.984 35.8522 8.98137057714e-05 -0.000210493922132 -0.00157411029128 -0.00263284255426 4.38905 4.39496 -2.15930150277 2.26694203571 0.16178278496
-113.105 35.6339 -0.000408057465673 -0.000288168397196 -0.000427822760553 -0.00168529445734 4.37861 4.37347 1.67453897615 1.51515742244 -0.302326845569
-112.173 35.8191 -0.000270966035328 -0.000497550253747 0.000698423298335 -0.00378813327346 4.18371 4.43086 2.54049549316 4.05226345532 -0.122172223091
-109.933 35.7113 -0.00039505567296 0.000784067123019 -0.00500750001488 -0.000441468203957 4.28887 4.64832 -0.0234044530448 -8.88004768925 -0.611384574677
-109.046 35.7147 -0.000462061723581 -0.00146046907898 0.0101352412023 -0.000862826202507 3.37446 3.60563 7.9799835735 14.1646924132 -0.230944722258
-114.87 35.301 -0.000257786919101 -5.49893696901e-05 -0.00102684928788 0.0149984848923 3.57089 3.59001 -15.9942475189 -1.05922729466 -0.175480716776
-113.885 35.099 0.000134010429252 -8.94919944274e-05 0.000745477924974 0.0018731289092 4.02094 4.02501 -2.64353836079 1.32144060736 0.157941320142
-113.083 35.2127 0.000233627511724 -0.000113861980013 -0.000383549305041 0.00292092287989 4.08965 3.97882 -0.564583397933 1.85398157285 0.258361256837
-112.267 35.1787 -0.000426641601202 -0.00177949236298 0.000255070706187 0.0126443209149 3.77215 3.75796 -11.4532294083 13.2806918251 0.525473865706
-111.532 35.0951 -0.000313653424418 -0.000597674731415 0.0024551968941 0.000382396654543 3.95412 3.9468 -0.865566506723 4.65802718081 -0.100076081274
-110.713 35.0789 -0.00101233645545 -0.000305744375962 -0.000870551880119 -0.00338819079682 4.15102 4.25925 2.54047094668 0.283689667976 -0.895852214855
-109.736 35.1181 0.000266555642931 -0.00161248469919 0.0057433442436 -0.00498230146371 3.72383 -nan 19.7026335954 16.3945052699 0.198157130215
-109.388 35.1118 0.00583443889811 -0.00057213324442 -0.0134300739304 -0.00634754371942 5.25454 -nan 13.4241786788 9.69732855352 5.85906445811
-112.891 34.4692 0.00165627688761 -0.000270181685543 -0.00525067304332 -0.00384792396456 5.3768 4.56041 3.55771280505 6.99871404921 1.66820263718
-112.237 34.4866 3.5909813724e-05 -0.000850459607771 0.00141362635429 -0.0109347976166 4.26366 3.70633 25.1538174255 8.41767703283 -0.0598965683328
-111.441 34.4178 -0.00126655486295 0.000279921904856 0.000556393161652 0.00705547499473 3.81301 5.03952 -2.29007814952 -7.11937845886 -1.28423753025
-110.806 34.3371 0.00043518194734 -0.000541729219025 0.000352105170916 0.0111665762967 3.5074 3.3732 -10.0531782806 6.91288016114 0.638345181209
-109.95 34.5293 -0.00067213430624 -0.00149383878916 0.000607161990687 0.0041670549537 3.74896 3.37802 -1.96175277075 12.1104247839 -0.138325443588
-109.29 34.4275 -0.00181997200851 -0.000731106381378 0.00184519522589 0.00281055848051 3.8839 4.40365 2.37399764934 2.52460005424 -1.5752433112
-113.829 33.8142 0.000160531319846 9.11612579193e-06 -0.00869308980057 0.00131395254714 4.17943 4.78009 -1.52121540337 0.485490046904 0.146475821278
-113.005 33.9383 0.00129880875437 0.000384772554319 0.012110284629 0.000283647490481 2.78211 2.74286 6.78463394503 -0.974666203759 1.18653279977
-112.333 33.9535 -0.000202182677356 0.000504529818853 -0.000538380810671 -0.0125220290212 4.09451 3.96808 21.1904056485 -4.94552871539 -0.180543152657
-111.478 33.8798 -0.000793587446101 -0.00220022549401 -0.00882343022837 -0.011307501643 7.30088 8.27013 65.1954367412 20.9370243251 -2.14902410296
-110.844 33.6953 -0.000211918180215 -0.00063359370778 -0.0115120384557 -0.010880924362 6.74431 6.87748 18.1746024839 6.41043254843 -0.214610085167
-110.034 33.7776 -0.000898535352923 0.000716690194157 0.0135530203849 0.00410681445364 2.93562 3.09392 1.87307680078 -9.48628488217 -1.05826898366
-109.254 33.9571 -0.000481255971875 -3.18861803978e-05 0.00353927771165 0.000637784113272 3.59907 3.48173 6.28404976024 -0.600857135602 -0.466820389561
-112.946 33.3627 0.000338944732413 0.000770089421035 0.0188692884757 0.0032393466244 2.86207 2.84512 2.29095029816 -6.33312937401 0.101955654102
-111.427 33.341 -0.000367439131542 -0.00130060655438 -0.00992659742741 -0.00060153607915 5.11324 4.57098 -2.38893158915 10.9189555896 0.114648214019
-110.472 33.2969 -0.00206957859036 -0.000300210326781 -0.00593389061273 -0.00949567831193 6.86755 7.34225 23.217394014 5.02698036763 -2.08879533949
-110.036 33.0851 -0.00115577374216 -0.000507257472981 0.00356693692995 -0.00636880466789 4.07757 4.78956 14.9939120751 4.63242614638 -1.13246877688
-109.266 33.2921 0.00185445163349 0.000437039856002 -0.0116033810013 -0.00762475387454 5.14637 6.35097 5.74194404057 -0.653320561131 1.73231210516
