-109.97 32.6399 0 0 0 0 3.08116 3.48789 0 0 0
-109.303 32.7663 0.00319957432937 0.00499995010176 -0.000913774352321 0.00677696373937 4.05087 4.01954 -1.62778053455 -11.5498435654 -1.82850240074
-108.633 32.5466 0.00163908119334 0.0031691677325 -0.000802199854315 -0.00935416973023 5.97714 5.24876 19.4067515375 -31.5066717599 -0.168347993654
-107.785 32.5324 -0.00107110002024 -0.00263828103912 -0.00147434855252 -0.00654098934151 5.28911 5.20852 11.3010679738 22.9266173629 0.807879186411
-107.001 32.6995 0 0 0 0 4 3.85021 0 0 0
-106.262 32.6349 0 0 0 0 5.83746 6.97385 0 0 0
-105.454 32.7001 0.00251789610775 0.00250853841887 0.0014250211097 -0.00042067383935 4.67482 4.50642 5.66914703378 0.381388244362 -0.00975070358465
-104.657 32.6588 -0.00143233927029 0.000993080351071 -0.00885083885783 -0.00149380274604 5.59847 5.18065 -2.86357850435 -28.9921242399 -1.6423076672
-104.02 32.6462 -0.00212594650658 0.0015326149391 0.00852700110062 0.00820673972716 3.36941 3.35464 10.6684182665 -42.5659544675 -2.60928058833
-103.357 32.6764 -0.00127166947965 0.001124653558 -7.66486693198e-06 0.00476426074458 3.7571 3.78064 3.37898614152 -28.3722555864 -1.68373177885
-110.046 31.9737 -0.00168657787787 -0.00414698789374 -0.00225129856673 -0.0058277620103 5.18375 5.17394 7.7970747224 32.217913039 1.49140571312
-109.259 31.9989 0 0 0 0 4 4.25149 0 0 0
-108.527 31.9041 0 0 0 0 4 4.25868 0 0 0
-107.778 32.0094 0.00173600198011 0.00117295773893 -0.0120690609832 -0.00362205256503 5.55861 5.10494 -13.4516933612 17.0807662916 -0.288261976816
-107.101 32.1046 -0.00262022966529 -0.000449117856299 0.00487786745648 0.00375088339503 3.83814 3.71822 -2.14005422364 -29.8555496358 -1.2264916606
-106.428 32.0062 0 0 0 0 5.96454 6.10894 0 0 0
-105.523 32.076 0 0 0 0 5.4331 6.13954 0 0 0
-104.823 32.1101 0 0 0 0 5.37044 5.44479 0 0 0
-103.292 32.012 -0.000146895767857 -0.00059441521917 0.00703637556968 0.00258887856237 3.8298 3.84432 6.28970113128 5.01627222802 0.331489773239
-109.991 31.439 -0.0013038046961 -0.000185496071261 0.00290649329409 -0.00622458744892 4.36087 4.34049 8.83550965481 -11.6264415629 -0.860759199899
-108.528 31.3369 0.00076129521879 -0.00135259199747 -0.0113176488278 -0.0107276053148 5.60535 5.725 -5.30429564731 22.6061986461 1.54706766997
-104.971 31.3711 0 0 0 0 5.56404 5.58208 0 0 0
-103.979 31.3165 0 0 0 0 5.71929 5.97801 0 0 0
-103.492 31.3691 0.00180693893435 0.0024666024437 0.00370565058783 -0.00393976526484 4.53525 5.21883 17.9246308817 -15.8654203688 0.0361126308372
-102.81 31.3818 0.0028743409539 0.00170553096912 0.00504190271718 0.0108089927712 3.36137 3.36788 -1.87706026776 23.5723782712 0.206226910363
-104.986 30.7862 0 0 0 0 5.59781 5.61855 0 0 0
-104.029 30.6689 0 0 0 0 5.99834 6.04608 0 0 0
-103.402 30.8498 0 0 0 0 5.94692 6.49346 0 0 0
-102.685 30.7263 0.00130352718448 0.00255757207676 -0.00417960395575 -0.0130674605847 5.80235 6.35985 11.329059099 -16.0361759061 -0.805307363969
-104.09 30.0609 0 0 0 0 5.85029 5.97538 0 0 0
-103.612 30.1456 0 0 0 0 5.70119 5.63192 0 0 0
-102.788 30.1615 0 0 0 0 5.98579 6.51704 0 0 0
-104.133 29.554 -0.00129107268211 -0.000778614770907 0.00537444999395 -0.0122355169168 4.56463 4.59235 16.5035760135 -3.092952154 -0.53104247642
-103.389 29.4528 0 0 0 0 5.89584 5.99164 0 0 0
-102.888 29.4862 0 0 0 0 5.62884 5.56417 0 0 0
-115.653 48.9339 0 0 0 0 5.74215 5.73866 0 0 0
-114.413 48.933 0 0 0 0 5.84842 5.83923 0 0 0
-113.422 48.9725 0 0 0 0 5.91814 5.90084 0 0 0
-112.733 48.9777 0 0 0 0 4 4.00643 0 0 0
-111.597 48.9482 0 0 0 0 4 4.00065 0 0 0
-110.699 48.9448 0 0 0 0 4 4.00013 0 0 0
-109.846 48.9198 0 0 0 0 4 3.99945 0 0 0
-108.743 48.9286 0 0 0 0 4 3.99987 0 0 0
-107.926 48.8799 0 0 0 0 4 3.99997 0 0 0
-106.925 48.9912 0 0 0 0 5.97214 5.97203 0 0 0
-104.879 48.9592 0 0 0 0 5.31443 5.31414 0 0 0
-104.002 48.9239 0 0 0 0 5.84688 5.84414 0 0 0
-115.589 48.4694 0 0 0 0 5.66333 5.63645 0 0 0
-114.468 48.3739 0 0 0 0 5.96592 5.9684 0 0 0
-113.273 48.3609 0 0 0 0 4 3.99907 0 0 0
-112.562 48.3129 0 0 0 0 4 3.98864 0 0 0
-111.707 48.4128 0 0 0 0 4 3.99769 0 0 0
-110.799 48.2921 0 0 0 0 4 3.99853 0 0 0
-109.777 48.3943 0 0 0 0 4 4.00172 0 0 0
-108.944 48.4551 0 0 0 0 4 4.0002 0 0 0
-108.021 48.4389 0 0 0 0 4 4.00003 0 0 0
-107.017 48.4278 0 0 0 0 4 4.00002 0 0 0
-105.996 48.3008 0 0 0 0 4 3.99998 0 0 0
-104.991 48.4643 0 0 0 0 5.52325 5.52258 0 0 0
-116.256 47.8397 0.000538123271635 0.000484914192912 0.011620232032 0.00430789938738 3.25096 3.24408 1.33143915867 -3.44633561375 0.274339107663
-115.475 47.7092 0 0 0 0 5.84611 5.76318 0 0 0
-114.574 47.6795 0 0 0 0 5.48827 5.40602 0 0 0
-113.747 47.7687 0 0 0 0 4 4.0528 0 0 0
-112.607 47.775 0 0 0 0 5.96808 6.22807 0 0 0
-111.746 47.8012 0 0 0 0 5.78245 5.80029 0 0 0
-110.763 47.6327 0 0 0 0 5.79749 5.81136 0 0 0
-109.049 47.7343 0 0 0 0 4 4.00064 0 0 0
-108.004 47.7133 0 0 0 0 4 3.99995 0 0 0
-107.096 47.8264 0 0 0 0 4 4 0 0 0
-105.884 47.7456 0 0 0 0 5.93992 5.94003 0 0 0
-105.184 47.8026 0 0 0 0 5.80781 5.80766 0 0 0
-104.425 47.5302 0 0 0 0 5.9162 5.91532 0 0 0
-115.353 47.0528 0.0024859867562 0.000677138028101 0.00298943845649 0.00111293382179 4.17909 4.06892 -2.31320650618 11.577622301 1.79541788241
-114.459 47.0943 0 0 0 0 5.66087 5.272 0 0 0
-113.506 47.0816 -0.00355171647385 -0.00292333176546 0.00167919662722 -0.00223786061518 4.14233 4.39965 12.8321084555 32.2790228432 -2.65943414443
-112.52 47.0418 0.000286597565381 -0.000395323491397 0.00522009733085 -0.000430599198985 3.38321 3.45777 9.63908354582 7.99022904664 0.396827956249
-111.549 47.0308 0 0 0 0 5.24782 5.1482 0 0 0
-110.687 47.1523 0 0 0 0 5.98411 5.95535 0 0 0
-109.802 47.1961 0 0 0 0 4 4.01758 0 0 0
-108.88 47.1646 0 0 0 0 4 3.99877 0 0 0
-108.136 47.0911 0 0 0 0 4 3.99992 0 0 0
-106.994 47.0658 0 0 0 0 4 3.99992 0 0 0
-106.18 47.1498 0 0 0 0 4 4.00012 0 0 0
-105.207 47.173 0 0 0 0 4 4.00006 0 0 0
-104.327 47.1152 0 0 0 0 5.29085 5.28892 0 0 0
-115.571 46.4151 0.00121661181373 -0.000182542720601 -0.000855256112546 0.0037567477823 3.77674 3.77322 -6.12778960984 14.468305452 1.09653585242
-113.493 46.4162 -0.00185683124417 -0.00168676060337 0.00485641859181 0.000606865179363 3.81311 3.86515 11.5457129908 17.795135753 -1.25669607285
-112.641 46.4246 0 0 0 0 4 4.08518 0 0 0
-111.676 46.5336 0.00219419502567 0.0012149739935 -0.00498769100297 -0.0121347523966 5.58576 5.63861 26.5615562331 -19.2903376916 2.14149634503
-110.858 46.462 -0.00237457358341 -0.0017277591487 -0.00606050212845 -0.0129106483241 5.92371 6.35927 36.6474865825 34.919358169 -2.58140295694
-109.914 46.5663 0 0 0 0 4 4.03938 0 0 0
-108.786 46.4611 0 0 0 0 4 3.99659 0 0 0
-108.13 46.5038 0 0 0 0 4 3.99533 0 0 0
-107.076 46.5408 0 0 0 0 4 3.99816 0 0 0
-105.949 46.4386 0 0 0 0 4 4.00001 0 0 0
-105.306 46.4978 0 0 0 0 4 3.99984 0 0 0
-104.307 46.5608 0 0 0 0 5.30802 5.30469 0 0 0
-115.255 45.7565 0.000973684399111 -0.000947288682544 0.0130051601972 -0.00047304377409 3.27407 3.26805 9.38326815774 20.857954699 1.2488615959
-114.332 45.7893 0.00119904336602 -0.000226735251603 -0.00200761780976 -0.00326966626039 4.23714 4.08739 6.55994575072 11.7238228914 1.18870894282
-113.37 45.8122 -0.0019812754881 -0.00129602891569 -0.00477339603213 -0.00229303888105 5.15868 5.02723 13.0507301782 11.0992698543 -1.50887358558
-112.493 45.8409 0 0 0 0 4 4.2268 0 0 0
-111.626 45.7843 0.0022890903355 0.00120889389156 0.00688074689588 0.00999057720037 3.39594 3.48595 3.58520307164 -0.858765771481 1.50069525379
-110.659 45.9054 -0.000873292342114 -0.00105238399877 -0.00524239640057 -0.000773240214494 4.94774 4.63961 13.0500862557 12.9124365359 -0.525928367087
-109.716 45.9046 0 0 0 0 4 4.03884 0 0 0
-108.944 45.8538 0 0 0 0 4 4.05505 0 0 0
-108.149 45.8006 0 0 0 0 4 4.04894 0 0 0
-107.123 45.8231 0 0 0 0 4 3.99952 0 0 0
-106.257 45.7794 0 0 0 0 4 3.9996 0 0 0
-105.406 45.7212 0 0 0 0 4 3.99983 0 0 0
-104.445 45.8452 0 0 0 0 5.44447 5.44187 0 0 0
-114.233 45.0931 0.000896118549589 0.000269704273211 0.00274779729769 0.00511409998505 3.6083 3.58027 -0.569939518699 4.18083828844 0.616490380821
-113.46 45.2432 0.000394302862758 0.000315235779868 -0.00532668350123 -0.00393960988736 4.5468 4.3642 6.44459121168 -2.05515086605 0.225835822108
-112.489 45.166 -0.00282322610177 -0.00170852559606 0.00445050449853 -0.00804212225392 3.84619 4.0633 11.6959302157 11.2238614601 -2.08293878089
-111.805 45.2285 0 0 0 0 5.72568 5.98747 0 0 0
-110.74 45.3212 -0.000709787734595 0.000297187018228 0.00366315970827 0.00299182082584 3.83037 3.7264 4.96442955979 -9.96994945458 -0.768060887163
-109.563 45.3171 -0.00481120894007 -0.000210909277679 -0.00220408439162 0.00166262124069 3.96999 4.02638 0.0722732571539 -39.9093742457 -4.00618551316
-108.214 45.2202 0 0 0 0 4 4.07841 0 0 0
-107.207 45.225 0 0 0 0 4 4.00321 0 0 0
-106.292 45.2189 0 0 0 0 4 4.00047 0 0 0
-105.391 45.2012 0 0 0 0 4 3.99996 0 0 0
-104.416 45.328 0 0 0 0 5.73478 5.72978 0 0 0
-111.248 44.7038 -0.00141680309786 -0.000113119837381 0.0023975138888 0.00362078719426 3.72315 3.6537 4.29953227423 -9.64777803627 -1.19877054103
-109.664 44.6769 -0.00506615310811 -0.00010877223047 -0.00276625780278 0.00170296120562 4.59687 4.6879 5.29141848568 -38.1209137445 -4.45890952335
-108.986 44.6704 0 0 0 0 4 4.22471 0 0 0
-107.999 44.4868 0 0 0 0 4 4.01069 0 0 0
-107.042 44.6277 0 0 0 0 4 4.00058 0 0 0
-106.352 44.5943 0 0 0 0 4 4.00016 0 0 0
-105.401 44.562 0 0 0 0 5.89997 5.90103 0 0 0
-104.552 44.7473 0 0 0 0 5.78894 5.78955 0 0 0
-110.576 43.92 -0.00126108629633 0.00198430220065 0.0010228555861 -0.00240530920804 4.16916 4.22452 10.6618596129 -39.6860159652 -1.93563238125
-109.817 43.7013 -0.00370398869065 0.00308589684629 0.00195042539698 -0.00728593393183 4.39983 4.79589 24.7454689074 -62.5581032797 -4.15704655703
-108.994 44.0363 0 0 0 0 4 4.08557 0 0 0
-108.128 43.9496 0 0 0 0 4 4.02293 0 0 0
-107.292 43.8122 0 0 0 0 5.83686 5.82012 0 0 0
-106.484 43.8924 0 0 0 0 5.6741 5.5809 0 0 0
-105.463 43.9605 0 0 0 0 5.73678 5.73631 0 0 0
-104.626 43.8594 0 0 0 0 5.82231 5.82778 0 0 0
-111.612 43.2741 -0.00103879138107 0.00135891689157 0.0137753316484 -0.0147479985687 3.70587 3.81693 27.8605106606 -25.012143559 -1.19057499895
-110.712 43.3629 0 0 0 0 5.83953 5.98844 0 0 0
-110.02 43.2112 0 0 0 0 5.9047 6.65754 0 0 0
-109.053 43.2649 0 0 0 0 5.79341 6.13338 0 0 0
-108.084 43.3531 0 0 0 0 4 4.01333 0 0 0
-107.446 43.3459 0 0 0 0 5.92177 5.91331 0 0 0
-106.479 43.4126 -0.000122165953832 0.000318557386793 -2.68333757293e-05 -0.0133983287786 5.95348 5.99008 25.6559371753 -5.80510850008 -0.173888374988
-105.552 43.4036 0 0 0 0 5.75584 5.76449 0 0 0
-104.661 43.3305 0 0 0 0 5.98226 5.99166 0 0 0
-113.176 42.5452 -0.00330480277525 -0.000869711642806 0.00144930796173 0.00330550555512 3.90823 3.95881 -2.26102845934 -22.5328130892 -2.07929419588
-112.531 42.6852 0 0 0 0 5.73949 6.33025 0 0 0
-111.588 42.8321 0 0 0 0 5.55789 5.84153 0 0 0
-110.92 42.7507 0 0 0 0 5.26154 5.25354 0 0 0
-110.042 42.6372 0 0 0 0 5.83976 5.48849 0 0 0
-108.847 42.8247 0 0 0 0 5.79937 5.7451 0 0 0
-108.342 42.6579 0 0 0 0 5.79233 5.80369 0 0 0
-107.251 42.6332 0 0 0 0 5.43612 5.41149 0 0 0
-106.524 42.6507 0 0 0 0 5.82024 5.83619 0 0 0
-105.625 42.7546 0 0 0 0 5.72893 5.76101 0 0 0
-104.815 42.7225 0 0 0 0 5.82456 5.83363 0 0 0
-103.87 42.612 0 0 0 0 5.45462 5.44542 0 0 0
-103.178 42.7016 0 0 0 0 5.4829 5.58561 0 0 0
-102.236 42.7036 0.00210210135397 0.00149469527061 -0.0200419978391 -0.00274024243745 5.69123 5.98674 -12.1448307127 11.6609811941 0.19207103192
-102.627 39.0112 0 0 0 0 5.62384 5.63002 0 0 0
-113.24 42.0343 -0.00207232472293 0.000211867284511 -0.00797471453114 -0.00241397571356 4.85382 4.92615 -2.98628194953 -24.8058070302 -1.7387968938
-112.386 42.0041 0 0 0 0 5.54695 5.66705 0 0 0
-111.432 42.0149 0 0 0 0 5.94023 5.88926 0 0 0
-110.873 42.0995 0 0 0 0 5.6393 5.63416 0 0 0
-109.357 42.1012 0 0 0 0 5.74788 5.75296 0 0 0
-108.34 42.0073 0 0 0 0 5.99547 5.98253 0 0 0
-107.369 41.9641 0 0 0 0 5.8434 5.77242 0 0 0
-106.434 42.031 -0.0010146408436 0.000334171267902 0.000907846716497 -0.00130810580572 4.00339 4.04359 1.62820965775 -14.9914785833 -1.0164210367
-105.701 42.1143 0 0 0 0 4 4.03279 0 0 0
-104.933 42.0432 0 0 0 0 4 3.9988 0 0 0
-103.966 42.1548 0 0 0 0 5.78778 5.79866 0 0 0
-103.079 42.0367 0 0 0 0 5.44525 5.45892 0 0 0
-102.315 42.0837 0 0 0 0 5.99817 6.28035 0 0 0
-112.448 41.4632 0 0 0 0 5.9235 5.99642 0 0 0
-111.63 41.3146 0 0 0 0 5.52615 5.51931 0 0 0
-110.666 41.4729 0 0 0 0 4 4.00029 0 0 0
-110.067 41.4272 0 0 0 0 4 4.00098 0 0 0
-109.157 41.5047 0 0 0 0 4 3.99857 0 0 0
-108.187 41.4906 0 0 0 0 4 4.00094 0 0 0
-107.364 41.6067 0 0 0 0 4 3.98438 0 0 0
-106.596 41.4033 0 0 0 0 4 4.01188 0 0 0
-105.722 41.468 0 0 0 0 4 4.01305 0 0 0
-104.825 41.4676 0 0 0 0 4 4.00129 0 0 0
-104.055 41.4347 0 0 0 0 4 4.00097 0 0 0
-103.143 41.4661 0 0 0 0 5.89628 5.82958 0 0 0
-102.387 41.5281 0 0 0 0 5.45193 5.30456 0 0 0
-102.772 33.9696 0.000707157946632 0.000870629732434 -0.00505498367692 -0.00720608311932 5.25496 5.32826 4.4871661355 -1.4054816062 -0.147723460172
-112.52 40.8903 0 0 0 0 5.80618 5.84431 0 0 0
-111.437 40.8869 0 0 0 0 4 4.00021 0 0 0
-110.834 40.9425 0 0 0 0 4 3.99998 0 0 0
-109.673 40.9763 0 0 0 0 4 3.99991 0 0 0
-109.177 40.8936 0 0 0 0 4 3.99997 0 0 0
-108.263 40.8338 0 0 0 0 4 4.00047 0 0 0
-107.52 40.76 0 0 0 0 4 3.99897 0 0 0
-106.454 40.8023 0 0 0 0 4 4.00164 0 0 0
-105.944 40.8947 0 0 0 0 4 4.00082 0 0 0
-104.882 40.8271 0 0 0 0 4 3.99924 0 0 0
-104.087 40.8132 0 0 0 0 4 4.01184 0 0 0
-102.537 40.8063 0.00204584697397 0.00269701972802 -0.000202581815305 -0.0154343816712 5.4593 6.09221 29.9861110882 -38.9218068132 1.46516552234
-112.469 40.2807 0 0 0 0 5.89256 5.90788 0 0 0
-111.502 40.2067 0 0 0 0 5.24982 5.24952 0 0 0
-110.738 40.1948 0 0 0 0 4 3.99998 0 0 0
-110.008 40.2655 0 0 0 0 4 4.00011 0 0 0
-109.124 40.2982 0 0 0 0 4 3.99972 0 0 0
-108.242 40.1348 0 0 0 0 4 4.00023 0 0 0
-107.47 40.2149 0 0 0 0 4 4.00043 0 0 0
-106.547 40.1618 0 0 0 0 4 3.99898 0 0 0
-105.918 40.2109 0 0 0 0 4 4.00014 0 0 0
-105.073 40.1227 0 0 0 0 4 4.0001 0 0 0
-104.12 40.1129 0 0 0 0 4 4.00018 0 0 0
-103.313 40.2422 0 0 0 0 4 4.06848 0 0 0
-102.479 40.19 0 0 0 0 5.97223 6.68656 0 0 0
-112.279 39.5708 0 0 0 0 5.17238 5.17734 0 0 0
-111.66 39.6092 0 0 0 0 4 3.99843 0 0 0
-110.74 39.473 0 0 0 0 4 4.00025 0 0 0
-110.246 39.6279 0 0 0 0 4 3.99939 0 0 0
-108.981 39.6333 0 0 0 0 4 4.00076 0 0 0
-108.391 39.4998 0 0 0 0 4 3.99845 0 0 0
-107.449 39.524 0 0 0 0 4 3.99829 0 0 0
-106.759 39.5952 0 0 0 0 4 4 0 0 0
-105.839 39.3741 0 0 0 0 5.19764 5.19829 0 0 0
-104.908 39.5144 0 0 0 0 4 4.00004 0 0 0
-104.168 39.5125 0 0 0 0 4 3.99962 0 0 0
-103.346 39.5602 0 0 0 0 5.91497 5.9157 0 0 0
-111.172 38.9176 0 0 0 0 4 4.00076 0 0 0
-110.133 39.1025 0 0 0 0 4 4.00004 0 0 0
-109.263 38.9553 0 0 0 0 4 4.02018 0 0 0
-108.296 38.9541 0 0 0 0 4 4.01839 0 0 0
-107.574 38.8347 0 0 0 0 4 4.02152 0 0 0
-106.91 38.8627 0 0 0 0 4 3.98913 0 0 0
-105.834 38.9045 0 0 0 0 4 3.99857 0 0 0
-105.149 38.9641 0 0 0 0 5.73166 5.73246 0 0 0
-104.247 38.9145 0 0 0 0 4 3.99934 0 0 0
-103.52 38.9234 0 0 0 0 4 4.00045 0 0 0
-112.277 38.2108 0 0 0 0 5.75807 5.76702 0 0 0
-111.483 38.2843 0 0 0 0 5.88642 5.87159 0 0 0
-110.711 38.4187 0 0 0 0 4 4.00037 0 0 0
-109.894 38.3862 0 0 0 0 4 3.98366 0 0 0
-109.261 38.2916 0 0 0 0 4 4.00849 0 0 0
-108.379 38.1888 0 0 0 0 5.92211 5.90675 0 0 0
-107.55 38.3685 0 0 0 0 4 3.96986 0 0 0
-106.756 38.2289 0 0 0 0 4 4.00933 0 0 0
-105.826 38.1907 0 0 0 0 4 4.00644 0 0 0
-105.107 38.2315 0 0 0 0 4 4.00061 0 0 0
-104.283 38.1474 0 0 0 0 4 3.9982 0 0 0
-103.447 38.3009 0 0 0 0 4 3.99993 0 0 0
-111.596 37.7222 0 0 0 0 5.67254 5.69492 0 0 0
-110.802 37.6354 0 0 0 0 4 4.00046 0 0 0
-109.995 37.6903 0 0 0 0 4 4.00661 0 0 0
-109.137 37.7459 0 0 0 0 4 4.10181 0 0 0
-108.36 37.83 0.00382984686357 -0.000593556742374 -0.00268059821574 -0.00319767904759 5.66558 5.62517 4.06857206075 48.6147005896 3.33749243242
-107.792 37.662 0 0 0 0 5.82706 5.41878 0 0 0
-106.829 37.7461 0 0 0 0 5.82073 5.73374 0 0 0
-106.002 37.7059 0 0 0 0 4 4.02424 0 0 0
-105.213 37.6407 0 0 0 0 4 4.03585 0 0 0
-104.435 37.6606 0 0 0 0 4 3.99694 0 0 0
-103.471 37.6216 0 0 0 0 5.63748 5.6283 0 0 0
-110.804 36.9969 0 0 0 0 5.62271 5.69371 0 0 0
-109.874 37.1364 0 0 0 0 5.63253 5.84833 0 0 0
-109.025 36.8299 -0.000712254920737 -0.0052621976523 0.0035344551313 -0.000282529941413 4.09424 3.97131 6.87979612691 62.4412903047 2.64496219066
-107.534 36.9914 0.0030799684288 0.00133363193221 0.00373028622511 -0.00709403401095 4.56629 4.72217 16.3176073289 5.05475348692 2.06809675779
-106.903 37.0138 0 0 0 0 5.56252 5.15669 0 0 0
-106.037 37.0361 -0.00217966711718 -0.00174976082273 0.00375603921504 -0.00244500006853 4.17233 4.21849 17.1886869977 8.58113613496 -1.08954757401
-105.052 37.0738 0 0 0 0 4 4.08703 0 0 0
-104.411 37.1388 0 0 0 0 4 4.00333 0 0 0
-111.13 36.1428 -0.00101568151776 -0.0017785518502 -0.000256581788749 -0.0106250991874 5.36006 5.53133 17.0214275197 18.321301611 -0.079656210124
-110.662 36.5996 0 0 0 0 5.27769 5.33652 0 0 0
-109.87 36.4199 0 0 0 0 5.4539 5.00776 0 0 0
-109.208 36.2925 0 0 0 0 5.06846 4.46464 0 0 0
-108.52 36.3758 -0.00320205078029 -0.00239681032922 0.00075528503648 0.00754639594816 3.72044 3.65354 4.12476137154 -4.99576794922 -0.837191656188
-107.658 36.4277 0 0 0 0 3.12796 3.23831 0 0 0
-106.855 36.3773 0.00195298265775 0.00170805073352 -0.00590275200968 -0.00681626110056 5.8701 4.97739 9.88857107465 -3.88280255393 0.573095710399
-106.192 36.3289 -0.00235401201229 -0.00031934493297 -0.00328981496528 -0.00251503476288 5.45422 4.68387 10.573634076 -18.8150009977 -1.7236390552
-105.278 36.4093 -0.00219210856601 -0.000583181116925 0.00547908712208 -0.00380980936338 3.70298 3.80638 17.0330333021 -9.77423272659 -1.6164159742
-104.408 36.3998 0 0 0 0 4 4.10751 0 0 0
-103.744 36.3945 0 0 0 0 5.8731 6.05076 0 0 0
-110.794 35.6218 0 0 0 0 3.11601 3.16629 0 0 0
-109.933 35.7113 0.00518966287847 0.00262096402508 0.00447960348838 0.00660976441285 3.35069 3.40133 1.10645995728 29.0604501472 1.87854205582
-109.046 35.7147 0 0 0 0 5.7276 5.41337 0 0 0
-108.466 35.7992 -0.00178721920603 -0.000548037925857 -0.00243701331777 -0.00372431982134 4.87312 4.73058 13.0151950476 -8.52898878192 -1.20206008831
-107.638 35.8054 -0.0010380686241 -0.00263584219354 0.00377737951279 0.00555181388782 3.07095 3.11564 8.48509485399 24.1725018672 0.796188244059
-106.909 35.9138 0.000842894968546 0.00103938045009 0.00238274217191 0.00605461814239 3.37851 3.40042 2.25804894613 -2.62263221651 -0.121501319683
-106.183 35.7452 -0.000407974773927 0.00272579140279 -0.00353833503027 -0.00581283502776 5.013 4.83121 8.2094008605 -39.9727668919 -2.0278190561
-105.272 35.7259 -0.00239573023945 -0.000615579651997 0.000540440869961 0.00358509744199 3.88193 3.87045 1.91078254897 -21.62753686 -1.23454900239
-104.616 35.8383 0 0 0 0 4 3.98931 0 0 0
-103.786 35.7964 -0.00104407606095 -0.0012703607375 -0.00284129860553 0.000829736216707 4.094 4.10124 -5.71725540236 -1.66811670369 0.414446841801
-110.713 35.0789 -0.000384075653298 -0.00204235370733 -0.00092639658887 -0.00272313332005 5.17544 5.42711 18.3022463396 26.8841184024 0.605246765627
-109.736 35.1181 0 0 0 0 3.17942 3.23963 0 0 0
-109.388 35.1118 0 0 0 0 3.07527 3.08792 0 0 0
-108.5 35.1259 0 0 0 0 5.74822 5.56615 0 0 0
-107.648 35.117 -0.000284014126268 -0.000526581009596 -3.5549629401e-05 -0.00400369248664 4.51732 4.28306 9.16013214641 4.00752084843 0.0999660116182
-106.867 35.0719 -0.00170293234496 -0.00120811319845 -0.000344853392199 0.00327433250781 3.5991 3.69779 2.79356033405 -5.69504179773 -0.358924181188
-106.15 35.1605 -0.00109053556358 0.000826457744221 0.00608534518647 0.00695568255291 3.02379 3.17253 1.32346919098 -22.7907864049 -1.35028049262
-105.408 35.2106 -0.000396179896915 0.000798752759998 -0.00906492645508 -0.00240330265966 4.84145 4.77548 -6.5328748318 -13.1991150816 -0.880713737641
-104.461 35.2177 -0.00224480701804 0.00101810671492 0.00666636003255 -0.00469114568672 3.93748 3.9805 6.94511510725 -38.0043135037 -2.35350188175
-103.766 35.0891 -0.0012226677764 -0.000205267778986 0.00131446013581 0.00401988975456 3.52161 3.5565 0.834987095073 -13.1341419934 -0.659050370896
-103.063 35.0637 0 0 0 0 5.28499 5.37901 0 0 0
-110.806 34.3371 0 0 0 0 5.84815 5.61892 0 0 0
-109.29 34.4275 -0.00117960593568 -0.00243147517822 0.00152814630707 0.00945755208478 3.22875 3.26415 -4.97794691373 9.24937951844 1.19626379595
-108.498 34.5421 0 0 0 0 3.06336 3.1518 0 0 0
-107.786 34.4457 0.00362117870028 0.0033989446095 -0.00240250103031 -0.00633545870167 5.43776 5.16819 12.5809086692 -11.3926044721 0.996022242739
-107.01 34.5058 -0.000148453265221 -9.8019429092e-05 -0.00587607491566 -0.00559931659622 4.92055 4.33659 -0.688864964051 -0.785814573429 -0.0239783609674
-106.188 34.581 -0.00154568372351 -0.000920103485667 0.00434454679012 0.000254936713145 3.63368 3.61436 7.35323732606 -5.39415037502 -0.559834988544
-105.435 34.5646 -0.000850531537761 -0.00181353408115 0.000329764696198 0.00305540270315 3.64717 3.78539 0.491589145433 9.52676618054 0.790870100263
-104.662 34.5271 -0.00178837882494 -0.00257219786756 1.58305185993e-05 0.00268896462164 4.02397 4.20498 -0.850744383968 4.5801121212 0.8312469807
-103.81 34.5508 0 0 0 0 5.69588 6.06002 0 0 0
-103.097 34.6469 0 0 0 0 5.58477 5.55713 0 0 0
-110.844 33.6953 0 0 0 0 5.83304 5.8624 0 0 0
-110.034 33.7776 0 0 0 0 5.46278 5.0786 0 0 0
-109.254 33.9571 -0.00287012949743 -0.00184370458902 -0.000949664915695 -0.00800246046824 5.72779 6.15519 13.7862666431 -1.17854504157 -1.35295636893
-108.377 33.9085 0 0 0 0 5.45388 6.89558 0 0 0
-107.674 34.0087 0.00499297055021 0.0052059585984 0.00739840053703 0.0101106215228 3.2606 3.5966 1.26524402148 1.88672428831 -0.414863768113
-106.965 33.937 0.0023000322819 0.00413967682983 -0.00659575973052 -0.00569431715997 5.93856 5.39136 1.80265288264 -18.9676305284 -1.45803338702
-106.921 34.0739 0 0 0 0 5.32626 4.41425 0 0 0
-106.055 33.9315 -0.000386868157026 -0.00153047880572 -0.00252781017524 -0.00615733615347 5.29154 4.68755 9.53879611066 15.493584005 0.680640770959
-105.436 33.9257 -0.000429511262008 -0.000862810672415 0.00405008621743 0.000627939676218 3.84496 3.80717 6.9004007292 5.72333375422 0.269559736626
-104.693 33.9229 -0.00125742927087 -0.00209619643633 -0.00383454944948 -0.00355073081073 4.69005 4.49434 2.46179593047 8.1434356554 0.698637444353
-103.825 33.9232 -0.00210631341856 -0.00246771787372 0.00375544745834 -0.000269308730753 4.22667 4.33141 8.3912108021 6.99035035925 0.0942384608037
-110.472 33.2969 0 0 0 0 5.60449 5.80266 0 0 0
-110.036 33.0851 0.00342828539867 0.00473712014292 0.00565935790788 0.00499012433771 3.41587 3.50433 -4.53697402627 -2.14144867255 -1.7027628214
-109.266 33.2921 0 0 0 0 5.73221 4.64795 0 0 0
-108.592 33.1132 -0.00260823462716 -0.00129755460962 -0.00387342693482 -0.000651002661553 5.18997 4.82569 3.04266248195 -15.9104557306 -0.885604745408
-107.671 33.3086 0 0 0 0 5.4116 5.7052 0 0 0
-106.964 33.2555 0 0 0 0 3.07739 3.32275 0 0 0
-106.232 33.2621 0.00220700269183 0.00380766798224 9.1322191107e-05 0.000282297973376 4.53619 4.78971 6.77097051164 -21.0680751639 -0.992980761584
-105.365 33.3298 0.000492719070322 -0.000512034895784 -0.00386649898359 -0.00297995304178 5.37466 4.65408 3.95399625798 11.8226889932 0.710592763205
-104.717 33.2797 -0.000223622643299 0.000356899766771 0.00183177353305 0.00346990851095 3.85911 3.73729 2.95601688087 -6.76565320173 -0.414571242082
-103.98 33.2716 -0.00192218310643 -3.57950848796e-05 0.00116282175054 -0.00360781918473 4.17541 4.0044 10.1550231458 -20.6535849808 -1.42673463529
-103.215 33.315 -0.0015345821631 -8.23021644707e-05 0.00272571411258 -0.00378305905931 4.3524 4.32769 10.5307465402 -15.8740660581 -1.10283864805
