-114.58 32.5356 -5.43125633822e-05 8.91422248894e-05 0.00849279738323 0.00607208091046 3.55477 3.55796 -9.83960086866 -0.797891147284 -0.0223505336812
-113.767 32.7683 0.00144331867562 0.000242190362179 0.00478145562758 0.00166804755182 3.54387 3.65358 -6.7116272262 -9.39655049493 1.42481382678
-112.883 32.7513 0.00190425983609 0.000605330004823 -0.0029873356717 -0.00321889739127 4.50364 4.43235 9.2408092327 -20.2625159478 1.8573085724
-112.228 32.7006 0.000159870606634 -0.000418097116439 -0.00403590738309 -0.0040871836253 4.44671 3.99578 11.1001596769 2.51363583921 -0.157809255285
-111.704 32.5618 -0.00268232486176 -0.00160341215028 -0.00518284890168 -0.00448312650682 4.41149 4.00348 7.356119918 35.6238413648 -3.09988131679
-110.739 32.5716 -0.00555162229263 -0.00387280351107 0.00529251698228 0.00350342358843 3.65371 3.96056 -17.5462981756 62.5897450023 -6.32007179818
-109.97 32.6399 0.00118500485476 0.00212337902574 0.00370792910834 0.00414520839598 3.73535 3.96384 -30.5207446349 -26.5851186968 1.24037421258
-109.303 32.7663 0.00116441578127 0.00310103681869 -0.00506719705156 -0.00530305705848 4.57061 4.76661 -6.15431936979 -40.8262380081 2.42136445791
-108.633 32.5466 0.00237488722091 0.00379872708023 0.000793563341833 0.00250351827975 3.89471 3.95711 -16.6544946009 -53.7110946146 3.34542381823
-107.785 32.5324 0.00266037953558 0.00375766788838 0.000946246616554 0.000260848500184 3.92077 3.89186 -5.31356244839 -57.2165182329 4.12199008114
-107.001 32.6995 0.000972019448065 0.00211456459396 -0.000799669281208 0.00032526804969 4.24654 3.97781 -4.54847462427 -29.1500726707 1.8907641398
-106.262 32.6349 -0.000185933575909 0.00180012805667 -0.000777204958941 0.00177043460077 4.31085 4.15618 -5.52524520528 -18.7066882928 0.715810196203
-105.454 32.7001 -0.000832520765407 0.0011001156073 -0.000234057828214 0.00209397160905 4.13918 4.00818 -8.71436822363 -7.74279589507 -0.250924245767
-104.657 32.6588 -0.0010544855452 0.00181531419883 0.000705346402877 0.00339882160821 3.90859 3.90472 -13.4273588958 -16.2381603465 -0.278958935319
-104.02 32.6462 0.00130667602326 0.00137504985442 0.00263860758659 0.000956228138713 3.81791 3.88093 -8.76539925801 -23.3598768193 1.79570501436
-103.357 32.6764 0.000525598570173 0.00106403367082 -0.00375472031155 0.00213455725585 4.39371 4.31115 -1.50244112924 -15.0565294349 1.04531074973
-112.812 31.9559 0.000872190335232 0.000459001028749 0.000887750406966 0.00432250054009 4.41618 4.34434 -4.1314326551 -9.62553887137 0.984969594141
-111.457 32.0022 -0.000617785912574 -0.000100277563033 -0.0061998143886 0.000113624518905 4.72217 4.51452 6.07618559317 5.527591622 -0.554449560799
-110.816 31.7748 -0.00272272104347 -0.00113528588941 -0.0011534939805 -0.00204217515943 4.15686 4.11039 3.07657022613 30.4481001569 -2.88973974248
-110.046 31.9737 -0.00425310195895 -0.00271542452382 0.00410188094817 0.00400216499921 3.64625 3.83412 -21.6514208348 42.3204386038 -4.66347427319
-109.259 31.9989 -0.000515090903851 0.00334788916728 -0.00246854709068 0.00863092343893 3.89906 4.25353 -30.427414979 -41.4073479763 -0.404360484017
-108.527 31.9041 0.00124559940019 0.00713401314928 0.0041544771314 0.00335318666596 3.10995 3.72216 -22.8236339298 -90.5386181428 2.46350736066
-107.778 32.0094 0.00315532500915 0.00398847261376 -0.000795059064595 0.00153307308045 3.99117 4.13761 -5.11285908251 -62.8638826021 4.66802887529
-107.101 32.1046 0.00139954305402 0.00237855684565 -0.00161131049131 0.00455290292948 4.54499 4.41211 -7.30102580336 -34.6991704383 2.31668890785
-106.428 32.0062 0.000590598130864 0.00229441199817 0.000110621311633 0.000477918147173 4.11511 4.18227 -3.78889981993 -28.8120277584 1.67578022613
-105.523 32.076 -0.000675931932974 0.0028012035807 -0.000544881485008 0.000699394548788 4.08854 3.98584 -2.75065219064 -25.5263937869 0.926459335535
-104.823 32.1101 -0.000631862640725 0.00230811412549 -0.000930262486926 -0.00076703335686 3.82185 3.96955 -4.26246025024 -20.9861801696 0.661197586012
-104.101 32.0618 0.000951272443858 0.00157003635736 0.00347757836689 0.000405806900366 3.58444 3.66382 -8.87846761328 -23.5073093585 1.56483645415
-103.292 32.012 0.000530889543563 0.0022003350587 -0.00097838202593 0.00046512115147 3.98221 3.99407 -3.55608968764 -27.5029856737 1.64883305256
-109.991 31.439 -0.00334241308054 -0.00103475411517 -0.000104919293124 0.00341220960881 4.1402 3.95493 -5.11523958181 30.0057189378 -3.45295756995
-109.281 31.3757 -0.00774926164928 -8.29806597225e-05 0.00930293665897 -0.00701747181504 3.31964 3.71668 -11.3402764133 35.2134048811 -7.27601959208
-108.528 31.3369 0.000328019174223 -1.65421590547e-05 -0.0381312566379 -0.0144797590056 5.73463 7.35466 -297.673513918 -4.11467819942 -0.0446959441782
-105.483 31.4425 -0.000693294053313 0.00146229681893 -0.000499292886161 -0.00483266952033 3.62076 3.75203 5.21438939716 -8.58800999233 0.410994125122
-104.971 31.3711 0.000722087687493 0.000412958813423 -0.00120718057271 -0.00569059124226 3.52438 3.64484 4.71401549033 -9.99693092529 0.818768307505
-103.979 31.3165 0.000267582175363 0.0014210513247 0.000622522446691 -0.00291958100721 3.63708 3.7822 -3.26402605351 -17.2850618489 0.992588421488
-103.492 31.3691 0.00133563913659 0.00203003730352 -0.000381867693194 -0.00234390648724 3.73018 3.84514 -0.380621642577 -31.3822316141 2.27318738151
-102.81 31.3818 0.00103291490717 0.000739634943384 0.000803605433174 -0.0020323290505 3.80147 3.80668 0.403401498572 -15.7584145195 1.26988133404
-104.986 30.7862 -0.00018398466351 -0.000498503318653 0.00190278119243 0.00747120227295 3.98806 4.0006 -6.35955119109 6.75570125121 -0.400301828768
-104.029 30.6689 -0.000497881170866 -6.96071024021e-05 0.00145407107735 0.00165308286112 3.91203 4.03999 -11.0067768337 3.50327719207 -0.481551335028
-103.402 30.8498 0.00125647201695 0.00102736146328 0.000928089361854 -0.000748582544757 3.69364 3.78712 -5.22848112235 -19.8104010618 1.60603299887
-102.685 30.7263 0.000879600711543 0.000790290418311 -0.00214540257963 -0.00308700833394 3.90505 3.90032 2.56776358485 -15.2294397376 1.18119826325
-104.09 30.0609 -0.00111550384434 -0.000548409382114 0.00434244516146 0.00407541631466 3.87116 3.86402 -10.7754231167 12.4849793539 -1.24254060415
-103.612 30.1456 -0.000332597852333 -0.000403004655267 0.00213676530951 0.00242743449222 3.59903 3.74687 -11.1738467505 6.56239588561 -0.470102041658
-102.788 30.1615 0.000838850022561 0.00125873401171 -0.001712206049 0.0112210293573 4.35319 4.50793 -12.587469862 -19.4651153732 1.27552022727
-104.133 29.554 -0.000315718844878 3.58503580998e-05 0.0020959227406 -0.0060249043178 3.57209 3.57897 1.66020209596 2.08366779147 -0.231402227201
-103.389 29.4528 -0.00054961653821 -0.000328131846543 0.0120236098117 -0.000822447147539 3.50497 3.63227 -7.62139614381 7.15570282018 -0.639339777967
-102.888 29.4862 0.000984818962745 -0.00366821856995 -0.0267396951803 -0.0181394100218 4.20649 4.39307 32.1239544297 5.90614362874 -3.03832826238
-115.653 48.9339 -0.000383828572102 -0.000601585316817 -0.0063458974095 -0.00405688464847 4.23647 3.98305 14.7290544762 7.61257306158 -0.699645059812
-114.413 48.933 -0.00308234914398 -0.00142149401171 -0.00385261159074 -0.00406971257265 5.01909 5.02152 20.7175872815 36.6722571504 -2.98746332827
-113.422 48.9725 -0.0052725168318 -0.00263162200903 -0.0108047271378 -0.010172784912 4.16585 6.47864 15.1712149481 63.2036311982 -5.4698160004
-112.733 48.9777 0.0046442956674 0.00272650553938 0.07590965835 0.00680552347108 1.91793 2.00191 -22.1756088647 -40.1835434814 5.09714309062
-111.597 48.9482 0.00354334733226 -0.00242011743095 -0.0134810422098 0.0046826624004 4.52178 5.02344 -5.54519393605 4.3569952854 1.91628890621
-110.699 48.9448 -0.00327240669765 0.0029758852186 -0.0121933721534 -0.0078584059227 4.13677 4.30388 13.2457286679 5.55149474113 0.0738541191462
-109.846 48.9198 0.000101358325701 -0.000298292021258 -0.00295643942129 0.00063705303121 4.55002 4.7838 1.72914059212 1.9629596044 -0.103064633498
-115.589 48.4694 0.000340140694516 0.00260027925626 -0.00769733312563 -0.00342601179867 4.28159 4.36846 19.2420639023 -21.0519104247 2.22553709434
-114.468 48.3739 -0.000835273966416 -0.0008725022825 -0.00529324185107 -0.00465277656513 4.30912 4.26946 22.8645195461 13.1218758873 -1.19340979692
-113.273 48.3609 -0.00193417887102 -0.00295987106008 0.00194762066111 0.000218196331868 4.25138 4.04825 9.11315567053 38.9420052458 -3.4231684518
-112.562 48.3129 -0.00312101344981 -0.00373001536145 -0.00133990230376 0.00522061388813 4.39579 4.3426 -0.996293499029 54.065945708 -4.64394178906
-111.707 48.4128 -0.000837602733638 -0.0045875928398 0.00359674459819 0.00851063788976 3.90826 4.031 -19.8747321334 52.313076895 -1.96947598227
-110.799 48.2921 0.000471456654532 -0.00357401535866 -0.000134707796894 0.00388439494036 4.62186 5.09649 -10.5377703679 34.5024523209 -1.06503469698
-109.777 48.3943 0.000985877116627 -0.00181331336299 -0.00260343949832 -0.000329728649205 4.56778 4.80871 -4.14869324571 11.5584389485 -0.123087539742
-116.256 47.8397 0.000135875692386 -0.000804774159188 -0.00437964117059 -0.00164642608697 4.07697 4.06535 8.69982911011 5.88521730912 -0.406471749889
-115.475 47.7092 -0.00122115870401 -0.00156031558002 -0.00308041233861 -0.00159563329391 4.01393 3.97998 11.500320167 21.8302766167 -1.95645229639
-114.574 47.6795 -0.00310804016408 -0.0019797539254 0.00522719778228 0.00112638460388 3.79858 3.8745 3.38333947002 37.9663024005 -3.68010540304
-113.747 47.7687 -0.000845988314314 0.000356112317486 -0.0075391346321 -0.00477029823563 4.54786 4.60034 23.5788805987 5.65502635041 -0.172699871218
-112.607 47.775 -0.0013499195542 -0.0013227444652 0.00103743742513 -0.0039823469076 3.85704 3.79946 11.0016058278 21.2285273347 -1.88993779903
-111.746 47.8012 -0.00137411224075 -0.00317963800125 0.00253656769034 -0.00443880305813 3.63645 3.6693 1.49699782699 38.1642247247 -2.9767055196
-110.763 47.6327 2.0481326577e-05 -0.00479381803534 -0.000413475881991 -0.00137176955967 4.38006 4.47818 -2.30574988019 45.6117057947 -2.58289548365
-115.353 47.0528 -0.000728521067653 6.9399769732e-06 -0.00259269695894 0.000615514797338 3.99027 3.85083 7.80749863522 5.04862022727 -0.560465642261
-114.459 47.0943 -0.00233497288753 -0.00183230375984 0.00123375680279 0.000468329906741 3.95 3.98206 4.75456160806 31.9815706669 -2.96731300098
-113.506 47.0816 -0.00160039421992 -0.00302811857795 0.000614393774082 0.000439808375653 4.08325 4.41095 3.19011251402 38.0377149143 -3.07523807335
-112.52 47.0418 0.000374629467124 -0.00190314389261 -0.00020152259646 -0.00250658643082 3.97306 4.15273 10.9978258305 12.3178215502 -1.0700275017
-111.549 47.0308 0.00096125365426 -0.00343211163248 -0.000240649742011 0.00177879025847 4.71849 4.82285 4.31005033138 23.5645380829 -1.39645796194
-110.687 47.1523 -0.000331200252913 -0.00270513621926 -0.00186995713003 0.00169296333683 4.67312 4.4282 1.45452734703 26.9953514331 -1.87812623859
-109.802 47.1961 -0.00154252083252 -0.00267342491787 -0.000670445781444 0.0017630348256 4.82731 4.83685 -4.10952904029 35.3046341071 -2.7185424711
-115.571 46.4151 -3.03922385769e-05 0.000481251247966 -0.00305493527389 -0.00103826111416 4.06274 4.00876 7.13174901509 -3.99720686813 0.273869609088
-114.188 46.4423 -9.70203950927e-05 -0.00140008220067 -0.000634427750587 0.00168372157279 4.31599 4.20207 4.65734838231 13.2175546865 -0.917154964322
-113.493 46.4162 -0.00178789428741 -0.00220710116668 -5.17969354051e-05 0.00144258706699 4.22036 4.07955 1.69214886077 31.8825790176 -2.72252488963
-112.641 46.4246 -0.00158021471351 -0.0018797335091 0.00308243999505 0.00191930875674 3.99824 4.03447 2.06130978359 27.6977030857 -2.37779059381
-111.676 46.5336 0.000843757112843 -0.00174690451071 -0.00339815173895 -0.00124359823334 4.61983 4.51375 10.641414855 7.31449746719 -0.633900908397
-110.858 46.462 -0.000567277795465 -0.00144094745068 -0.000915177524672 -0.000877735071748 4.51846 4.36296 7.74616944018 16.5054180116 -1.39301070803
-109.914 46.5663 -0.00114644932951 -0.00176687081655 -0.000631591366604 0.000134409701393 4.58369 4.47742 3.19956686429 24.0485667085 -2.0011799665
-108.786 46.4611 -0.00133443701964 -0.000155625357503 0.00379328464864 0.000843037861494 4.35472 4.39575 0.830497013274 10.7912247773 -1.1547692217
-108.13 46.5038 -0.00126698347039 0.000488380407468 -0.000863377919486 -0.0161384092304 3.97431 4.2336 16.2466270689 8.40500271598 -0.364362705993
-107.076 46.5408 0.000403536445055 0.00355436673764 -0.0103771960424 -0.0173407262899 3.79449 3.91538 18.0764928846 -27.0218325545 3.17438966395
-115.255 45.7565 0.000964240224254 0.00166143663551 -0.00307354467872 -0.00541854120997 4.05617 4.02016 8.59319702754 -21.1778909575 1.80462430335
-114.332 45.7893 0.000338408967428 -0.000257178205293 -0.00250260706612 -0.00289519676911 4.2925 4.15326 9.86339071415 -0.382761700634 0.0806586451354
-113.37 45.8122 -0.000581795867956 -0.00092062970023 -0.000898085718557 -0.000453415065593 4.10588 4.00145 3.3013017396 12.2858122912 -1.01202118682
-112.493 45.8409 -0.00164677188662 -0.00215863083731 0.00580442531753 -0.000501862255635 3.63796 3.68251 0.497686876319 30.7895273719 -2.57124356575
-111.626 45.7843 0.000869779756402 -6.27980830914e-05 -0.00483687131815 -0.0010190420697 4.79275 4.98759 13.9478398104 -6.90932589179 0.534584885962
-110.659 45.9054 -0.000395267994953 -0.000704583022026 -0.00165125057717 0.000646820028858 4.78859 4.71677 9.12067583817 8.96428025741 -0.773929052754
-109.716 45.9046 -0.00190846196938 -0.000940226421232 0.000712889364059 -0.000412087921526 4.54415 4.49025 8.54542806167 23.1239428744 -2.02335224684
-108.944 45.8538 -0.00229460592625 -0.000378713710683 -0.00264206246826 -0.000245308244079 4.48823 4.64103 4.94132625811 20.8252803568 -1.97495812529
-108.149 45.8006 0.00121280088406 -0.00348553187478 0.0238702383704 0.0213102820992 3.38263 3.40099 -38.119180718 40.8453429587 1.28379017383
-107.123 45.8231 -0.000216336719623 -0.000486786279538 -0.0141845027935 0.00432208568886 4.71444 4.78096 13.8670004831 5.51778926108 -0.516027880144
-115.326 45.1285 0.00180481275086 0.00192785188322 0.00814522156557 0.00781424208197 4.03127 4.10554 -18.2705837863 -25.5716170143 2.18721458127
-114.233 45.0931 0.00192458563049 0.000381642743203 -0.00702988174804 -0.00227256347405 4.46502 4.37679 9.09055030147 -17.5120666657 1.7026698569
-113.46 45.2432 0.000585096817415 -0.000389184696774 0.000429726310071 5.10434588654e-05 4.06369 3.96562 2.923140204 -0.256937780685 0.250574731409
-112.489 45.166 0.000194569886303 -0.00158004598347 0.00163855293382 0.000710296473432 3.86131 3.81403 1.40431795619 13.5457674015 -0.739875628942
-111.805 45.2285 -0.000851435983218 -0.0017389717497 0.00118626890763 0.00143817814535 4.10652 4.18611 2.10009993872 21.8277066265 -1.71043154389
-110.74 45.3212 5.33073646125e-05 -0.00137317297548 -0.00367101421606 -0.00120917179943 4.62731 4.62306 13.1540041288 10.1391574309 -0.982988492428
-109.563 45.3171 -0.00197302639574 -0.000970891238125 0.00046674049724 0.0007015571038 4.35848 4.3316 8.83363814457 24.0395814701 -2.08749566994
-108.214 45.2202 0.000429289713379 0.00236239755891 -0.0175419293124 0.000129205091491 6.00768 5.79915 7.91335069994 -23.1303004442 1.96646059237
-107.207 45.225 -3.83987833484e-05 -0.00116196307613 0.00473618982595 0.000116475579668 4.08136 3.99485 1.28673489257 10.8968857413 -0.759380407148
-114.855 44.5494 0.00263021751251 0.000862182146913 0.0144685833354 0.00871048397861 3.34457 3.523 -24.8438510853 -13.0225869521 2.71090358242
-114.255 44.5642 0.00364271538574 0.00138445059446 -0.0064256506318 0.00306263442506 4.85616 4.83891 -2.33951805747 -33.9350111863 3.85247651747
-113.367 44.6165 0.00120806380894 -0.000254221012904 0.000631194622897 -0.00114202385777 4.00675 3.82912 2.66090639126 -5.55393282347 0.841002083359
-112.644 44.6173 -0.000756163209187 -0.00130645055721 0.000735557092192 -0.000597159968017 3.90359 3.77115 2.70736815696 17.1606550734 -1.37742188757
-111.248 44.7038 -0.00162204879572 -0.00113905916297 0.000514316138236 0.000301677520738 4.04587 3.97606 4.01074496542 21.8547152853 -1.97906655303
-110.576 44.3951 0.000951985775394 0.00128154563289 -0.00607078815422 0.00130687976383 4.58347 4.7464 6.53409781404 -18.4198738276 1.56052356707
-108.986 44.6704 -0.00260448994485 -0.00093044108016 0.00123676193708 -0.00315594505598 4.76406 5.00947 10.8621233143 29.5845901975 -2.45930335257
-107.999 44.4868 -0.000666108038313 0.000793826799937 -0.00334141756304 -0.000975228411853 4.47923 4.92816 1.70017526405 -2.42737201442 -0.0273827349716
-107.042 44.6277 -0.000768075132022 0.000484210049763 0.00431396034274 0.00400627749172 4.03913 3.95684 -5.9178643298 -0.101237546349 -0.399245540086
-115.133 43.7945 -0.00424718199419 -0.0023218711268 0.013152789644 -0.010220727751 3.16072 3.22336 1.56582036581 47.9692382756 -4.829219526
-114.117 43.9146 0.00258396787326 0.00203599334192 0.00369325933442 -0.00124130544963 3.43384 3.67247 -10.6780072656 -32.1774629752 3.14406177833
-113.452 43.9286 0.00256615739156 0.000707367420436 -0.00123063747942 -0.000837833739818 3.9693 3.86684 -1.55675775286 -21.9173410882 2.56688137608
-112.485 43.9997 0.000472804462575 -0.000320285831706 5.92610273784e-05 -0.000765275412149 3.91203 3.75846 2.81521658997 -0.204653734579 0.195145047567
-111.487 43.8756 -0.000235960122561 -0.000345620838757 -0.000629336696741 5.10267346161e-05 4.08649 4.05372 3.0608505954 4.82779106418 -0.396236936463
-110.576 43.92 -0.00119937800074 0.000217260587268 0.000679175321346 -0.00472543918716 3.75383 3.73805 7.43193290037 7.44336926596 -0.745684576434
-109.817 43.7013 -0.000917101300945 -0.00212510509711 -0.00367260870111 -0.00153671480103 4.22733 4.13656 5.26888982844 25.8204291286 -2.07590739227
-108.994 44.0363 -0.00266743204834 -0.00218573494428 0.00201162062723 0.00469911256478 4.41416 4.44106 -4.6070357296 38.0629932973 -3.41448888477
-108.128 43.9496 -0.00439575668946 -0.00376516976583 -0.00123722193491 0.00597744900938 4.45172 4.6977 4.4465833384 67.351002715 -5.7876891602
-107.292 43.8122 -0.000708980714698 0.000942755149561 -0.00246981225213 -0.00533683233048 3.99739 4.38595 7.78863194676 -1.95520884525 0.165275600845
-115.828 43.4151 -0.00128203494462 -0.00178876898334 -0.00090786504004 -0.002301023085 3.91687 3.90022 3.71369410847 24.814678778 -2.0646248027
-114.174 43.3979 0.00154872546555 0.000278446240171 0.000386791549342 0.0038387487914 3.01682 3.10581 -21.5878225329 -6.21043629691 1.57355393414
-113.518 43.3234 0.00339347367205 0.000825218155891 0.0022983704834 0.00104391555193 3.70355 3.78602 -8.09534258604 -24.4552598157 3.43511784458
-112.433 43.3998 0.000999209493621 0.00109754412947 -0.00117679295526 -0.00109038201136 4.08904 3.85925 0.479555243357 -16.8871255426 1.43893549862
-111.612 43.2741 -0.00180724823477 0.000457302301733 -0.00271841905285 0.000283132978799 4.24583 4.00577 3.67024083039 8.46653045889 -1.16056841021
-110.712 43.3629 0.000121410659195 -0.000322817725659 0.00226677122263 0.00269831895547 4.24498 4.41813 -1.55252095775 2.39109794589 -0.0728397369649
-110.02 43.2112 0.00115794189303 -0.000172877725213 4.91812354317e-05 0.00100235078975 4.24765 4.04993 0.503576202283 -6.18733580261 0.844085899422
-109.053 43.2649 -0.0022604856348 -0.00138448388111 -0.00229869154313 -0.00193455400395 4.18712 4.12096 5.04189594206 29.648140276 -2.61658708985
-108.084 43.3531 -0.000360739915875 -0.00285954974385 0.00825501280412 -0.0204483967537 3.07303 3.09483 7.69682116008 27.1873956322 -2.25077767474
-107.446 43.3459 -0.00259122510398 -0.00346480898524 -0.00192492337725 0.000190853070102 3.79478 3.86487 -3.47540308482 51.1745888127 -4.0731063706
-106.479 43.4126 -0.00101396713208 -0.00131150866101 0.00518461900926 0.000595674504386 3.66749 3.59748 -6.61121942956 19.6075086316 -1.54640372565
-112.531 42.6852 0.00131636469488 0.00204311322411 0.00312135102118 0.000586991228769 3.94732 3.92693 -8.40822942559 -27.7711134432 2.04234588089
-111.588 42.8321 0.000666562956872 0.0015343294813 -0.00258932913673 -0.00314437127814 4.24868 4.19472 2.43200148948 -18.954869106 1.44087974118
-110.92 42.7507 -0.000196400594311 -0.00181807059375 -0.00116786354777 -0.00157741834176 4.23247 4.17291 1.86722825431 18.504269893 -1.22575663027
-110.042 42.6372 -0.000607750897197 0.000655066545316 0.00190163640628 0.00020444709934 4.14341 4.12725 -2.14245922358 -2.63396669263 -0.159338417252
-108.847 42.8247 -0.00123614451316 -0.00138490801227 0.000558418468263 -0.00296906039559 3.9528 3.85079 3.70349393294 21.8690064677 -1.83437067342
-108.342 42.6579 -0.00197203973631 -0.00160395708602 -0.00420814507906 0.00133400294543 4.4629 4.35048 2.76122914282 29.4228372671 -2.54194201271
-107.251 42.6332 -0.00341936618058 -0.00207771038081 0.00502612416176 0.00167397119839 3.87222 3.89736 -7.13064926072 41.7175495385 -3.99982836283
-106.524 42.6507 -0.00136654431989 0.00356123922241 -0.0118968175499 0.000794752524847 4.7351 4.83248 8.64384233896 -17.6745044698 1.62456724869
-116.471 42.0773 -6.19608724311e-05 0.000106013578779 0.00126784139607 0.00143034121979 3.67286 3.67054 5.35367902315 -0.579470890344 0.0101191784602
-113.24 42.0343 -0.00116466449228 -0.00046133183407 0.00273308259293 0.00283341824951 3.86354 3.97594 -15.0725016983 9.02780136629 -1.24871494911
-112.386 42.0041 0.00175909367665 0.00137919296054 0.00448405540368 0.001665680156 3.52559 3.60006 -14.8174345942 -21.5086302028 2.09835333016
-111.432 42.0149 0.00128129854829 0.00142362864103 -0.00306460700816 0.00414516487417 4.51805 4.39073 -4.46583769497 -21.7770899424 1.81115516318
-110.873 42.0995 -0.000201091234491 0.00124897314797 -0.00202566648523 0.00161071572413 4.49087 4.24085 0.147413371397 -10.7821150199 0.533655594514
-110.036 41.9243 -2.33653724407e-05 0.000256523766601 0.00210936906009 0.00149594869181 4.02462 3.99446 -3.83431650916 -2.45444801666 0.111000118926
-109.357 42.1012 -3.32820214086e-05 0.000648381888721 0.00086787439493 0.000840562052574 4.13771 3.98066 -2.03587432801 -6.19598336485 0.326261661098
-108.34 42.0073 -0.00106377453793 -0.000307235009395 -0.00221312635344 0.0011934940005 4.51972 4.34298 0.0997762040266 10.3831914197 -1.04100397144
-107.369 41.9641 -0.00211986508931 -0.00255589143503 -0.00151306644978 -0.000745627602374 4.29045 4.33199 -1.41411767901 39.5483174737 -3.20680061221
-106.434 42.031 -0.00192115067808 -0.00240215312126 0.00248252198798 0.00346881369803 3.75326 4.20306 -14.7262247704 35.504314312 -2.7005430939
-105.701 42.1143 -0.000391915142576 -0.000987350063827 0.00307858964447 0.00438896682039 3.79338 3.96738 -15.6437538138 12.7932807126 -0.739249415388
-104.933 42.0432 -0.000137418179388 6.87282442422e-06 -0.00018848222859 0.00580377717662 4.21877 4.17702 -8.26887034204 0.770622975862 -0.114995611129
-116.54 41.522 -0.000330894714254 -0.00200065617949 -3.1701809985e-05 -0.0317392970753 3.12164 3.12248 17.6320800986 18.1696456225 -1.69194736425
-114.165 41.3602 -0.00171125223133 -0.00104317166262 -0.00501787818356 0.000497562923961 4.39565 4.37592 6.78583889095 21.6036025203 -1.99051955111
-113.347 41.503 -0.00246842540408 -0.00166758990306 0.00303444863168 -0.00171146687272 3.63387 3.78928 -1.57835537451 31.061223627 -2.97268968575
-112.448 41.4632 -0.00118717709999 -0.000336468443473 0.001715256384 0.00240424599456 3.78941 3.97655 -14.861478391 7.93165378856 -1.23325516132
-110.666 41.4729 0.000835144190185 0.00114603760473 -0.000408343957587 -0.000347840841941 4.06792 4.11102 1.85959071786 -16.6668946239 1.34794324334
-110.067 41.4272 -1.47822792174e-05 0.000755421799932 -0.00142000270908 -0.000597635037094 4.17737 4.1232 3.16758090605 -6.95558440277 0.449105230363
-109.157 41.5047 0.000543030265623 0.00204632826747 0.00209303690494 0.00517743561783 4.33092 4.37141 -7.80744690032 -24.5052031068 1.42247770549
-108.187 41.4906 -0.000161942435309 0.00012038020746 -0.000903552913426 0.000754132751631 4.36642 4.25346 0.508598971405 -0.00809217062913 -0.0588007583321
-107.364 41.6067 -0.00156700515245 -0.00116178267094 -0.00156271916872 0.00207130050311 4.26394 4.0888 0.659714505049 22.4243185121 -1.95055017671
-106.596 41.4033 -0.00183340348943 -0.00168751977738 -0.00139306228162 5.13978980875e-05 4.09954 4.0426 -3.05633957288 29.1880070525 -2.46439760655
-105.722 41.468 -0.00126175131079 -0.00185181432254 0.0115744087588 3.62725604955e-05 3.49128 3.55136 -13.9028543517 26.6517589747 -1.90593261972
-104.825 41.4676 0.000929787392526 0.00202880007694 -0.0272690321384 -0.00195754882018 5.41705 5.60131 23.1296012289 -21.6056402145 2.22728849317
-102.772 33.9696 -0.00062191413537 -0.000441862707793 0.0134260698956 -0.00352301402934 3.26673 3.31296 -1.67076085157 9.27187093674 -0.76282067504
-116.508 40.7186 0.00022520616615 0.00254015149854 -0.00545201681638 0.00941338490201 3.85512 3.84088 13.4446518906 -22.9398566351 1.89242717148
-114.204 40.8556 -0.000872811448588 -0.00129977541075 -0.00187060675388 -0.00256058479864 3.76276 3.70062 15.5378175747 17.6207971759 -1.54438709587
-113.187 40.8513 -0.00297185052256 -0.00211924259886 0.00190857158976 0.000180402230698 3.88703 3.88139 5.3268598709 40.4779658941 -3.64842022212
-112.52 40.8903 -0.00349278590031 -0.000732716122577 -0.00156073955883 -0.00103008604547 3.80413 4.09764 1.32892253332 29.7212936014 -3.31152437157
-111.437 40.8869 0.00293634232664 0.000472754154811 0.00746742166664 -0.00457149361296 3.16341 3.2825 -1.88815805074 -22.665286973 2.75369023252
-110.834 40.9425 0.00171488597233 -0.000107203711798 -0.00485469044511 -0.00288179022066 4.23134 4.21337 8.53149249434 -12.6406602133 1.19744942938
-109.673 40.9763 -0.000313810657578 0.000553877065663 -0.00151407939049 -0.00283859724488 4.0669 4.10123 7.83934397928 -2.33217476162 0.142420685598
-109.177 40.8936 0.000719765895443 -8.90040795565e-05 0.00270804447838 -0.0047406826552 3.49821 3.7318 7.98291078382 -5.0605249165 0.465965625215
-108.263 40.8338 0.000361873327267 5.50516947421e-05 -0.00245289199744 -0.00175550703196 4.20619 4.24029 7.30618378219 -3.43318893833 0.302194690822
-107.52 40.76 -0.000308705664394 0.000363117463869 -0.000647067146076 -7.86211678432e-05 4.17133 4.15435 3.5495159853 -0.976046052368 -0.00460108580752
-106.454 40.8023 -0.00112008812887 -0.000991034099303 0.0005765293212 -0.00177679297894 3.87969 3.83146 1.0502639132 17.7804546443 -1.49306755923
-105.944 40.8947 -0.00176442086419 -0.00146381443018 0.00127844294559 -0.00165193070827 3.84168 3.84704 -3.5126557742 26.6562846681 -2.28155178633
-104.882 40.8271 -0.00028741467463 -0.000479606706751 0.00056082697697 0.00544539634717 3.89019 3.93996 -14.5309201342 6.7625688611 -0.457000371786
-104.087 40.8132 0.000117133643331 -0.000385857809472 0.00320907750533 0.00124688307914 3.80286 3.79579 -7.85656813218 3.29633617144 -0.0997707923147
-116.5 40.2917 0.00085821058625 0.00240650631471 -0.00138689086589 0.00123114359115 4.372 4.52244 -2.35629746507 -28.9008437 1.85615159717
-114.745 40.2679 0.000809555874576 -0.000493252768169 -0.00418688387193 -0.00173664999781 4.169 4.04782 14.3654553817 -2.57434288557 0.224151148431
-113.981 40.1314 -0.000943449151956 -0.0011925268539 -0.00128865693329 -0.00165223872143 3.86345 3.75754 12.8383589713 17.5521598241 -1.50698625187
-112.469 40.2807 -0.00371830269987 -0.00215027375337 0.000445732549473 0.000409804143604 3.57816 3.80611 10.64362377 48.0544394528 -4.18668943346
-111.502 40.2067 0.00210739967341 -0.00203152577753 0.00688159135554 0.00303937085523 3.47125 3.687 -10.4064899893 12.5362235303 1.16404632684
-110.738 40.1948 0.0015216860037 -0.000470523930851 -0.00549450990152 0.00132863928959 4.49588 4.51123 3.43297919118 -6.3990791855 0.931225230171
-110.008 40.2655 0.000269243336624 -0.000508722056183 0.0033553791272 -0.000652468394463 3.7549 3.71176 1.28866000344 3.06414800641 -0.0759688987434
-109.124 40.2982 -0.000184192507053 -0.00138381108488 -0.000743790327871 -0.00188805274411 4.11018 4.09227 7.30704675201 13.7131028286 -1.06581271147
-108.242 40.1348 -0.000827614552069 -0.00116281126531 -0.00274146876242 -3.73742170955e-05 4.50786 4.53237 9.31294052656 16.9060191924 -1.40679278967
-107.47 40.2149 -0.000308167098058 -0.000542072059009 0.00218154491025 -0.00324062627318 3.69481 3.76985 7.32548033718 7.29723531519 -0.596631553092
-106.547 40.1618 -0.000810290717947 -0.00167032536966 -0.000713358725728 -0.000213568807909 4.10503 4.11654 5.96184419814 21.5227727111 -1.72995034259
-105.918 40.2109 -0.00149681861016 -0.000171657521507 -0.00367688184994 0.000917409044962 4.269 4.23989 3.65529704237 13.5290601514 -1.2414128223
-105.073 40.1227 -0.00157408961819 -0.000160271207551 0.00195991411079 -0.000300735301997 3.6062 3.6289 -7.00088316892 11.6051582677 -1.4310730884
-104.12 40.1129 2.42933604072e-05 0.00121650327595 0.00614467235474 -0.00239430029136 3.55381 3.56537 -5.72470816914 -12.6824589016 0.684936697447
-116.464 39.6202 0.00212736697605 0.00251150438257 0.00958644789925 -0.00116425396894 3.43425 3.51273 -12.6907205768 -34.4807882249 2.75386284113
-115.754 39.553 0.00350654665654 0.00173878229749 -0.00238706096 0.000212191241663 4.39258 4.40485 2.20575642538 -38.2984426665 3.8956546883
-114.908 39.4731 0.00216267057523 0.00081820912012 -0.00100538934488 0.000793727577485 4.01369 3.83765 10.0599164899 -23.4180899832 2.17758117362
-114.016 39.455 0.000541614346237 -0.000355947382093 1.67682857147e-05 0.00051446375339 4.06062 3.84148 8.71802723608 -0.836823753469 0.189522892217
-113.069 39.5906 -0.00164393618465 -0.00229445109662 -0.00190893876151 -0.00181376319119 3.99671 3.89458 10.3466797141 32.808243658 -2.75745167036
-112.279 39.5708 -0.00315488988385 -0.00355856178032 -0.000254657311995 -0.00223463101783 3.65508 3.8319 7.19218182279 55.8687433978 -4.69761950862
-111.66 39.6092 -0.00154503835185 -0.00304887163877 0.00273061641787 -0.00153382230346 3.47519 3.70922 -2.6516416701 40.2613532609 -2.86603822118
-110.74 39.473 -0.000409590062156 -6.50336400791e-05 0.000156468531186 0.000164369685837 3.93416 4.02805 -4.40441307643 3.03420701219 -0.389713537567
-110.246 39.6279 0.000206573736739 5.19809060025e-05 0.00186577205541 -0.00163583715437 3.90056 3.87856 1.06384449579 -1.91363619933 0.19915479017
-108.981 39.6333 0.000612904133837 -0.000603115589669 -0.00385254899139 0.00413116192296 5.13131 4.94565 0.968342661677 1.56809456832 0.144479741136
-108.391 39.4998 5.64682042559e-05 -0.000427280506286 0.00125967040047 0.00103459045804 4.22412 4.10752 2.60944562765 3.643865143 -0.217611721694
-107.449 39.524 -0.000238910064054 -0.000895901721437 0.00146528140448 0.00201741542275 4.17524 4.05085 1.12100300833 10.3900295153 -0.731075436056
-106.759 39.5952 -0.00117571554039 -0.000168929675284 -0.00228810588898 0.000720978391932 4.24211 4.09942 5.82404881056 11.1396040805 -0.98234401111
-105.839 39.3741 -0.00252085071988 -0.00087573278148 -0.00154825743619 -0.000979001242108 4.03863 4.16896 7.52903342971 29.2938507588 -2.40663843305
-104.908 39.5144 -0.00157994170681 -0.000579833173364 0.00187895634701 -0.000803502990233 3.53246 3.67569 -2.64637490424 17.0316775842 -1.6239444073
-104.168 39.5125 7.78084093111e-05 -0.000270768815899 0.00446869845282 0.000152196268367 3.80716 3.99243 -11.3825374849 2.52827424065 -0.0547589669812
-116.4 38.8247 0.00039076701395 -0.000176239364987 0.00935467976115 0.00676936354227 3.22146 3.30713 -33.1848140294 2.34020595594 0.402328419598
-115.654 38.8455 0.00346986608526 0.00330296353088 0.00389059228501 0.00315112001208 3.32249 3.49182 -18.6754968699 -45.0663455294 4.03470564535
-114.83 39.04 0.00310387349948 0.0024280975826 -0.00173159675788 -0.00316690780289 4.10926 3.98195 9.2731103288 -44.6392593585 3.93939366507
-114.02 38.9551 0.00191212050098 0.000969068402115 -0.00163158996148 -0.000852838201319 4.19397 3.96602 9.26500658648 -23.0141083669 2.08669323964
-113.277 38.9882 -0.000202407360965 -0.000361614335295 -5.90478471581e-05 0.000521428294623 4.00695 3.79071 7.13320014454 4.79174902535 -0.38361772251
-112.379 38.9995 -0.0021177551235 -0.00202825333538 -0.000652325177828 0.00168926205174 4.02098 3.93183 3.18153103774 33.9168574471 -2.90007781472
-111.172 38.9176 -0.00276461019703 -0.00163973398976 0.0014315682637 2.29948927178e-05 3.89722 3.96331 -3.46886564232 33.1102461389 -3.21362534611
-110.133 39.1025 0.000153630157066 -0.000112974372373 0.000740584841546 0.0013598341044 4.05109 4.20173 -3.82388922272 0.252174818182 0.0766515330103
-109.263 38.9553 0.000380395995776 0.000208395785379 -0.00108711593472 -0.000652257749173 4.23146 4.23496 3.72430596723 -4.79022591167 0.427877308775
-108.296 38.9541 8.97508470448e-05 0.00012693380702 -0.000497623688116 -0.000209302095817 4.23025 4.24622 5.26005759971 -1.87013916277 0.150637208853
-107.574 38.8347 -0.000830840751133 0.000659629115696 -6.70587081625e-05 0.000824741210316 4.23215 4.15234 3.83123690832 0.243623010897 -0.220955788872
-106.91 38.8627 -0.00152883848208 0.000312711791314 0.000972581129701 0.00152794347647 4.048 4.12045 5.69272194277 9.60916274808 -0.928595738529
-105.834 38.9045 -0.0012103816 -0.00112342163951 -0.000391813317343 -0.000576792625692 3.91631 3.91051 8.95181871615 20.2325377764 -1.64884768515
-105.149 38.9641 -0.00116404759072 -0.00182949372454 -0.00225142515611 0.00101926251354 4.26823 4.33355 4.69369329984 26.268870869 -2.09280068079
-104.247 38.9145 -0.000689033750851 -0.00124656150689 0.00373050910343 0.00507611312409 4.09761 4.13407 -8.35973158578 17.6039729307 -1.22023578587
-116.302 38.2886 -0.000707896246307 0.000588385149012 0.0121640888443 -0.00694454437231 3.24858 3.39208 1.37914615393 -1.71436638927 -0.31228122518
-115.585 38.3489 0.00184470609275 0.00166552986454 -0.00118223811955 -0.00169578984049 2.8444 3.00243 -25.0204946016 -20.9250022705 1.9712949146
-114.608 38.3281 0.00379807708666 0.0030687343547 0.000822079749059 0.00117213803492 3.79639 4.06503 -5.8059160926 -50.8930422675 4.72811403142
-113.969 38.1802 0.00357448437974 0.00307064523901 0.00143142318285 -0.00114700734179 3.9726 3.88297 6.47366140444 -53.9526974002 4.70359677269
-113.021 38.2987 0.00101526629589 0.000110738220618 -0.0034160270647 -0.00087630604067 4.22774 3.91446 12.6969349221 -9.25999307126 0.805880621018
-112.277 38.2108 -0.00145003904769 -0.000792745021648 -0.00154003921045 0.000589846835052 4.42259 4.17717 6.46722884194 18.0176072803 -1.62868939711
-111.483 38.2843 -0.00284644486371 -0.0014238595372 0.00141480200261 0.00110615370616 4.00762 4.02077 -0.846780710196 32.1956784181 -3.16990413033
-110.711 38.4187 -0.001921773223 -0.00169450920961 -0.000494055258058 0.00144726640522 3.99797 4.08603 -4.14889924675 28.822974689 -2.5026047219
-109.894 38.3862 -0.00132430054485 -0.000916856177299 0.00189226143093 0.000777015748415 3.73774 3.94334 -5.58129030456 17.2072303574 -1.60038670339
-109.261 38.2916 0.000499976964321 0.000152019241576 0.000545163169092 -2.48335296309e-05 3.96666 4.05588 0.0175262173715 -4.9064972477 0.498804392722
-108.379 38.1888 -9.100618421e-05 -0.000187951992173 -0.0031224055114 0.00105121109392 4.24895 4.05052 4.81322727644 2.45759377561 -0.190084181322
-107.55 38.3685 -0.000880321190716 0.000572868438798 0.00170139056292 -0.000913435341542 3.76972 3.75404 4.06056470884 1.46743621395 -0.31232417394
-106.756 38.2289 1.23126506913e-06 -0.00137565192317 0.00134015170425 -0.00337770091315 3.63861 3.64829 9.74298929897 11.6997643419 -0.987202016096
-105.107 38.2315 -0.00194719700013 -0.00105449380429 -0.00450634575995 -0.000376101373121 4.2372 4.25159 10.042597133 26.5295644881 -2.09273939
-104.283 38.1474 -0.00131219231353 -0.000988908930872 0.00514609629092 -0.00408725244721 3.38456 3.44049 3.3873697447 19.9854916761 -1.638043992
-116.595 37.923 -0.00111269349218 -0.00123945377893 -0.0017356627162 0.00275903481802 4.15 4.20709 -5.32137902114 18.210544564 -1.51404003635
-115.747 37.6444 -0.00209611196321 -0.00207301326893 0.00655189200584 0.00438887010105 3.16776 3.30623 -17.6279884179 28.4888232801 -2.47243741761
-114.849 37.6083 0.00155937245549 0.000941034924758 -0.000416202452312 -0.00250791141945 2.96763 3.13124 -27.0665175587 -11.8879773086 1.60458655049
-113.86 37.5808 0.00534785976198 0.00476566711628 0.00463046576247 -0.000306053071816 3.53004 3.66912 -3.30508906938 -78.6285572195 6.93914906011
-113.168 37.7601 0.00271963958151 0.00186913601858 -0.00398116778776 -0.00282829063099 4.42769 4.0488 13.9314312997 -38.2904756671 3.24349370252
-112.363 37.6761 -0.000322652395957 0.00072548003392 -0.00384716680521 -0.00150174048336 4.45086 4.09911 11.9768121631 -3.57227133737 0.268382297975
-111.596 37.7222 -0.00206405371449 -0.000646205106269 0.00151839003355 -0.000375172080652 4.04752 3.91088 5.36032723895 21.1315145697 -2.02838720923
-110.802 37.6354 -0.00170320277454 -0.00112358268302 -0.00109512267787 0.000690639660283 4.0672 4.07169 0.664268601843 22.497555886 -2.04041860549
-109.995 37.6903 -0.00180413516472 -0.00149839486352 0.00252949146522 0.000189553758304 3.59258 3.69435 -3.24186781691 26.5233680216 -2.31352405556
-109.137 37.7459 0.000363927084407 -0.000249756186186 0.000557267677601 -0.000770049090808 3.9094 4.00639 -1.39961376136 0.156021594332 0.170706695806
-108.36 37.83 -0.000142645672492 0.0012381333827 -0.0030143343283 -0.00266818228694 4.05254 3.95216 7.11111227413 -10.0333372034 0.720961130327
-107.792 37.662 -3.25012529975e-05 0.000470594009808 0.000851606484108 -0.00140229686654 3.76506 3.7713 2.34447227137 -4.31021968459 0.260951563074
-106.829 37.7461 0.000506949028668 -0.000856497256329 0.00332484250112 0.00160721337902 3.9634 3.8703 -0.16692756295 4.88177501659 -0.0898305816096
-106.002 37.7059 -0.000935439685521 -0.00113190423389 -0.00433490541692 -2.13707469982e-05 4.34559 4.22221 11.8696752034 17.8766680719 -1.46756350543
-105.213 37.6407 -0.0020478311655 -0.000956141742369 -0.000165423724752 -0.000680441354161 3.86923 3.85834 10.9597802406 26.7899764973 -2.07821095185
-104.435 37.6606 -0.00112773020276 -0.00254744017168 0.0014735418507 0.00133914254483 3.85062 4.00682 2.29111440503 33.2593709812 -2.5041121016
-115.22 37.2408 -0.00127638452979 -0.00280232908327 0.00897267936555 0.00484773007154 3.1419 3.30573 -24.9808228499 33.7928684977 -1.49749487178
-114.715 36.7256 -0.00349275154848 -0.00204991521925 0.00612157257943 0.00833733664479 3.69179 3.76225 -25.8850694284 26.8211133084 -3.62541077393
-113.907 37.0195 0.00503774188162 0.00341351065391 0.00408642538597 -0.00285365059603 3.18571 3.37183 -19.3277806849 -50.9342441238 5.60250991398
-113.084 37.0615 0.00418873106138 0.00371020702786 -0.00416731637401 0.00135853114941 4.70909 4.66422 1.73911204771 -63.8114831199 5.53096614173
-112.382 37.0183 0.0012199457298 0.00265485307924 -0.00123140653014 0.000345156307037 4.38804 4.15503 6.02314920399 -33.8851236608 2.58630478677
-111.506 36.9839 -0.000569492410263 0.000397072809314 -0.000304146641193 -0.00156856919018 4.08827 3.91146 6.91367709951 0.613080354637 -0.191322433604
-110.804 36.9969 -0.00121290125768 -0.000517094743908 -0.000690909335767 -0.000997665945432 3.86893 3.81845 5.76981475383 13.9377964279 -1.2711510539
-109.874 37.1364 -0.0012277621237 -0.00116463702152 0.00333172008048 -0.000479293173456 3.55632 3.56884 -1.44859932523 19.7899882552 -1.65842020403
-109.025 36.8299 -0.00115080869875 -0.00102498776045 -4.23557569106e-05 0.00231691879926 4.01253 4.09766 -5.95630306601 17.5819104832 -1.49764120558
-107.534 36.9914 0.000395741126148 6.58801961972e-06 -0.000581643239927 0.000916497032297 3.83933 3.97695 -1.29089340613 -2.77317793209 0.332136517653
-106.903 37.0138 0.00134036589979 0.000233212113521 0.00210573843896 0.000938050938681 3.89522 3.83199 -0.863001371625 -11.7731632352 1.23349740976
-106.037 37.0361 -0.000215283502257 -0.000120773114835 -0.00217070213256 -0.000366454855656 4.05426 3.9106 6.63527964055 2.90759214281 -0.239811082637
-104.411 37.1388 -0.000918543112039 -0.00134280432495 -0.000657459214708 -0.00200979053961 3.79382 3.68041 7.9610251262 19.9002205776 -1.60231954965
-116.33 36.4193 0.000115170713891 -0.000693936933737 -0.00547071955297 -0.00549677016067 4.38269 4.26542 6.00180461758 5.87864904297 -0.299555441236
-115.383 36.423 -0.0014211977607 -0.00147944984401 -0.00432123604592 -0.00385570995045 4.35724 4.08034 6.83447399004 23.7876152453 -2.02011520342
-114.539 36.4321 -0.00456640180024 -0.0017470927028 0.00355980952538 0.0019103365845 3.53887 3.63445 -13.8707382831 34.5787734365 -4.87113176976
-113.965 36.4151 -0.00199796000787 0.00159851123009 -0.0011241877833 0.0187967784145 2.64327 2.92698 -46.7741204707 -24.8053562588 -2.36956929004
-113.18 36.4182 0.00466256787319 0.0046273251717 0.00413287323814 0.00159383238254 3.64822 4.09714 -17.8431276164 -65.9813409091 5.5838597542
-112.291 36.428 0.00287652155027 0.00367194523109 -0.00278093180409 -0.00219683836777 4.14149 4.1077 6.06463411132 -55.692240029 4.51840112831
-111.13 36.1428 0.000982390087104 0.0011270005659 0.000206041579173 -0.00116781769281 4.09018 3.95241 3.40051018942 -17.9277382767 1.45513218307
-110.662 36.5996 -0.000630097366272 -0.000263866689436 0.000780151209212 -0.00153634648829 3.81136 3.72331 4.55166588071 7.13021248277 -0.661210842207
-109.87 36.4199 -0.000487653009437 -0.000871336321049 -0.000496366903083 -0.00107795477296 4.04555 3.94147 3.2803343171 12.0072877851 -0.910561117666
-109.208 36.2925 -0.000930760469988 -0.00117781591662 -0.00193638472988 1.64697351303e-05 4.35302 4.22232 -0.726092673388 18.2066251095 -1.42198441338
-108.52 36.3758 -0.00167995816575 -0.00140285943153 0.000959945866808 0.0023442863209 3.94843 3.90683 -5.6914573839 24.885500213 -2.1462396005
-107.658 36.4277 -0.000345829079782 -0.00121271470664 0.000469894196296 -0.00108169484898 3.67038 3.748 -3.05591046177 14.8975589047 -0.934016632349
-106.855 36.3773 0.000997180293365 2.86919195184e-05 0.000502835950953 -0.00209738602757 3.67257 3.72903 0.58688311665 -7.54410060784 0.822470140389
-106.192 36.3289 0.000571547617466 0.000668518037044 -0.000428126424257 0.00259977489389 4.11921 4.04415 0.344527668467 -10.8775201858 0.856640446734
-105.278 36.4093 -0.000677716728501 -0.000406617225423 -0.00112063207617 -0.00111502774846 3.87064 3.78743 8.12045224523 9.54913328099 -0.767118286277
-104.408 36.3998 -0.00130683841874 -0.0014893800164 0.00177622264421 0.00163493868429 3.83094 3.88412 4.34282251475 24.812635163 -1.96691101168
-103.744 36.3945 -0.000302568595814 -0.000988801902812 -0.00258268126535 -0.00137621194187 4.03073 4.12384 6.12985694479 11.5719622405 -0.905488285653
-115.43 35.8384 -0.000513646996573 -0.000221410758652 -0.000310372733433 -0.0062181279609 3.86727 3.68805 7.32902266538 5.66814324943 -0.544729827766
-114.851 35.7266 -0.00260187029564 -0.00200010538595 -0.00687246624392 -0.00456985180233 4.76507 4.59633 7.43446761243 37.2532214866 -3.28159257837
-113.984 35.8522 -0.00328484427578 -0.00269899797782 -0.0157795359056 -0.0137979636061 4.36113 4.95477 24.0790472413 50.2477158263 -4.11047779586
-113.105 35.6339 0.0015760012379 0.00137661084771 0.0112559665961 0.00243666958047 2.3736 2.51923 -38.1119773228 -13.8483831078 1.38494458673
-112.173 35.8191 0.00363529270688 0.00298758516985 -0.00437419130169 -0.00191940921752 4.40057 4.89864 1.12579028676 -53.615553166 4.67149700794
-110.794 35.6218 0.00163738944702 0.000750074402292 9.94318561298e-05 0.00129498444592 4.27185 4.11873 -0.494990430805 -18.1677452992 1.7866560858
-109.933 35.7113 0.000427493060327 0.000273319324765 -0.00168792464606 -0.000588178475532 4.31451 4.16195 1.73786322719 -5.69441726219 0.507042201294
-109.046 35.7147 -0.000922608529448 -0.000246028074545 0.000233437509672 -0.00197466193275 4.12299 3.99797 -0.581057063693 8.67905360936 -0.907341826548
-108.466 35.7992 -0.00105572813971 -0.00100005715209 0.000471393194511 -0.00221432159567 3.76948 3.88718 -0.834570387161 17.3624385662 -1.43138329525
-107.638 35.8054 -0.000615950858182 -0.0013984911702 0.000565188055454 0.0012678877553 3.84202 3.93701 -6.17783452377 18.7726672815 -1.209771011
-106.909 35.9138 -0.00037179432533 -0.000736311662132 -0.000818999750871 0.00260905105712 4.03173 4.18111 -5.75697511036 10.1952267594 -0.686825164907
-106.183 35.7452 -1.16562848606e-05 -0.000207131514222 -0.000358948503725 -0.00262648530673 3.71577 3.86518 4.14487327228 2.06720312286 -0.142041441735
-105.272 35.7259 0.000655166507378 -0.00036957759877 0.00262810194128 -0.00126431224859 3.61321 3.69049 1.79434489436 -1.45774481505 0.284600368478
-104.616 35.8383 -0.000306049020231 -0.00126105109729 -0.00163362805997 -0.00221701355519 4.04245 4.10722 9.22759915663 13.7026610821 -1.1234440227
-103.786 35.7964 -0.000609992410366 -0.00198058770594 -0.00292287345902 0.00324805204786 4.4 4.40552 7.1024212613 23.1291328354 -1.82921240791
-114.87 35.301 -0.00110330212338 0.00100162028326 -0.00626750247052 0.00313047627154 4.73903 4.22322 0.211262530361 -3.85367175799 -0.465110544062
-113.885 35.099 -0.00259882341544 -0.00274550974795 -0.0038062214713 -0.00217420184479 4.16464 4.19931 4.59165497519 44.4246516344 -3.69806495409
-113.083 35.2127 -0.00358277817885 -0.00410314496064 0.00685418096702 -0.00411945454724 3.01322 3.32229 -14.7523832843 58.8508304746 -4.56662141646
-112.267 35.1787 0.00310775857887 0.00255338846134 0.00107302895945 0.00466480178917 3.22829 3.34468 -35.0170984462 -28.0965260919 2.92895735136
-111.532 35.0951 0.00412369271717 0.00336893759768 3.67825261408e-05 0.0053118913848 4.20361 4.0917 -11.723181114 -55.228296932 5.02537085557
-110.713 35.0789 0.00119167149903 0.00196685380382 -0.00172305323936 0.00174129707365 4.42281 4.22895 -0.603208288158 -27.9188699194 2.04640323849
-109.736 35.1181 0.000978864809617 0.00145039460734 -0.000941380840002 0.0033433425107 4.80774 4.13619 -3.91980845308 -21.2902560942 1.56002231322
-109.388 35.1118 -0.00109584913497 0.000930615015187 0.000598144173074 0.00466022655273 4.37396 3.8014 -13.0046446113 -6.05235927315 -0.706640467175
-108.5 35.1259 -0.000419925451815 -0.000282941695077 0.00144690913867 0.000742087467851 3.77372 3.66572 -3.42107719899 5.62143216196 -0.505405993337
-107.648 35.117 -0.00085143052411 -0.000343058242615 -0.00338315811042 0.00107791996446 4.15925 4.04381 -1.41749386774 9.30803716696 -0.900583894181
-106.867 35.0719 -0.000187969076951 -0.000614426214945 0.00120450669791 -0.000702055315918 3.567 3.56535 -3.55657763052 7.73240592896 -0.481629262202
-106.15 35.1605 0.000317826662236 -0.00107801666036 0.00172149446331 0.000343602422614 3.65438 3.63616 -3.89378993202 9.34643221617 -0.297649910527
-105.408 35.2106 0.000150127872609 -0.000433546482235 0.00218350096228 0.000437682774147 3.9466 3.7009 -2.64971212407 3.48237803153 -0.11502578966
-104.461 35.2177 0.000146244561322 -0.000443086391761 -0.00873575198433 -0.000117961982183 4.55467 4.02357 9.0684101007 2.54518194799 -0.217711854438
-103.766 35.0891 -0.000329999465075 0.00108314961268 0.0177562817089 -0.00989410206246 3.04955 2.9635 -2.47718456466 -8.82750741058 0.351678590377
-103.063 35.0637 -0.00111527885109 -0.000157126420227 -0.0171982232543 0.000352927567355 5.19394 5.00974 7.45691888056 11.5140570966 -0.893493585952
-113.83 34.5935 -0.00105852892372 0.000118515064245 -0.00226390955437 -0.000912598468839 4.12904 3.90745 4.27587651267 5.92185997881 -0.809140889831
-112.891 34.4692 -0.00274140042535 -0.00238326918535 -0.00637139031993 0.00294922726155 4.5532 4.12042 -3.32974875865 40.4927431518 -3.52751659181
-112.237 34.4866 -0.00394004905646 -0.0030271044081 0.0135959885026 0.00305126532347 2.93765 3.06918 -26.6446900808 39.9892249711 -4.15793655876
-111.441 34.4178 0.00219956465671 0.000890259937809 -0.0167852729803 -0.00804818433279 5.95045 7.38756 25.4008938341 -28.2352129183 1.94621861565
-110.806 34.3371 0.00316589975904 0.00436856321551 0.00121371570646 -0.0030717129814 3.95441 4.09477 -1.21642169601 -65.4294047111 4.95417132297
-109.95 34.5293 0.00146728412954 0.00257621942015 -0.00155797178866 -0.00104753962677 3.69512 3.46839 -3.30832165717 -36.264970238 2.541068106
-109.29 34.4275 -0.00106407285835 0.00181484439851 0.0145128275995 0.00822485266059 3.49675 3.48225 -12.2323814171 -16.1869520436 -0.348317306808
-108.498 34.5421 0.000341525764438 0.000706290309834 0.00203415634029 0.000568124117842 3.38753 3.37487 -6.42128379685 -9.67998664027 0.627291534686
-107.786 34.4457 -0.000142970127755 7.39409629946e-05 -0.0025966049977 -0.00104797670038 3.83704 3.80558 3.04500998441 0.343297900067 -0.0690509999185
-107.01 34.5058 2.77066615818e-05 -0.000180574197471 0.00162605154574 -0.00249997901236 3.63018 3.66907 -1.18557302501 1.68214645874 -0.0769069589991
-106.188 34.581 7.82612433573e-05 -0.000270694503567 -0.00167961772402 0.00115486006791 4.12865 4.08592 -4.80865302597 2.41516432649 -0.0706526483349
-105.435 34.5646 -0.00013306136818 0.000223314197755 0.00191063594191 0.00143802445941 3.82362 3.90931 -6.52270688504 -1.61941410345 -0.00582153859935
-104.662 34.5271 0.00031997947283 0.000414696291783 0.00101903442784 0.000232134230178 4.05484 4.07227 1.39253498791 -6.61575613479 0.507474596055
-103.81 34.5508 -0.000588457773004 0.000386993202325 -0.00456891279508 0.000909562296358 4.40653 4.47414 11.7314218511 2.41743073369 -0.0937345798917
-103.097 34.6469 -0.000878513759797 -0.000458593042934 -0.00383775708862 0.00123164799081 4.08551 4.14104 7.26453715205 12.0522279503 -0.944672978266
-114.524 33.7503 0.000766506297011 0.00117798008431 0.00466012283833 -5.53197574423e-05 3.84606 3.88738 -3.76645334534 -16.5988700772 1.1981195647
-113.829 33.8142 0.00125474502789 0.00140270834676 -0.00447947822213 0.000837616190549 4.45257 4.25772 5.18408206449 -22.3595655726 1.83144699719
-113.005 33.9383 -0.000823490263954 0.00132588841527 0.00769245949429 -0.00997377374738 3.38047 3.28069 3.3423013872 -7.79060061941 0.0488213313998
-112.333 33.9535 -0.00324767983636 -0.00195752707854 -0.00825571766663 -0.00190776807822 4.57202 4.73677 1.06704010914 40.7818880323 -3.79168146636
-111.478 33.8798 -0.00403626584977 -0.000321778495973 0.00670291524735 0.0109983248262 2.81537 3.24205 -37.5593762465 -1.42212956893 -3.97771594738
-110.844 33.6953 0.0035621220365 0.00389811290736 0.00174958438345 0.00189195303588 3.20093 3.47464 -20.7878504093 -55.0010824077 4.23773133209
-110.034 33.7776 0.00332907882988 0.00343393851509 -0.00039929599267 -0.00468033596259 3.90987 4.04448 2.4175192052 -57.9082609172 4.69283081124
-109.254 33.9571 0.00240285776021 0.00198733081449 -0.00195080668115 -0.0161795565145 2.9078 2.90623 18.3948142027 -38.4128675741 3.05269149058
-108.377 33.9085 0.00129323467263 0.00134435865669 0.0023904984677 -0.00118582004146 3.65094 3.59798 -2.98774611021 -22.4958874362 1.79749528911
-107.674 34.0087 0.000571944699917 0.000373159594862 -0.00166124173899 -0.00253598240803 3.8582 3.78417 3.42188497823 -8.01651169816 0.680859934264
-106.965 33.937 3.63110380074e-05 -0.00167638398547 -0.000902074111327 0.000355970467261 4.17215 4.01066 -3.3656146393 17.6683788108 -0.839466358768
-106.921 34.0739 -6.61273313138e-05 -0.00222037881446 -0.000470686498608 0.00196460367303 4.16742 4.22025 -4.6858060373 24.4238699054 -1.16884876265
-106.055 33.9315 -0.000861850673481 -0.000114362831348 -0.00140081346303 -0.000698590527618 4.0661 4.00502 -4.10024832157 6.84459649917 -0.796233784869
-105.436 33.9257 -0.000658858457974 1.24833830001e-05 0.0018543959137 -0.00123185810737 3.60235 3.67827 -6.6522170517 3.91071558635 -0.569315630287
-104.693 33.9229 0.000203978892963 0.000361128566745 0.00321598958629 3.88737928779e-05 3.8594 3.91151 -6.12148531436 -5.25381043807 0.358147867104
-103.825 33.9232 1.04131953333e-06 0.0004987393304 -0.00368707451083 -0.00176364390436 4.28829 4.16109 10.6360392794 -4.2844999099 0.369519867144
-103.163 33.8839 -0.00102724966319 -0.000489543265722 -0.00449531672907 -0.00134010967533 4.12225 4.08814 9.89128793183 13.906408978 -1.05529130814
-113.657 33.1999 0.00189603962485 0.00210502694085 0.00180365144357 -0.00338921386575 3.7561 3.87289 5.33616822758 -33.7856509306 2.7602400617
-112.946 33.3627 9.35136483951e-05 7.19834740419e-05 -0.00158483965343 0.00133693547468 4.38868 4.12025 7.83936378846 -1.3789651871 0.118007072045
-112.158 33.2893 -0.0022515428119 -0.00234674219849 -0.00710421227354 -0.000800172150465 4.6842 4.43496 10.4038070977 39.4097323112 -3.23935439718
-111.427 33.341 -0.00486346234264 -0.00426530389308 0.00538713326234 -0.00210030971127 3.36682 3.69515 -5.80185222818 72.3880863304 -6.22340439902
-110.472 33.2969 0.00134807330747 0.00137969177639 0.00513165940297 -0.000455170463529 2.73442 2.87649 -25.7409398448 -18.5928120163 1.48786792526
-110.036 33.0851 0.0028576729314 0.0017860758677 -0.00272568588215 0.00123955163822 4.25204 4.69094 -10.5021332179 -33.4061744698 3.31470632789
-109.266 33.2921 0.00231550255245 0.00227961523098 -0.00175727844196 0.0104217458374 4.26101 4.23785 -14.0553340371 -35.8599348502 2.92378750764
-108.592 33.1132 0.00273023035286 0.00243918825121 0.0037922434982 0.00107601770764 3.74848 3.73741 -7.30710885634 -42.0638798437 3.52079228224
-107.671 33.3086 0.00162635012034 0.00109043432926 -0.00030241787022 0.002052137468 4.16919 4.02177 -5.13889543454 -21.7026308556 1.95041822006
-106.964 33.2555 0.000506888429989 0.000780093534848 -0.00211355632146 -0.000318555438616 4.29794 4.14608 0.427881228577 -11.6605443212 0.861715903951
-106.232 33.2621 -0.000686334061646 0.000231908166625 0.000697701614653 -0.00106010946198 4.00616 3.88402 -4.2768900463 1.90037776789 -0.471841727666
-105.365 33.3298 -0.000600770989495 -0.000134673701132 0.000172227151475 0.000231370665312 3.94162 3.90027 -8.08170404021 5.03005458916 -0.594892613291
-104.717 33.2797 -0.000176992939858 0.000621117100231 0.00185805926392 0.000263385230273 3.87043 3.82776 -9.62976888538 -6.06119313776 0.118702268947
-103.98 33.2716 0.000286953673343 0.000764572875508 0.000784020548587 0.00115161625708 4.03546 4.00189 -3.44844558573 -10.17039906 0.659139695242
-103.215 33.315 1.39406074364e-05 -0.000204019226379 -0.00430287117302 -0.00120752492566 4.12312 4.0583 6.40742546927 1.76675188353 -0.130916992612
