-114.58 32.5356 0.000628717101801 -0.000242287231409 0.00391862022674 -0.00627601771733 3.70365 3.65073 4.92331245454 -1.77103662041 0.388129362675
-113.767 32.7683 0.000112305131962 -0.000962508162659 8.2973121371e-05 0.00185107134834 4.62006 3.96286 4.49643871534 8.85307291147 -0.444167403927
-112.883 32.7513 -0.00116229215572 -0.00191094683045 -0.0129791594663 0.000655254084325 6.30887 5.65862 27.20574081 24.345962775 -2.23594210279
-112.228 32.7006 -0.00225664905556 -0.0011696730567 0.0078916473315 0.00314856648632 3.58093 3.42707 -10.1868540742 22.8524039084 -2.52218945911
-111.704 32.5618 -0.00259664976462 -0.00227354730619 0.0116398292982 0.00186900841428 2.65205 2.71253 -16.1429031219 34.8722909177 -3.08708203254
-110.739 32.5716 0.000512988260901 -0.00192041033768 -0.00665499178859 -0.00668842478375 3.7418 4.15622 -1.18143421194 17.1975737866 -0.525338060225
-109.97 32.6399 0.00088475676494 -0.00149858477639 0.00141138225594 -0.00104278592855 4.05271 3.49083 -6.68239593219 12.0428143754 0.158142281258
-109.303 32.7663 -0.00120795010038 0.000397032335587 -0.00226580650381 -0.00624360473826 3.93558 3.94585 6.69469423116 5.65621800122 -0.684453365267
-108.633 32.5466 0.000622910487844 -0.000451215513889 0.00080648762233 -0.00112145419557 3.87747 4.23762 1.86701136882 0.183956520362 0.253759396612
-107.785 32.5324 0.00197875666756 -0.000663088109727 -0.000492902675633 0.00278157768746 4.50349 4.51118 -2.17390499275 -5.8166400381 1.34385368926
-107.001 32.6995 0.000318375672469 -0.00236935264356 -0.00107050497968 -0.000232454288328 4.25268 4.07236 5.42379212492 20.3934845263 -1.26567020834
-106.262 32.6349 -0.000753488625035 -0.00119631825259 0.000693622850492 -0.00377400169989 4.03394 3.88426 10.7360039397 17.3859018093 -1.38118063204
-105.454 32.7001 -0.000943519337064 -0.000933452571266 0.000547083365713 -0.00400662339858 4.12234 4.16445 14.2028763063 16.7979852276 -1.32246255738
-104.657 32.6588 0.00124157657894 -0.00271956701588 -0.00906981260901 -0.0105991974248 3.95036 3.93407 16.3828402388 8.66548245138 -1.39372072249
-104.02 32.6462 -0.001747257811 -0.00272456434719 0.00446318523408 -0.00285816019108 4.06086 4.04032 14.6890509354 39.3114130662 -3.21769124675
-103.357 32.6764 -0.000271896564738 -0.00272929804718 -0.00650217112568 -0.000535390711997 4.5436 4.65282 11.9942432833 25.6696452029 -2.23677455527
-112.812 31.9559 -0.000264485877826 -0.000183397106283 -0.0113821202757 -0.0102555102765 4.02967 3.92018 15.373652607 3.85176508029 -0.316478952435
-111.457 32.0022 -0.00137728075493 -0.00116410973151 0.00940490527525 0.00948202018307 3.53579 3.49711 -12.3211868599 18.8867951583 -1.67504048277
-110.816 31.7748 -0.00199578762263 -0.00153115863976 0.00464451216378 0.00863383042903 3.54706 3.67281 -13.2012269487 25.5367118725 -2.37053872606
-110.046 31.9737 -0.000697128203132 0.0010605665741 -0.00277136005606 -0.00115863320545 4.00491 3.98222 -7.79976501412 -8.49265911824 -0.206487322987
-109.259 31.9989 -0.00087007057648 -0.000918298949047 0.00052120202894 0.000794934041048 4.40224 4.64712 -9.79264427865 14.6963527062 -1.15548617955
-108.527 31.9041 0.000930127223473 -0.00112378770895 -0.00193255564393 -0.00220636065514 4.25926 4.92877 4.26778219799 4.19916781852 0.0646182363148
-107.778 32.0094 0.00256272319875 -4.13108042344e-05 -0.00121607208151 0.00233648318911 4.36738 4.25384 -4.49684016934 -15.0883140892 2.22391631273
-107.101 32.1046 0.000550485029022 -0.000205524297503 0.00189706497304 0.0013904127927 4.00331 3.3093 -2.27791590411 -1.43319790452 0.360903395246
-106.428 32.0062 -0.00131946537505 -0.000238246377701 0.00166483839482 0.00293038313666 4.23613 4.87137 -0.823023054838 11.7456891327 -1.23133656823
-105.523 32.076 -0.00078635112012 -0.000526062319705 -0.00163563234396 0.00212165021945 4.77356 4.51681 7.8285294971 11.7162463561 -0.934138759498
-104.823 32.1101 -0.000383856086078 -0.00108635056755 5.68146285682e-05 0.00553483129407 4.90227 4.79604 7.49353555644 13.486071408 -1.0226033762
-104.101 32.0618 -0.000879635543511 -0.00217349197794 0.000537331566205 0.0038778887964 4.81946 4.40025 6.52243320851 28.1662217154 -2.11984491938
-103.292 32.012 -0.000545211657147 -0.00209908935404 -0.00470335498678 -0.00113306502307 4.27463 4.17833 12.2344684209 23.0783553865 -1.94159831147
-109.991 31.439 0.00038074920691 0.000506051166108 -0.00279172438968 0.0109334527717 4.71939 5.1125 -15.8161905165 -7.33079822809 0.504136821334
-109.281 31.3757 0.000604601303298 -0.000482732747839 0.00702594036448 0.00445873495367 3.55036 3.54071 -11.4298208238 2.97330475489 0.395399075305
-108.528 31.3369 -5.34683960071e-05 -0.00108803857707 -0.00259426792069 0.00521317991199 4.02325 3.93323 -6.02913617914 12.4982068521 -0.5346380596
-105.483 31.4425 -0.000107174097305 -0.000876152178918 -0.00360934319578 -0.000198763065831 4.60152 4.76439 7.98230475605 9.13365239468 -0.674391284832
-104.971 31.3711 8.28197706913e-05 -0.000953290003029 -0.00045013614667 -0.0013266940614 4.14559 4.06835 11.8996573116 7.53475473346 -0.642179707879
-103.979 31.3165 -0.00037239996689 -0.00121422201957 0.00234221965622 -0.000760065857597 4.15127 3.98379 10.9353083863 14.2059789505 -1.14086771542
-103.492 31.3691 -0.00136621493784 -0.000914222314346 0.0003836022574 -0.00146755575537 4.20941 3.94714 14.6918575099 21.1652025889 -1.56999189801
-102.81 31.3818 -0.00114620431322 -0.000378827594729 -0.00759576723446 -0.00103308894793 4.86869 4.77502 8.71843708056 14.0681108273 -1.07269220703
-104.986 30.7862 -2.72538059056e-05 -0.000503306706183 -0.0027485539121 -0.00673966573924 4.01507 3.92451 9.00924246653 4.89640164312 -0.36917851475
-104.029 30.6689 -0.000916686059074 -0.000846202506767 0.00026747034009 -0.00377790679408 4.01657 3.8625 13.5506658488 16.1248915549 -1.23954364817
-103.402 30.8498 -0.00159572823238 -0.00034952603988 -3.44749867004e-05 0.000174682881371 4.76138 5.0252 16.1191336036 19.150074211 -1.25197892889
-102.685 30.7263 -0.00062756995927 -0.000596484872922 -0.0132869198778 0.00207563802749 5.1222 5.51229 17.6124752607 11.1775262865 -0.850561980592
-104.09 30.0609 -0.000893909241051 -0.000277171212387 -0.00302190133584 0.00144427484758 4.6449 4.38648 4.39997837939 10.1767605957 -0.864433934429
-103.612 30.1456 -0.00190796615006 -0.000807413352425 -0.00247873253817 0.00420148630573 6.10456 6.01933 10.725808501 25.2121491499 -1.89929704236
-102.788 30.1615 -0.000474033877228 -0.00116310986536 -0.00708058538853 0.0049041921896 4.2468 4.62643 15.4340680741 14.2574287777 -1.20733603104
-104.133 29.554 -0.000255064166952 0.000320711934309 -0.0117640347215 0.00512090557787 5.82595 5.83626 4.9362281579 -1.05695045079 0.0111683127113
-103.389 29.4528 -0.000843068370379 -0.000431354411637 0.010334914355 -0.00155738525958 3.96703 4.42521 0.823961520303 11.0754054159 -0.934390934488
-102.888 29.4862 0.000654935820426 -0.00408988832806 -0.0216862405471 -0.0217142180537 3.89637 4.12484 29.8713856752 14.0427657482 -3.46601444844
-115.653 48.9339 -0.000714203761357 0.00721408796509 -0.0174011773995 -0.0396069563179 3.29725 3.93002 34.2330136955 -25.5488035049 6.27559909931
-114.413 48.933 0.00152086753988 -0.000305356922763 -0.00825104181229 -0.00751259387042 5.06593 4.24915 22.9792217513 -11.9102263588 0.613229229402
-113.422 48.9725 -0.00267676860452 -0.000722361727792 -0.0200156111788 -0.012206875257 4.64881 -nan 23.3367785856 29.2328116713 -2.07878960587
-112.733 48.9777 0.00608823855238 0.00191618720093 0.0999095520358 0.00941553148624 1.71357 1.8088 -24.3086967409 -32.2244526136 6.32021853646
-111.597 48.9482 0.000795950041193 -0.000999369612352 -0.0126571214743 -0.00788217903219 3.92077 3.58111 12.7991459505 0.99467082592 -0.198771356767
-110.699 48.9448 -0.00353999920549 0.00284255950186 -0.0268613297676 -0.00730882785469 4.9298 5.76145 27.0486760285 20.5871050051 0.88497872387
-109.846 48.9198 0.000900721513717 -0.00117344801479 -0.00105239280249 -0.00039760016689 4.95407 5.32139 1.23109794795 4.37258241187 0.00372347792968
-115.589 48.4694 0.000287010843597 0.0029024690978 -0.0291402577375 0.0094156594383 7.60825 -nan 47.1669378693 -9.44315188195 2.90161822377
-114.468 48.3739 0.00214509414843 0.00305621819564 -0.00580503101363 0.000594570028008 5.81928 7.81822 22.5997924922 -38.9313814187 3.73388172262
-113.273 48.3609 0.000244397105599 -0.000658925076085 -0.00193393191635 -0.00378494856269 4.83523 4.45268 14.2705728345 2.95695385938 -0.320628082963
-112.562 48.3129 0.000144359138512 -0.000508986347622 0.0021101286631 0.00484163259277 4.11646 4.50477 -0.336459861759 3.86570416845 -0.160175726659
-111.707 48.4128 0.00143308014714 -0.000320146599533 0.00830249789534 0.0128098588733 4.27957 4.07555 -18.7779738676 -0.904251311496 1.29260554069
-110.799 48.2921 0.000771300426472 -0.00168342805193 -0.00984822307318 0.0244056805655 8.84364 7.25207 -26.5241064645 17.5016961614 0.507419392073
-109.777 48.3943 -0.000270998721813 -0.000730890743588 -0.0110102823082 0.00788780858884 6.59348 7.06754 -0.849028768706 8.56228462335 -0.643146361131
-116.256 47.8397 -0.00351636917486 0.00180623588021 -0.0583995145746 0.0224022841557 7.74226 -nan -285.929212989 42.4725297767 2.64577233019
-115.475 47.7092 0.00173643706213 0.00149055420683 0.00300468680916 0.0459721847271 5.05128 7.04766 -49.4971753787 -9.68352426492 1.18602451679
-114.574 47.6795 -0.000105924074244 -0.000120173286589 -0.0311885693316 0.00727206466234 11.823 -nan 46.5724407267 1.41743254137 -0.138678323479
-113.747 47.7687 0.00230065997925 0.000449601193229 -7.15434844321e-05 0.00624771261293 4.73194 4.87657 -10.3583082371 -14.4227671599 2.2984786635
-112.607 47.775 0.0021937728644 -0.000767455752777 0.0257805073929 -0.0215172303245 2.60435 2.58183 0.997017947132 -6.92737427873 1.3677495355
-111.746 47.8012 0.00232436040317 -0.000108011080893 -0.012536556975 -0.00656488617919 6.74228 5.72368 6.54237443815 -16.2599941302 1.68564229297
-110.763 47.6327 -0.000588845138136 0.00416820381926 -0.00882541975545 -0.0270958817246 3.16891 3.07679 21.3206642418 -20.5709976754 3.14946842256
-115.353 47.0528 0.00285156822125 0.00174224457228 -0.0140885409433 -0.0806736392895 2.03696 2.08756 53.122028604 -33.3745885739 2.00851199654
-114.459 47.0943 0.00210603628603 0.00133367786969 -0.017547477214 -0.00475804608794 9.20514 8.01864 -287.026681034 -18.8298371341 0.741186218987
-113.506 47.0816 0.00260554931891 0.00221108327141 0.0179804478335 0.00309604089052 3.4531 3.5776 -14.5671116476 -32.7199624174 3.16727507412
-112.52 47.0418 0.00193688274792 0.00129712433192 0.00835258512255 0.00492404729627 4.76104 4.11416 -9.97298268991 -22.1748698959 2.29452076203
-111.549 47.0308 0.000144924470332 0.000424738013904 -0.0135762540194 0.00073192010984 7.35138 5.44966 21.9936380358 -4.03670888186 0.433966581013
-110.687 47.1523 -0.000843838961767 0.00223929666015 -0.0178282316498 0.0217700566671 17.1324 -nan -39.6700940818 -26.1918118723 -1.01855985301
-109.802 47.1961 -0.00012725198542 0.00160860416946 0.0174590719305 3.75244975916e-05 2.98917 3.12325 -10.6139283126 -16.0288221593 0.571035747793
-115.571 46.4151 -0.0037501363628 -0.0100012460063 0.0440846556581 -0.0459786862802 1.89644 1.99542 17.9333396102 104.464964577 -10.0098010072
-114.188 46.4423 3.40551523692e-05 -0.00119032176302 -0.0423399525281 -0.00740554354234 9.88583 16.5672 -283.485039881 -4.64143664058 -1.13840377518
-113.493 46.4162 0.00393026375366 -0.00377064944281 -0.00945176436786 0.00547122747544 4.75749 5.78799 -9.73779933936 21.7957865614 2.14484873501
-112.641 46.4246 0.00308952907487 0.0055914723515 0.00953704428497 0.00902515137269 4.56824 5.21431 -31.8102724758 -64.2216651683 3.24490163339
-111.676 46.5336 -9.45353010711e-07 0.00354084385472 -0.0185161518706 0.0117494024426 8.5119 6.21814 -5.58757083077 -35.3327873431 1.69541440178
-110.858 46.462 -0.00282128984451 -0.00228223368372 0.0276073529927 -0.0063468230583 3.0607 3.23611 -16.9574894362 34.7236806381 -3.38628594837
-109.914 46.5663 0.0015902159216 0.000529500760948 -0.0163117882758 -0.0186825311843 3.55394 3.77182 31.8287025915 -19.1885908526 1.0981928127
-108.786 46.4611 0.00125847356461 0.0013985253322 0.00624600143219 0.00415073082612 3.62056 4.87856 -3.75294560171 -21.4605488365 1.81545844456
-108.13 46.5038 0.0108946716123 -0.00272234128239 0.00292954366135 -0.00147165547581 4.4602 -nan 1.74869748334 -54.6579863188 6.77594363233
-107.076 46.5408 -0.000529016538114 0.00440932084433 -0.0206984207897 -0.00666360093488 4.92794 4.29802 23.0470989158 -19.4851435095 3.60187094693
-115.255 45.7565 -0.00167667581303 -0.00254475914019 -0.000198570709436 0.0127257356298 4.70559 4.82939 -12.2530548613 33.0134120387 -2.41320186808
-114.332 45.7893 -0.000690250617977 0.00151075031416 -0.0375827311778 0.0327544157699 9.32453 8.81751 -155.471207347 2.90594062862 -0.878641120686
-113.37 45.8122 -0.00177412445889 0.00206846556573 0.00858489156346 0.0112765961567 3.89777 3.46302 -27.0045930672 -21.2676509216 -1.55899997919
-112.493 45.8409 0.000302561653888 0.00168394845293 -0.0238997039497 -0.0229935056657 4.40805 6.45544 30.0334037134 -11.6216794199 1.64172678079
-111.626 45.7843 0.00266089855544 -2.64074876213e-05 -0.0301482195465 0.00421179400784 9.037 -nan 31.1192481845 -27.4656271949 1.09073901285
-110.659 45.9054 -0.00389001091349 0.00184630695471 -0.00609342267495 0.0226526111118 5.92791 4.89662 -68.1718978588 -42.1906677616 -4.26542952531
-109.716 45.9046 0.00152177177025 0.00190397203304 0.00831233884618 0.0141276340658 3.8902 4.08535 -18.7836512411 -26.1133916861 2.0095491443
-108.944 45.8538 0.00238292277558 0.00337576664799 -0.00367924372978 -0.00384653520574 4.33741 4.40148 9.91447381458 -46.991250458 4.08602717928
-108.149 45.8006 9.17132252165e-05 -0.00299655661976 0.0105722003239 0.0114594554191 4.04221 3.59808 -24.2270594793 33.7834603633 -0.570387901141
-107.123 45.8231 0.00040507992987 9.09648971445e-05 -0.0160139952827 0.00523904286917 4.83963 5.82358 14.102242288 -4.38644921739 0.321512864897
-115.326 45.1285 -0.0014950757342 -0.00403309819327 -0.0232922126482 0.0110963813461 8.03029 20.201 -28.6625925259 45.9012295421 -1.6635811618
-114.233 45.0931 -0.00194561378694 0.000346808032098 0.0295493381749 0.00147593279954 3.03469 3.39538 -8.61236227766 5.09664272807 -1.64958053157
-113.46 45.2432 0.00193651269883 0.00577614346467 0.173707247888 -0.0138684040897 1.21146 1.2379 -25.7157486 -67.6125282615 2.61067620709
-112.489 45.166 -0.000535932046676 -0.00283958652893 -0.046826571163 0.0446593550938 4.92687 7.50033 -93.5501326911 10.7662364555 2.19906450486
-111.805 45.2285 0.000202502338254 -0.0054085353815 -0.0037932882613 0.00163794618222 5.5079 9.22012 -6.16075033151 53.7169246733 -2.3352677448
-110.74 45.3212 0.00132883644384 0.00309707383508 0.0114350033137 -0.00103656580929 3.8615 4.11951 -18.8499925797 -38.4592751668 2.12592153448
-109.563 45.3171 0.00364652342389 0.00222191945731 -0.00319261036482 -0.0121385878869 4.60285 6.03552 18.4302863786 -49.3003796362 3.93751186079
-108.214 45.2202 0.000847913919279 0.00189575479721 -0.0205491438605 -0.000152145479118 5.95056 5.12002 25.2836387625 -19.1139440256 2.0720574505
-107.207 45.225 -0.00480392815015 -0.00584502456586 -0.0318842008635 -0.00865330013272 5.2485 6.79835 -294.480170479 39.3320451359 -4.60180913601
-114.855 44.5494 -0.00210343157451 -0.00312207978462 0.0104757925893 -0.00233123686754 3.52533 3.48454 2.87535616826 42.4685713451 -3.49502486272
-114.255 44.5642 -0.00355055560074 -0.00386146510153 0.000311665399935 0.000205387095034 4.15699 4.95196 -3.58489231337 57.5283050498 -4.95467091386
-113.367 44.6165 -0.00363931912368 -0.00569066675973 -0.00795791105712 0.00594957165765 5.58133 -nan -0.751832124115 76.8447161007 -6.08988304162
-112.644 44.6173 -0.00170133559845 0.000258409607339 -0.00123971442251 -0.0056288845684 4.40463 5.16379 5.89447513978 9.93224802067 -1.16004125185
-111.248 44.7038 0.00105857578323 6.42738520502e-05 -0.0621072462104 0.0076469422058 11.1988 13.3354 -241.583716603 -4.94654374852 -0.910471626072
-110.576 44.3951 0.000363013867315 -0.00021368776425 -0.0224897849668 0.0111481543144 5.79643 4.05078 14.7826636224 -1.58599593516 0.0735250156228
-108.986 44.6704 -0.000728431702814 -0.00242333840926 -0.00523714303352 0.0158597684517 5.91782 7.14578 -22.7193270585 29.4537931708 -1.26648490904
-107.999 44.4868 0.000448022719045 0.000145974296825 -0.0122777225135 0.0137472534643 5.09329 5.61509 5.21966312634 -4.79151649548 0.430602724308
-107.042 44.6277 0.00150274196314 4.07113467282e-05 0.0142876631676 -0.00799634221028 3.07488 2.76087 2.22495939903 -11.7130442676 1.18012108693
-115.133 43.7945 -0.00460205674654 -0.00211376215202 0.0337810279 -0.0158544715594 2.65011 2.63393 -1.16107667207 46.6168601783 -5.04370568738
-114.117 43.9146 -0.00154753885508 -0.00143658123652 0.0796559572491 -0.00230652197758 1.87154 1.86568 -17.7102041653 20.1237717008 -1.85072409822
-113.452 43.9286 -0.00259926928322 -0.00201544668529 -0.0480933439056 -0.00291580357545 6.56996 5.24135 39.5565347403 35.3486241163 -2.72400065823
-112.485 43.9997 -0.00448482307077 -0.00523154751629 0.0157673157185 0.00572777206722 3.26601 3.91751 -21.6427533726 69.0436530107 -5.4338186345
-111.487 43.8756 -0.00212331459508 -0.00427218149797 0.0136859560338 0.0102392438354 3.13055 3.22372 -39.4996530489 46.6820254255 -1.69242416565
-110.576 43.92 -0.00284578853837 0.00360782748398 -0.00215266393658 -0.0763225117717 1.58886 1.69772 36.2162819814 17.4195394093 2.47121354161
-109.817 43.7013 -1.82367315635e-05 0.00112759001772 -0.0723273396335 0.00833557060062 7.78471 -nan -221.534540872 13.1003832118 0.143688237812
-108.994 44.0363 -0.00324215794011 0.0072095341795 0.0373260021042 0.0154773603139 3.46144 3.76337 -32.5446895485 -82.0151960494 -2.81760744724
-108.128 43.9496 0.00188893480766 -0.000416074670333 0.120308015572 -0.174397098565 0.910421 0.917583 20.1407302921 -15.8843737232 0.689318545877
-107.292 43.8122 0.00150191555075 -0.000590934349006 -0.0430634586619 0.000480367923462 7.98874 9.88027 22.1340881804 -11.7161232121 0.257450146525
-115.828 43.4151 -0.00118181322367 -0.000553625441864 -0.00054768614727 -0.0185980108972 3.30277 3.19732 16.9897871989 14.0383327027 -1.20755993326
-114.174 43.3979 -0.00285179207163 -0.000853707753611 -0.0100396819337 0.00134041891552 5.13322 5.25459 4.0548130554 26.8683931567 -2.81381592428
-113.518 43.3234 -0.00294613638233 -0.000953556055549 0.00609384021511 0.00620397888015 3.62067 3.72547 -6.77064154343 24.3121157575 -3.07049340066
-112.433 43.3998 -0.00183616843636 -0.00385891462175 -0.00387447556163 -0.00581618521696 3.87256 3.81286 1.63583313347 48.5712479229 -3.70438323951
-111.612 43.2741 -0.00343673175762 -0.00215059383952 0.00437129651895 -0.00625298531409 3.77389 3.60153 -7.08723510085 40.0517912217 -4.03551012646
-110.712 43.3629 -0.00767821042263 -0.00702193347572 0.00256566252884 0.0230456439817 3.09343 4.18009 -65.920132049 22.8438042078 -2.86660655811
-110.02 43.2112 -0.00351314059949 -0.00466582882445 -0.0069988174919 0.0184094899885 5.10359 -nan -51.6159080609 40.3901074866 -2.01989540531
-109.053 43.2649 -0.00358013819818 -0.00484194812899 0.115775912622 -0.032781391562 1.59719 1.76284 -4.98301009513 70.3815487674 -5.54931066021
-108.084 43.3531 -0.000767291202952 0.000368018005361 0.0387880119564 -0.0298605653332 2.22784 2.45501 3.79405237456 2.53718009707 -0.347808481355
-107.446 43.3459 0.00333729299688 -0.000652657720919 0.0539194505749 0.0168236568064 2.58349 2.55389 -23.5393680812 -1.66545811367 3.09433426752
-106.479 43.4126 0.00249293626784 0.000168583055266 -0.025525398257 0.00972477038297 7.04588 6.12065 13.0730251098 -24.2843017183 1.70449749549
-112.531 42.6852 -0.00146635261209 -0.00267734066531 0.00753862446717 -0.000724577164549 3.77223 3.75839 -7.07429456508 35.2111438927 -2.48277464481
-111.588 42.8321 -0.00219449499041 -0.00258473886063 0.000984598029312 0.00111614584154 4.62316 4.69685 -9.20561320796 37.8304849175 -3.06490216256
-110.92 42.7507 -0.00268196770319 -0.00428581787417 -0.0106501603412 0.00671994312228 6.94051 6.03712 -11.6498105303 58.1022033724 -4.11322107383
-110.042 42.6372 -0.00458414240151 -0.00144638566087 -0.000649365483197 0.015560107465 4.58352 3.8543 -37.6499817174 14.1913861375 -4.50436346309
-108.847 42.8247 0.00249344823759 -0.0104796240559 0.00701079656829 -0.00471665434946 2.20423 3.11536 -30.9799324628 120.706989353 1.6189318291
-108.342 42.6579 0.00994372067179 -0.00614159151555 0.0129493468916 -0.00877388721621 2.86413 3.19148 -32.7653592582 65.7453447698 9.57128175905
-107.251 42.6332 0.000549309617378 0.000995525660679 -0.0244284152264 0.0164713016256 9.78906 4.36999 -3.05967220496 -13.4879799299 1.01118627337
-106.524 42.6507 -0.00141442838467 0.00255626643123 -0.010724712887 0.00089101978974 5.28188 4.98127 8.35314426054 -9.11748028633 0.851898121857
-116.471 42.0773 -0.000258289228579 -0.0018749522619 8.80478346632e-05 -0.122629600334 1.25237 1.25061 44.867357334 8.46560139668 -1.87598492577
-113.24 42.0343 -0.000814744175262 -0.00221900379373 0.0018067762321 -0.00265384745215 3.95426 3.88214 2.40762108576 26.428276045 -1.92865844408
-112.386 42.0041 -0.00116479536314 -0.00232804904356 0.00209209853254 0.00389085694543 4.30526 4.045 -9.20253167456 30.1591864732 -1.99802362542
-111.432 42.0149 -0.00229199357182 -0.00197271236369 0.00145467130321 3.36320250708e-05 4.6778 3.80242 1.10538568307 34.1298920455 -3.00681781151
-110.873 42.0995 -0.00546111969336 -0.00381484011475 -0.0113353981009 -0.00779425619572 4.82745 6.63169 25.1784449591 77.7466136177 -6.07653611895
-110.036 41.9243 -0.0042421913387 -0.0063805503569 -0.0102632734707 -0.0184767083335 2.78562 3.18031 35.8688482078 72.1878625908 -7.43279699448
-109.357 42.1012 0.00226398580357 -0.00371330055339 0.0222420268969 -0.00634742208787 2.03436 2.02449 -20.5706002206 35.6958086393 1.25694895386
-108.34 42.0073 -0.000306560983166 3.61477537531e-05 0.0129927260245 0.0122206628111 3.06684 2.80516 -31.5841756156 -0.152197018372 -0.302940432845
-107.369 41.9641 -0.00386461499166 0.0183130252533 -0.0061462387486 -0.00483720667431 3.61382 -nan -17.6795993547 -191.765279561 2.31403736709
-106.434 42.031 0.00167127223753 0.000996946037432 -0.000788951229974 -0.0494329379059 2.1836 2.24806 27.6716730831 -23.2303836888 1.6070842396
-105.701 42.1143 0.00023465803983 -0.000947492824696 0.00641305898678 -0.0348511048663 2.62132 2.62074 16.9752104787 4.21736546476 -0.642421732577
-104.933 42.0432 0.000494531376565 -0.000435976088105 -0.0013354279087 0.0123681211829 4.83516 4.77393 -20.5027634678 3.14148300083 0.333568459711
-116.54 41.522 -0.000259131589917 0.00113867891577 -0.000987407725896 -0.0307675349131 2.78165 2.73057 23.3988567195 -5.43742485913 0.752269333252
-114.165 41.3602 3.06350111592e-05 -0.000616207152132 -0.00507782097305 -0.00299722925199 4.48715 4.24338 14.0777188791 4.73612974843 -0.416790498607
-113.347 41.503 -0.000466781795484 -0.000655010514446 -0.00108809161438 -0.0012668731 4.47993 4.1625 6.31740361628 9.29059560887 -0.772007553364
-112.448 41.4632 -0.00132417973865 -0.00113177775889 0.00128329325597 -0.00522488405529 4.15571 3.97523 2.98772086442 19.6655941636 -1.73546715387
-110.666 41.4729 -0.00176211045395 -0.00201188252202 0.00373671521928 0.00318676311635 4.06462 3.76782 -6.45428887364 30.5397566327 -2.49221036237
-110.067 41.4272 -0.00439613348072 -0.00364943493914 -0.00666433428019 -0.00224177473716 4.26139 3.94625 15.2968680603 67.4029674784 -5.62633819693
-109.157 41.5047 -0.00345083173682 -0.00301692378824 0.000165900613446 0.000462752452617 4.00967 4.54615 -16.0780172703 47.1740293777 -4.24744940648
-108.187 41.4906 -0.00484090140056 0.00133983197692 0.0133797171601 0.00158908632166 3.05231 3.37582 -50.729121365 -30.1899928629 -5.02255632598
-107.364 41.6067 -0.000102517030296 0.00523733120875 -0.0285818680792 -0.00692673259006 5.32725 -nan 38.6817590358 -14.7271178866 5.03973148346
-106.596 41.4033 0.00248223645571 -0.00201675164014 -0.036568747373 0.0229577250346 25.8906 -nan 25.1138822899 -15.1612623281 -0.631326967106
-105.722 41.468 0.00217555038442 0.000871724166569 -0.0101074043385 0.00443735251735 10.0717 6.08939 8.42100828969 -26.2961814896 2.13281966934
-104.825 41.4676 0.00106987855732 0.00170322009753 -0.0198935457874 0.0047700327805 5.80567 5.10008 11.4710752256 -23.2373951435 1.99298154017
-102.772 33.9696 -0.00217263881425 -0.00229839248054 -0.062106636254 -0.0135002248211 3.85759 5.51612 49.9168287472 28.923769043 -2.37941662902
-116.508 40.7186 0.000415370841025 -0.000639529068789 -0.00534293527089 0.0414396929591 5.02244 4.77912 -43.9796820464 8.23421665743 0.562990461437
-114.204 40.8556 0.000301037373266 0.000360620381013 -0.00562801622981 -0.000116516022318 4.68427 4.51641 11.0832894864 -5.41681103564 0.465261053765
-113.187 40.8513 -0.000524707819999 -0.000367131565574 -0.00219529394683 0.00571031204437 5.10364 4.85857 5.10844968539 7.07292960699 -0.639994623402
-112.52 40.8903 -0.00082825862632 -0.000698468341577 0.00228574262829 0.00662741767715 4.53153 4.46359 -10.4256495575 11.1663879939 -1.02949490853
-111.437 40.8869 -0.00157834524876 -0.0016224123251 -0.00148550801964 0.000123343056666 4.14485 4.06225 3.59368862514 26.3442974646 -2.23586446733
-110.834 40.9425 -0.00182103254076 -0.000940136141484 0.00305380915274 -0.00156751963419 4.05743 3.87024 -1.72568385007 20.747738753 -2.04255942952
-109.673 40.9763 -0.00332098553157 -0.00342039372302 -0.00342039501512 0.0079124357639 5.93105 6.02709 -16.5907128983 50.7374385332 -4.21665885677
-109.177 40.8936 -0.00224889641429 -0.0057344013987 -0.000780148518721 0.00410081176965 4.99502 5.63114 -20.2428605861 72.7603732795 -3.63452762981
-108.263 40.8338 -0.00599604863771 -0.00287863200794 0.00454022641457 0.000446280322689 3.95429 4.71949 -15.2312888776 57.3261398273 -6.62408155239
-107.52 40.76 -0.00501859004929 -0.0022278377301 0.00140424640476 0.0148965614846 4.19218 6.79254 -30.9534664565 32.2361548484 -5.20333507573
-106.454 40.8023 0.00177787028213 -0.00436845864691 -0.051341341343 -0.0105291288352 5.88037 9.99297 -290.41500498 -35.7609091238 -4.69523802346
-105.944 40.8947 0.00393922960203 0.00544626381817 0.0253751861746 0.0643656112816 2.18776 2.41161 -75.2734186374 -23.0109906449 -0.214127278324
-104.882 40.8271 0.00107768164986 0.00319639405536 -0.00872139771785 0.00697107435399 4.7275 4.71477 -8.33531303273 -40.2901453795 2.53467249248
-104.087 40.8132 2.11305159958e-05 0.00134554186683 0.00987116733032 0.00289647406592 3.42213 3.32006 -10.8727109941 -14.6372885572 0.654362552029
-116.5 40.2917 0.000250387604705 0.000187503465842 -0.00348672315442 -0.0146703244921 4.28926 4.10482 -0.781931756285 -3.24300755227 0.30954544138
-114.745 40.2679 0.000776367013843 0.000571032943376 0.00420467838129 0.00262560755591 4.14041 4.17521 0.257602207241 -10.2483919108 0.959360868291
-113.981 40.1314 0.000834055391984 0.000175019587507 -0.00710705074697 0.00103299281535 4.73498 4.68283 9.69516261335 -7.8617822365 0.745476711796
-112.469 40.2807 -9.44560703261e-05 -0.000867331649424 0.000805949196493 0.00150512602184 4.06644 3.97736 6.29560075032 8.61938421692 -0.614968766401
-111.502 40.2067 -0.00046611891698 -0.00113116703554 0.00805844047175 -0.000177187448639 3.49435 3.38228 0.213050549021 14.1464511725 -1.00986395867
-110.738 40.1948 -0.00178815600841 -0.000537284978016 -0.00433252025457 0.00034880074942 4.925 4.74494 7.01132414776 18.5926972994 -1.70711817484
-110.008 40.2655 -0.000177848943265 -0.00128351434458 0.00138025558937 -0.00181044255569 5.40875 5.04355 15.420454886 11.4855556946 -1.09279123364
-109.124 40.2982 -0.00155189243535 -0.00149924783799 -0.00591499166442 -0.00138320303623 4.53339 3.74902 7.58821644434 25.7041959437 -2.15702240121
-108.242 40.1348 -0.00795516887525 -0.00274149030221 0.00861592928217 -0.00276957443695 3.22858 3.45184 -2.47683381361 79.6840219845 -8.16296256737
-107.47 40.2149 -0.00765119326534 -0.00196823164182 -0.0261995161148 -0.00145246109439 5.11332 14.6331 1.74870416406 75.3861560449 -7.24595730798
-106.547 40.1618 -0.00126697040181 0.000922644911104 0.162583522642 0.00596381844321 1.14081 1.13867 -34.3846811717 -10.5031653699 -1.22554798846
-105.918 40.2109 -0.000582548124168 -0.00174504968195 0.0829163173091 -0.114268424331 1.32136 1.34695 7.13415479535 20.0937528409 -1.63916620238
-105.073 40.1227 0.00435179834114 0.00506943389944 -0.0139472475073 -0.0133083303835 3.15953 3.73372 -3.07549863444 -81.2642957934 6.47213082057
-104.12 40.1129 0.00170153922839 0.00146762059134 -0.00931869234045 0.0101536815328 3.62925 3.50796 11.8572775415 -27.5998920241 2.21345137606
-116.464 39.6202 0.00105901581315 0.000871419322319 0.00178401578614 0.00200575978507 4.16909 4.25605 -8.09770289873 -13.6698981793 1.30185853202
-115.754 39.553 0.000989728326436 0.000282767367859 -0.000135546790724 -0.000899599726026 4.00314 4.04258 -6.47493589584 -7.48002308555 1.02099476853
-114.908 39.4731 0.00110014471266 -0.00015529725248 0.00261020945206 -0.0019572274647 3.64091 3.70308 -0.326474796772 -4.80546936073 0.875229779871
-114.016 39.455 0.00141834829693 -0.000902429584986 -0.00113832933979 -0.00247145516485 4.18422 4.06216 7.84580560061 -2.16173025087 0.539578811944
-113.069 39.5906 0.000524319893477 -1.04913259953e-05 -0.00206920951522 -0.00959410265177 3.75908 3.65438 17.8590112306 -4.58793416369 0.332130121132
-112.279 39.5708 0.000162662825525 -0.00157785350583 0.00196789642815 -0.00949626425741 3.2405 3.13289 18.4735865641 10.2525931401 -1.1191289884
-111.66 39.6092 -0.000898181356404 -0.000562147090834 0.000748607560223 -0.00422501189418 4.02348 3.778 8.83833894547 11.9949702535 -1.04488452222
-110.74 39.473 -0.0022269536403 0.000181434559391 -0.00201123935602 0.00293377852799 4.97706 5.38954 7.66324854152 15.7527977342 -1.55920841818
-110.246 39.6279 -0.000805550471653 -9.97559579753e-05 -0.00199171822918 0.00382546380581 4.88393 5.38613 0.503212262276 6.38729250563 -0.721385543339
-108.981 39.6333 -0.00222569211995 0.000587818209111 0.00363718024883 -0.00500646801562 3.36999 3.03367 10.9747349159 14.2123208716 -1.13044604643
-108.391 39.4998 -0.00440330030603 -0.00244644306532 -0.00680488520672 -2.93918307542e-05 4.40299 4.95012 3.33134614175 56.071356789 -4.96791416056
-107.449 39.524 -0.00269687336733 -0.00266755485907 0.0250945269558 -0.0126511958795 2.755 3.17302 -3.3715286454 44.7807679297 -3.70944393383
-106.759 39.5952 0.000770976531742 -0.00143194877608 -0.0202261369892 -0.0091775879943 6.96129 -nan 23.8243686521 0.455014755173 -0.863806582135
-105.839 39.3741 0.0035054147268 -0.00101306979583 -0.0344000543685 -0.0331750102202 3.7587 3.71738 45.8233579409 -41.0308623151 -0.581607951819
-104.908 39.5144 -0.00379140526334 -0.00350284175486 0.0327572391365 0.0144975081045 3.10591 3.86932 -30.5251742692 48.7032745635 -4.21591290771
-104.168 39.5125 0.00120555561938 0.00848342649948 0.0226139848524 -0.0899542243962 1.93998 2.14788 21.3742313111 -65.1541190896 7.94948613986
-116.4 38.8247 -5.5020339077e-05 -0.00093443637682 -0.000262789199618 0.00438086173685 4.059 3.90952 -8.46591490255 10.2730216275 -0.380784714066
-115.654 38.8455 0.000988297873711 0.000386311187372 0.00319384886732 -0.00205637552048 3.38738 3.40638 -4.67446168605 -8.86104376646 1.05900583043
-114.83 39.04 0.0019800557664 -0.000115654397086 0.00206825162418 -0.000940659403759 3.76451 3.64277 -4.31830791404 -8.84704731131 1.72964612723
-114.02 38.9551 0.000604158468019 0.000438434763993 -0.0015986634019 0.000812919218344 4.25886 3.9511 -1.71870165956 -7.89741373554 0.741171878545
-113.277 38.9882 0.00109067423956 0.000677496083446 0.00314098370444 0.000448526005494 3.93754 3.76069 1.20534212078 -13.5736994292 1.28385345724
-112.379 38.9995 0.000236490501801 6.36286989708e-05 -0.00234099003581 0.00169416316425 4.45053 3.98853 5.05367413519 -2.27952710351 0.226959552508
-111.172 38.9176 -0.00184045414035 0.000189902978009 -0.00526560164268 -0.00101481396506 4.66755 4.46247 17.1934862557 15.3344393492 -1.03349303479
-110.133 39.1025 -0.00116330975931 -6.46878951929e-05 0.0031593353994 -0.00261766372091 3.87528 4.04593 9.75363014756 10.128276256 -0.887736311803
-109.263 38.9553 -0.000648610116428 -0.000382994806851 0.00208807053065 0.00152700612071 3.99077 3.97503 9.66917150824 8.72394462202 -0.732342131199
-108.296 38.9541 -0.00178236352569 -0.00205978516727 -0.00892862788781 0.0018627144112 5.32895 4.75069 15.3429605039 32.4366400855 -2.72308868834
-107.574 38.8347 -0.0029492603738 -0.00357943364883 -0.00429531067474 -0.00676024368397 3.31101 3.20377 15.5072485761 55.1192785161 -4.63759925731
-106.91 38.8627 -0.00433162759386 -0.00358237605712 0.0260937550244 0.0064381068592 2.56722 2.7971 -21.5090950863 55.6178155358 -5.09976296706
-105.834 38.9045 -0.0012250193482 -0.00143863035663 -0.0168100128642 0.00753686381232 8.18614 7.88535 -1.75646553056 23.0635336944 -1.83142912721
-105.149 38.9641 0.000916719108498 0.00146530941156 -0.00813144866691 0.0108284459042 7.21152 5.55887 -38.2640567412 -17.8996631395 0.901297239063
-104.247 38.9145 0.00163838568942 -0.00329320119664 0.0139200183646 0.0142106135477 3.97573 5.38829 -22.1925769017 33.450773927 0.655478430626
-116.302 38.2886 -0.000727721971495 0.000738870569201 0.016015748926 -0.0151951851874 3.00249 3.07133 3.51448352346 -2.66199051199 -0.215494158376
-115.585 38.3489 -0.000120863150127 0.000254319659824 -0.0013433143141 -0.00233246740036 3.71477 3.85827 -5.40640432213 -2.11366126079 -0.00611504394629
-114.608 38.3281 0.000954937849158 0.00142219709577 0.00124545017951 0.0033240061584 4.0555 4.23356 -10.5598706521 -19.3598053721 1.37880124094
-113.969 38.1802 0.00147888216378 0.00155873071055 -0.00255511867565 0.00256545745813 4.81181 4.73221 -4.54066685005 -24.0227890175 2.01468964156
-113.021 38.2987 0.000761590371036 0.00154349967039 -0.00137581094072 0.00889721587012 5.05388 4.61708 -11.6658416647 -20.1381420153 1.23861856264
-112.277 38.2108 2.50662801574e-06 0.0015987954947 0.00390951316524 0.00693763922073 4.25428 3.98825 -12.605981453 -17.8650966163 0.532080731779
-111.483 38.2843 -0.000854117841075 0.000716236669081 -0.00146362227522 0.0024932477133 4.33417 4.11601 2.16126925306 -1.21460829012 -0.294013616061
-110.711 38.4187 -0.000888409758538 -0.00028533743228 -0.000602266358638 -0.0030109273279 3.97146 3.93465 8.16643849766 9.5641587522 -0.855471301892
-109.894 38.3862 -0.000427207401156 -0.000636582958435 0.00291756315375 -0.00202943174531 3.90182 3.84841 6.83708019527 9.13612603783 -0.738720748115
-109.261 38.2916 -0.000657134380053 -0.00146678947029 -0.00338870012421 -0.00282629734213 4.35913 4.25581 17.795835339 17.1183832383 -1.56067894101
-108.379 38.1888 -0.000560461364802 -0.000870984439133 0.000191353127455 -0.00424603007397 3.80652 3.59743 14.4024062742 12.0360125008 -1.02578270025
-107.55 38.3685 -0.00202442417859 -0.00237692710698 -0.00177077460188 -0.00201837302162 3.73612 3.42699 10.209476148 37.828463585 -3.11538589004
-106.756 38.2289 -0.00472039412507 -0.00320130540751 0.00859753565812 9.06247677905e-05 3.8277 4.08075 -2.51759567067 64.6056043278 -5.70333651288
-105.107 38.2315 0.00468662832207 0.00772881792662 -0.0436977095284 -0.00897370502243 5.88246 -nan -284.649486654 -16.3190298437 5.30551288464
-104.283 38.1474 5.58914756097e-05 -0.00180172160998 -0.0101991005794 0.0266771362072 8.07182 5.7265 -16.2916020878 20.5032242578 -0.617839478157
-116.595 37.923 -0.0010183015263 -0.000886205710765 0.00120961301066 0.00140466397671 3.9706 3.99989 -1.39357658191 14.4683192229 -1.3117755308
-115.747 37.6444 -0.00112567972055 -0.000200730649206 0.00166858868718 0.00828301743005 4.02118 4.1829 -15.8569046288 5.30559944074 -1.14149169752
-114.849 37.6083 0.000457131387156 5.75317041316e-05 0.0011424833231 -0.00243725788932 3.75903 3.8768 -7.45938386343 -2.66192730804 0.444391937939
-113.86 37.5808 0.000162721447761 0.000794384655307 -0.0024900038547 -0.000953897566125 4.09983 4.28875 5.78090814949 -8.64899195979 0.602602800507
-113.168 37.7601 0.000842766269542 0.00229633125299 -0.00246730063826 -0.00318557266295 4.32795 4.52299 3.85574622852 -27.8856986828 2.00854175456
-112.363 37.6761 0.000168901158013 0.00199122947978 0.00344147711239 -0.00553979166143 3.6291 3.62245 2.9039192212 -20.567122826 1.27134899721
-111.596 37.7222 -3.54970324368e-05 0.00130401331107 -0.000300320917304 0.000969078672359 4.31872 4.29091 -0.150381187966 -12.9258987011 0.664499901525
-110.802 37.6354 -6.11456715824e-06 0.000595823094117 -0.000865779061573 0.00217327484069 4.27809 4.33253 1.15106910039 -5.8730393248 0.328562711162
-109.995 37.6903 0.000389280881303 -0.000466059687116 0.00318722611892 0.00135071126943 3.9334 3.87511 -0.462280394965 2.14553293583 0.0720262113782
-109.137 37.7459 -0.000117561391197 -0.000372281077667 -0.000913261648857 0.00182431726675 4.46189 4.2583 4.49253119406 4.40389502563 -0.324433148208
-108.36 37.83 -0.000194164438289 -0.000895277714238 -0.000278418441041 0.00447405556117 4.86791 4.67433 10.4936043559 9.32544520422 -0.772916605137
-107.792 37.662 -0.00097258895482 -0.000431503638986 -0.00347527049753 0.00170099122891 4.69521 4.13792 4.75316418258 11.6524005625 -1.02268793149
-106.829 37.7461 -0.00350989312526 -0.0016737381369 -0.000794462955633 0.000890422616204 4.19617 4.047 -0.836628641554 41.5480726491 -3.83369317202
-106.002 37.7059 -0.00310685901128 -0.00137352790264 0.015178787218 0.0150373873684 3.21956 3.52567 -19.849493551 27.2425090112 -3.37091051607
-105.213 37.6407 -0.00228913095607 -0.00108367895971 -0.0270219422186 0.0198363675205 11.4923 -nan 7.16132163397 29.4134658499 -2.39416020933
-104.435 37.6606 0.00986434556997 0.00824657588137 0.0139063094115 -0.0274988866364 2.41923 2.61343 7.41075387931 -159.311129584 12.8012682097
-115.22 37.2408 -0.000333989964529 0.00018963330261 0.00681274755217 0.00963144433844 3.68067 3.63499 -15.0963775706 -1.16698002917 -0.275896287821
-114.715 36.7256 -0.00049078570331 0.00144880549947 0.0153293607772 0.00711590710797 3.26719 3.10146 -10.6481520727 -14.1684551423 0.0124126893111
-113.907 37.0195 -0.00118556991718 0.00116780706125 -0.000350507726796 -0.0183933407606 3.16874 2.99987 9.9146756941 -1.42951603697 -0.146363415309
-113.084 37.0615 0.000691047794852 0.00125287446517 -0.00139301093436 -0.00516635586371 3.87531 4.22793 11.1616344416 -16.4868195345 1.35380932207
-112.382 37.0183 0.00144481001835 0.00136840081743 -0.00065682294529 -0.000343347029577 4.18255 4.30706 8.18377879453 -23.5115879242 1.98585439013
-111.506 36.9839 0.000397970974831 0.00101198261264 -0.00220779154958 0.000932172146733 4.35866 4.52643 7.73651275421 -12.3424708668 0.954813544091
-110.804 36.9969 0.00110938961309 -0.000797993723523 0.000887262482771 -7.70895210305e-05 3.94537 3.98674 3.70656108877 -0.202022079639 0.41865705644
-109.874 37.1364 -1.44132857581e-05 -0.000210880211382 0.00111709975703 0.00458241478488 4.25496 4.13481 1.10433325908 2.19646420627 -0.131502345733
-109.025 36.8299 -0.000448243397627 -0.000219243841077 -0.000462330875954 0.00364496197702 4.54945 4.74617 8.42782659526 5.64595338703 -0.47875406829
-107.534 36.9914 -0.000695422781775 0.000317054795351 -0.00347472541581 0.00458227776976 5.23806 4.94854 4.23104840008 2.41169353305 -0.335844048222
-106.903 37.0138 -0.0031825259475 -9.63474259366e-06 0.00427580608627 0.00969772300174 4.26647 4.22376 -7.097955563 18.8417313697 -2.79910530467
-106.037 37.0361 -0.00190790450214 0.000311977229356 -0.0122907966191 -0.0179736884268 3.7118 3.65218 16.0098608439 16.3302996584 -0.917550251103
-104.411 37.1388 -9.50112967015e-05 -0.00309940020369 -0.00391286925298 0.0110213719257 4.95852 -nan -14.6201417123 36.0306958259 -1.30192282577
-116.33 36.4193 -0.000394012927082 0.000132306154748 -0.00598418732639 -0.00467314901621 4.47868 4.47933 10.5992036572 1.705436334 -0.221562112584
-115.383 36.423 -0.000920930060591 0.00146495119581 -0.0152512623505 -0.00884436235758 4.46184 4.38563 16.8579283847 -4.10709551808 0.418226461766
-114.539 36.4321 0.000443736121172 0.0037493474763 0.0146877288857 0.019056427831 2.84851 2.82348 -15.2876717378 -44.0106561296 1.37397089782
-113.965 36.4151 -2.58630951289e-05 0.00911442537229 -0.00559006648195 0.0418558958461 4.41787 -nan -45.1985019818 -104.112480954 -2.37129953222
-113.18 36.4182 0.000717738653666 -0.000403062924466 0.00179957434006 0.00696005753544 3.92752 4.49653 -4.70868525794 0.543013916013 0.466843625665
-112.291 36.428 0.000858728136867 0.000380615068341 -0.00115242735408 0.00105166771668 4.04749 4.10868 3.874985462 -9.63975782816 0.920593337538
-111.13 36.1428 0.000921182227345 -0.000268082574457 -0.00365528547287 -0.00750900221718 3.4729 3.53815 17.8737443027 -6.44488107525 0.384879565434
-110.662 36.5996 0.000613632759123 -0.000569122761782 -3.83444023179e-05 0.000615520072261 3.82583 3.76907 11.3753413943 -0.220149709649 0.0446739606951
-109.87 36.4199 0.000276724008362 -0.000299519717379 -0.000345215740958 0.00212243076568 3.84549 3.70913 11.8581911562 0.185486793154 -0.0169381630997
-109.208 36.2925 -0.000625268590726 -0.00103270022926 0.00325804230112 -0.00698064682312 3.44735 3.3531 14.2505886598 14.0796888092 -1.1856920644
-108.52 36.3758 -0.000657940931664 -0.000561383720327 -0.00186249912343 -0.000743140272103 4.40762 4.20111 17.6938018325 10.5652477705 -0.847599402573
-107.658 36.4277 -0.000875316198992 -0.00127544544134 -0.00263618362153 -0.00333391006316 3.88471 3.71058 17.6927075834 18.0600355454 -1.5449056062
-106.855 36.3773 -0.00211387037066 0.000811016723874 0.00297423237013 -0.0143832835061 2.89461 3.08555 21.4562383949 16.4314966545 -0.471729649954
-106.192 36.3289 -0.00114383148875 0.00232554121879 0.000234856826796 -0.0281075573694 2.61755 2.72527 24.9884948332 -1.56757726415 1.47992480285
-105.278 36.4093 -0.000734246451561 -0.0018739879058 -0.0244696823113 -0.00688249616133 4.65527 4.54288 13.4236042121 21.9781919385 -1.90963697925
-104.408 36.3998 -0.00231375433922 0.00128196542734 0.0929263196138 0.0126666545988 1.9024 2.03877 -24.7173357894 -9.2725983876 -1.97427804752
-103.744 36.3945 0.003789280486 0.00534190746479 0.0959465588683 -0.0328651487308 1.59744 1.69368 -9.38998099811 -81.7568642509 5.88355023703
-115.43 35.8384 -0.000806813786563 0.000377200787492 -0.00448972569238 -0.0110921183763 3.45817 3.23954 16.6783851399 3.69846517254 -0.292204360175
-114.851 35.7266 -0.00626999382128 0.00387701024284 -0.0227971920938 -0.0308843312789 2.40873 3.31093 39.4405046418 52.5060964892 1.36324414058
-113.984 35.8522 0.000746315002793 -0.00136519002876 -0.0088211671095 0.00423680668911 4.72905 20.3515 0.138944509726 9.50954207945 -0.0434323302436
-113.105 35.6339 0.00564530778468 -0.000254641117397 0.0214722299329 -0.00207353044355 2.70416 3.04467 -9.06855768072 -21.9783103578 5.15430852212
-112.173 35.8191 0.00114640781496 -0.000289808453956 0.00231446879615 -0.0022949842338 3.42729 3.49377 3.74461405449 -5.06973582416 0.770531083146
-110.794 35.6218 0.000138402278606 -0.00119347431399 -0.0059160286275 -0.0033108454286 4.27789 4.64038 15.9726673021 8.35354340324 -0.799332045205
-109.933 35.7113 -0.000537080947402 2.13846584441e-05 0.00554529228577 -0.0430760922147 2.71676 2.67432 18.0526435115 4.91688824256 -0.320950890697
-109.046 35.7147 -0.000349715975399 9.69175889803e-05 -0.00759050527087 -0.0119816628733 4.15933 3.79898 23.8653827326 2.9716048996 -0.10599693101
-108.466 35.7992 -0.000346158226948 -0.000488369189864 7.97893228018e-05 -0.00233294761437 4.33718 4.59098 11.9418410769 7.21448861898 -0.591865291615
-107.638 35.8054 -0.00128190614734 -0.000234507158571 -0.000890160981013 -0.00214119322349 3.57875 3.59567 6.62527699788 12.6150449484 -1.11695586557
-106.909 35.9138 -0.0046389587865 -0.00114095679836 0.0146947246667 0.000832400254621 2.64761 3.04684 -4.04771179869 41.8811296318 -4.55676631812
-106.183 35.7452 -7.80348908935e-05 -0.000356582727336 0.0045456885718 -0.00832945293311 3.51654 4.92517 5.25201792032 3.98067313208 -0.293197784374
-105.272 35.7259 0.00140671816967 -0.00191724201123 -0.0328051344609 0.00292100573205 7.07301 14.4419 -303.297693801 -18.9239263813 -1.99389353814
-104.616 35.8383 0.000206269212183 -0.00155964291234 0.00538233491425 -0.00794604175175 4.89937 5.64514 -3.2508537068 14.8097710334 -0.69740125534
-103.786 35.7964 -0.000254318401643 -0.000697882143428 0.010639571674 0.0146928667074 3.95269 4.45894 -16.7922908144 9.36406930327 -0.487052786332
-114.87 35.301 -0.00185545522858 -0.00373445980106 0.0204210735545 -0.0438021185942 2.45884 2.88631 13.1203339742 47.2975833857 -3.89061791405
-113.885 35.099 0.00146398383031 -0.00502650501664 -0.0125222078733 -0.0134751946538 3.91392 4.34904 19.4742664327 25.6107816797 -2.86928364382
-113.083 35.2127 0.000133043828994 -0.000513845378069 0.00844926556281 -0.00139225695579 3.1377 3.13907 -4.01450385841 4.77990159599 -0.110904309284
-112.267 35.1787 0.00177295901173 -0.0017392719715 -0.000516424273389 -0.00223155037825 3.48418 3.31786 -4.30739476514 9.02155367658 0.796159762573
-111.532 35.0951 0.000918416242849 -0.000521657423004 0.00744066751495 0.00523089194791 3.92913 3.46481 -4.06630392939 0.445321652992 0.572288633277
-110.713 35.0789 -0.00210845678974 -0.00111835172337 -0.0174992934151 0.00488039391766 7.05924 7.73841 18.171529783 28.3801378798 -2.20537485266
-109.736 35.1181 0.0104761057687 0.0010491898248 0.0150231685274 0.0316885162412 2.06294 1.99789 -36.1459371622 -5.71014489428 10.4019451435
-109.388 35.1118 0.00305290346627 0.000868293281526 0.00519123504866 0.0338460726921 3.25262 2.3688 -42.1268704715 -4.71817759763 2.88179190091
-108.5 35.1259 -0.000980724048022 0.000318941148024 -0.0139209888935 0.00333967826903 6.79105 6.35619 25.3113173907 8.35698486423 -0.228227077403
-107.648 35.117 -0.000158372890379 0.000468360679301 0.00364958008097 0.00618780063959 3.97384 3.9358 0.795210222056 -3.5949300789 0.141550556734
-106.867 35.0719 -0.00049638066149 -0.0025286812196 0.00486768247118 0.00606140465194 3.70573 3.87776 -2.52952970875 29.8146122122 -1.77959630771
-106.15 35.1605 -0.000388532383773 -0.00536181726072 0.00393965925919 0.0185050001217 6.11363 12.8448 -22.3221034626 66.2225855444 -1.61659876862
-105.408 35.2106 -0.000149892902249 -0.00131820192027 -0.0229400785226 0.0109484605734 7.87235 4.66397 33.6987070391 7.42286128252 -1.28979608341
-104.461 35.2177 -0.000737064131739 -0.00113969903481 0.0196150503111 0.022095711863 3.44605 2.9703 -24.7196813314 16.0070645316 -0.962790832611
-103.766 35.0891 -1.05780681148e-05 0.00110111645293 0.0295512702255 -0.00462285278797 2.79456 2.59422 -8.63924547256 -12.1403302622 0.52249624336
-103.063 35.0637 -0.00379312108844 0.00358725368408 0.00256186451417 0.0550431087046 3.43971 3.36531 -56.0982172023 -58.2790225675 -4.71721437849
-113.83 34.5935 0.000617910239179 -0.000452392333437 -0.00351006034114 0.00493992543471 4.14948 3.71093 -0.969590448795 1.15669891501 0.321932251375
-112.891 34.4692 0.000721937878245 -0.00113201458488 0.000686007104153 0.00431948052733 4.01118 4.00596 -10.8869111869 9.88836902805 0.299569427451
-112.237 34.4866 2.99607317623e-05 -0.000725900738263 -0.000266474372788 0.00752583834475 4.24794 4.09614 -16.9463434307 8.40292419711 -0.147045411101
-111.441 34.4178 0.000701020795385 0.000811086708548 0.000796296837119 -0.00044163738125 3.72613 3.67568 -2.62824780819 -12.7156685466 1.00572059011
-110.806 34.3371 -0.000599768447293 0.00189707614054 0.0093437463589 -0.00113744343641 3.75524 4.38803 -1.86675654737 -16.3255238504 0.432284512382
-109.95 34.5293 -1.92303717101e-05 -0.00212161558956 -0.0183066054225 -0.0167677933382 4.09719 4.24741 -296.56498087 -2.51080461938 -2.10768282422
-109.29 34.4275 0.000173623532188 0.000488602019463 0.00146576394647 0.0145027513423 4.37171 4.26645 -10.8537416626 -6.36544642869 0.345584400745
-108.498 34.5421 -0.000608373600829 -0.000471773948153 0.00900845730156 0.00113391472195 2.97175 2.99958 -6.71725753135 8.59643554065 -0.756214880361
-107.786 34.4457 0.000266022030491 0.000470145125331 -0.00492744897952 -0.00709451179665 3.478 3.46178 14.1306415432 -6.3412004004 0.528063140565
-107.01 34.5058 0.00012143965482 0.000746384073896 0.00805965926821 -0.00835301253594 3.16147 3.10217 7.93177010984 -7.85596603721 0.595714400263
-106.188 34.581 -0.0007605754335 -0.00129308099369 -0.00282009679361 -0.0105932140941 4.04902 3.38535 20.1349842415 16.9970432871 -1.49662057998
-105.435 34.5646 -0.00154984709312 -0.00123641627972 -0.00921129818963 -0.00642877935455 4.40295 4.64369 30.7135423552 24.0377809407 -1.74793916358
-104.662 34.5271 -0.00305639801873 -0.000500116534962 0.00741190332227 -0.0115685003468 3.37385 3.33752 15.5287943034 34.3564641307 -2.27056154849
-103.81 34.5508 -0.0051205338372 0.00131324421669 -0.00111339743783 0.000991688490696 4.529 8.66803 20.3424107755 45.9671970473 -1.63206651514
-103.097 34.6469 -0.00157904371271 -0.00201894147408 -0.00996317058141 -0.0120722221597 5.52487 -nan -8.85109515571 32.2439035182 -2.36054365609
-114.524 33.7503 -0.000968581995225 -0.00163507796176 -0.00513606830804 0.000521119061841 4.19032 4.12278 4.26672594151 22.6177994744 -1.70966514519
-113.829 33.8142 -0.002465549025 -0.00223386221207 0.0019053951275 0.00195351364632 3.79714 4.32686 -2.53265100414 37.2570583297 -3.21336755376
-112.333 33.9535 -0.000400935559822 -0.000719115236088 -0.00118551791539 -0.00796521059953 3.64177 3.71265 -3.78817067891 9.93851683675 -0.683530133248
-111.478 33.8798 -0.00199145396695 0.000349800446066 0.00703978456575 -0.00299551506078 3.18369 3.44239 -7.69172570036 5.81521445825 -1.68381183153
-110.844 33.6953 0.0010745342563 -0.00304994984931 0.000290319897237 0.0097012941781 4.2977 5.18252 -7.37998023687 28.518957055 -0.279026604441
-110.034 33.7776 0.00163907325078 -0.000399120082856 0.000814673357034 -0.00204281166262 3.91223 4.06344 10.4187721614 -10.0598991384 0.932396536544
-109.254 33.9571 4.64251241597e-05 0.000988949195661 -0.00389184608896 -0.0256594381702 2.16023 2.18349 34.2978027076 -5.23707564844 0.93003295511
-108.377 33.9085 -0.000466168029317 0.000206920891865 0.00565906526117 -0.00272769391282 3.2762 3.39005 3.67324805067 1.45688317154 -0.245719378331
-107.674 34.0087 0.000686710970652 -8.8115683632e-05 -0.00353671297794 -0.00016784385327 3.64644 3.87852 16.3483587096 -5.89293937501 0.36889802978
-106.965 33.937 8.01402162172e-05 -0.00217268323651 -9.60177400171e-05 0.00170284237727 4.32997 4.20658 3.32335467618 20.7881035467 -1.27363596957
-106.921 34.0739 1.63198507119e-06 -0.0020618942448 0.00345279715748 0.00482378789816 4.14815 4.66576 1.31716742954 20.8137280251 -1.21194610821
-106.055 33.9315 0.000536713265483 -0.000348355935 0.00246723047121 0.0057329295826 4.63219 4.73278 4.86748424996 -1.00993629309 0.185074577514
-105.436 33.9257 -0.000789674039805 -0.000193117018308 -0.00504826432304 0.000158483729638 4.49584 4.01456 18.6772503894 9.52200932543 -0.615949999068
-104.693 33.9229 -0.00362521138917 -0.000809274169724 0.00289798415905 -0.00406595106751 3.53786 3.38188 20.667102429 44.1129097856 -2.65118968761
-103.825 33.9232 -0.00283823373294 -0.00222926086529 -0.0122512416775 -0.000575916472261 4.14597 4.20069 15.8290235542 45.9450535408 -3.49035606769
-103.163 33.8839 -0.00515775339331 0.00298893060253 0.0439714856477 -0.0131578172565 2.32507 2.5443 -9.44115114129 -2.62442390122 -3.14030426193
-113.657 33.1999 -0.00107156301183 -0.00355302403075 -0.00303896192189 -0.00466025218318 4.0514 4.00476 13.3863886624 39.9974149558 -3.20761028784
-112.946 33.3627 -0.000592443845889 -0.00220650272726 0.000208894526261 0.000243529535278 4.15538 4.13214 -9.3338799586 27.4213223471 -1.33854365848
-112.158 33.2893 -0.00120492379096 -0.00157047727164 0.0054636391545 0.00840065573523 3.83108 3.80537 -24.6543986888 20.484439752 -1.36344977037
-111.427 33.341 -0.00236578386448 -0.000580383433916 -0.00484991083869 -0.00127620263305 4.34934 4.92974 -9.55898147894 17.2151906152 -2.41295525712
-110.472 33.2969 0.000230504293103 -0.000941476979734 0.00409590897616 0.00214121402583 3.32243 3.48931 -6.04586769186 9.16133780562 -0.20278085531
-110.036 33.0851 0.00120215319262 -0.00240235725545 0.000507136557605 0.00453842806662 3.84915 4.21179 -8.6558085806 21.2375834115 0.146091796143
-109.266 33.2921 7.51495169664e-05 -0.00112733578842 -0.00669842938402 0.0144532212326 5.01869 4.67055 1.10705954113 11.0549626321 -0.565504526299
-108.592 33.1132 -0.000512440490317 9.71701304893e-05 0.00618284351321 0.00163958400609 3.65568 3.68159 2.84868646342 2.76726887656 -0.357334002882
-107.671 33.3086 0.00061952703785 -0.00143571784828 -0.00113806932434 -0.000524782503386 4.10214 4.2533 7.198699891 8.41838089151 -0.477204578736
-106.964 33.2555 5.4943210441e-05 -0.00119296094849 -0.00101820429337 -0.000629018881222 4.13409 4.47896 14.9183514196 9.22588852252 -0.869101792765
-106.232 33.2621 -0.000433493073611 -0.00132343863681 -0.00265456093171 0.000479831928089 4.47394 4.4715 11.5936621984 15.4265631734 -1.25901630473
-105.365 33.3298 -0.000756157350848 -0.00100623567083 0.00514129729827 0.00255297919759 3.74572 3.55 3.77027640328 15.9163127901 -1.22309152154
-104.717 33.2797 -0.00198292770955 -0.00197230285175 -0.00026391464949 0.00710909936776 4.49318 7.02402 4.52344889442 35.4350517549 -2.78928163521
-103.98 33.2716 -0.00223550667666 -0.0020563709293 -0.00460923999124 0.00108407308765 4.54931 5.10258 22.8523077712 37.9032871698 -2.90573580088
-103.215 33.315 -0.000498553674742 -0.00269599610803 0.0072856331296 0.00467605184195 3.93168 4.56862 -2.24421844214 31.9583212806 -1.95688998273
