-112.228 32.7006 0.000121796984991 -0.000541358410865 0.00193627837044 0.00179704775429 4.10224 4.09331 4.64418936572 -4.77347924405 -0.0416206452748
-111.704 32.5618 1.78692390785e-05 -0.000708979299512 0.00152545692547 0.00219186951223 4.14904 4.09194 5.60045003226 -6.38161427259 0.100630681347
-110.739 32.5716 -0.000131893838667 -0.000949448917802 -0.00119179098452 0.000113608383609 3.92443 3.86373 0.861149724662 -8.69325718461 0.220474729132
-109.97 32.6399 -0.000340512775714 -0.000403383682381 -0.000206004175669 0.000738969617301 3.95966 3.79793 0.335176302531 -3.90050302485 0.376279491683
-109.303 32.7663 -0.000500110238935 0.00173906478667 0.000692902398284 -0.000292606438973 4.06611 4.0363 -0.815620119181 15.1545343836 0.361170620536
-111.457 32.0022 7.16848576046e-05 -0.000266258155252 0.00176774264581 0.000765557349651 4.11597 4.07562 1.65440690938 -2.3564644118 -0.0448253853234
-110.816 31.7748 -0.000179939170264 -0.000250788384294 -0.000429109325904 0.000333550579973 4.05555 3.9403 0.745689272143 -2.41330728467 0.201579986089
-110.046 31.9737 -0.00221742725699 -0.000466210768394 -8.85778161598e-05 -0.000410602327852 4.08799 3.90778 -0.932294176026 -5.54112006665 2.24388920454
-109.259 31.9989 -0.00223136314936 -0.00140080972509 0.00221381705163 -0.000703473011987 4.2948 4.66086 -1.62886069515 -13.7451213471 2.31517532383
-109.991 31.439 -0.000474892549632 1.23598407144e-05 0.000421343746753 -0.000805374856869 4.1308 4.16153 -0.863202119078 -0.179166373945 0.472957390198
-109.281 31.3757 -0.000685709850572 -0.00217546048584 0.00078593224725 0.00124148198855 4.08296 4.0804 1.50801696008 -20.0028908307 0.932326527838
-122.707 48.7197 0.000120055395503 9.52038049951e-05 0.00144478705446 0.00212322469522 4.21678 4.21202 1.88934394273 0.955489471262 -0.119359232511
-122.085 48.9983 0.000190876262632 -1.24986586446e-05 -0.00151244671634 0.000332580290683 3.89314 3.90809 0.839094381809 -0.159736818829 -0.191066027117
-121.48 49.0983 0.000727749501221 7.66456736915e-05 -0.00138939836515 0.00130320743276 3.88212 3.90132 1.05701751264 0.727061946847 -0.727293470368
-120.384 49.048 0.000446035692451 -7.06654434863e-05 0.00166585220642 -0.00176364173288 4.26706 4.21968 -2.25748299149 -0.921382187454 -0.448972337457
-119.272 48.9534 5.98718137373e-05 2.02769399036e-05 -0.000268236626269 -0.000268602123904 4.1167 4.08745 -0.482123774818 0.198105151187 -0.0597971201577
-118.585 48.9752 6.15651655988e-05 7.05121223582e-05 -0.000655984507539 -0.000322512772893 4.11005 4.11144 -0.631942001326 0.694556464588 -0.0617592025862
-116.363 48.958 0.000117571915839 0.000239929282598 0.00044256814262 -0.00139775134157 4.23913 4.11952 -2.50439189127 2.31781288131 -0.117395203071
-115.653 48.9339 -0.000298907603132 7.45012737882e-05 0.000410577385338 -0.00147031054776 4.37524 4.22239 -2.49874684285 0.691113908433 0.298249376248
-114.413 48.933 -0.000316592323552 0.000145781305497 0.000682437247501 -0.00107037917078 4.26474 4.24792 -2.32615152698 1.30302802352 0.312384815771
-123.504 48.0575 9.43811116779e-05 0.00035444729117 -0.00141365192366 -0.000587334351087 3.99679 3.98905 -0.344067964444 3.55259935485 -0.0742634359329
-122.096 48.2641 0.000406215068836 0.000240204075368 0.00174914690917 0.00122648222791 4.2921 4.29896 1.83497631017 2.42220372112 -0.406181846055
-121.484 48.5183 0.000557345905638 4.87721908164e-05 -0.000472447475657 -0.0016158823735 4.15501 4.15229 -3.38823089237 0.0219377557166 -0.551347701429
-120.12 48.4607 0.000393287510816 0.000269914760076 0.000148624620465 0.000609386433597 4.11337 4.06156 -0.594522348917 2.61659578049 -0.388686783238
-119.333 48.3584 5.23000381131e-05 0.000159864205706 -6.74655072512e-05 0.00069547964755 4.10243 4.05492 -0.66111031947 1.57558287432 -0.0510526288081
-118.149 48.4226 3.47131873815e-05 0.000123943543614 -0.000216021372039 -0.000624628554715 4.17524 4.13544 -2.39906571482 1.20583089269 -0.0318932491949
-117.225 48.2995 -0.000137368299663 0.000272090127122 0.000518261502956 -0.000238944417073 4.27963 4.23247 -1.46245485287 2.63851423589 0.135841549964
-116.367 48.4366 6.11755708141e-08 0.000591772903199 0.00035580646955 -0.0013671406801 4.31018 4.26518 -4.61855718041 5.71344192828 0.022531442555
-115.589 48.4694 -0.000205783852404 0.000624781496591 1.58746772973e-05 -0.000825773431365 4.24419 4.17461 -3.20976099247 6.00740726452 0.207907518768
-114.468 48.3739 -0.000302617475527 0.000463398800529 0.000736983965416 -0.000841531883649 4.16383 4.15067 -3.10218099578 4.37418129816 0.296563209589
-122.173 37.1311 0.000132198073751 -0.000421301141531 -0.00156448737866 -0.00157360619177 3.88221 4.0788 -4.1550096658 -4.38444215205 -0.174633199647
-124.566 47.9475 2.75789792442e-05 0.000204681575807 0.000805531537969 -0.000319922334685 4.03578 4.01431 -0.236164910677 2.07826595453 -0.0135714629097
-122.972 47.7172 0.000208580736317 0.000574764317662 -0.00148346199733 -0.000852175864399 4.05005 4.05372 -1.08512265282 5.69310708692 -0.172409902767
-121.689 47.6947 0.000642580787623 0.000328047909108 0.00277727415447 0.000397314364199 4.56934 4.59032 -1.56666495913 2.94484199151 -0.62388255323
-120.894 47.923 0.000593232321167 0.000310634429689 -0.000306270726292 -0.000785075821653 4.11123 4.0653 -2.02233939059 2.79402000016 -0.576330218266
-120.061 47.6902 0.000303321861775 0.00031359904173 -0.00203584036127 0.000588179115114 3.90539 3.86114 -0.522261548763 3.07039040277 -0.298592119564
-119.045 47.7849 0.000186392789763 0.000390362948146 0.00119818956301 -0.000272471589741 4.31615 4.24087 -2.64275747329 3.77450487263 -0.171081922948
-118.274 47.8006 -2.14066364681e-05 0.00044172737777 -0.000755163722331 -0.000209618702741 4.13914 4.06575 -2.65687532808 4.33402292566 0.034279023552
-117.308 47.8192 -0.000204192642817 0.000552963953034 0.0010939570241 -0.000644443986176 4.22317 4.17054 -3.4809118159 5.43919421848 0.221270316032
-114.574 47.6795 -0.000236694293079 0.000664939465071 0.000192714185577 0.000855413269666 4.2122 4.20253 0.975522218765 6.12731286664 0.18151872971
-113.747 47.7687 -9.77052524903e-05 0.000535583839387 0.000619628525138 0.000325434399829 4.09183 4.1031 0.363080912759 4.97535215283 0.0535014029517
-123.771 47.1161 0.000105319558631 0.000843432980868 1.23560333533e-05 -0.000706778620562 4.05184 4.05127 -1.65500275685 8.50060642609 -0.0357282603703
-122.803 47.1109 0.000449386437477 0.000668198082007 -4.30002899232e-05 -0.000578049234319 4.15414 4.18433 -1.63208847997 6.44590842556 -0.401952358165
-121.989 47.1881 0.000614030571943 0.000354210365053 0.000501775030461 -0.00144543852964 4.20233 4.20212 -2.94440768009 3.05251515652 -0.582973977363
-120.844 47.1935 0.000678631592824 0.00042546199048 -0.000845474302938 0.0017133979271 4.10978 4.03345 2.04638426127 4.38597175489 -0.686905831888
-119.973 47.1936 0.000301379064208 0.000471594189363 0.000363537363551 -0.000636392056454 4.20422 4.10206 -3.62877809316 4.46803724292 -0.268556021295
-118.921 47.0573 -7.12364808664e-05 0.000764104624496 0.000375574718878 -5.91848882402e-05 4.22586 4.12876 -1.74347190252 7.53983346378 0.0879452240801
-118.309 47.0615 -0.000181641169566 0.000901746738714 -0.000287701626596 -0.000117186534496 4.16416 4.08998 -1.55524791665 8.85885264366 0.191377943543
-117.276 47.0547 -0.000288905804569 0.00086542086996 0.000505217245357 4.91343245178e-05 4.26591 4.23011 -1.02357314406 8.38280303438 0.278814417301
-116.335 47.0477 -0.000404640314586 0.000861307178825 0.000645567004343 0.000442645218905 4.20423 4.21174 -0.683407047815 8.19540467094 0.379000462307
-115.353 47.0528 -0.000299163710604 0.000720001993625 -0.000761027319176 0.000206891397729 3.9849 4.03949 0.271891033983 6.71643848029 0.256337544229
-114.459 47.0943 4.21665702664e-05 0.0010633935798 -0.00133709103984 0.000482242219732 3.9476 3.99569 2.73523859242 10.0947557367 -0.162097730437
-113.506 47.0816 0.000440919817845 0.000272572655722 0.0013657845007 0.00241570292363 4.25547 4.31443 5.50114069874 3.25353174318 -0.481400283074
-112.52 47.0418 0.000308773880051 0.000137810846733 0.00174697281972 0.000465738300172 4.16547 4.15294 1.00222840667 1.59406869211 -0.321809023361
-123.563 46.5459 0.000368949923417 0.00116074667312 0.000696543729514 0.00119774663255 4.09921 4.11177 0.406972257605 11.6720920791 -0.318441133427
-122.72 46.5934 0.000786829375685 0.000803423444397 -0.000530318603425 0.000693888882202 4.10292 4.09246 -0.67448705107 7.72594592206 -0.744456773072
-121.761 46.5605 0.000858163341792 0.000778508979933 0.000192518130054 0.000976565557192 4.22778 4.1234 -0.660588116565 7.49384157433 -0.82708791398
-120.979 46.5433 0.000437727178264 0.00077181328511 0.00032734951918 -0.000704839811097 4.26566 4.11938 -2.58509228538 7.43364437113 -0.388428821309
-119.855 46.5585 1.72478261061e-05 0.00102404351542 5.25757304911e-05 -0.000525483827978 4.17856 4.0433 -3.04551441885 10.1336440742 0.0407431744179
-119.06 46.4911 -0.000294898859377 0.00131247182341 -0.00024452706235 -0.000650303394698 4.1123 4.02526 -1.21285506471 12.9822089766 0.31406391889
-118.146 46.5139 -0.000257838706267 0.00131147538967 -0.000401656908258 3.39185138775e-05 4.11445 4.07973 0.916356317459 12.7457847518 0.21299527703
-117.11 46.485 -0.000256287703538 0.00105334696381 0.000767751317028 0.000592923821265 4.21115 4.20614 2.98342665389 9.98616690942 0.167842884835
-116.209 46.3559 -0.000233677859525 0.000728166807097 0.000821757184068 0.000389207311522 4.14845 4.24842 3.08022938141 6.77128541369 0.162679558753
-114.188 46.4423 0.000635349217449 0.000156312576372 -0.00227521192723 -0.000680547582125 3.88895 3.97684 1.44014029129 2.0372885372 -0.647139864729
-113.493 46.4162 0.00109603809199 -3.38163114957e-05 0.00146873676358 -0.000896927226442 4.3901 4.3511 1.11369417741 0.676444332107 -1.08770981001
-112.641 46.4246 0.000155419538572 0.000399860841762 0.00150581428646 0.000879947516493 4.23436 4.17329 3.16242948435 3.91474890147 -0.210771187549
-120.728 40.6183 0.000637371719523 0.00045692601281 -0.00099141415649 -0.000964472866161 3.9377 3.81361 -5.37633470814 3.85119518468 -0.584083822097
-123.559 45.9306 0.000492302635545 0.00131282838818 -0.000523127314385 -5.82864747681e-05 4.01147 4.0238 -2.98844932818 12.8201863636 -0.355921205721
-122.419 45.9325 0.00078529973464 0.00124771820355 0.000830200492022 0.000183800528402 4.28802 4.23041 -2.57767861687 11.9457238863 -0.68219183431
-121.459 45.8839 0.000546633871164 0.00155144390745 4.51552636726e-05 -0.000467154575359 4.21075 4.10249 -3.75663480089 15.0343807566 -0.406192646325
-120.782 45.7664 0.000207021718486 0.00172621127111 0.000700432123203 0.000174826248455 4.2389 4.13818 -1.80511773268 17.1358001964 -0.126162677446
-119.928 45.8951 -0.00017840557345 0.00171784075397 0.000756291953931 0.000195026323921 4.12086 4.1026 -1.35940069836 17.0966039946 0.226901606908
-118.777 45.7971 -0.00023357975807 0.00163211949509 -0.00150438566003 0.000756618394601 3.8334 3.91159 2.19714432742 15.9272995168 0.154785724538
-117.909 45.7087 0.000399701283055 0.00119223038146 0.000362068037982 0.000553195722517 4.0151 4.16486 5.54906397429 12.0255381543 -0.536591325082
-117.228 45.9734 0.000179886149308 0.000883238056928 0.000511661285235 0.000190725979241 4.18848 4.27091 4.04376834344 8.71471253298 -0.267021255599
-116.155 45.8883 8.86696146917e-05 0.000228890717179 0.000645830143288 0.000442566747442 4.14839 4.16519 4.86086897794 2.29592693146 -0.117043728601
-115.255 45.7565 0.000306004432017 0.000218542433404 -0.00141907958546 0.00154280265606 4.00463 4.03908 4.02258908306 2.43586503605 -0.330673541749
-113.37 45.8122 0.000241786391512 2.31887781741e-06 0.00109949237837 -0.000493623269379 4.23615 4.22251 0.268770667351 0.20856389925 -0.241161721308
-112.493 45.8409 2.41040225321e-05 0.000133044907544 0.000470209333861 -0.000419178521178 4.1325 4.12726 -0.401999115947 1.25823095218 -0.0348547067248
-123.281 45.3153 0.000541177481609 0.0017011323602 -0.000797104418006 -0.00122576739444 3.90058 3.93896 -6.7256474809 16.2060836072 -0.256967340821
-122.478 45.2059 0.000665358948582 0.00151159163993 0.00104855406187 -0.000857203777918 4.13828 4.13484 -5.63536930483 14.267186656 -0.45657037349
-121.317 45.2422 0.000232018268476 0.00200190348939 -0.000186557851417 -0.000711299512431 4.05598 4.05251 -3.76816932582 19.811843287 -0.0559453146933
-120.635 45.2357 0.000116632266057 0.00189567448167 0.000288644050032 7.54628357052e-05 4.02627 4.04296 -1.07080373375 18.877867278 -0.0556847876665
-119.669 45.2664 -4.31902073464e-05 0.00175032683613 0.00108788543291 3.8649057787e-06 4.0146 4.07835 0.907997492932 17.3332799232 0.0180693390209
-118.96 45.2904 0.000249338705531 0.00114661788513 -0.00253966604067 0.000762368624421 3.65661 3.76002 2.68983995657 11.4127093913 -0.311122569811
-117.78 45.2781 0.000729915595062 0.000306405982975 0.000749730503165 0.000634241257712 4.10494 4.23665 3.71813056751 3.59623851667 -0.753719133174
-117.12 45.2925 0.000626075357628 0.000429131735257 0.000722538678122 0.00048120870577 4.27039 4.26954 3.36938652314 4.68860724197 -0.661681741293
-116.268 45.3997 0.000325298204225 0.000458461798566 -0.000420428223852 0.000528589178653 4.12619 4.11235 4.06121332995 4.74182092001 -0.374326224822
-114.233 45.0931 0.000356819502954 -0.0001040444929 0.000467696498223 -3.20777392386e-05 4.22769 4.17263 0.776992445854 -0.715883503806 -0.347479714714
-113.46 45.2432 3.87621707259e-05 0.000131689262289 0.0013372854938 7.24598330171e-05 4.38442 4.34344 1.07977791117 1.26941333409 -0.0509804785944
-112.489 45.166 -5.05373725865e-05 4.35900086243e-05 0.00140559683721 -0.000844774164007 4.22088 4.21689 -0.315069460726 0.367322305344 0.0468048439796
-124 44.6764 -0.000218545032254 0.00104377996309 -0.00283850275441 -0.00160807704251 3.76296 3.84175 -6.36705910756 10.9225791964 0.387794486404
-123.292 44.6765 0.000637558264891 0.00152063729444 -6.89179354743e-05 0.000482629402951 3.88566 3.98196 -4.93601697412 14.5110830075 -0.431651492722
-122.186 44.6837 0.000425696098068 0.0015180084861 0.00114008024495 -0.000324211170792 4.11328 4.16827 -5.23068633734 14.6944359547 -0.235076205732
-121.227 44.6473 0.000309797747927 0.00188626625425 -0.000405789038206 0.000799900313132 3.93234 4.05553 -0.918603231981 18.7947596964 -0.240291059704
-120.335 44.7344 0.000379527928981 0.00146226253398 0.000973822737448 8.77274504705e-05 3.94958 4.08658 -0.0107138020677 14.5262242712 -0.364915841542
-119.565 44.5913 0.000474619265884 0.000884032109958 -0.000915881092814 0.000946564287522 3.71544 3.82226 3.57669650714 9.02577009735 -0.528494997547
-118.67 44.5191 0.000868933793024 0.000523757214211 -0.00129913165788 4.80744648153e-05 3.81303 3.88169 1.61403837909 5.47377643668 -0.88852009773
-117.664 44.6653 0.000721068101279 0.000383977745098 0.00130797920346 -0.000121916744471 4.22343 4.17776 -0.299620985509 3.86660768319 -0.727724277905
-116.747 44.589 0.000212838501716 0.000384660366831 0.000282803338393 -0.000199310918968 4.202 4.16134 0.265409025771 3.79866378095 -0.227541180725
-116.013 44.7035 0.000457457484705 0.000491007885391 -0.00125321176008 0.000189226841014 4.08874 4.1095 0.479555078953 4.94271005594 -0.482125255989
-114.855 44.5494 0.000776052218016 0.000476530888514 0.000103013339677 -0.000586333896294 4.23177 4.06855 -0.68445947033 4.86843911529 -0.796785854227
-114.255 44.5642 0.000172025598618 0.000588221114129 0.000964020704097 -0.000649801912596 4.29155 4.11362 -1.92942517678 5.62270113492 -0.190086471244
-121.551 36.3887 6.85040557697e-05 -0.000365050945881 -0.00146053954219 -0.00314972744669 3.9008 3.88518 -6.81393824691 -3.74100659119 -0.119582331152
-121.461 40.8161 0.000975603340406 0.000387331878265 -0.000670187968335 -0.000814383670909 3.95074 3.91271 -7.52391859887 2.34079810805 -0.904417349228
-119.023 36.6801 -2.57962508239e-05 -7.2096001548e-05 -0.000239177444087 -0.000120980311067 3.95273 3.93545 -2.37945338022 -0.700112722109 0.0229869985096
-123.83 44.0035 -0.000342044466311 0.000767979703298 -0.000271462002687 -0.000707124595261 3.99012 4.22592 -4.32710019703 8.24727731859 0.437044335301
-123.278 43.9726 0.000294330981042 0.000889462395168 -0.000466883446383 -0.000540275104014 3.82744 4.02962 -4.18380769042 8.65195383971 -0.187136784655
-122.411 43.7941 0.000523013886181 0.000922599984597 0.000365728087205 0.000290819332964 3.88455 4.02602 -2.87482519886 8.86076592661 -0.442706797202
-121.268 44.1626 0.000336480991532 0.000948634117439 0.000433275260111 0.000253515828768 3.90078 4.07485 -1.50906065938 9.34917638138 -0.291046333161
-120.211 43.9437 0.00102192157129 0.000665272220779 -0.000680466870513 0.00100505693169 3.68688 3.83522 -0.13628342973 6.5104161976 -1.01468792549
-119.504 44.082 0.00106749514062 0.00038978134593 -0.00114975989854 0.000791576880021 3.75987 3.81562 0.18514483165 3.89265376663 -1.06881314067
-118.569 43.9104 0.00080339832588 0.000177464736146 0.000432884971238 -0.000503046439009 4.05836 4.0907 -4.01785332815 1.27655964103 -0.791595990575
-117.741 43.9733 0.000730173516438 0.000314679944835 0.000224715092913 -0.000649571432838 4.19712 4.193 -4.61672794111 2.64285366406 -0.710296687708
-116.803 44.086 0.000422295954986 0.000601195033608 0.000348596677169 0.000154561714665 4.23054 4.18635 -3.21774405044 5.72189816202 -0.408184856284
-115.958 43.9121 0.000315135187106 0.0005951358029 -0.000471869629435 -0.00160155571759 4.16928 4.15468 -6.04428772533 5.51875604039 -0.277313823124
-114.117 43.9146 0.000229609690775 0.000953132729161 0.00153371617311 2.24529118513e-05 4.18641 4.12473 -1.70870088884 9.09016352499 -0.263216641931
-123.575 43.3654 -3.99262015525e-05 0.000112455340416 -0.00324251030823 0.00119493524942 3.69722 3.78564 0.830994354148 1.16311541427 0.0437467013138
-122.965 43.3717 0.000404662612723 6.91608411619e-06 0.00106855933295 0.00089598618299 3.99136 4.11914 -0.10308361756 -0.107501902758 -0.403986473345
-122.109 43.2406 0.000474162289379 -0.000134826252572 0.000889353240532 -0.000528325327206 4.0307 4.16317 -3.09904894666 -1.76560783338 -0.483918356799
-121.236 43.2843 0.000668165479954 -0.000194465331485 -0.00113592439492 -0.000221008692068 3.76299 3.91041 -3.0161018842 -2.43786253327 -0.680623523188
-120.153 43.2515 0.000864690636622 -0.000493452203035 3.67528875149e-06 -0.000765906277508 3.84995 3.97927 -6.29622325227 -5.884943719 -0.916659631875
-119.311 43.3736 0.000978234284277 7.95218687771e-05 0.000112352403244 -0.00104672968858 3.88752 3.93084 -7.4679684124 -0.455285965217 -0.960063038738
-118.474 43.358 0.000921367619583 4.65550105403e-05 -0.000693943370238 -0.000174327744028 3.96833 3.9177 -8.23821053854 -0.732947692127 -0.907300271822
-117.754 43.3471 0.000450228239219 0.000220964516384 0.000814832882393 0.000127543326198 4.25198 4.196 -7.68266322597 1.64501471392 -0.422371370002
-116.767 43.4275 9.16638070869e-05 0.000655663772079 0.00109569721818 -0.000507381827333 4.24359 4.24156 -8.28310268285 6.20383133591 -0.0179001143887
-115.828 43.4151 0.000305070536356 0.000680984021173 -0.0012174136677 0.000862649532539 3.97555 3.98666 -5.4917937328 6.37489893124 -0.269330817852
-115.098 43.25 0.00032198108553 0.000902659451143 -0.000237890880469 -0.000468838111295 3.9877 4.00384 -4.99163036813 8.49744930455 -0.290532360061
-114.174 43.3979 0.000113692740641 0.00124179833096 0.000928622085293 0.000570145098935 4.11355 4.12634 -1.85861817185 11.7795853119 -0.152540553199
-124.469 42.8088 -0.000135008027456 -0.000143527620033 -0.00195734315564 0.000172897527335 3.85363 3.88543 -0.338887584351 -1.38521284587 0.125419661481
-123.49 42.7667 0.000140863913554 -0.000397438416239 7.11042771351e-05 -0.000686177512558 3.90068 3.96231 -0.72949743759 -4.14140179544 -0.164467851136
-121.731 42.6133 0.000624488735581 -0.00118703784405 6.14327194943e-05 -0.0011153265065 3.9753 4.05482 -1.68440623548 -12.29586383 -0.68984965032
-120.893 42.7258 0.000763147620512 -0.00111112721788 -0.000516851240193 -3.14069467923e-05 3.93004 4.00421 -4.15346639149 -11.7570173421 -0.859038241324
-120.251 42.7991 0.000780181793588 -0.000841454958369 0.000392785191303 -0.00129147551415 4.00015 4.03821 -7.85949660474 -9.42019019309 -0.894469866425
-119.247 42.6912 0.000578984844105 -0.000353529676373 -0.000334795709623 -0.000630584302833 3.94562 3.96824 -9.63641105826 -4.38456184568 -0.629297779484
-118.486 42.7308 0.000575563682808 6.76795408191e-05 -0.000305150646882 -0.000652946160838 3.99769 3.9718 -9.2257257 -0.183172597608 -0.559098350118
-117.725 42.6996 0.000138871317284 0.000302407973373 0.000525342059853 -0.00101528945834 4.12164 4.10109 -9.36907664083 2.72559411079 -0.0944186693444
-116.87 42.7779 7.98333360733e-05 0.0004228685496 0.000725171421278 -0.00101030694915 4.15846 4.2108 -8.50330988082 3.97436117238 -0.0296961635883
-116.032 42.7713 3.0952605042e-05 0.000520095420917 -0.000276562460641 -0.00141334252401 3.95894 4.00261 -8.91988339573 4.931612849 0.028872678677
-114.903 42.636 -0.000130834532126 0.000526341287472 -0.000768746004293 -0.000453840201763 3.84786 3.91168 -6.57806717082 5.07610544115 0.162580795026
-114.084 42.6493 -0.000171611681782 0.000863919432508 0.000448371281326 -0.000677007295763 3.99036 4.04554 -4.56073982827 8.18960917943 0.185312759079
-113.176 42.5452 0.000108256196932 0.000461493599018 -0.000296495718372 0.000210433331271 3.97694 4.04401 -3.31945171307 4.34293164431 -0.115796938622
-123.602 42.156 0.000378777064304 -0.000474378575259 -0.00122569908014 0.00120739774022 3.85969 3.88459 0.361336783392 -5.01315333286 -0.398352604571
-121.891 42.175 0.00080501321862 -0.000939779001583 0.000840507710549 0.0033040512027 4.15417 4.0597 4.84825022469 -9.01241329072 -0.750844143596
-120.834 42.0472 0.000424319089328 -0.000952214198775 0.00153781407168 -0.000833486682445 4.27814 4.18381 -5.8103591083 -9.9588885332 -0.532905587533
-119.34 42.0187 7.89193197982e-05 -0.000594774617159 -0.000602881240678 -0.000970684701211 3.9847 3.99102 -8.15883057758 -5.92870215928 -0.16170686998
-118.344 42.1901 0.000195185137438 -0.000112882826252 -0.000775667308965 -0.000451986804297 3.96342 3.99125 -7.47195671719 -1.32244548393 -0.207054623989
-117.667 42.0192 -5.09667795342e-06 -5.64004713495e-05 0.000945120973873 3.73707772127e-05 4.18338 4.22791 -6.32809844741 -0.542879911626 3.29726153944e-05
-116.471 42.0773 -6.19907536811e-05 -1.52427520158e-06 0.000852658484962 0.00028353275836 4.17229 4.29644 -5.15737767985 0.0182533011395 0.0618126801516
-115.754 42.1669 0.000286661502052 0.000110626860232 -0.000997769311852 0.000279166995901 3.80138 3.88122 -4.94477666172 0.941549739175 -0.281651201135
-115.016 42.146 -0.000103189429606 -8.3825965722e-05 -0.000410852009021 -0.000198036392627 3.77098 3.83009 -5.92194470659 -0.746900879374 0.098750676145
-113.944 42.0886 -0.000253670061464 -6.56198291417e-06 -0.000473347570287 0.000243887730872 3.89292 4.03702 -5.78702106086 0.0255040268554 0.253261417286
-120.74 38.7552 0.000254764118244 -0.000858624103496 0.000568772757727 -0.000689148742534 3.9018 4.00948 -7.9274359503 -8.87823548574 -0.382905363816
-124.122 41.8473 0.000175976651156 -0.000236619507124 -0.00317783177581 0.000820602889456 3.70407 3.70906 -1.88266456257 -2.58012241271 -0.195872686366
-122.854 41.392 0.000782139840385 -0.000245204811273 0.000763535752665 -0.000196756789532 4.02797 4.03632 -5.48654202785 -3.54333314895 -0.80802058148
-122.122 41.2742 0.000910345711773 -7.20621518444e-05 0.000799944346672 -0.00146122009601 4.21385 4.25918 -8.25638991781 -2.31965974053 -0.909000969367
-121.839 41.7826 0.000881076008531 -0.000201373836502 0.00129238480504 -0.00165532224191 4.23487 4.07561 -5.824446717 -3.16083603556 -0.899684029359
-121.146 41.3593 0.000609134225071 -0.000163113729908 0.000739163097621 9.37305655247e-05 4.27788 4.16971 -5.25571700837 -2.30511175212 -0.623481010279
-120.477 41.2047 0.000234399130398 -0.000452805227071 0.00133411740491 0.00220810676806 4.26954 4.15896 -1.31876387362 -4.59663773059 -0.250059510672
-119.171 41.3884 1.69180196121e-05 -0.000258894814126 -0.000722852359912 -0.000193855802123 4.04191 3.97806 -3.42063485069 -2.5600613358 -0.0315261859182
-117.45 41.423 -3.17817906469e-05 -0.000433786936619 -0.0007600379507 0.000704188732653 3.97742 4.03188 -3.73316121222 -4.20130088681 0.0134585880877
-116.54 41.522 -4.45010822467e-05 -0.000829184462512 0.000253228126201 0.00176093089415 4.02327 4.07645 -0.138238171204 -8.0095856597 0.0702971679194
-115.791 41.4311 -2.99140791112e-06 -0.000688404118772 7.16798294721e-05 0.000529444789018 4.02192 4.1115 -3.59362186084 -6.59657927854 -0.0112053121644
-114.915 41.4157 -9.24891758061e-05 -0.000887510871812 0.000276060915945 0.000435228100077 4.01323 4.09519 -4.41551872929 -8.4175867983 0.0703908780807
-114.165 41.3602 -0.000313170905867 -0.00097161648303 2.91157470947e-05 -0.00040412029159 3.91121 3.97887 -6.84173402823 -8.9917556737 0.255696410103
-113.347 41.503 -0.000323881715951 -0.000605092108385 -0.000357840157473 -0.000442843192433 3.85341 3.95104 -6.91837550201 -5.5170942035 0.29307696312
-112.448 41.4632 8.47260309207e-05 -0.00046732434694 -0.000909544600912 -0.00163922069815 3.9423 4.00971 -6.64271938406 -4.37418890107 -0.101056856323
-119.835 40.7484 1.45664949713e-05 0.000302653911699 0.00122752711706 0.00364016634239 4.23005 4.18216 3.11453022776 3.00693744107 -0.0295896370698
-118.971 40.7797 0.000360361658818 -4.25376787901e-05 -0.000417398031757 0.00183666910605 4.06087 4.03997 1.57475473059 -0.302898217082 -0.358780566621
-118.134 40.7811 0.000195700071041 -0.00134766906513 0.000476447236391 -0.00056348866957 4.05785 3.98996 -4.24410099672 -13.2707816081 -0.275341514154
-117.524 40.852 9.07305200027e-05 -0.000826213902091 -0.000810570427867 -0.000196682315712 3.93089 3.92552 -3.55637658451 -8.06723088308 -0.124029706613
-116.508 40.7186 0.000109936904273 -0.000376848271249 0.000178929934509 -0.000758117876237 4.11748 4.18971 -4.39302720219 -3.67657167279 -0.126243737691
-115.736 40.8167 0.000307734472227 -0.00112798948117 0.000747354832987 -1.84744420536e-05 4.10504 4.11632 -4.10420290217 -10.8864383213 -0.34101154385
-115.039 40.8522 0.000152291135133 -0.00125900165003 -0.00084916979959 0.000201242784126 3.94598 3.86421 -4.43025167736 -12.020062116 -0.186617872538
-114.204 40.8556 -0.000425692560049 -0.00122964363796 0.00105474088126 0.000162378748943 4.08697 4.04282 -5.69156646315 -11.4499424636 0.376448236978
-113.187 40.8513 -0.000398984553647 -0.00106273219234 -0.000128279164609 -0.000878731777029 3.91004 3.94056 -8.11677584449 -9.66318757695 0.323176105383
-112.52 40.8903 -3.79776890864e-05 -0.00104453204451 -0.00121588301639 -0.00087098176285 3.91204 3.96332 -9.17767546954 -9.66150146615 -0.0469223597218
-123.82 40.1398 0.000213149171783 -3.39925506064e-06 -0.00256391709433 -0.00408789084071 3.74854 3.76319 -8.19232710287 -0.452690417201 -0.209863995361
-122.788 40.1767 0.000543869166798 -4.0278130685e-05 0.00119733514738 -0.0027616759917 3.97677 3.99829 -10.1244209568 -1.57911824409 -0.539969672377
-122.032 39.9971 0.000477604243053 -6.15943367459e-05 0.00106645417989 -0.000560150052873 4.07981 4.1115 -7.75015956281 -1.40597337583 -0.481240917279
-121.086 40.32 0.000732294175749 0.000484409759842 -0.00118119676662 -0.00071981329818 3.80489 3.85363 -7.7485776024 3.67419776977 -0.649288867552
-120.918 39.962 0.000339993008167 0.000138282913054 -0.000782817332509 0.000616194594034 3.87376 3.94672 -5.03046590721 1.02159005357 -0.323676093475
-119.827 40.165 0.000518945470224 0.000627727693472 -0.00155737844319 -0.00163640550174 3.84234 3.91584 -6.08135912127 5.6214734589 -0.446326079578
-118.877 40.1614 0.00140592885669 -0.000290552555474 0.0015972874478 0.000125345577419 4.38537 4.34033 -1.71306166302 -3.19031801411 -1.412482502
-118.155 40.2903 0.000540085675402 -0.000539075355665 0.000640300030436 0.00116193137318 4.18628 3.96337 -0.347715802296 -5.23007809161 -0.535719626132
-117.19 40.1697 -0.000279855854269 -0.000882552799659 -0.000702034531213 -0.000264284977755 4.02604 3.98308 -4.42724690223 -8.40600508314 0.233268269179
-116.5 40.2917 0.00029215397504 -0.000667205432459 -0.000190633568679 0.000431293087703 4.04698 4.18724 -5.40439763163 -6.59335039192 -0.332645193483
-115.657 40.1313 0.000467116816031 -0.000824664570789 0.000198613190272 0.000230306414628 4.13247 4.10776 -4.18364141848 -8.02511018321 -0.492404444725
-114.745 40.2679 -7.49170969186e-05 -0.000720234927927 0.000179575616768 -0.000401478988773 4.12262 4.01596 -6.11909714274 -6.78741970987 0.035740662212
-113.981 40.1314 -0.000418341285039 -0.000729352240331 0.000686285074569 -7.19989413464e-05 4.12217 4.06037 -6.08177962412 -6.68942794889 0.384959685876
-112.469 40.2807 -0.000264734580396 -0.000904961167056 -0.000738955124621 0.000299952790647 3.88826 3.88278 -7.62942095219 -8.26706718544 0.214741081766
-111.502 40.2067 -0.000126082520892 -0.000521251701233 -0.00141519429235 -0.00346892650486 3.84896 3.85175 -8.72217527513 -4.72089214822 0.0929798460105
-123.338 39.469 0.000207952773243 -0.000182479045941 -0.000742217618038 -0.00402746923401 3.90859 3.92923 -6.36851519898 -2.17165367081 -0.233604665934
-120.608 39.3028 0.000446393349057 -0.000198676919612 0.000922920846384 6.54042506512e-05 3.9561 4.07037 -5.84367124772 -2.48584487527 -0.466313850444
-119.898 39.6785 0.000787334924939 -9.60183147714e-05 -0.00107307885366 -0.000916698449652 3.73913 3.89139 -9.27580933096 -2.24356234719 -0.792323944565
-118.889 39.5399 0.00106654481075 -0.000396540571002 -0.00119517852757 -0.00024269208402 3.90999 3.90888 -5.43294153119 -4.82396163529 -1.0976560968
-118.08 39.6946 0.000755601316134 8.62872306849e-06 0.0013612885718 0.00113213084627 4.29908 4.22156 -2.86073660009 -0.176632713639 -0.754824769476
-117.14 39.5516 0.000296492944467 -0.00061337224509 0.000309783131335 0.000130350609341 4.12493 4.04677 -5.80414016972 -6.14744796221 -0.342432224103
-116.464 39.6202 0.000165944542058 -0.000755463518132 -0.00085543349517 0.000263895750362 4.0416 4.01093 -5.39717380698 -7.36386660623 -0.212222005714
-115.754 39.553 0.000223826259276 -0.000382228281025 0.000738514345731 -9.05476206303e-05 4.2329 4.16737 -6.662845854 -3.81159088061 -0.252196891801
-114.908 39.4731 -9.02740527529e-05 -0.000472066771662 -0.000186602407392 -0.000551400430834 4.11746 4.02816 -6.80132040089 -4.41516023928 0.0574590763838
-114.016 39.455 -0.000140759577084 -0.000291420660806 0.000280283366737 0.00039398426295 4.10197 4.01813 -5.92645712173 -2.68546447724 0.127817203912
-113.069 39.5906 -0.000290394800669 -0.000730071058349 6.34077561216e-05 2.34486890622e-05 4.03325 3.98032 -5.867928773 -6.73097098243 0.2667786768
-112.279 39.5708 -0.000425213621776 -0.000525253954746 -7.57376824583e-05 -0.000349208918378 3.97129 3.93857 -5.72576757724 -4.78892497173 0.414162521146
-111.66 39.6092 -0.000154767782488 -0.00041507373403 -0.000281282589285 -0.00139367116212 3.99312 4.01865 -7.48024691017 -3.76114290555 0.136164709797
-122.015 38.6333 9.86922119698e-05 -0.000785454278078 -0.000292499068739 0.000112397060649 3.91278 3.95109 -4.87200606061 -8.00707968637 -0.187273211883
-121.377 38.839 0.000254585769363 -0.000640799788373 -0.000628030064829 -0.000662673308579 3.8153 3.85944 -5.60767235278 -6.70576550606 -0.329334129204
-118.808 38.9383 0.00121671963413 -0.00044009248355 -0.00132638542529 9.44333008441e-05 3.95114 3.93845 -7.281900865 -5.74119672866 -1.26092971564
-117.932 38.8606 0.000643049990054 -0.000251679059093 0.00163317186762 -0.000832836567728 4.33316 4.20019 -7.64511740332 -3.17682639945 -0.6681665034
-117.182 38.834 3.2522471573e-05 -0.000283638271433 8.77942822251e-06 -0.000335737976756 4.18684 4.10449 -7.64229698104 -2.76786128699 -0.063337700375
-116.4 38.8247 0.000133983557673 -0.000163122704383 -0.000728073953056 -0.000433652434532 4.03123 3.97892 -8.49690251722 -1.70907096881 -0.151953981797
-115.654 38.8455 0.000102111651922 -0.000136017461054 5.36150520463e-05 3.94201653851e-05 4.13467 4.04463 -7.78686186778 -1.38773517704 -0.114599878301
-114.83 39.04 -0.000115172459008 5.56111551191e-05 0.000356542328944 0.000707642635667 4.15535 4.06731 -6.16312728908 0.590055774547 0.118189105823
-114.02 38.9551 -2.18344291006e-05 0.000100317501838 -0.000151784418562 -0.000921499605853 4.05059 3.99608 -7.96118309711 0.958597443896 0.0298137111499
-113.277 38.9882 -0.000171298049987 0.000234265964565 0.000281644408189 -0.000156236833424 4.03239 3.93541 -5.02658366608 2.22508555576 0.176148397976
-112.379 38.9995 -0.000474847726807 -5.4471303107e-06 -0.000211577199589 3.01885546885e-06 3.9455 3.91747 -4.55123241146 -0.0389407008651 0.474831730055
-109.263 38.9553 2.53092980486e-05 -7.91092374328e-05 -0.000212672031309 -0.000880069256408 3.99866 4.02779 -0.993507355428 -0.688273870237 -0.0177740978237
-120.936 38.2571 0.000253049432522 -0.00107563271355 0.000364940617886 0.000566991842039 3.94073 3.9595 -5.80408111877 -11.004405595 -0.37832560566
-120.076 38.7028 0.000677145872347 -0.000842688405105 0.000192144815918 0.000769048695105 3.91106 4.04068 -5.9505651868 -9.07968464832 -0.766784482166
-119.451 38.5226 0.000987661342725 -0.000712415087704 -0.00154702406144 0.000216116157256 3.84397 3.87838 -6.97722353999 -8.19094050688 -1.06748459861
-119.047 38.089 0.000640902447937 -0.000476864151533 -0.000702488613491 -0.00189568572168 3.92799 3.92798 -10.1412472147 -5.72215294699 -0.713719120794
-118.106 38.3489 0.000640758602466 -0.00015881856441 0.00105295515562 -0.000724553375402 4.17759 4.14344 -10.3773908011 -2.57599639044 -0.658278345756
-117.072 38.2397 6.90460555675e-05 -9.62419928711e-05 0.000457448152311 0.000105140812936 4.18668 4.11649 -7.72279298563 -0.999938294371 -0.0792194804838
-116.302 38.2886 1.58649276074e-05 3.71016314886e-05 -0.000339419144333 -0.000541871900903 4.09279 4.07569 -7.93726370063 0.338714675021 -0.0118627811978
-115.585 38.3489 -7.3542460752e-05 0.00023537008467 -0.000344606955629 -0.000727213920284 4.06456 4.03091 -8.57442514886 2.31190210309 0.0987069736609
-114.608 38.3281 -0.000376775519828 0.000298616730581 0.000949130073969 -0.000502773245512 4.22813 4.19051 -7.66590630313 3.11216040821 0.40011920945
-113.969 38.1802 -0.000329491091783 0.000478993510687 0.000147427591159 -5.092120839e-05 3.97321 3.975 -6.1596147021 4.65657850857 0.352830535182
-113.021 38.2987 -0.000119650616518 0.000529583615034 -0.00122524512363 0.000325106645101 3.80798 3.81101 -4.84191872373 4.95845449058 0.128164321696
-112.277 38.2108 -6.85241635195e-05 0.000353911419164 0.000484390341932 0.000935656162735 3.96502 3.94759 -2.91603907417 3.2616095592 0.0595028290222
-109.894 38.3862 8.95724408997e-05 1.47963500901e-05 0.000704863387677 -3.04129428552e-05 4.08119 4.02533 -1.34420459882 0.197916268863 -0.0904633310666
-109.261 38.2916 9.59399052123e-05 -0.00027694658283 5.00024613599e-05 0.000613168302234 4.07137 4.02034 -1.91333207996 -2.42028621394 -0.074601202567
-121.328 37.5049 0.000214227292091 -0.000811614076862 0.000175315155402 0.000768426741772 4.00221 4.02269 -5.06181345956 -8.35027743171 -0.301682603894
-120.33 37.346 0.000319629752196 -0.000754401449818 0.000939678926636 -0.00132896364452 4.126 4.23371 -7.04932862884 -7.87944265646 -0.417341465932
-118.171 37.4993 0.000225314245451 -9.43153298663e-05 0.000116440524836 -0.00311931289815 4.00738 3.99162 -7.25005547737 -1.16773378274 -0.234604084839
-117.225 37.7243 -6.64209434165e-05 8.69658992505e-05 0.000473377770288 -0.00174631732448 4.14058 4.0857 -6.96187104039 0.902821063601 0.0746992207624
-116.595 37.923 -0.00017895091859 -5.14522404867e-06 -0.000118292190751 -0.00104594398607 4.12584 4.10024 -7.05786185423 0.112317815626 0.177680954449
-115.747 37.6444 -0.000156525096867 0.000202435977251 -0.000184274312201 -0.000329138164767 4.14664 4.11672 -6.61388199759 2.04638444642 0.171704710154
-114.849 37.6083 -0.000325556496591 0.00027624117636 0.000530848277057 -0.000651661328511 4.05685 4.03875 -6.91712569827 2.83919022686 0.344873312883
-113.86 37.5808 -0.000335408404654 0.000280031292757 -2.06865378492e-05 0.000579794061891 3.88841 3.95477 -4.76869152293 2.71042593683 0.342342495298
-113.168 37.7601 -0.000118378549486 0.000413836702828 -0.000938603166633 -0.000360863982142 3.76977 3.81768 -5.14526077704 3.89031450407 0.128271010806
-112.363 37.6761 -0.000179092733753 0.000454271653349 -0.000844322626993 -9.90132228113e-05 3.83388 3.84301 -4.04622308054 4.20391317064 0.177418785272
-109.995 37.6903 0.000392680861432 0.000312802323632 0.000396499270472 -0.000254269362779 4.0353 4.005 -3.60163608484 2.96362368942 -0.403988454001
-109.137 37.7459 7.57965504536e-05 0.000325242085967 0.00143700774718 -0.00111207651337 4.1869 4.10798 -5.84329935016 2.9272617513 -0.0781894120382
-121.786 39.2291 0.000218604811352 -0.000470679370877 -0.00127921742192 0.00079561936197 3.82284 3.88257 -6.03217511429 -4.99947637793 -0.278538117037
-120.674 36.8953 0.000213184173352 -0.000392307026671 0.00160987421945 6.8661847198e-05 4.1453 4.04919 -5.00962350826 -4.12004947489 -0.251927253185
-119.709 37.0069 3.16932636903e-05 -0.000371957514907 0.000672022657906 -0.0012940160977 4.11053 4.08236 -5.87860674003 -3.70072156474 -0.0711675002517
-115.22 37.2408 -0.000294075854374 0.000204146504761 0.000732996319227 0.000381866408476 4.13484 4.1692 -5.06924857784 2.06781560788 0.303027660307
-114.715 36.7256 -0.000383096520238 0.000145535952142 0.0015043326584 0.00098620032963 4.12777 4.17889 -4.64989290931 1.49877015906 0.387749136831
-113.907 37.0195 -0.000446297044025 4.25961985376e-05 -0.000676918211566 -0.000768594062069 3.81455 3.85372 -5.73707627112 0.582374137301 0.447726848457
-113.084 37.0615 -0.000285186336805 0.000346939856212 -0.00121562906583 0.00124196424406 3.6972 3.73307 -3.12645552119 3.20681765558 0.281407249602
-112.382 37.0183 -0.000162752180943 0.000404573126695 0.00112356685159 0.000532537219035 3.95713 3.98664 -4.64623880952 3.76051441934 0.166122676494
-111.506 36.9839 -0.000145522691487 0.000194195136197 -0.00100746558343 -0.00284180556154 3.89904 3.91229 -6.19263562962 1.81821827037 0.150545749226
-109.874 37.1364 2.83869760452e-05 0.000424513955061 0.00165402816689 0.000254655364022 4.24689 4.2481 -4.13330318769 3.84453668126 -0.0400818980549
-109.025 36.8299 8.62049023831e-05 0.000511463748919 0.00346941103169 -0.0017422940341 4.30348 4.09373 -5.87112101378 4.58913787313 -0.0890037229971
-120.783 36.3627 6.79980578358e-05 -0.000178174702998 0.000338178450182 -0.000845431690748 4.02919 4.02963 -4.95537085792 -1.84401280267 -0.0857759659324
-120.12 36.3356 -4.5388043139e-05 -0.000108503508146 0.00121955979492 0.00098278196009 4.12012 4.03852 -0.995277121008 -1.06784895552 0.0425519546231
-116.33 36.4193 -0.000166487316754 -9.23335828979e-06 -0.000510005956581 -0.000856051065013 4.04285 4.04357 -3.0774374565 -0.0516305710829 0.166228484576
-115.383 36.423 -0.000381785366357 1.78520187237e-05 -0.00032739206119 0.000192241005004 4.07393 4.1072 -3.31705377229 0.233984762476 0.382040075766
-114.539 36.4321 -0.000324866999246 -0.000187366545093 0.00141637834035 -0.000407769753851 4.11712 4.20029 -3.40363270899 -1.739375697 0.322918307329
-113.965 36.4151 -0.000394144893409 -0.000164079326234 -0.00135206623378 0.000993022966851 3.73111 3.73521 -1.78379113609 -1.63063616951 0.397952209543
-113.18 36.4182 -0.00047823042495 -0.000152679418863 -0.000544345971702 -0.00161007290339 3.78077 3.80389 -5.53450497058 -1.27483316318 0.472864787367
-112.291 36.428 -0.000191462288119 0.000101630969634 0.00175726680393 -0.00151634644434 4.02244 4.08673 -7.73844156062 1.0491774175 0.197443374149
-111.13 36.1428 -0.0001026848498 2.03542528275e-05 -0.0015015971486 -4.42923063513e-07 3.80485 3.83779 -2.97126165234 0.155905456898 0.101978673198
-110.662 36.5996 -7.66845656741e-05 0.000161716426185 -0.00199183130591 -0.00171729455082 3.84057 3.8244 -4.96548525726 1.47052881374 0.0761503755725
-109.87 36.4199 -8.2423151477e-06 0.000241384047411 0.00188497652819 -0.00123329654654 4.18084 4.21765 -5.23374923926 2.18037906847 0.00667177282846
-121.236 36.0214 1.04538875898e-05 -9.84419944018e-05 -0.00147350987154 -0.00232971719314 3.90037 3.88884 -3.90043201339 -0.995155738603 -0.0190797416524
-120.87 35.636 -1.06789980687e-05 -6.17417312757e-06 -0.00239210779816 -0.000483139004904 3.80889 3.79704 -0.896149838113 -0.058424540036 0.0104761973794
-119.903 35.8667 -4.73105166007e-05 2.77792036985e-05 -0.000275852508287 0.00128316752655 3.94047 3.93618 0.808341539788 0.272373359834 0.0470974932807
-115.43 35.8384 -0.000219759225227 -0.000146994971565 0.000574584257445 -0.000779487935075 4.1243 4.11902 -1.83481150146 -1.41560463412 0.220789189722
-114.851 35.7266 -0.000190339518864 -0.000651573391249 0.000349039573239 -0.000727767546191 4.06037 4.0283 -1.27958144753 -6.21418490206 0.204945575673
-113.984 35.8522 -0.000393963896459 -0.000131098916187 -0.000203609318069 -0.00134960506052 3.93169 3.88005 -2.57806995383 -1.26517193521 0.395114162509
-112.173 35.8191 -0.000296996183478 -0.000307891554073 0.000624617762205 0.000166919822721 3.91537 3.94157 -4.05168332773 -2.84842585367 0.297522999405
-109.933 35.7113 -8.39397655741e-05 -2.82952148264e-05 0.0010974416052 0.000203290628271 4.05741 4.11461 -1.55329964002 -0.306662566029 0.0856724462035
-109.046 35.7147 3.46981766394e-05 -4.21622173577e-05 -0.000675797871866 0.00197999010736 3.89 3.91723 1.63159901062 -0.332972146168 -0.0288016869915
-114.87 35.301 -0.000145414214446 -0.000138885940028 0.00146421270856 0.00127361706967 4.13396 4.06965 2.47347558989 -1.43122217064 0.156954554592
-113.885 35.099 -0.000327209872574 0.000489920084314 -0.00036116107429 0.000627919521739 3.9854 4.02376 1.60509513441 4.33287804566 0.286174857425
-113.083 35.2127 -0.000324865674407 -0.00011922488088 -0.000424010753028 0.000806951615437 3.89664 3.89612 -0.609397331477 -1.26410992627 0.330549399062
-112.267 35.1787 -0.00044619530783 -0.000359212251844 0.000593420589594 0.0014095543323 3.89308 3.88864 0.93952201325 -3.66281405325 0.475563195619
-111.532 35.0951 -0.000547285731563 -0.000167775344205 -0.000709205892527 0.00156892110522 3.7458 3.7705 -0.51746962377 -1.87808595557 0.557465374055
-110.713 35.0789 -5.73159357095e-05 -6.22211309844e-05 0.000128803880536 0.00128581183216 3.84197 3.91028 -0.091221740286 -0.607846297135 0.0623375015535
-109.736 35.1181 -0.000387545222262 -0.00034852169298 -0.000555404751448 0.000898674751473 3.86277 3.97603 1.67649810928 -3.55062963398 0.42796254422
-109.388 35.1118 -0.000118660822524 -0.000423484023801 0.0012424408503 0.000820907188872 4.06136 4.15981 2.03507518112 -3.91055564964 0.174481101327
-113.83 34.5935 -0.0012752323758 -0.00168454868777 -0.00350971623085 0.00330124050514 3.77511 4.0843 2.69636503878 -16.9172874673 1.4375813857
-112.891 34.4692 0.000120411676528 -0.000289802151394 0.00137895122782 -0.001221597253 4.09786 4.07001 -0.610273399159 -2.63126425484 -0.105261095941
-112.237 34.4866 -0.000362955922377 -0.00024012960039 -8.67672937685e-05 -0.000894037570427 3.92849 3.89494 -0.528028806229 -2.41287254006 0.376641150426
-111.441 34.4178 -0.000555484163643 -0.000473119219767 -0.000462764406064 -0.000685600456322 3.77335 3.84373 -2.41739958732 -4.50598505816 0.571481667551
-110.806 34.3371 -2.24153824386e-05 -0.000587292200999 -0.000381034000609 -0.00147815558625 3.75375 3.79963 -2.58869724699 -5.34789705306 0.0445172463087
-109.95 34.5293 0.000324911013968 -0.000440276516457 0.000321784384253 -0.000188664362287 3.87441 3.86521 -0.35940062671 -3.70720485353 -0.286057071697
-109.29 34.4275 0.000158593466143 -0.000631499337013 -0.000822110546615 1.68013632926e-05 3.90823 3.95075 0.166074444881 -5.48665792604 -0.0940019911848
-113.829 33.8142 5.76469011364e-05 -0.000409929359335 0.00220956017802 -0.000143034396311 4.18138 4.10488 0.906436821768 -3.79728222036 -0.0297563478795
-113.005 33.9383 -2.71035875575e-05 -0.000140099212875 -0.000206928000004 -0.000513655202168 3.9898 3.93136 2.67022523606 -1.32218108518 0.0418874601482
-112.333 33.9535 -0.000370983710653 -0.00027184667924 0.000441618927811 -0.00107079996811 3.96826 3.95318 0.586489344432 -2.76741088435 0.39081594064
-111.478 33.8798 -0.000256407106762 -0.000731803139294 0.000431015609003 -0.00190298416673 3.9214 4.09103 -2.82154479723 -6.7598145441 0.275227075795
-110.844 33.6953 -0.000141957603383 -0.0008866844297 -0.00223233561214 0.000197912926158 3.57971 3.72293 0.288175606842 -8.14745528931 0.21749561548
-110.034 33.7776 0.000422524955419 -0.000802577802573 0.000550783626136 0.000245812755488 3.88785 4.16252 0.128333270034 -6.86414119918 -0.347607229695
-109.254 33.9571 0.000383245177992 -0.0011988258055 2.57503907962e-06 -0.000787199290153 3.99042 4.12263 -2.45657612225 -10.5308352315 -0.317502066337
-112.946 33.3627 -4.80425465582e-05 -6.06323154661e-05 -0.000107636572152 0.00357034212408 4.04199 4.07264 6.11776070431 -0.629399537627 0.0574237972412
-112.158 33.2893 8.04651497889e-05 -0.000708868212762 0.00273169936983 0.00125537389005 4.28303 4.31797 6.610755462 -6.28972592342 0.0495211015076
-111.427 33.341 -8.1946088606e-05 -0.000889384235466 -0.00123401295529 0.000722782653875 3.74678 3.68038 3.4515218907 -8.16338853471 0.200510967071
-110.472 33.2969 0.000343843717011 -0.00100565309261 -0.00128508321052 -0.000259948372568 3.72292 3.74428 -0.0646029241151 -8.82341500128 -0.259965701954
-110.036 33.0851 0.000592176547033 -0.00102664734954 0.0006048147505 -0.000426799353063 4.06318 3.9657 -0.585608016812 -8.81942167661 -0.511541137388
-109.266 33.2921 -6.49714576904e-06 -0.000313715368198 0.000812419890433 0.000435707118285 4.03466 3.75064 -0.672928035074 -2.80197026036 0.0326299137651
