-113.767 32.7683 0.000704780924362 -0.000313509698261 -0.000260056674312 0.00197691256914 3.80229 3.80198 -5.50976382883 3.66112688329 0.689198543962
-112.883 32.7513 -0.000573626994513 0.000151659342185 0.0012590089452 0.00228216468793 3.60813 3.611 -8.07707380144 -1.9085781758 -0.571831139782
-111.704 32.5618 5.72073141397e-05 0.000145213947286 0.000284489300744 0.00427129393895 3.63667 3.63992 -8.97647123281 -1.93271631804 0.0581704808783
-110.739 32.5716 -0.000388598336574 2.13402043481e-05 -0.000396377038895 0.00226916611924 3.53037 3.53173 -8.78895672443 -0.179178989883 -0.388082062926
-109.303 32.7663 -0.000112798728812 0.00120399885868 0.00181261588876 0.00265942281704 3.58878 3.59297 -10.0223733719 -16.2173483451 -0.0928078951831
-108.633 32.5466 -0.000514261065804 -0.000871037284167 0.000691728447724 0.00603303190657 3.4805 3.48163 -5.87253961924 12.4136306781 -0.59388573214
-107.785 32.5324 -0.00098817426011 -0.00215665843345 0.000634141580772 0.00722491054506 3.47602 3.47683 -4.70510442088 30.8503196441 -1.24708892628
-107.001 32.6995 -0.000616256515908 -0.0019448335792 0.00383337669386 0.0056584674022 3.56498 3.56808 -4.71284601952 27.5459470523 -0.871478818564
-112.812 31.9559 -0.000149166515265 -0.000164101031197 0.000903442083913 0.000403435164209 3.70309 3.70359 -1.38737809545 2.38597267387 -0.167984373743
-111.457 32.0022 1.04793107789e-05 -0.00133020613286 0.000971097181744 0.0040567918196 3.6119 3.61374 -5.32543549548 17.6527244757 -0.0793371304907
-110.816 31.7748 -9.58650233979e-05 -0.000533431734 -0.000413806186013 -0.00113024275512 3.65025 3.65156 -0.391443355648 7.24603701413 -0.17870849529
-110.046 31.9737 0.000327961729559 -0.00285601363398 0.00129367493818 0.00450258916922 3.4295 3.43183 -4.00908475001 37.7095508617 0.0260793177791
-109.259 31.9989 -0.000995304033402 -0.00365829366458 0.00242875508352 0.0032877825696 3.40573 3.41129 -3.52473571868 50.7063384764 -1.43483776464
-107.778 32.0094 -0.000435432333942 0.00019930921026 0.0018568766441 -0.00305282783233 3.48314 3.48093 0.629015897415 -1.41308208956 -0.383929497752
-122.707 48.7197 0.00079228945153 0.00288879433076 0.00104311412042 -0.00614226228348 3.65819 3.66422 5.54460894687 -36.1156827408 1.47597828118
-122.085 48.9983 0.000770643774307 0.00405721489661 0.00183585436858 -0.00104191349569 3.55712 3.56091 0.22145554741 -49.9540287542 1.42574890215
-121.48 49.0983 -0.000473430351424 0.00183328698529 0.00116729176944 -0.000700882112019 3.44656 3.44555 0.292104656251 -20.9176643961 -0.147096780306
-120.384 49.048 -0.000202672133868 0.00152388358044 0.000526348415205 -0.0024731364053 3.51268 3.511 1.5937470704 -17.6813241335 0.123397777705
-119.272 48.9534 -0.000976137302909 0.00148695741774 -0.000914058377471 0.000947141505974 3.62207 3.61901 -0.117883401314 -15.5800328778 -0.665243035915
-118.585 48.9752 -0.00165392486939 0.00115399357678 0.000670619767546 0.00122646020109 3.47045 3.46469 -1.22811802048 -10.1842464684 -1.40910069456
-117.559 48.9813 -0.000635716666268 8.09312856883e-05 0.000161162554461 0.00208863169814 3.4402 3.43987 -3.40172280771 0.302063304987 -0.613868251194
-116.363 48.958 0.000757600640906 0.000827073029564 0.00010586170295 0.00521696842372 3.36696 3.36497 -7.38600081611 -11.3402283776 0.845187980472
-115.653 48.9339 -0.000286085808077 0.000633902732721 0.00299047203522 0.00230096303532 3.39156 3.3845 -4.80047097423 -7.25473423896 -0.176757276536
-114.413 48.933 -0.00050496867028 0.00208040846133 -0.000439133527679 -0.000234632032584 3.82722 3.83544 0.294066726387 -23.6090047189 0.0761979909208
-113.422 48.9725 0.00108334406475 0.00317162649835 0.00358968501179 0.000718900155924 3.38848 3.3928 -3.11497127819 -42.4096768546 1.77479979995
-112.733 48.9777 0.000225273786411 0.000465702464786 0.00100308617427 -5.68254172191e-06 3.52318 3.5289 -2.68543509256 -6.46713742075 0.332115864828
-111.597 48.9482 0.000292629042921 0.00243450391382 -0.00157350097577 0.00129582012571 3.67019 3.68035 -2.22777426989 -31.1387143802 0.9336961877
-110.699 48.9448 -0.000976866873017 0.00174218225077 0.00240784187504 0.00216250532757 3.4652 3.47303 -3.8707146757 -18.5695950151 -0.504577512127
-109.846 48.9198 0.00108366571168 0.00172899120333 0.00135376822355 0.00412877793771 3.75746 3.76891 -4.49108725962 -25.2614734526 1.48810819375
-123.504 48.0575 -0.00041190049133 0.000312231153642 0.00363143305417 -0.00541318996632 3.4335 3.43536 5.4690490586 -2.5142858944 -0.32921162589
-122.096 48.2641 -0.000797032910208 0.00212172163216 0.00297133733171 0.00993702996442 3.38627 3.39407 -12.0843552628 -26.1850265863 -0.911344078556
-121.484 48.5183 0.00228122152576 0.00578290669368 0.00122224958231 -0.002982443806 3.48175 3.48888 3.1658961425 -74.6461690971 3.49630261522
-120.12 48.4607 6.6431132351e-05 0.00311025253505 -0.00030354584317 0.000298027140265 3.61578 3.60896 -0.259712293185 -37.6359036126 0.622825937268
-119.333 48.3584 8.99315064283e-05 0.00467773546954 -0.00102756837203 -0.00259354561776 3.56515 3.54832 4.96032941407 -55.6300952001 1.38605253648
-118.149 48.4226 0.000442371705728 0.001403622497 0.000781709311829 -0.000318281891655 3.55136 3.52777 0.435857505248 -18.175513991 0.737349896116
-117.225 48.2995 -0.000603887163006 0.00159139881358 0.000337291687855 0.00102131764638 3.58279 3.56276 -1.59289966967 -17.9899045077 -0.28210716659
-116.367 48.4366 -0.00168935832376 0.000271285828921 -0.00126173737716 0.00252478569494 3.5829 3.5874 -4.15274247776 0.114178640497 -1.62209760067
-115.589 48.4694 -0.00015325259729 0.00283659645942 0.0026770629117 0.00331931180164 3.31144 3.31546 -7.0886937574 -35.165038271 0.200474061976
-114.468 48.3739 -5.85225568678e-05 0.00135019640459 8.49259297776e-05 0.00393695514945 3.49201 3.49519 -7.30120987495 -16.8369219119 0.125374081377
-113.273 48.3609 0.000874853424624 -7.63114892104e-05 0.00152607232327 0.00315028453715 3.41368 3.41309 -6.77350133513 -0.84486623002 0.850970800362
-112.562 48.3129 -0.00102121426294 -0.000758495446513 0.000230474081672 0.0029923613736 3.58397 3.56152 -5.00476396552 12.1481611604 -1.15336260433
-111.707 48.4128 -0.000454779598282 -0.000757982165178 -0.00096961597167 0.00283292735996 3.62321 3.62326 -5.8757012557 10.7179191252 -0.597248351576
-110.799 48.2921 -0.000237683744914 -0.0013415171665 0.00154782730323 0.00145966029227 3.52671 3.52816 -4.65180475521 17.5773358635 -0.543790333537
-109.777 48.3943 -0.000497826966684 -0.00200066383712 0.00284011344711 0.00236189691068 3.61487 3.62013 -5.41284161687 26.786410565 -0.955398065621
-124.566 47.9475 0.000767167636289 -0.000246184949636 -0.000430124882341 -0.00400908065451 3.64769 3.64874 3.24908652972 1.26997726269 0.711433648924
-122.972 47.7172 -0.000875846322778 -0.00154707067884 0.00500983201999 -0.00638625453295 3.30966 3.31481 6.48405962928 20.7101326351 -1.23724533595
-120.894 47.923 0.000721346210718 0.00141510945581 0.00155756834946 0.00221827521691 3.57491 3.58491 -1.22313542217 -18.391504093 0.923962297819
-120.061 47.6902 2.82107074051e-05 0.0027309960134 0.000245592036613 0.00435741750983 3.76988 3.80178 -5.55411261314 -33.4271621334 0.256487910916
-119.045 47.7849 0.00458398985689 0.0114275096499 -0.000409600155315 -0.00495388901932 3.60505 3.66754 5.6382528392 -151.414099103 7.69499020504
-118.274 47.8006 0.000871413010488 0.00806299140603 -2.36052553269e-05 -0.00623121342954 3.63853 3.65985 5.60702033948 -98.6452231164 3.24361155633
-117.308 47.8192 0.00078748287545 0.00669105239867 -0.000180328014614 -0.00576462756525 3.5691 3.579 4.62727373238 -82.6195175235 2.73121531114
-115.475 47.7092 0.00178987702494 0.00108993066121 0.000699599510516 -0.00315049668886 3.53762 3.53821 1.0123565678 -19.1192018389 2.01114119453
-114.574 47.6795 -0.00100080014984 0.000608942448922 9.81857441779e-05 -0.00235356815764 3.50029 3.49743 -0.0270997201632 -4.24778302585 -0.813592754754
-113.747 47.7687 -0.00306313405534 -0.000306950355076 0.00190186817727 0.00280267375288 3.39077 3.38899 -4.77666062184 11.0539887929 -3.06705393814
-112.607 47.775 0.00140759739478 0.00395723307257 0.000675813872409 -0.000909321617011 3.41319 3.41218 -2.64719840718 -53.5374902667 2.3065997823
-111.746 47.8012 0.000829562932762 0.000716210365098 -0.000346983778892 -0.000472352321557 3.63532 3.62789 -1.10374432636 -11.8075003927 0.994851479606
-110.763 47.6327 0.000384963466129 0.00121965618588 0.000660496955443 -0.00153083927358 3.58795 3.58249 -0.402150645911 -16.5630013507 0.732931888662
-122.803 47.1109 -0.00111778113142 -0.00070138904946 0.00463597491773 0.00291179192522 3.27963 3.27882 -3.60051070845 9.48944676518 -1.16862297679
-121.989 47.1881 -0.00154692817625 -0.0034803301079 0.0014756020655 0.00261183333072 3.32315 3.33192 -3.73661829516 43.7065577302 -1.84107864215
-120.844 47.1935 -0.000146773197315 -0.00256218829784 -0.000501598808686 -0.00716851521855 3.57649 3.59114 3.96222451758 30.870941314 -0.741930504045
-119.973 47.1936 -0.0023800930065 -0.00733036802701 -0.000347040831061 -0.00933259916087 3.50729 3.56705 5.33403824768 94.6273887659 -4.26056398083
-118.921 47.0573 0.000534788847122 -0.00863449680442 -0.000937772788394 -0.00648283471144 3.70386 3.75785 3.30179610334 101.862537294 -1.61564981196
-118.309 47.0615 -0.00166089284783 -0.00634699106205 -0.00130687451329 -0.00625607097369 3.79356 3.82593 6.45696414756 81.3217836002 -3.53543126651
-117.276 47.0547 -0.00293112769755 -0.00726043030116 -0.00105276670084 -0.005125379461 3.55471 3.58966 12.3579423611 97.7073118153 -5.69252861645
-116.335 47.0477 0.00148780101067 0.00268460475991 -0.00020197594265 0.0032304042939 3.63544 3.64752 -5.99713566899 -35.7617685301 1.80565284352
-114.459 47.0943 0.000376574633618 0.000933506867432 0.0011851259868 0.00514810799974 3.59555 3.59895 -5.96751132766 -12.4364669528 0.511834343346
-113.506 47.0816 0.00166609858189 0.00662772900764 -0.000581593859609 -0.00514935664853 3.45012 3.45648 3.38044257386 -86.9858159265 3.70392801359
-112.52 47.0418 0.000312705597508 0.00425663392711 0.000701605880923 0.00245531000999 3.56982 3.58939 -3.86500484977 -54.2744983188 1.20874796845
-111.549 47.0308 -0.001241219445 0.0026681819361 0.00234613754904 0.000386774699607 3.42018 3.42144 -2.06764683448 -29.2007484377 -0.516322825969
-110.687 47.1523 -0.000784169571476 0.000548703271111 0.0024617570279 0.00188877278627 3.39743 3.39664 -3.40806448613 -4.38985292761 -0.624660752908
-109.802 47.1961 -0.000156393164884 0.00356132728985 0.00131721322376 -0.00238116228758 3.58568 3.58685 1.35669889992 -42.9834806229 1.05942901595
-123.563 46.5459 -0.000166311868179 -0.00135517797279 0.00181871821511 0.00301414549535 3.65464 3.65523 -6.71687229269 16.3209388743 -0.179386667271
-120.979 46.5433 -0.000681216530517 -0.00457366200801 0.00208211338464 0.0112338052541 3.5708 3.57791 -12.682881316 55.312956616 -0.404277667606
-119.855 46.5585 0.00290335227436 -0.00148178070228 0.00116284025377 0.00764202368011 3.62247 3.59591 -9.61772472645 17.9437289348 2.89093469935
-119.06 46.4911 0.000334180067099 -0.000437619778851 -0.000284575221462 0.00628753187183 3.75303 3.73306 -7.38354486728 5.16729319995 0.30844707707
-118.146 46.5139 -0.000734619116995 -0.000614032430962 0.000485393621715 0.0034439774853 3.62405 3.60944 -3.62374284756 8.80496740088 -0.810945216191
-117.11 46.485 -0.000138555555024 -0.00232094266732 -9.01214051367e-06 -0.000986783444294 3.63362 3.62026 0.931563427744 28.6895987802 -0.662066771652
-116.209 46.3559 -0.00136839032385 -0.00262374633923 -0.00102857918695 -0.00407099697044 3.6221 3.61043 4.06094077983 36.61401577 -2.07246350853
-114.188 46.4423 -7.76549053714e-05 -0.00730935514169 0.00200874282737 -0.00472374421775 3.39103 3.39988 6.036997048 87.5394595619 -2.6360971645
-113.493 46.4162 -0.00288377678453 -0.00625165233679 -0.00099742433765 -0.00425060435045 3.46276 3.46092 6.52619455003 87.9198737709 -4.97985050008
-112.641 46.4246 -0.00397117522948 -0.00851582957455 0.00152820926071 -0.00384339538962 3.30133 3.3237 5.34609288595 120.487233005 -6.76821557614
-111.676 46.5336 0.00256225604885 0.00195325487643 0.00028186767131 -0.00376299649949 3.61787 3.64847 3.05458049325 -34.890748132 3.06945230233
-110.858 46.462 0.000226839558541 0.0032486666646 -0.000266491259807 -0.0028118796729 3.69198 3.71051 2.72766471806 -40.6538674853 1.32108321806
-109.914 46.5663 -0.000233246654983 0.000657593418571 0.00621930116735 -0.00301648262172 3.31469 3.31889 1.92566097678 -7.02515529629 0.00537276248095
-123.559 45.9306 -0.000272551544005 -0.0014358577659 4.04310731308e-05 0.00218055977042 3.74505 3.74395 -2.89217123675 17.4791837714 -0.376482096157
-122.419 45.9325 -0.00117794020196 -0.00192001495497 0.00303440422042 0.00486017740439 3.45383 3.45207 -6.99862853085 23.5105232831 -1.2087949628
-120.782 45.7664 4.89812611027e-05 -0.00195569282985 0.000179217026074 0.0032955172533 3.46948 3.46979 -6.27434564183 23.9081825437 -0.0473856470814
-119.928 45.8951 7.60320212488e-05 -0.00104373979949 0.000503282378901 0.00408661813175 3.62563 3.6236 -8.40573612404 12.8302837193 0.0507773276436
-118.777 45.7971 -0.00253528348299 -0.00291456743274 0.00144852433902 0.000523492366227 3.50009 3.4995 -6.27114583035 38.4506176781 -2.74956097079
-117.909 45.7087 -0.00220599853067 -0.00359855821076 -0.00157017005152 -0.00448457366039 3.67945 3.69903 2.18126569195 50.064174076 -2.98220911154
-117.228 45.9734 0.00131900231349 0.000711895626271 0.00249153923781 0.00222584457807 3.53413 3.54032 -5.28220344474 -10.7574446736 1.39222766086
-116.155 45.8883 0.000217376978795 0.00189680156866 0.000308304341381 -0.000879401003116 3.50907 3.50982 0.979445088686 -23.8793126671 0.659690879264
-114.332 45.7893 -0.000138306901263 -0.00108373965104 0.000196859958483 -0.000678125489179 3.53857 3.52506 1.24659020733 13.7869683624 -0.420001207248
-113.37 45.8122 -0.00221645355501 -0.00102772999606 -0.000345033431545 -0.00116033790576 3.46862 3.4614 2.6519006441 21.1121144303 -2.42300611248
-112.493 45.8409 -0.00263567045586 -0.00494576302285 -9.93029688109e-06 0.00149762536542 3.42035 3.41854 2.6688892935 71.1384294457 -4.05198799394
-111.626 45.7843 -0.00139053313736 -0.00665751259537 -0.00117381898672 -0.000528550946002 3.43962 3.44458 4.99151761082 86.8683983275 -3.70877613397
-110.659 45.9054 -0.00233520045538 -0.00649314131849 0.000700196033882 -0.0015065298918 3.39342 3.40336 5.41302268954 89.7131864997 -4.64377808299
-109.716 45.9046 -0.000590715910714 0.00117636123936 0.00210201244422 0.00654918343926 3.63187 3.64481 -5.16501089244 -13.3145702012 -0.317266425679
-122.478 45.2059 -0.000715235359834 -4.18267591382e-05 0.00200799438081 -0.000700485256942 3.60262 3.60031 -0.82790193879 1.53188064293 -0.715154162306
-119.669 45.2664 0.00193203645257 -0.000618390186751 0.00103908558533 -0.00194964901961 3.49015 3.48536 -1.12232776281 3.97082907547 1.81739139925
-118.96 45.2904 2.86296523031e-05 -0.00160921802816 0.000203422070758 4.42666320184e-05 3.60652 3.59398 -2.01197226624 19.701780268 -0.20352576102
-117.78 45.2781 -0.00180911611883 -0.00366973716851 -0.000645455741954 0.00403251519419 3.58714 3.58591 -5.42090159614 47.8945813662 -2.16877342842
-117.12 45.2925 -0.0016433883803 -0.00108194449427 0.000473366336023 0.00146011417387 3.32891 3.33216 -6.15584458663 15.5024998222 -1.74024641975
-116.268 45.3997 0.000936411099304 -0.000705351245596 0.00049499993473 0.00254134557095 3.46264 3.46839 -7.51218450826 7.85443038565 0.872865325906
-115.326 45.1285 0.000795972407792 0.000448410151517 0.000783375822523 0.00299616245002 3.38907 3.38674 -4.84891118389 -7.06652705821 0.851618284294
-114.233 45.0931 0.000253905457738 0.00211478789215 0.00096573146245 0.00110133196406 3.47649 3.47526 -2.68104444192 -27.1260224724 0.658949030089
-112.489 45.166 0.000691895491701 -0.000536756631267 0.00034407233231 -0.00274349821396 3.42723 3.41237 2.85129485899 3.80535094582 0.490630368193
-111.805 45.2285 -0.00173645598708 -0.00169727361335 0.000902194414491 -0.00244038522025 3.43734 3.42107 2.58322674761 27.9663797062 -2.18398438037
-110.74 45.3212 -0.00192231323433 -0.00163883891837 0.000333484335258 -0.00311649883179 3.44446 3.43622 4.36026538821 28.9417600912 -2.38359941364
-109.563 45.3171 -0.00186745664088 -0.00270978155417 0.00141004645257 -0.00878603925682 3.40067 3.39986 6.33316347715 42.4424207982 -2.80955561818
-120.335 44.7344 0.00148824092485 0.00191566397178 0.0038667992249 -0.00145487198785 3.34743 3.34073 -0.451620970993 -26.0522775165 1.7579782389
-119.565 44.5913 0.000870186829796 0.00182185152364 -0.000469477322701 0.000779576460079 3.62136 3.60851 0.101025897559 -24.0263053595 1.16393226455
-118.67 44.5191 -0.000391411420113 0.00222477412653 0.000656207233721 0.00148156678178 3.5412 3.51887 -0.766963594389 -26.5068615013 -0.021016714462
-117.664 44.6653 3.31658635421e-05 -0.00051379109007 0.000398894496305 -0.00174150820896 3.43876 3.42245 1.55157620573 6.18664000116 -0.0795404892841
-116.747 44.589 -0.000335834421822 -0.000235520458515 -0.000620968752154 0.00030596583697 3.59224 3.57955 -1.13404783669 3.69005791589 -0.37330910836
-116.013 44.7035 -0.00130036503211 -0.000944217672095 0.0010104522139 0.00183205274977 3.43826 3.43692 -3.48273300928 14.3198867583 -1.42978196943
-114.855 44.5494 -0.00160112668723 1.94729367327e-06 0.00112113340247 0.00181119857391 3.43876 3.43316 -4.70327547249 2.96397687235 -1.58355982742
-114.255 44.5642 -0.00188756697706 0.00160975006009 -0.000722741543733 0.00178635818111 3.45581 3.46165 -5.84255607455 -17.1335013593 -1.652976854
-113.367 44.6165 0.00145492191936 -0.00053551332538 0.00123925844354 0.000943256167665 3.20213 3.20112 -4.70265410995 3.662211063 1.34503390445
-112.644 44.6173 0.00217417620697 0.00324466416081 0.0004631621681 0.00045085386141 3.479 3.47948 -1.29750735999 -47.2992261699 2.87573315537
-111.248 44.7038 -0.000677216179733 0.000728236645995 0.00210138676424 -0.00206850422486 3.42868 3.42415 2.78841304515 -6.12422476637 -0.405950362601
-120.211 43.9437 0.00171459836476 0.00694058937128 -0.00359119102116 -0.00991039864411 3.5657 3.59033 13.4608534586 -87.2099190699 4.22090413635
-119.504 44.082 0.00109571521978 0.00850970827452 0.00162673775074 -0.00496543169692 3.4983 3.50348 4.68469571949 -105.523886944 3.13659011451
-118.569 43.9104 0.00426457991531 0.0106736278903 -0.00127527289147 -0.00721111352805 3.43323 3.49854 10.4955228053 -143.209933087 7.73865772454
-117.741 43.9733 0.000796006219735 0.00537776896096 0.00131533447746 -0.00149776071561 3.57561 3.58164 1.68251944448 -67.9366638795 1.9297080936
-116.803 44.086 -0.000255234506714 0.00474288531505 -0.000964146560179 -0.00143765147093 3.49035 3.48499 2.07792850805 -57.3430611694 0.860483930791
-115.958 43.9121 0.00133156299488 0.00371729355785 -0.000125523236721 -0.00212701037967 3.49734 3.49741 1.95155132973 -49.7692830684 2.18881306578
-115.133 43.7945 0.000239092368391 0.00339934661116 0.000546292969819 -0.00142104000722 3.47883 3.47311 0.159356972626 -42.8988002904 0.982817889534
-113.452 43.9286 -0.000425111447265 0.000853712508686 0.00213305505561 0.00167706816451 3.45507 3.43284 -3.60736746035 -9.82391307248 -0.265221289216
-112.485 43.9997 -0.00162328857808 0.00105204452463 0.000178227227778 0.00406900574952 3.32025 3.32247 -7.10007881568 -10.7055751286 -1.46947390282
-111.487 43.8756 0.00141057209481 0.00212929781805 0.000612361119778 0.00348381952231 3.21721 3.21515 -5.25947590348 -30.5284002324 1.76481414691
-110.576 43.92 0.000709622803273 0.00287402373374 0.00394931000489 0.00185205530853 3.37165 3.35973 -2.30155519578 -38.7407042328 1.37864390501
-109.817 43.7013 -0.000998382104157 0.00315697438076 0.00292429572353 0.00355919207838 3.58776 3.59555 -2.85694060979 -37.180260987 -0.215073986672
-120.153 43.2515 0.000459123142946 -0.00300888959032 0.00103221268729 -0.0126419668033 3.59139 3.6009 9.70858021356 33.484825308 -0.5107812149
-119.311 43.3736 0.000287839388467 -0.00206021574422 0.00470150677547 -0.000840126069524 3.31816 3.32174 -0.449212974229 24.722025629 -0.0321771497343
-118.474 43.358 -0.000348817819408 -0.00246476888928 -0.00173828454337 0.00764531682508 3.61526 3.60609 -9.55006023817 30.7879395956 -0.363650141778
-117.754 43.3471 -0.00209127151856 0.000518764946933 0.00188323980645 0.0121953645192 3.52883 3.5396 -13.3404684786 -7.83109475695 -2.11497197879
-116.767 43.4275 0.00176608454137 0.00293279658009 -0.00139028780347 -0.00763737267543 3.63698 3.65654 6.19768910557 -41.9649198804 2.56176736546
-115.828 43.4151 0.0011638930882 0.0022224908098 -0.000910372214637 -0.0072321029239 3.6106 3.62236 4.48939268928 -31.2234919301 1.74329698189
-115.098 43.25 -1.52239665693e-05 0.00196421243626 0.00194144676324 -0.00344250854586 3.45949 3.47674 1.94332747652 -24.2223288508 0.470616879166
-114.174 43.3979 0.00119013336935 0.00634849122408 -0.000853110510649 -0.00205627684804 3.501 3.52502 0.472181989628 -82.6995230476 2.64988800133
-113.518 43.3234 -9.22015985893e-05 0.00803293373297 0.00086816834465 -0.00150260848996 3.32086 3.33942 -0.762311340955 -100.573091126 1.69480276953
-112.433 43.3998 0.000714626009043 0.0021845182681 0.000989583212877 -0.00232408472965 3.33286 3.32746 0.71907658794 -29.7438924958 1.26205025463
-111.612 43.2741 -0.00173722814792 0.00231358514239 0.00109866622548 -0.00249021479662 3.48228 3.47974 0.450869468874 -22.9930417641 -1.0557733479
-110.712 43.3629 -0.00245765338028 0.00784951442238 -0.00105896439068 0.00244489163071 3.31495 3.33249 -8.85170587917 -98.1299719061 -1.49016100323
-110.02 43.2112 0.00144977277991 -0.000164951660477 0.000388955685591 -0.00444539102671 3.65312 3.67443 2.71496053649 -4.1509203364 1.31727078128
-119.247 42.6912 0.000940133443517 0.00303395666078 0.00294724323404 0.000513473618246 3.56352 3.55906 -0.70692684449 -39.0141639397 1.37126140674
-118.486 42.7308 -0.000480142240762 -3.11552195129e-05 -0.000829709121128 -0.00184669057068 3.71155 3.69526 0.633234725135 1.45201681853 -0.478006876129
-117.725 42.6996 -0.00336225288714 -5.62593459808e-05 -0.000751010772377 -0.0124536966634 3.4845 3.48649 9.15536159862 14.6390675018 -3.1913123136
-116.87 42.7779 -0.000346407696637 -0.000887115668139 0.00479098555876 0.000535683817899 3.30768 3.31441 -1.46930220973 11.7585617552 -0.486169315249
-116.032 42.7713 -0.00107182612502 -0.00136323478875 -0.00580674813654 -0.021604442974 3.56216 3.56927 18.3822999559 21.770612594 -1.60797488728
-114.903 42.636 0.00127020902567 -0.00841700021019 0.00278658186775 0.00603712844533 3.28041 3.31003 -9.62680833834 106.737393685 0.886166275797
-114.084 42.6493 0.00135007482939 -0.0031359917968 -0.00128009311492 0.00366571328933 3.68479 3.7091 -5.52961487983 37.7487519255 0.939261192789
-113.176 42.5452 -0.0014878259676 -0.00186631928704 0.00282888179483 -0.00147850405646 3.46644 3.47312 -3.96940512278 26.9654664829 -1.7760539526
-112.531 42.6852 -0.00235550504207 0.00527964446571 0.00195296370884 -0.0078142483792 3.25477 3.26377 6.30142373661 -53.5775527731 -0.372327378669
-111.588 42.8321 0.00264519998526 0.00166893709893 -0.00138619307697 0.00411853145533 3.80117 3.81779 -2.89322647925 -28.4369707401 2.93353216757
-110.92 42.7507 0.00201835273023 0.000100960861863 0.00177641729985 -0.0027455643708 3.39782 3.40417 -0.460575694181 -8.0588927717 1.97670209573
-110.042 42.6372 -0.000566833340925 0.00101956178895 0.00252248660914 -0.00130887053284 3.44821 3.44321 -0.351682689784 -10.9236033832 -0.271726400045
-108.847 42.8247 0.00189417512688 0.00148583878721 -0.000966596371588 -0.00456547845923 3.73268 3.70932 3.87221875353 -27.3492084693 2.29923145689
-108.342 42.6579 -0.00243516755735 0.00603209353898 -0.00210431147884 0.00304787076127 3.95292 3.95744 -1.86429261091 -68.7069751322 -0.740493505284
-119.34 42.0187 0.000680965601584 -0.000297660729225 0.00201495661639 0.00198163768604 3.61549 3.60773 -2.63116496156 2.78015177103 0.645454639572
-118.344 42.1901 -0.000813238830042 -0.000606892124016 0.00186153645289 0.00393178594162 3.46293 3.45774 -4.90358916157 8.38832227101 -0.859417688703
-117.667 42.0192 -0.0019894895943 -0.00183661968407 -0.000693908226313 0.00565279330833 3.58943 3.59029 -6.13932619124 24.6952798409 -2.10670716651
-116.471 42.0773 0.00119121159397 -0.0013798972415 0.000762227306996 0.00648839858988 3.40756 3.40766 -6.40537696093 16.2653793798 1.08128262746
-115.754 42.1669 0.00106080019454 -0.000805100411849 -0.000130226200787 0.00536231133583 3.54406 3.52809 -4.86220182351 8.64322008409 0.962378723422
-115.016 42.146 -0.00125229790755 -0.000554230592446 7.82341590635e-05 0.00531784202284 3.62687 3.57898 -6.55179827569 8.5539120042 -1.2987023611
-113.944 42.0886 -0.000792111085322 0.000414767390117 0.00155590711485 0.00760423409478 3.43465 3.41797 -10.0398552187 -4.86083456799 -0.7720389757
-113.24 42.0343 0.00025896794215 0.000540506799821 0.00117638053689 0.00824711833581 3.41658 3.40988 -13.2409692657 -6.98656395255 0.258562513497
-112.386 42.0041 0.00027336954868 -0.000296353777585 0.000684012258775 0.0120187861562 3.52362 3.53121 -12.3881430529 3.76217672594 0.265841864333
-111.432 42.0149 0.000675545475794 -0.000431879568446 -0.000351935727287 0.00831561602517 3.49815 3.49531 -8.29552521072 4.64992051295 0.62439460411
-110.873 42.0995 -0.00182114028973 -0.00244136880629 0.000126330078444 0.0108282787453 3.47092 3.47814 -12.6569519944 32.9894830281 -1.92070625787
-110.036 41.9243 -0.000914057181594 -0.00195597670441 0.00353215240811 0.00921641570758 3.38587 3.38598 -12.389146427 26.4327330137 -1.02171306876
-109.357 42.1012 0.00212659433189 0.00603880500142 0.00147552233542 7.17415754425e-05 3.3326 3.33892 -1.04623446284 -84.5291432598 3.63208239538
-108.34 42.0073 0.00249166037106 0.0040771494124 0.00246157062693 0.00324585487787 3.42391 3.43497 -4.71331368659 -60.1241140671 3.29974791481
-107.369 41.9641 2.31558755233e-05 0.00285268790507 0.00350836816522 -0.00140827775903 3.41161 3.40497 -0.219245670761 -36.5549545639 0.879323937777
-106.434 42.031 -0.00176442962617 0.00166237258748 0.00327845271315 0.000650818396369 3.48242 3.48193 -2.48230860493 -14.9680735938 -1.23729575917
-119.171 41.3884 0.00381428812944 0.00650848944261 0.00349094362023 0.0164381278164 3.60151 3.64006 -10.8328672765 -79.1867135787 3.55827905759
-118.379 41.4483 0.00119520007404 0.00318699207698 0.00214823323461 0.0100207742143 3.38307 3.39938 -5.58163286298 -40.7780287032 1.39329962317
-117.45 41.423 -0.000920772969611 0.00185731898696 0.00199704578188 0.00654848214855 3.53954 3.55468 -4.22260829674 -22.1570783351 -0.734581357393
-116.54 41.522 0.0012993932522 0.00654536696711 0.000339961748799 -0.000644932075203 3.47902 3.50231 0.668714476622 -84.5768520146 2.54638150212
-115.791 41.4311 0.00110754872887 0.00530277119031 0.00013340565293 0.00281893775676 3.62609 3.63548 -2.81297074599 -68.8678922418 1.85459994957
-114.915 41.4157 -0.000717538388332 0.00447225740174 0.000198229016897 -0.000219972047884 3.51846 3.53327 -0.667169047272 -54.4819759065 0.148978398126
-114.165 41.3602 0.000909360250774 0.00297412985617 0.0011534798643 -0.00298959836116 3.38773 3.4004 0.397509364575 -39.9147093101 1.53565669383
-113.347 41.503 0.00164681760726 0.000669412407757 0.000909704491314 -0.00128253251436 3.53079 3.53464 -0.65983159387 -12.9664017372 1.75110607952
-112.448 41.4632 -0.000583907536063 -0.000339069640707 0.000314865451322 -0.000177396444275 3.5573 3.55986 -1.12242787642 5.9385222099 -0.643066258645
-111.63 41.3146 -0.00033825582104 -0.00205152583397 0.00083731679523 0.00183511755016 3.50273 3.45053 -1.38271960804 27.1507199858 -0.780034410714
-110.666 41.4729 -0.000995987520022 -0.00550947951126 0.00182323713482 0.003229362414 3.41512 3.40079 -3.46594316356 73.6281043155 -2.06533208543
-110.067 41.4272 -0.00139851284836 0.000820008709057 -0.00146390925687 0.000850304018626 3.47596 3.47454 -4.50496847229 -7.17628884166 -1.220160969
-109.157 41.5047 -0.00136021040337 -0.000896412140929 0.0017561147776 0.00814563854173 3.40786 3.41553 -9.97712612089 13.7406792099 -1.44734625927
-108.187 41.4906 -0.00252953901857 -0.00266343233759 0.0073911867562 0.0142780076432 3.37492 3.38476 -12.8468389135 37.8035122246 -2.70696681333
-107.364 41.6067 0.00166320048955 0.00575472464935 0.00772176440719 -0.000242585193963 3.24392 3.24638 -0.83880608877 -80.3464840139 3.24428805514
-106.596 41.4033 0.000165574154945 0.00405829847131 -0.000869124665851 0.00758090933952 3.89899 3.93801 -7.70585331192 -54.229238141 0.888618009133
-119.835 40.7484 0.0037891260967 -0.00490227321492 -0.0007287644614 0.0218833635783 3.47566 3.48772 -16.9683574962 67.5253237234 4.51531518832
-118.971 40.7797 0.000783565215385 -0.0073001753161 0.000721595620881 0.026698620638 3.49308 3.49819 -18.6167025315 91.4593720486 2.05368527249
-118.134 40.7811 -0.00238251340714 -0.00758171788585 0.000841780144408 0.0189580214844 3.48063 3.46572 -17.5457827634 89.765049533 -1.24120450965
-117.524 40.852 -0.00385853892336 -0.00182338994728 0.00319438971932 0.0191108934812 3.30942 3.31625 -15.5697586827 17.7528457558 -3.64580834272
-116.508 40.7186 -0.00151117415185 -0.0119853422155 0.000307458310898 0.0155068745677 3.66387 3.69509 -14.8678033688 150.071272678 -0.532077266198
-115.736 40.8167 0.00272553140358 0.000174862311937 0.000318943803644 0.0215870918661 3.32366 3.33738 -20.4417110762 3.62374824049 2.65774447521
-115.039 40.8522 0.000548357824863 0.000617632337988 -0.000392673567229 0.0201874987518 3.69989 3.70292 -17.0669671598 -7.16966580323 0.483731453726
-114.204 40.8556 -0.00203981643047 -0.000590906732879 0.000883011719335 0.00831259613717 3.64549 3.65759 -7.26450870774 9.72072367423 -2.08107661013
-113.187 40.8513 -0.00239462123391 -0.00381582754711 0.00357651042711 0.0126141324419 3.60474 3.6183 -9.16697628858 51.2743855529 -2.62304307373
-111.437 40.8869 0.00255534470079 0.0113324788794 -0.00195565746654 -0.00365010861571 3.57556 3.64512 5.45905227361 -151.217448783 6.18134530155
-110.834 40.9425 -0.000979775108338 0.00567743753151 0.00250015185795 -0.00410423664174 3.34361 3.35264 1.1302607758 -68.4725879123 0.582518628751
-109.673 40.9763 0.000210861009394 0.000518368963258 -0.000828843088262 -0.00874135178134 3.34647 3.34728 4.60041665932 -7.40861859833 0.375172114908
-109.177 40.8936 -0.00146955388888 0.000892729943559 -0.00158141494771 -0.00367000913029 3.42427 3.4083 1.71956797709 -5.47470253521 -1.13494891469
-108.263 40.8338 -0.000828959240674 -0.000583006012291 0.00166238441024 -0.0048495204698 3.30413 3.29944 0.698832023617 10.7022551667 -0.963575535922
-107.52 40.76 -0.000601967706078 -0.0034700489681 0.00262807590498 0.00304654772663 3.32598 3.30632 -3.01088233871 47.1778800392 -1.41778086411
-106.454 40.8023 -0.00133717052875 -0.00568376000162 0.00311126530257 -0.00228850372866 3.43702 3.44228 0.669120613008 78.5801093423 -3.06636260975
-119.827 40.165 0.00115423985116 -0.00392628685991 0.00223084602976 0.00633070790598 3.47658 3.46386 -11.7808719396 49.6878237754 1.43313423197
-118.877 40.1614 -0.00109743652422 -0.00479249013246 0.00036871023839 0.003212092148 3.48334 3.46222 -8.26679240974 59.9423345697 -1.10138481751
-118.155 40.2903 -0.000768816991236 0.00250679671698 0.00193522444905 0.0123277341187 3.46545 3.44656 -13.4381608738 -32.1646515209 -0.966198693051
-117.19 40.1697 0.00106582576805 -0.00402229721393 0.000903517708537 0.00408922762133 3.46114 3.45634 -8.01925857596 50.5080371807 0.962448477039
-116.5 40.2917 -0.000576698404632 -0.00366975699688 0.000145017670839 -0.000548263405641 3.52166 3.47516 -9.20015415528 46.7154819385 -0.629339857517
-115.657 40.1313 -0.00088185573801 -0.00378258762792 0.00180319643626 0.00299264744456 3.49525 3.49174 -6.60110680994 48.9880966702 -1.13999698017
-114.745 40.2679 -0.000499227896103 -0.00165992757096 1.05064338479e-05 0.00281008712578 3.65136 3.65051 -2.88684455461 22.0358384311 -0.735542122778
-113.981 40.1314 -0.00106768182582 -0.00485148931616 0.00202014212773 0.000292534561055 3.50816 3.51488 -3.30055531809 64.0086932571 -1.76814467576
-112.469 40.2807 -0.000742781314483 -0.00897670970172 0.00124987336442 -0.00290813097125 3.38266 3.39522 0.407021215497 116.124598535 -2.79049314517
-111.502 40.2067 -0.0017478009428 -0.00740232747434 0.00246725132127 0.0143197362213 3.60718 3.64616 -14.2278232655 96.8565323907 -1.66438408196
-110.738 40.1948 -0.0014167989681 -0.00706178538349 -0.00155658248244 -0.0123743601807 3.42927 3.4493 8.41450131518 93.1428140196 -4.01748566474
-109.124 40.2982 0.00130364179267 0.00188450648287 -0.00348442256476 -0.00855802688539 3.70709 3.71774 7.36860680545 -29.8525750765 1.93168085805
-108.242 40.1348 0.00221038635605 0.00188063144195 0.00403038207692 0.00329040445147 3.52353 3.52329 -3.51820095061 -30.983029767 2.56450826725
-107.47 40.2149 -0.000858466998494 0.00630398523042 0.00809549026777 -0.0115349399294 3.16379 3.14552 5.10514056453 -74.4866540566 1.53757393997
-119.898 39.6785 0.000594190927499 0.00102058478055 0.00391469754182 0.00787874874165 3.5025 3.48677 -12.1600128891 -12.029166113 0.507897671157
-118.889 39.5399 -0.000747626096655 0.000764809193359 0.00295228088502 0.00576827020575 3.40316 3.40307 -15.2242017674 -10.6642782531 -0.837264076872
-118.08 39.6946 0.000252660528306 0.000577058560622 -0.00152784845634 0.00401756637682 3.45255 3.47068 -10.9500160795 -7.12730536891 0.22948274109
-117.14 39.5516 0.000542590439872 0.0017112108378 0.00153625005128 0.00565336032504 3.46166 3.45645 -12.3084651512 -21.2715211185 0.450607015064
-116.464 39.6202 -0.00040887841291 0.00108086532319 -4.75443786632e-05 0.00513206038822 3.41237 3.42333 -10.4088407616 -13.8058941737 -0.421261131867
-115.754 39.553 -0.000415794308874 0.00196893686618 0.000736457514181 0.00314617687792 3.49704 3.48043 -9.23068301385 -25.0680147626 -0.381909122702
-114.908 39.4731 -8.09415447091e-05 -0.000425797690693 0.00129400769805 0.00272824309992 3.40637 3.39764 -7.87583083789 5.5183683351 -0.102337383969
-114.016 39.455 -0.000219680280992 0.00102803413517 0.000312499680784 0.00382147982124 3.50847 3.49143 -8.22177262082 -13.1138988025 -0.162509177138
-113.069 39.5906 0.000773437092744 -0.000398644476808 -0.000996542789243 0.00575029788251 3.45431 3.44977 -7.37362824654 4.33220776985 0.737702276599
-112.279 39.5708 0.000802619758852 4.38885329756e-05 0.00170342489635 0.00283787502852 3.32814 3.30431 -4.84939144536 -1.99980133457 0.801102411974
-111.66 39.6092 -0.00159077303795 -0.000769800007195 0.000170563595307 -0.0017566346184 3.36035 3.32377 -2.43303453505 13.8109210359 -1.70625690879
-110.74 39.473 0.000463386459791 -0.00100715552353 0.0027929435753 0.00551087329815 3.22933 3.21714 -6.79973037066 12.4581353878 0.337904896639
-110.246 39.6279 0.00035293006667 0.00182181706061 0.00223509741081 -0.00286772189927 3.50697 3.49356 0.843531869138 -24.5071725722 0.813925445342
-108.981 39.6333 0.00138428613013 -0.00203251339409 -0.000369223424615 -0.00268237591691 3.57732 3.58103 1.67092703177 20.6155982037 0.736722443934
-108.391 39.4998 -0.00121812615797 -0.00246008383405 -8.04425356999e-05 -0.00445142454121 3.52219 3.51658 2.88561484094 36.4267185107 -1.93270095583
-107.449 39.524 -0.00136178499248 -0.0044625868608 0.00414807542966 -0.0123272783862 3.23297 3.24831 7.21884474606 62.4654227541 -3.02660840549
-118.808 38.9383 -0.000252423415041 0.000170082204603 0.00313760558692 0.00626407491584 3.51779 3.52394 -10.4818739403 -2.27376283883 -0.25994223893
-117.932 38.8606 0.00262349054725 -0.00359187998916 0.000626801559623 0.0146589802348 3.41671 3.4182 -14.5335016561 48.5503955067 2.9913296605
-117.182 38.834 0.0011520499021 -0.00214964007747 0.002080700619 0.00771911767449 3.44744 3.43769 -8.22243135386 27.0628311632 1.12613340821
-116.4 38.8247 -0.00199933141652 -0.00269902234908 0.000465555559651 0.00330999228782 3.5163 3.51192 -6.07966889217 35.8165015858 -2.15405268753
-115.654 38.8455 -0.000474197245024 0.0030384469126 -0.000365793014387 0.00109721199218 3.35976 3.37898 -8.98873323373 -38.7912196053 -0.422624426533
-114.83 39.04 -0.000596449619484 0.0017681000178 0.000641632466293 0.00158395984591 3.49841 3.49657 -7.83673152165 -22.3536196006 -0.509859124477
-114.02 38.9551 -0.000987132073058 0.00508895469507 0.000603900475318 0.000739041784129 3.41053 3.4198 -12.1724621407 -66.0667802509 -1.07813814552
-113.277 38.9882 -0.000690803013865 -0.0041406943647 -0.000545035981255 0.00363667263413 3.65282 3.66768 -2.99291230618 54.5755060204 -1.3086285664
-112.379 38.9995 -0.000223102235564 0.00356215907853 0.00182426468171 -0.00206453112801 3.21392 3.21743 -4.42406148922 -45.7403771291 0.268859107954
-111.172 38.9176 -5.6646567498e-05 0.00101064055577 -0.000885311221793 -0.00305342357703 3.42962 3.4209 0.132857242065 -12.7937113308 0.177124356198
-110.133 39.1025 -0.00252071273535 0.00144982939766 0.0033559784449 0.00801554232561 3.42066 3.41925 -10.0514983016 -16.878343689 -2.41469650849
-109.263 38.9553 0.00325084851967 0.0107197282417 -0.00236901629172 -0.015632656686 3.46994 3.50291 9.64138604706 -148.219419443 7.36066383048
-108.296 38.9541 0.00344865601743 0.00719801487027 0.000492594657096 0.00279335809074 3.35343 3.36595 -2.40403785122 -104.499741093 4.96660696527
-107.574 38.8347 0.00397507462515 0.00424039565339 0.00526046043628 0.00418997880849 3.20028 3.2225 -6.21294142491 -65.2839633535 4.62325911643
-106.91 38.8627 -0.00110545183766 0.00190926979367 -5.71494599619e-05 0.00398335537961 3.69414 3.6978 -3.60435896749 -21.9384038894 -0.659629344744
-119.451 38.5226 -0.000630061703673 -0.00146296036109 0.00217953411392 0.00212369671068 3.62622 3.62891 -2.02060397602 18.9021433904 -0.761071671315
-118.106 38.3489 -0.000311701708579 -0.00214380022964 0.00362146259713 0.00670946484567 3.39136 3.38874 -7.70576957258 27.0380971863 -0.325734685331
-117.072 38.2397 0.000857020270872 0.0015420593234 0.00353357461357 0.00218499219821 3.36089 3.35571 -4.54400447767 -20.3122819034 0.967141268871
-116.302 38.2886 -0.00102133224014 0.00280397536164 0.00266532621287 0.00634445525929 3.37555 3.36763 -12.031311206 -36.3587855219 -1.15551690305
-115.585 38.3489 -0.000961395746266 -0.00362632223002 -0.0011445220841 -0.000176590042218 3.41378 3.41966 -4.82438703031 47.3725357981 -1.27087324539
-114.608 38.3281 0.00124982992426 -0.000359288534604 0.00226104395263 0.0063073976106 3.57921 3.58465 -6.20971224581 3.43472855458 1.21995330577
-113.969 38.1802 -0.0014526146355 -0.000615385448222 0.00126986889787 0.00258377236334 3.60019 3.5966 -2.64320030758 10.5674077683 -1.52525987628
-113.021 38.2987 -0.00120692738217 -0.00398094493106 0.00203124272836 0.00200054722865 3.28714 3.27449 -5.93664202316 53.1936251226 -1.58852271333
-112.277 38.2108 0.00211084599339 3.28772656347e-05 0.00375696108793 0.00519263130201 3.28691 3.28069 -6.79960873078 -2.93498932382 2.10514556174
-111.483 38.2843 0.000378061157941 0.00314074020745 0.00340055542876 0.0044071594995 3.33674 3.34213 -5.08822838265 -41.6629925038 0.785191318104
-110.711 38.4187 -0.000190866117976 0.00164321370205 0.000610585471114 -0.00353908694117 3.46351 3.46588 1.29618178985 -20.4182996805 0.227046864678
-109.894 38.3862 0.000334573218706 0.000301701756425 -0.00161692604655 -0.00319096976282 3.71867 3.72074 1.83098438542 -5.06400855575 0.403455429642
-109.261 38.2916 -0.00117536525827 -0.00156659464489 -0.00122370270217 -0.0045377256031 3.69354 3.71614 2.22599801932 24.5153806734 -1.57034926166
-108.379 38.1888 -0.00151412422144 -0.00396423339159 0.000461637588648 -0.000477642061076 3.51933 3.53909 -1.12925715021 56.5665832024 -2.4072290345
-107.55 38.3685 -0.00040089220475 -0.000790047816079 0.00624207813493 0.0172189358633 3.04617 3.05164 -18.9803241408 10.3193834606 -0.352249133705
-106.756 38.2289 1.11617194813e-05 -0.002231432876 0.00476232433297 0.00905125864246 3.5266 3.53301 -10.08290659 30.1095600803 -0.219554702122
-117.225 37.7243 0.000213560280853 0.00048351939126 0.00335696010806 0.000271532815743 3.4899 3.49753 -2.42562778821 -6.38305706149 0.262694763041
-116.595 37.923 0.0016285157042 0.00138963604537 0.00197381778454 0.000665184142163 3.52722 3.53177 -3.33023357699 -19.6325664475 1.75574475907
-115.747 37.6444 0.000214037851737 -0.000552310324975 -7.41172700676e-05 -0.000442754046809 3.50147 3.49579 -3.92970416874 6.78880490327 0.160988623386
-114.849 37.6083 -0.000331035395916 -0.000262901078202 9.09462571683e-05 -0.00171259275515 3.51961 3.52155 -3.97455934984 3.81490112632 -0.356518129138
-113.86 37.5808 -0.000854113890796 7.15609763073e-05 0.000358852111585 -0.0015116239511 3.39673 3.39686 -4.48869061303 0.25362190361 -0.841686742353
-113.168 37.7601 -0.00102011748933 0.0035643213824 0.00347850395346 0.000267638652332 3.33618 3.33163 -2.50493645697 -43.9475034753 -0.472956222099
-112.363 37.6761 -0.000240564899881 0.00446230688415 0.00322286939794 0.00665077262514 3.37526 3.36986 -8.95145906704 -58.2867957044 -0.0293502744787
-111.596 37.7222 -0.00404577835937 -0.00117891528642 -0.00318313482922 0.0099557078679 3.96385 3.96866 -7.45232622736 19.9080347564 -4.129751235
-110.802 37.6354 -0.00164950562545 0.00133438593043 -0.000398177852589 -0.00537646043836 3.63878 3.65314 4.24807745352 -10.5240170052 -1.18793539757
-109.995 37.6903 0.000565419945825 -0.00262991834654 0.00245435030102 0.000913632061552 3.43047 3.43631 -7.71019911622 34.107392528 0.305022800532
-109.137 37.7459 -0.00146389005865 -0.00337075777106 0.000612370583744 0.0030986843011 3.62665 3.62721 -10.0343107557 46.3603284207 -1.69236494333
-115.22 37.2408 0.000106966017631 0.00143884715354 -4.37453407173e-05 -0.00338797803163 3.4805 3.48404 -4.55131005785 -18.5688277118 0.230786832455
-114.715 36.7256 0.000627081509547 -0.00296217557805 0.00261527907569 0.00624130204854 3.39455 3.38526 -9.01005156286 38.2013800189 0.596911303607
-113.907 37.0195 0.000564494624577 -0.00447004490014 0.00204167030657 0.00261543651746 3.41425 3.42152 -5.54248941404 57.2629370204 0.193773508643
-113.084 37.0615 0.000609864032921 -0.003644341816 -0.000921937461002 0.00237185652332 3.56759 3.58738 -4.10579372559 46.3338281294 0.177534657719
-112.382 37.0183 0.000341694924252 -0.00190272646614 -0.000154323629255 -0.0025112648295 3.58002 3.59221 1.44547987317 23.3640971484 -0.0867409172244
-111.506 36.9839 0.00082610140828 -0.00101192214696 0.000403077701165 -0.00146897887101 3.46454 3.45949 0.226416435478 10.7712081962 0.595297307157
-110.804 36.9969 -0.000842845868721 -0.00507619755121 0.00194581091425 0.00810374966324 3.50963 3.50713 -12.4845998256 67.2960377779 -0.83384317351
-109.874 37.1364 1.76902321612e-05 -0.00309121336081 0.000197353372383 0.00809726262458 3.65834 3.65153 -11.5644190101 41.2098336834 -0.0657469869398
-109.025 36.8299 -0.000828443464964 -0.000209630630107 0.00228208399894 0.00132456913416 3.67581 3.67161 -4.96128673317 4.4394887649 -0.850440525676
-116.33 36.4193 0.00144124358234 -4.90403899384e-05 0.00178562968051 0.00117360849824 3.59221 3.59647 -2.15578561089 -1.37893648312 1.4273843
-115.383 36.423 0.00118921950692 -0.000147165593604 2.95680796067e-05 0.0116168243752 3.53682 3.54761 -12.7089486252 2.87805621939 1.19623759209
-114.539 36.4321 -0.000214151033156 0.000741768734966 -0.000412654274683 0.0163188885253 3.56523 3.56741 -21.9319328516 -9.97379275281 -0.368035851548
-113.965 36.4151 -0.0010921427959 0.00101690061858 0.00148811932792 0.0216456026446 3.36929 3.37349 -20.2899017935 -15.5524825669 -1.25712401988
-113.18 36.4182 -0.00233874876943 0.00191593385084 0.00368112895947 0.0106818879424 3.50551 3.51648 -9.403001193 -24.466353459 -2.30304163823
-111.13 36.1428 0.000166077977151 0.00326092393526 0.0019418036593 0.00294361928881 3.41047 3.41721 -7.8230317013 -43.2660418866 0.385843270193
-110.662 36.5996 0.000492873642237 0.00311104558245 0.00173933094372 0.00824785276363 3.63468 3.61285 -14.2073987754 -41.0780930928 0.387033178457
-109.87 36.4199 -0.00145081767948 0.00219537274241 0.00623059806049 0.00165875328938 3.33586 3.33521 -7.61854898265 -27.4867456483 -1.25018254465
-115.43 35.8384 0.00259459851072 -0.00244684658295 -0.00202550467185 0.0122619035481 3.95532 3.93431 -12.7357896473 33.7818461099 2.76033327502
-114.851 35.7266 -0.0003453814406 -0.00113234247754 0.00360921645509 0.00868793555131 3.53702 3.50639 -14.2693639585 14.172410937 -0.240334239098
-113.984 35.8522 -0.00310860554669 -0.00225184386752 0.000777467650609 0.0100201511021 3.55892 3.56663 -12.7625372233 27.0448218941 -2.98149755752
-113.105 35.6339 -0.00204467966116 -0.00931032392409 0.000574410393691 -0.00987644753431 3.35054 3.37506 3.75701583557 124.721669048 -4.21603674618
-112.173 35.8191 -0.00215060618708 0.000762909203838 0.00621324987547 0.00120528472471 3.3593 3.36941 -1.22402527117 -5.18502802483 -1.99335719079
-109.933 35.7113 0.00163485738137 0.00186279499431 0.0117655729805 0.0137475162908 3.24186 3.24089 -19.3114676913 -22.0348608397 1.3940995609
-109.046 35.7147 0.000304202150461 0.00449771505354 -0.00522152093506 0.0169883846645 4.01147 4.01213 -18.0687176011 -59.8608839153 -0.103959207767
-114.87 35.301 -0.00101855371011 0.0064196050835 0.00719177035791 0.00964096554206 3.51115 3.50531 -18.2025640095 -84.0867287892 -2.05353325481
-113.885 35.099 0.000498088299922 -0.00782290049567 0.000438687330006 0.00258764210903 3.47815 3.49185 -8.68653753161 101.84539614 0.41033997401
-113.083 35.2127 0.000567469694388 -0.00492020014912 0.00212844231797 0.00673936620443 3.31906 3.30423 -14.6423783173 64.8429700717 0.971968618416
-112.267 35.1787 0.000227432680823 -0.00593656500955 0.00120231979424 0.00445618630311 3.45112 3.46701 -12.4156471136 78.2574967584 0.43423395136
-111.532 35.0951 0.00190536700582 0.00251196665479 0.00131269769126 0.0100903870273 3.51126 3.5172 -8.42803023063 -34.2973877595 2.01002951496
-110.713 35.0789 -0.000321987477732 0.0021867062783 0.00129362812628 0.00908170488426 3.5429 3.55112 -6.27593231667 -28.6155881592 -0.125862259449
-109.736 35.1181 0.00484444561801 0.00106930691472 0.0020718785842 0.0178163259119 3.55708 3.5157 -14.628819554 -11.408355083 4.79171913981
-109.388 35.1118 -0.00292680287432 0.000515543714334 -0.00192257384488 0.0166409188804 3.69711 3.68962 -12.0879193141 -6.78293486629 -2.92492964583
-108.5 35.1259 -0.00113694517403 -0.000628241001081 0.00231955995109 0.0113679839696 3.48604 3.50018 -12.336052661 8.63998244959 -1.14314898749
-107.648 35.117 0.00103672112675 -0.000875535188826 0.00401740711591 0.00269975412345 3.35361 3.36006 -8.20224540532 10.5462441556 0.951638781218
-106.867 35.0719 -0.000181059789429 0.000825099758508 0.000361588198257 0.00252929483694 3.78039 3.77921 -4.64501451381 -10.7153351313 -0.0444722001666
-113.83 34.5935 0.00087766410222 -0.00333704859756 0.00159388039631 -0.000139836632065 3.60809 3.59261 -7.07904036544 43.0929814588 0.75890815564
-112.891 34.4692 0.000445333952444 -0.00381017406874 -0.00138347948184 0.00261633968524 3.60653 3.60039 -9.87455751694 50.0532923492 0.460861803627
-112.237 34.4866 -0.000287405123637 -0.00292123200697 0.00147512632931 0.00353245131114 3.45808 3.45285 -12.1525026588 38.3660112327 -0.181010904717
-111.441 34.4178 0.000899769338308 -0.00281032051689 0.000960169613776 0.00552008261005 3.45712 3.45363 -14.8052309996 38.0556539474 1.10605226915
-110.806 34.3371 -0.000113327810693 -0.00198726424181 -1.01443575304e-05 0.00845414145796 3.58386 3.58621 -13.3611087308 26.3850428633 -0.0283045272456
-109.95 34.5293 -6.45434209351e-05 -0.00265675562028 -0.000797603030047 0.010105740007 3.56958 3.5767 -11.8674639217 35.5811823553 -0.0513523342246
-109.29 34.4275 -0.000732656326665 -0.00239507301299 0.00141183684388 0.00348160493533 3.50583 3.4992 -10.936854722 32.399646259 -0.775348234983
-108.498 34.5421 8.24312332194e-06 -0.00348480833155 0.00141901686676 -0.000128550261455 3.31107 3.31469 -11.5896994416 47.1216442558 -0.0507702560679
-107.786 34.4457 -0.000827005040517 -0.00314407334941 0.00217366618789 0.0024858240961 3.45037 3.43892 -12.412164119 42.8398881499 -0.858342500542
-107.01 34.5058 -0.00105613177299 -0.00066696237657 0.00112678001645 0.0159613168662 3.61514 3.61618 -14.6165248672 8.840007287 -1.04355840127
-114.524 33.7503 0.00124308559915 -0.00100359262517 0.00342371754068 0.00356305463062 3.56817 3.56975 -5.19428547138 12.1606783518 1.18776368677
-113.829 33.8142 0.000138440956036 -0.0015694810613 -0.000792117679632 0.00103148173251 3.72462 3.7221 -6.4591700912 20.4058842365 0.0765840255105
-113.005 33.9383 -0.000130411358887 -0.00123736397337 -0.000936620934566 0.00164145133085 3.7338 3.72638 -8.92224736124 16.2573965153 -0.13837221279
-112.333 33.9535 -0.000603360481043 -0.00131359140913 -2.02925978166e-06 0.00287978604439 3.6066 3.60358 -10.1647522125 17.2655650542 -0.593191811182
-111.478 33.8798 -0.000130503667261 -0.000430836566718 0.00072541920095 0.00368881238481 3.60671 3.60455 -13.5494606641 5.60728027583 -0.10529973637
-110.844 33.6953 -0.000529456143734 0.000305834585778 0.00117626135106 0.00203125755505 3.50561 3.50298 -15.0028769315 -4.61570509346 -0.55170858534
-109.254 33.9571 0.000405121313954 -4.43372607609e-05 0.000343681213014 0.000331183872553 3.36501 3.36579 -16.2288402714 1.02542987284 0.407355396197
-108.377 33.9085 0.000352526622886 0.00200224849489 0.00211624731452 0.0114268725801 3.33149 3.32805 -11.456846587 -27.1963637613 0.380557930989
-107.674 34.0087 -0.00235528806033 0.00381039277189 -0.000158229349674 0.00996277682611 3.47726 3.46722 -10.5663863084 -50.5817842511 -2.20553659143
-113.657 33.1999 -2.61972608252e-05 -0.00058524487156 0.000480227113253 0.00315338922971 3.72879 3.72102 -15.908937791 7.54890230073 0.0494482016199
-112.946 33.3627 -0.000224360792598 -0.000135276800557 -0.00125749263637 0.00124592689684 3.74839 3.74202 -11.6024871493 1.6439520058 -0.218052884539
-111.427 33.341 -7.18152878071e-05 0.000268926196597 0.000120208130668 -4.71942979075e-05 3.64872 3.64234 -10.9301126608 -3.58848763659 -0.0763581433906
-110.472 33.2969 0.000646884956067 -0.000703620112295 0.00162249750618 0.00465875592505 3.57939 3.56933 -10.2394564979 9.36485708586 0.643197592175
-110.036 33.0851 -0.000128551381657 -0.00019137848662 -0.000116059748916 0.00773518271185 3.61808 3.61084 -9.53408105815 2.60236575937 -0.132399118948
-109.266 33.2921 -0.000926448484704 -0.000557591071678 0.00371353851902 0.00500958022146 3.46223 3.45544 -14.3769689661 6.83934276247 -0.895278054405
