-114.58 32.5356 -0.000267905510616 -9.10828564242e-05 0.00196715970288 -0.000657732322252 3.90384 3.94691 0.940074226364 -0.214797219268 -0.210621061785
-113.767 32.7683 -0.000263221357021 -0.000151194293014 -0.000330606109494 -0.00120036144192 4.08748 4.25192 1.33955048928 0.404923175804 -0.186224235705
-112.883 32.7513 0.000185655227191 -0.000441435606237 -0.000885297683874 -4.41537550906e-05 4.07342 4.40652 -1.24876851192 4.8720885594 0.351453582411
-112.228 32.7006 -0.000258758445955 -0.000323712224669 0.000924277407108 0.000938903787138 3.80494 3.99172 -1.93781907184 1.89966705586 -0.0994797549076
-111.704 32.5618 -8.53168467778e-06 -0.000190935792302 0.000731346286746 0.000453641727539 3.79013 3.81716 -1.17901112551 1.76028246819 0.0689932174367
-110.739 32.5716 0.000125121887807 -9.04386337686e-05 -0.00019262560187 0.000696083032732 3.89871 3.92407 -2.24574009525 1.38656263787 0.15124396862
-109.97 32.6399 -0.000212282393482 -1.64603956376e-05 0.000201459632065 0.000838727380838 3.91596 4.06849 -2.99787267224 -0.766469895495 -0.186103352979
-109.303 32.7663 -5.03978691655e-05 0.00018106049103 -0.00120917315967 -0.000490319061182 4.13656 4.36393 -1.16187187069 -1.95710362162 -0.115707963636
-108.633 32.5466 3.55812782023e-05 -9.42760641327e-05 0.000318229034169 -0.00106041804317 3.97996 3.98708 -0.740599841224 1.06180642081 0.0679122766125
-107.785 32.5324 1.27726958094e-05 -2.06668044932e-05 0.000331808025275 -0.000567779070193 3.99927 3.99943 -1.69436428729 0.254307563357 0.0196392101995
-107.001 32.6995 -0.000174237332006 0.000417497971833 -0.000812556130078 0.00044558727693 4.04955 4.26354 -5.34574972136 -4.82961196392 -0.336773636557
-105.454 32.7001 -0.000734749062474 0.000476434281712 -0.000299159121497 0.000524907278485 4.05407 4.44323 -4.70214674734 -7.94955339596 -0.865088711385
-104.657 32.6588 -0.000568131417694 0.00068119096002 0.00163224270531 -0.00143171476546 3.89441 4.10804 -0.954726893912 -9.0841550705 -0.766006128031
-104.02 32.6462 -0.000204688792022 0.000500148876717 -0.00146840766434 -0.00131959840108 4.23129 4.42342 -1.45159387707 -5.91338573227 -0.363912019749
-103.357 32.6764 -0.000116396946879 0.000116465463756 -0.000637333098111 -0.000455609005323 4.08274 4.09748 -1.35278789904 -1.63848962673 -0.148771406173
-112.812 31.9559 -5.95359559325e-05 -0.000165456653181 -0.000901571365534 -0.000978109458574 4.03764 4.00999 0.402631854424 1.31534657596 0.00902267926158
-111.457 32.0022 -6.44244794601e-05 -0.000317526251619 0.00110550038973 0.0012107887777 3.90154 3.93532 -1.26256579254 2.71998920193 0.0686133793054
-110.816 31.7748 -1.30163443235e-05 -7.91374018525e-05 -0.000743394166461 0.000652761966484 4.0362 4.03552 -1.64211662902 0.69311561637 0.0199666096542
-110.046 31.9737 -0.000106500647247 -0.000336084394438 0.000129056455501 0.000919157602147 3.90307 3.87854 -3.02073512522 2.7091084466 0.0438817616276
-109.259 31.9989 -0.000145395123504 -0.000456993453504 0.000121664632511 0.000107547984741 3.95886 3.94158 -1.53277919823 3.8155203178 0.0434309539187
-108.527 31.9041 -5.89330968502e-05 -0.000204957029525 0.000175305470003 0.00109795200389 3.90219 3.89242 -3.62939453172 1.70338373613 0.0316560500305
-107.778 32.0094 -0.000165284439174 -7.00055346418e-05 -0.000224853778735 0.00152056661684 4.03923 4.02512 -3.40490596283 -0.0337170706465 -0.122587628377
-107.101 32.1046 -0.000365162723732 0.000253946902202 -0.000381368717223 0.000960232379027 4.13557 4.05357 -3.82909366733 -4.05719138539 -0.436952165754
-106.428 32.0062 -0.000637773217987 0.000256675883574 9.38640889226e-06 0.000672127561102 4.10924 4.13312 -2.61162540821 -5.15559431404 -0.68745054713
-105.523 32.076 -0.000796360965707 0.000603479993491 -0.000501820800877 -3.84960771124e-05 4.10517 4.01071 -2.61486279229 -9.26663031127 -0.964681208433
-104.823 32.1101 -0.000513494793991 0.000286809772701 0.00133061740129 0.000515050505897 3.88662 3.98002 -1.76436334848 -4.89571288474 -0.581955897637
-104.101 32.0618 -0.000179086848332 0.000266981718093 -0.00033844193357 0.000855133159229 4.01324 4.06705 -2.58840041385 -3.42783218851 -0.263932510153
-103.292 32.012 -1.55200540975e-05 0.000301166495215 -0.000608302233346 -0.000914890307839 4.09064 4.10827 0.903673976963 -3.20957615284 -0.10511923799
-109.991 31.439 7.46051463924e-05 -0.000114563138764 0.000994942848267 -0.000644197164845 3.93455 3.91818 0.239572355393 1.3894108587 0.111364704217
-109.281 31.3757 -0.000174183325119 -0.0002307303083 -0.000389272812516 0.000797739214882 4.0394 4.01839 -1.81141705515 1.49817464748 -0.0693339330568
-108.528 31.3369 -0.000239502840722 -0.000109067132988 -0.0010826021418 0.000131102594971 4.10886 4.10964 -2.04863477016 0.0696550137911 -0.177713375091
-105.483 31.4425 -0.000485213271815 8.26509017603e-05 -0.000339222158247 0.00015382078457 4.13904 4.20669 -0.78667095065 -2.64761788417 -0.483786060399
-104.971 31.3711 -0.000206168206318 4.67624263231e-06 0.000124624187738 0.000174055297509 3.97981 4.02647 -0.2641536726 -0.792889833282 -0.195885499421
-103.979 31.3165 -0.000334358048554 1.93884888823e-05 0.000957466864374 0.000614474812345 3.85417 3.91572 -0.912689166279 -1.42811492749 -0.321332775772
-103.492 31.3691 -1.82211239451e-05 -1.30215874588e-05 0.000282364875411 0.000250725024083 3.93361 4.02307 -0.531419876425 0.0695761574385 -0.0129656076281
-104.986 30.7862 -0.000233627595419 -0.00015037086641 -0.00149955371902 -0.00212767351388 4.19745 4.19524 1.75183188022 0.786039838524 -0.177313007302
-104.029 30.6689 -0.00013476637319 -0.000217443728275 -0.00039832801608 -0.000259722742103 4.09937 4.13334 0.856682234526 1.79551021269 -0.0608278101701
-103.402 30.8498 -3.5877634206e-05 -0.00036979572867 0.000289025282021 0.00152574252954 3.93119 3.95017 -2.34838973446 3.63961877188 0.0985306303661
-102.685 30.7263 -2.13386676162e-05 -0.000103314350191 0.000734324272297 0.00150066238533 3.93983 3.95746 -1.23982497331 0.993300069672 0.0143610615405
-104.09 30.0609 0.000142897055544 -0.000259336003807 -0.0023481350386 -0.000961328081713 4.34564 4.35264 1.26488632021 3.15289576206 0.215089777704
-103.612 30.1456 2.93882830463e-05 -0.000280550373509 -0.000683619879373 -0.000110695401659 4.18611 4.14782 -0.339012442509 2.99407751923 0.119584962583
-102.788 30.1615 -0.000123248410051 -0.000371302243224 0.00166571439871 -0.00103673184485 3.93283 3.93772 1.94491971525 3.52550402297 -0.0131332139727
-104.133 29.554 2.70826101019e-05 -0.000151607666848 -0.00310842555103 0.00158919153615 4.22427 4.21383 -2.52269233409 1.63454872434 0.080992861422
-103.389 29.4528 0.000110191014187 -3.4665768026e-05 8.07828995451e-05 -0.000981974952874 4.0673 3.99263 1.45310188465 0.71758849864 0.115514794355
-102.888 29.4862 -1.65174783238e-05 -0.000156267989194 0.00264025260493 -0.000554537343541 3.83652 3.80347 1.70510694962 1.58440412641 0.0294048157697
-122.085 48.9983 1.14850442171e-05 1.6481027649e-05 -0.000804411209216 0.00109042780485 4.04455 4.04572 -1.45299061337 -0.0872014783858 0.00166984510768
-121.48 49.0983 2.50588664979e-05 5.75294524055e-05 -0.000746409123314 0.00104268890826 4.07327 4.07815 -2.37357271293 -0.379116506904 -0.00768584312072
-120.384 49.048 7.11360178098e-05 1.63385908954e-05 0.000286157525994 -0.000691461651691 4.03148 4.05674 0.902884465302 0.177466547666 0.0563798206492
-119.272 48.9534 0.000331265772649 -0.000114180171653 0.000238121284472 0.000579255819857 3.97436 4.00365 -0.517735403707 2.63712673301 0.346911455736
-118.585 48.9752 0.000331274105316 -9.96654851615e-05 -3.50946665218e-05 0.000793486783714 4.01143 4.01358 -1.15996710507 2.51962039331 0.340155823672
-117.559 48.9813 -8.25687966539e-05 3.41087562177e-05 -0.000190577577745 0.000874926450555 4.03366 4.02201 -2.0146729992 -0.720190404541 -0.089010232663
-116.363 48.958 -0.000108526871771 0.000275333187245 0.000145744397303 -0.000991995637146 4.10174 4.06824 -0.0529436320603 -3.14299078239 -0.212987662445
-115.653 48.9339 -0.000185526407589 -0.000128498184217 2.74423860353e-05 0.000605761609774 4.11225 4.05962 -2.12477057973 0.361799107729 -0.110163187875
-114.413 48.933 -0.000290611996592 2.81846221572e-05 -0.000448174542732 -6.60017003252e-05 4.23685 4.2588 -1.45350274113 -1.57373262617 -0.276119552589
-113.422 48.9725 -9.71659068005e-05 0.00014565032986 -3.97100187055e-05 0.00133236081314 4.21497 4.19517 -2.3471436727 -1.87324747972 -0.149111507097
-112.733 48.9777 -0.000229090297773 0.000130235962838 -0.000215443055607 4.65348428875e-05 4.23524 4.20138 -0.671658539295 -2.26329472 -0.261497052339
-111.597 48.9482 -0.000462226624335 7.22076653148e-05 -0.000463678000461 -0.00119850815017 4.2796 4.25294 0.559174307614 -2.51217371942 -0.458293689282
-110.699 48.9448 -0.000478620778316 5.11453741911e-05 4.08850987107e-05 -0.000682481907642 4.12234 4.14567 0.930090772413 -2.28778601461 -0.468326187151
-109.846 48.9198 -0.000123624383941 7.02164585626e-05 0.000548381456898 -0.000523632404873 3.98643 4.01214 1.13888484985 -1.17454599687 -0.139582902581
-121.484 48.5183 5.30344503867e-05 -6.54179759804e-05 0.000698817095525 0.000589551554614 3.94861 3.97851 -0.492678017695 0.851343188846 0.0779440565559
-120.12 48.4607 0.000232509651958 -0.000187052720172 0.000300318872217 -0.00047757557885 4.07642 4.12967 1.21777691115 2.79835779141 0.290988612893
-119.333 48.3584 0.000226541854953 -0.000397641905166 -0.000719282472148 -0.000305797723386 4.1573 4.1743 -0.612571108466 4.7591991557 0.383572174831
-118.149 48.4226 -0.000100201304026 -0.000239642590728 -4.77297694801e-05 0.000114867218928 4.06213 4.05247 -2.13601606716 1.72860768632 0.0237350136258
-117.225 48.2995 -0.00042144229868 -7.13144913477e-05 0.000267241359385 0.000626944131367 3.94751 3.97256 -3.19633220651 -1.44765625606 -0.337094458808
-116.367 48.4366 0.00011025504431 0.000285605142244 0.000168255271805 0.000551442816472 4.01904 4.06268 -3.16810776302 -2.14017905258 -0.0350312674959
-115.589 48.4694 4.6630685501e-05 0.000210838953724 -0.000414895362308 0.000225773347264 4.12891 4.11003 -3.16403536881 -1.77478893082 -0.0545792650818
-114.468 48.3739 -0.000349179015382 -5.74583173713e-05 -4.67834057334e-05 0.000121556294674 4.15051 4.12852 -1.2183840337 -0.985068589118 -0.294353479214
-113.273 48.3609 -0.00034423737793 0.000165009811163 -4.14656877199e-05 -0.00129049331717 4.26254 4.29528 2.51619550484 -2.94013598781 -0.379771822009
-112.562 48.3129 -0.00022475016164 0.000262096219445 0.000173504783453 7.50965215668e-05 4.16536 4.20753 1.39072909199 -3.52029450974 -0.302043682935
-111.707 48.4128 -0.000302415956875 0.00010877839819 -0.000241572214409 0.000114007774689 4.26342 4.25735 2.00565673696 -2.20812409714 -0.321366572753
-110.799 48.2921 -0.00030743787149 -0.000176009061335 -0.000197716419173 -8.4639272151e-05 4.21888 4.25503 3.45512015225 0.855147629814 -0.242102778404
-109.777 48.3943 -0.000126076418406 -0.00013680140981 -0.000110672839765 -0.00025317974201 4.09285 4.12388 3.5522046998 1.0620874897 -0.0827243410434
-120.894 47.923 0.000157912538604 -0.000292524806555 0.00176268811082 2.52801075974e-05 3.90414 3.95277 2.14577797997 3.41453485197 0.269045961558
-120.061 47.6902 0.000420831971227 -0.000569072627491 -2.37182128865e-06 0.00057414892825 4.03931 4.09009 -0.35973805999 7.2207260326 0.636493261185
-119.045 47.7849 0.000285407533999 -0.000531027935089 -0.000418163454361 -0.000317385959734 4.22847 4.20773 -0.499329425709 6.26778286473 0.495281625561
-118.274 47.8006 -0.00014015908768 -0.000435063994264 -0.000258299763263 7.84394268816e-05 4.18783 4.14747 -1.81459511595 3.34254540858 0.0784827167815
-117.308 47.8192 -0.000573630553188 -0.000261355859957 -0.000534440643972 0.000264254007251 4.13556 4.18302 -2.49302659646 -0.373946300912 -0.386155971969
-116.256 47.8397 -0.000392035818186 -0.000123633318626 0.000875580980844 0.00100418339465 3.90018 3.97376 -2.8163128423 -0.740551495785 -0.291679002469
-115.475 47.7092 8.14081302467e-05 0.000121501241929 -0.000586505663853 0.000127022419343 4.04903 4.06496 -1.25596908732 -0.800977544724 0.0219478335251
-114.574 47.6795 -0.000142629827589 6.19360910094e-06 0.00067651870279 0.000144053236767 3.92087 3.89987 0.377503927994 -0.65537404195 -0.133779035776
-113.747 47.7687 -0.000480106674652 -1.57578414913e-05 0.000595374443864 -0.000309534913375 4.05017 4.06259 1.57244613565 -1.70427945635 -0.442137821215
-112.607 47.775 -0.000234516963976 8.88091797023e-05 -0.00139984600869 -0.000489564385764 4.39194 4.46813 2.29219893734 -1.75979962042 -0.250720223515
-111.746 47.8012 -4.67067281575e-05 8.43948256456e-05 0.000586232823382 -0.0003418341086 4.14337 4.17599 3.81998176956 -1.03033321807 -0.0698870732471
-110.763 47.6327 -9.23065566205e-05 -0.000198809003895 -0.000418427412936 -0.000104400240001 4.18159 4.18072 4.89150811094 1.82352039663 -0.0349535781976
-121.989 47.1881 3.59590030357e-05 -0.000230689655529 0.000927793524981 -0.000937217534985 3.97145 3.99159 2.1181355234 2.26303260889 0.135156915487
-120.844 47.1935 0.000492409145042 -0.000509148008804 0.000479313386638 -0.000677825377402 4.00362 4.02372 2.60407621454 6.87017152875 0.662333841154
-119.973 47.1936 0.000458360271099 -0.000680843162328 -5.42103484278e-05 -0.000269493271098 4.15167 4.12713 0.783803166469 8.38628100678 0.71325146578
-118.921 47.0573 0.000108695980509 -0.000596107989108 0.000208481715596 3.67880665397e-05 4.24669 4.09439 -0.674292019636 6.01721036209 0.368377744742
-118.309 47.0615 -0.000501279120574 -0.000442508726809 -0.00075429744829 0.000110450889012 4.3297 4.26314 -1.58229865458 1.66758626271 -0.239437497839
-117.276 47.0547 -0.000641396427102 -0.000464305989512 -2.5944036871e-05 0.000264778697138 4.21688 4.25939 -0.866656420056 1.40858425222 -0.371338952021
-116.335 47.0477 -0.000366990167023 -0.000396616640538 0.000279019884746 -0.000875265639323 4.08122 4.14641 1.26040435024 2.30763131826 -0.179819870276
-115.353 47.0528 -0.000221517765111 -0.000179199196595 0.000306622253649 0.000220647650701 3.98663 4.02294 0.392979363864 0.806203481187 -0.131623341912
-114.459 47.0943 -0.000205824085864 -4.26415928201e-05 -0.00019167769309 7.25249342512e-05 4.02349 4.01615 1.37992919606 -0.397247356252 -0.175074233131
-113.506 47.0816 -0.000458279889857 -0.000120695053838 0.000641654433932 0.00111213741355 3.90815 3.91619 0.827768941823 -0.623138123579 -0.380771637737
-112.52 47.0418 -0.0003692852323 -0.000184025918184 -0.000152815215405 0.000236196331304 4.06394 4.11734 2.50578363102 0.549085579955 -0.287087397357
-111.549 47.0308 3.81600972599e-05 -0.000319467713402 -5.69291981905e-05 3.97086762869e-05 4.14872 4.22451 4.35163602694 3.44741573169 0.12937879445
-110.687 47.1523 2.17463528481e-05 -0.000128986031673 -1.51791068423e-05 -0.000389967537162 4.18329 4.20828 5.83636320279 1.42626479415 0.0539709822569
-109.802 47.1961 -6.94372810617e-05 -0.000326646750633 -0.000336032037497 -0.000289688112937 4.14986 4.16274 5.63378815436 3.29497055404 0.0138627283545
-123.563 46.5459 -4.56512584417e-05 -6.95780028136e-05 -0.00138292826997 -0.000277839226647 4.11129 4.10742 -0.0606006755192 0.37762407385 -0.00498161645161
-120.979 46.5433 0.000388889515869 -0.000402519868586 0.00161671978052 0.000176766335253 3.90522 3.89708 2.04963301972 5.42816384809 0.525553860738
-119.855 46.5585 0.000462201030657 -0.000472787288906 -0.00073017256049 -0.000623287290701 4.25189 4.15823 1.17561193201 6.45111976497 0.622463758267
-119.06 46.4911 -2.78361031415e-05 -0.000316578169485 -0.00062115870929 0.000241931005229 4.30767 4.1665 -0.953215406155 2.76872386234 0.121551211304
-118.146 46.5139 -0.000439912519501 -0.000133646521296 -4.75471228558e-05 -0.000405430374568 4.31562 4.19937 1.20470546004 -0.649519328105 -0.343778776054
-117.11 46.485 -0.00061294273815 -0.00060231822871 0.000179980483562 -0.000848216346589 4.28953 4.22452 3.90612775058 3.54679411142 -0.352555867536
-116.209 46.3559 -0.000710443728849 -0.000512525817579 0.000348356232178 5.97613665599e-06 4.13637 4.12672 0.602992532145 1.89287815839 -0.441074805603
-115.571 46.4151 -0.000361027850214 -0.000327483523156 -0.000737605839279 -7.00990518811e-05 4.14885 4.19948 2.78119662235 1.83664263204 -0.217157883514
-114.188 46.4423 -0.000309061379647 -5.9023760544e-05 0.00083034171882 -1.62893336843e-05 3.97404 3.97914 3.2323867694 -0.531390267504 -0.270466852112
-113.493 46.4162 -0.000368383009486 -0.000127692950935 -0.00051363767104 -0.000239987675671 4.08296 4.10077 3.20088903213 -0.0256196199035 -0.304759469127
-112.641 46.4246 -9.74029787438e-05 -0.000351561913083 -0.000180663166602 0.000867713900674 4.00969 4.06051 2.28859137092 3.21064814748 0.0273945637462
-111.676 46.5336 -9.02043362878e-05 -0.000561283851746 0.000270398002197 0.000561976709803 4.00491 4.03168 3.54034833632 5.49833042204 0.0863003034783
-110.858 46.462 -0.00010073432211 -0.000498396654288 0.000211794340951 0.000640766464196 4.03555 4.06253 4.52908057545 4.90968509971 0.0433564632061
-109.914 46.5663 4.74794199115e-05 -0.00039648365225 0.000595488792784 -0.000925855095938 4.09844 4.09294 6.88750858378 4.35735086261 0.137387425065
-122.419 45.9325 8.16792973143e-05 -0.000170894311115 0.000502987084444 -0.0001945646319 4.01326 4.00247 1.73471229047 1.90764416871 0.150810930954
-119.928 45.8951 0.000183090250628 -0.000222793548059 -0.000776431263745 0.000881990168816 4.11538 4.02133 -0.920338358436 2.89701912641 0.266476754002
-118.777 45.7971 -0.000335298989622 0.0001305932285 -0.000302308234103 -6.08913029946e-05 4.19921 4.13127 1.45950111963 -2.68063068047 -0.359102823427
-117.909 45.7087 -0.000342052660768 0.000228280202377 0.00130112528252 -0.000503776908996 4.10751 4.11779 3.55127166853 -3.53559871582 -0.403004053334
-117.228 45.9734 -0.000336297298891 -7.34250698301e-05 -0.000766762534104 -0.000811256158041 4.42078 4.35318 3.31482546779 -0.60335798049 -0.28435411413
-116.155 45.8883 -0.000569148186465 -0.000266266649094 -0.000579689517243 0.000609452389444 4.17794 4.11634 1.77324316173 0.263251683795 -0.421601966211
-115.255 45.7565 -0.000584491654337 -0.000158635681275 0.00132014936916 -0.000396716569266 3.95097 3.96242 4.09350125262 -0.520956700247 -0.495870516951
-114.332 45.7893 -0.000340509218399 -6.39359095858e-05 -0.000891784072589 -0.000358855074867 4.13311 4.17086 3.63505977658 -0.57880363586 -0.299106461432
-113.37 45.8122 -0.000150350102904 -0.000129427787296 0.000576596756521 -0.000438015718248 4.00734 4.03703 5.3549865993 0.84432618576 -0.105083268853
-112.493 45.8409 3.28066926442e-05 -0.000435274021722 -0.000713546329434 -0.000954591381588 4.13834 4.13819 6.9836502917 4.61749104379 0.144779867099
-111.626 45.7843 9.77112040402e-05 -0.000428335841197 0.000392640884181 -0.000120660350521 4.00745 3.98625 5.48363922084 4.74987757213 0.211819176994
-110.659 45.9054 -9.47601973466e-05 -0.000444943665573 0.00125584904125 -0.00154476688926 3.95276 3.92125 6.24491282686 4.43629724254 0.0199731886694
-109.716 45.9046 -0.000154778619084 -0.000251211533158 -0.000109161914703 -0.000838100516809 4.11871 4.09699 4.84957561354 2.21055536567 -0.0830374072751
-122.478 45.2059 2.14045632107e-05 8.83457006079e-05 0.000529664151376 -0.000874133049065 4.02903 4.02447 2.59017970623 -0.698275308112 -0.0201322170964
-120.635 45.2357 0.000442308873621 0.000118062831203 -0.000128264716875 -0.000116704698865 4.08126 4.06782 1.39924805907 0.91668566445 0.3441622889
-119.669 45.2664 0.000135701333402 0.000337218323874 -0.00072470789698 -4.53994328909e-05 4.13086 4.07965 0.426697882085 -2.46289866478 -0.0296944956098
-117.78 45.2781 -0.000170812744735 -9.12427431536e-06 0.00110044171603 0.00109962413875 4.08341 4.11862 2.08715475666 -0.623082867361 -0.152828177325
-117.12 45.2925 -9.04929023469e-05 9.50079031638e-05 -0.00053803696594 0.00043386981575 4.30771 4.29914 2.01338457436 -1.28079767358 -0.120649323307
-116.268 45.3997 -0.000504130127041 -2.03589534365e-05 -0.000779019714421 -0.000709262984226 4.38434 4.33292 5.31353736017 -1.54951653307 -0.468882952352
-115.326 45.1285 -0.000479717167677 -0.000133515765704 -5.52580380488e-05 0.00048034357428 4.09406 4.11616 2.74526479857 -0.525146454255 -0.398449890921
-114.233 45.0931 -0.000288824454472 -0.000179432398664 0.00040181922907 8.47131290913e-05 3.93618 3.98258 4.83670803675 0.835073819734 -0.21711831354
-113.46 45.2432 1.42786279823e-05 -0.000267728100526 0.000397514618761 -2.64162379975e-05 3.92758 3.97061 5.62314869428 2.7752227924 0.0925497025082
-112.489 45.166 0.00019440305941 -0.000250332721085 0.000540931846958 -0.000688435629583 4.03404 4.01686 6.1399584348 3.15917244419 0.255788492507
-111.805 45.2285 -1.00637891014e-05 -0.000281223507214 -0.00052051897345 -0.00146299229805 4.20291 4.15368 6.3168994214 2.89828276868 0.0646297536342
-110.74 45.3212 -0.000134557492724 -0.000217012836445 0.000983375318822 0.0021867761125 3.93548 3.89502 0.926929845959 1.71747715946 -0.0522763253049
-109.563 45.3171 -0.000152948066853 -4.91471937754e-05 -0.00172121444414 0.00298140343063 4.08471 4.06096 -0.913578871318 -0.0989813704527 -0.125112231334
-122.186 44.6837 6.00273689494e-05 7.57917547763e-05 0.000687799670824 -0.000124388727828 3.96622 3.97183 0.893268134116 -0.389788111383 0.0175720741813
-120.335 44.7344 0.000192427131493 0.00021143202708 -0.000652461740824 -0.000386628650064 4.08351 4.0772 0.75786527087 -1.03793280425 0.0766626962374
-118.67 44.5191 3.21629380949e-05 0.000385278559386 0.000469397360746 -0.000793494161495 4.07128 4.05367 3.15575983091 -3.50437471945 -0.122287232833
-117.664 44.6653 -0.000107991348585 6.02147919281e-05 0.000598728328027 -0.000774550224676 4.13002 4.07362 3.77171272805 -0.994467898684 -0.122657476103
-116.747 44.589 -0.000204929918785 0.000160012291423 -0.000569832157808 -0.000681398179804 4.284 4.23322 4.00076482269 -2.31973019401 -0.248725684077
-116.013 44.7035 -0.00042269159365 -1.31844168599e-05 -0.000734316120645 -0.000427749986898 4.30223 4.26885 3.42546729474 -1.46471910995 -0.389557794946
-114.855 44.5494 -0.000433970042962 -0.000156476532424 0.000127226457026 -0.000574048336735 4.10209 4.13421 4.89271398904 0.0807458793085 -0.360006650831
-114.255 44.5642 -0.000240106961523 -0.000285259278199 0.000269027848668 -5.74505978699e-05 3.91567 3.96264 5.49341118867 2.09396808729 -0.14099736853
-113.367 44.6165 -3.69736272513e-05 -0.000410413163288 9.41175377561e-05 5.4442166912e-05 3.90509 3.93323 5.02820089722 4.04405258167 0.0897860603104
-112.644 44.6173 4.43068219738e-05 -0.00022771314606 0.00137809064984 0.000537423297807 3.9304 3.93612 3.24102259482 2.45912080898 0.116148178132
-111.248 44.7038 9.91644270805e-07 -2.30392572061e-05 -0.00254275505637 -0.000251715182149 4.54421 4.48373 1.85623438339 0.238414708304 0.00861600707014
-110.576 44.3951 -0.000122121142657 0.000114913469172 -0.00274882675051 0.000248875461817 4.44155 4.30585 3.41133507107 -1.58756263344 -0.151036440736
-119.504 44.082 2.57648674555e-05 0.000312889670745 8.52189245929e-05 -0.00112603580711 4.05678 4.04639 2.26695191266 -2.78542479077 -0.107256554143
-117.741 43.9733 -7.66090145158e-06 0.000486563150988 0.0007327285704 -0.000206345550114 4.04394 4.03377 3.14461481987 -4.65877014697 -0.194129660753
-116.803 44.086 -0.000161545047474 0.000230986320104 -0.000752426744441 0.000286116314118 4.23472 4.21459 1.3557956194 -2.86937191488 -0.240913967883
-115.958 43.9121 -0.000223246605636 0.00017227944321 -0.000752826087377 0.000487681921137 4.19296 4.19809 1.77766314022 -2.55848300352 -0.272533903101
-115.133 43.7945 -0.000107108497595 6.88237593412e-05 0.000559173154235 8.19320186721e-05 3.95754 3.98275 4.31468945671 -1.05800054525 -0.124036809026
-114.117 43.9146 1.99665662768e-05 -0.000360155967562 0.000523180141199 -0.000355492964201 3.97027 3.94985 5.89092815723 3.69401131213 0.126943242007
-113.452 43.9286 -3.29908639297e-05 -0.00033460193178 -0.000684091905642 -0.000140294209935 4.07257 3.99716 4.24323821223 3.25406802643 0.0756611926996
-112.485 43.9997 -0.000209600673437 -0.000145630324677 0.000594549104029 0.000673067651839 3.96799 3.92241 2.21527437473 0.695948442887 -0.147098100947
-111.487 43.8756 -0.000247654871253 0.000423713627252 0.00124482890064 -0.000201832227309 4.02466 3.94827 3.24746123951 -5.16612228685 -0.368373947243
-110.576 43.92 -0.000352022802159 0.000697871831228 -0.000950852223195 -0.00479216932028 4.43008 4.40127 12.510275414 -8.03724485661 -0.45094859719
-109.817 43.7013 -0.000448009294914 0.000365273651515 -0.00397303735909 -0.00296583746282 4.45333 4.4306 3.03951136273 -5.25355148494 -0.536996380976
-118.474 43.358 -0.000123727312125 0.000227205644479 0.000582179651223 -0.000172951696159 3.97687 4.00113 1.67570596516 -2.63798881584 -0.207065947561
-117.754 43.3471 0.000264245129552 0.000362962138732 -7.92284814514e-05 0.000968787134894 4.04384 4.05656 0.216858131239 -2.19189399019 0.0817041538411
-116.767 43.4275 9.59868746735e-07 0.00015581038272 -0.000801349397657 0.000893570941414 4.1575 4.12881 0.480897493384 -1.46155944048 -0.0640900216633
-115.828 43.4151 -0.000226727448549 0.00010274138934 -0.000282247372192 0.000780339046224 4.10323 4.12188 2.8952960795 -1.8647269423 -0.248627626538
-115.098 43.25 5.17649407615e-05 1.77810733355e-05 0.000909521087733 0.000231629553871 3.9052 3.9389 4.06541165342 0.00998769664556 0.042587709593
-114.174 43.3979 0.000195956879776 -3.28659914754e-05 0.000664576345682 4.4416756399e-05 3.92622 3.89735 4.05745021289 1.01093537832 0.195781265127
-113.518 43.3234 -0.000240622513967 6.08158064939e-05 -0.000942438024971 -0.000453527174655 4.13768 4.03925 3.19134535992 -1.46782210798 -0.247005057118
-112.433 43.3998 -0.000520365001566 0.000227520342047 0.000111939784187 8.20480830195e-05 4.00063 3.97199 2.69069342242 -4.14667451618 -0.566510892211
-111.612 43.2741 -0.000596494796837 0.000752009139432 0.00196262616314 0.000371932161401 3.89899 3.92046 0.695029841678 -9.82539163001 -0.826669715206
-110.02 43.2112 -0.00043879028524 0.000530755142599 -0.00147458908246 0.00256410409694 4.15586 4.14503 -2.22713461306 -7.15481816767 -0.610892910542
-116.87 42.7779 0.000106052964457 0.000333946048323 0.000121992322449 -0.000451010638943 4.10958 4.07997 2.83512032642 -2.76744047295 -0.0291139539507
-116.032 42.7713 -0.000103201948935 0.000186997535072 -0.000367696723514 -0.00112962886974 4.16894 4.13934 5.81528928276 -2.18160011067 -0.158088623874
-114.903 42.636 -5.84561253749e-05 -3.56447413209e-05 -0.000390062974182 0.000252807858014 4.03499 4.01908 3.3679189594 0.134187267518 -0.0422099706507
-114.084 42.6493 -7.63603881822e-05 0.000247055368301 0.00155851601257 0.000307330223708 3.85832 3.83369 3.27712872143 -2.71506588052 -0.156683928333
-113.176 42.5452 -0.000282602852305 0.000337522839517 -0.000575371742597 -0.00027132660241 4.16037 4.10542 2.09342535113 -4.39686910656 -0.383746231588
-112.531 42.6852 -0.000724057223933 0.000318595412293 -0.00146157051975 -8.03461402677e-05 4.26243 4.21256 1.04715296619 -5.95633981824 -0.790349524257
-111.588 42.8321 -0.000706371042364 0.000510784244811 0.00131293045634 0.000774065715973 3.93014 3.98385 0.245367577648 -7.86387485148 -0.844478306156
-110.92 42.7507 -0.000308625335072 0.000569093891844 0.000472865984946 0.00241006730058 4.0166 4.04872 -0.419175363422 -6.9166141911 -0.49758077527
-110.042 42.6372 -0.000501231357715 0.000516601413648 -0.00113855594691 -0.000730961069179 4.29901 4.29963 0.308911205959 -7.1338963354 -0.650278360739
-108.847 42.8247 -0.000780336742679 0.00029827880791 -0.000480945254847 0.00193924534508 4.20394 4.29396 -3.63364635709 -6.39905219778 -0.834468187836
-108.342 42.6579 -0.000318656041537 0.00018891341591 0.00186907464749 0.0011740639936 3.91692 3.94838 -0.778196785351 -3.1589168244 -0.364603368138
-116.471 42.0773 0.000157103896431 0.000483710852611 0.00284839102788 -0.00112237154908 3.85806 3.84911 5.72624344209 -4.17280857203 -0.0112503365092
-115.754 42.1669 0.00024027085551 0.000302052286309 -0.000489814209229 -0.000750734855545 4.15764 4.12536 4.84790331949 -2.1102011459 0.124597339259
-115.016 42.146 -4.21437649372e-05 0.000113824369564 -0.00151259863686 -0.000597757865828 4.27848 4.20623 3.03665828051 -1.26473112602 -0.0801345526018
-113.944 42.0886 -0.000221736678191 0.000238594658825 0.00161577236589 0.000313228667021 3.91294 3.89893 2.18357215477 -3.1766339972 -0.292918721159
-113.24 42.0343 -0.000348185893234 0.000384005535657 -0.000261102830426 0.000541099065686 4.06795 4.03915 0.611043540614 -5.14202793888 -0.467803525038
-112.386 42.0041 -0.000697351780685 0.000300825591004 -0.00077644793398 -0.000422980921838 4.19381 4.19466 1.9745653739 -5.57085491555 -0.758459284773
-111.432 42.0149 -0.000819769189141 0.000297095961541 0.000752144264532 -0.000519165012298 4.03551 4.1458 2.08826051419 -5.93738919565 -0.871935111326
-110.873 42.0995 -0.000320991178137 0.000311738848713 0.00104383912137 -0.000870240264219 4.04913 4.08943 0.902345617167 -4.34044243138 -0.409754136333
-110.036 41.9243 -0.000428373122124 0.000166902086765 -0.000456015379654 5.60639468036e-05 4.2661 4.21053 -1.23113692116 -3.4081025188 -0.459693129102
-109.357 42.1012 -0.000627290927405 0.000443315930391 -0.00184806334818 -0.000506683159651 4.3908 4.41576 -1.23595621631 -6.98307078418 -0.746590440302
-108.34 42.0073 -0.000376027018956 7.3693948351e-05 0.00122669160259 -0.000719572380931 4.03498 4.05018 2.23585683257 -2.00666387792 -0.380748954886
-107.369 41.9641 -0.000285353328389 0.000694821697256 0.000619615442755 0.000381853069994 3.9615 3.93904 -1.78198946608 -8.26178402684 -0.515020416415
-106.434 42.031 -0.000272777214232 0.000152191435771 -0.00322166807528 -0.00232626158214 4.30116 4.32632 2.95745506302 -2.43750808452 -0.303686162639
-115.791 41.4311 0.000278901252188 0.00056749479657 -0.00104298007928 -0.000280555723366 4.16694 4.12583 2.95101557549 -4.38777474408 0.0501542011858
-114.915 41.4157 8.96618684208e-05 0.000177757221754 -0.00136694112878 0.00010018428431 4.27065 4.15555 1.2760344401 -1.34405231421 0.0139942423819
-114.165 41.3602 -0.000317034864791 0.000194550247451 0.000804979318399 0.00014371810005 3.96822 3.89185 0.925619927871 -3.1507115273 -0.367466044632
-113.347 41.503 -0.000373752990527 0.000346636908793 0.000728126427387 -8.66332859124e-05 3.97499 3.93454 2.00637244922 -4.81323396832 -0.47314749104
-112.448 41.4632 -0.000650927721179 0.00039698046137 -0.000614615791823 -0.000322536836656 4.17075 4.13584 2.28562712868 -6.31976668788 -0.747842055913
-111.63 41.3146 -0.000687323559699 0.00024820132505 -5.25881260931e-05 -0.00056996279739 4.21433 4.27143 2.2308731744 -4.9537830936 -0.730762449042
-110.666 41.4729 -0.000239082546032 0.00020456561031 0.000163407120502 0.00109036674603 4.16376 4.20797 -0.875259662592 -3.00002622487 -0.29862896182
-110.067 41.4272 -0.000583023640466 0.000452207944382 -9.2544536604e-06 0.00104698397923 4.15348 4.07753 -1.39252611738 -6.8913933253 -0.711124036169
-109.157 41.5047 -0.000700850507758 0.000285099759208 -0.000376496631335 -0.000340430974396 4.2674 4.27967 1.17148212288 -5.41842108688 -0.755619357592
-108.187 41.4906 -0.000383777899472 0.000135329231658 -0.000446152411597 0.00036304689959 4.15619 4.18157 2.42751383362 -2.65911243068 -0.406667055097
-107.364 41.6067 -0.000335169467527 0.000864629610979 0.000611070837595 0.000355365211902 3.89562 3.94515 0.0391118697133 -10.1847595285 -0.60072464434
-106.596 41.4033 -3.107550907e-05 -1.70179635385e-05 0.00165443733927 -0.00232826211164 3.95896 3.99269 5.78298988711 0.105936664307 -0.0264520669892
-116.508 40.7186 8.37874887775e-05 0.000744633701117 0.00454658417629 0.00181256034667 3.58393 3.63957 -0.0833824454573 -6.53896248664 -0.24054764987
-115.736 40.8167 0.000677328062346 0.000663299959321 0.000596325383019 0.000313589394037 3.9308 3.95172 0.560974891521 -3.40472474861 0.348904267349
-115.039 40.8522 0.000393471222258 0.000543459554269 -0.00296664957639 0.000134737497245 4.47427 4.30465 -1.57072174806 -3.30660434814 0.118967109355
-114.204 40.8556 -0.000372252438174 0.000485184467587 0.00106386429422 0.000173086029385 4.03278 3.90723 1.28125436308 -6.15275412251 -0.528575496542
-113.187 40.8513 -0.000491267495144 0.000528311389611 0.0013359330067 9.36462342781e-05 3.86029 3.8249 1.63289582734 -7.04560187252 -0.64971848964
-112.52 40.8903 -0.000593671164578 0.000527528741003 -0.00037256636546 -0.000629564897732 4.12238 4.11967 1.84117072994 -7.42441829578 -0.741754022166
-111.437 40.8869 -0.000551532622097 8.95310343938e-05 0.000169518719953 -0.000172166938958 4.21091 4.20721 1.13430430414 -2.96750567829 -0.547540497008
-110.834 40.9425 -0.000518644450207 0.000248521904407 -0.00101450332066 -0.000500802148868 4.38185 4.37413 1.43077845722 -4.3962650928 -0.572404161319
-109.673 40.9763 -0.000382342382601 0.000405708203819 0.000190381435638 0.00018543178499 4.20296 4.2225 1.9879305996 -5.46857856012 -0.492494383755
-109.177 40.8936 -0.000131315412427 0.000117583812081 0.000489000868132 1.17574681448e-05 4.02454 4.04946 3.70853916383 -1.6275251369 -0.159616036333
-108.263 40.8338 -0.00021864742061 0.000133497291457 -0.000455219175095 -0.000939594094704 4.10304 4.12647 5.25585438938 -2.0081908939 -0.245281790656
-107.52 40.76 -4.95889116478e-05 -0.000114325811489 0.00118983088351 -0.00179087950076 4.0424 4.04456 6.26152652896 1.09467681077 -0.0222098302652
-116.5 40.2917 0.000135642075159 0.000453484037834 0.00217684067537 -0.00095943251075 3.85926 3.94264 1.9346519549 -3.71807403963 -0.0534340771313
-115.657 40.1313 0.000324204606589 0.000529712961948 0.000541337874142 0.00141877835928 3.7947 3.83204 -1.89434764959 -3.39213753907 0.054461606651
-114.745 40.2679 0.000238343441076 0.00088618872241 -0.00156550804392 -0.00120496196874 4.1905 4.13799 0.710388981082 -7.45809589294 -0.130886940147
-113.981 40.1314 -0.000233031550863 0.00116547791466 0.000270992770514 -0.000859700949598 4.0848 4.03305 2.43099931347 -12.1944188966 -0.636327820339
-112.469 40.2807 -0.000358152894231 0.00051621147785 0.000607222113068 0.000615599616087 3.92389 3.9158 -0.823228099261 -6.48909319314 -0.533524859323
-111.502 40.2067 -0.000437716811386 0.000226282276114 -0.000377684580815 -9.01282270524e-05 4.08688 4.04683 0.321833676351 -3.94324055915 -0.490305581779
-110.738 40.1948 -0.000622791960731 0.000513935406445 0.000361796097853 -0.000519838291495 4.12578 4.10424 2.24145774427 -7.36647036584 -0.757374312708
-110.008 40.2655 -0.000499285669857 0.000391970810793 -0.000540266579928 -0.0013358015338 4.25893 4.27282 3.61878686637 -5.61582334276 -0.593693832318
-109.124 40.2982 -0.000337308555711 0.000418506750676 8.87050869543e-05 -0.000569553623903 4.15751 4.16664 3.25649843882 -5.39655903823 -0.446123348141
-108.242 40.1348 -3.93511749223e-05 0.000192601336727 0.000308403201134 -3.41405732629e-05 4.04303 4.0473 3.02752435892 -2.12647142449 -0.0937604336702
-107.47 40.2149 -1.22207978609e-05 0.0001548535784 0.000484184266846 0.00011276337851 4.06012 4.00082 2.68681325967 -1.6589405517 -0.0564598134379
-116.464 39.6202 7.44099564905e-05 0.000201358485166 0.00021112956266 -4.48319855471e-05 3.99084 4.01168 1.51102026906 -1.57843212139 -0.0122550271132
-115.754 39.553 0.000210136616661 0.000306736469058 -0.000121723337986 -0.000479723406942 3.9454 3.94972 1.16884308754 -2.02611187644 0.070682737521
-114.908 39.4731 -0.000501108594139 0.000548985719492 0.00127557679401 0.000330611843519 3.83989 3.89148 0.434222490758 -7.25688619021 -0.679340448106
-114.016 39.455 -0.000312473717374 0.000631463087159 -0.000624672666293 -0.000486938110771 4.14573 4.35979 0.663750365601 -7.2986080064 -0.533469268469
-113.069 39.5906 0.000109225799368 0.00018273221789 -0.000948866207763 0.000582846954404 4.1115 4.19089 -2.18981159943 -1.24441258491 0.0212050295998
-112.279 39.5708 -3.44557740415e-05 0.000508409917119 0.000172905048294 0.000676068293321 3.9005 3.84968 -1.42671723335 -5.03678760177 -0.237532184041
-111.66 39.6092 -0.000490168241841 0.000572078264371 0.000352689754004 0.000586342093534 3.88734 3.79584 -0.490838345921 -7.57416054956 -0.672315058293
-110.74 39.473 -0.000686584788011 0.000742842528471 0.000317270272438 -0.000217248602373 3.98306 4.02134 0.775725521784 -9.98044926677 -0.90543896965
-110.246 39.6279 -0.000412336536769 0.000659524249326 -2.25414711995e-05 0.000245075971278 4.13624 4.18696 1.35237838946 -8.12551378954 -0.61208329403
-108.981 39.6333 -0.000185371267805 0.000348321076587 -0.000744602477867 0.000526671884887 4.17567 4.22911 0.788716660342 -4.21124361733 -0.29187078121
-108.391 39.4998 9.14762088119e-05 0.000217262097728 0.000659112925656 0.000391277283686 3.96312 3.95412 1.34925685574 -1.90845104987 0.0166382762225
-107.449 39.524 -4.92176216341e-06 0.000390106434533 0.000761756038582 0.000483563180951 3.97203 3.9584 1.08970069309 -4.05229330911 -0.128316907357
-116.4 38.8247 5.22508469597e-05 0.000194351112005 -0.000693548402305 -0.00026635680367 4.08803 4.0953 1.21430717778 -1.59199529497 -0.0307251375065
-115.654 38.8455 6.22341745181e-05 0.000241026621273 -0.000200828496458 -0.00014380401243 4.01942 4.0097 0.756629835266 -1.9966064579 -0.0404407390473
-114.83 39.04 -0.000198318832832 0.000471537443858 0.000998099162606 0.000339414789799 3.87408 3.89418 -0.691144052285 -5.26334554184 -0.377594817065
-114.02 38.9551 8.73762492913e-05 -0.00037686158365 -0.000108082219278 0.00143465449504 3.98237 3.99465 -2.8597161868 3.89727082447 0.246036851188
-113.277 38.9882 -0.000154077515557 0.000155493381142 -0.00106235645778 0.000351043930277 4.13442 4.10333 -1.35065121391 -2.13901888402 -0.204654987083
-112.379 38.9995 -0.000710325943124 0.000329394609118 0.000154071924268 -0.000287495534843 3.98707 4.0013 -0.0857108679151 -6.05909504453 -0.782401212887
-111.172 38.9176 -0.000641247725511 0.000633651655209 0.00119631012533 0.000207963629452 3.80423 3.84406 -0.623655085896 -8.79058457194 -0.834832544576
-110.133 39.1025 -0.000258560929832 0.000638966616992 1.31599170801e-05 -0.000114372842077 4.03002 4.11786 0.268030381838 -7.35564960507 -0.469967630399
-109.263 38.9553 3.04475407355e-06 0.000302759255677 -0.00121296496072 0.000284510691947 4.19989 4.23886 0.166141615527 -3.03257474482 -0.10342921964
-108.296 38.9541 -5.87267934076e-05 0.000247346690724 0.000106898271202 0.000606204252773 4.0307 4.01777 -0.153297032676 -2.72960285649 -0.140878918627
-107.574 38.8347 -0.000302742544481 0.0004667537354 0.000300015471076 8.70040169784e-05 3.99224 3.99183 0.654955446563 -5.87091444264 -0.438669359577
-106.91 38.8627 -8.00893678231e-05 0.000407834403766 0.000822301070467 0.000420556030708 3.95553 3.98853 0.580478788416 -4.50076954439 -0.206974131617
-116.302 38.2886 7.28456051948e-05 0.000198072260246 -0.00032320974126 -0.000799219819164 4.06307 4.03958 1.06212440006 -1.53673840403 -0.0137650896297
-115.585 38.3489 1.87520994564e-05 0.000328965324968 -0.000488382396959 -0.000443771062963 4.08297 4.05527 -0.0169480221232 -2.97308969545 -0.119746938891
-114.608 38.3281 -9.17144926817e-05 0.000208570825957 0.000348561630611 4.9628953974e-05 3.96429 3.93111 -0.297789615426 -2.34230748592 -0.169317139182
-113.969 38.1802 -0.000190903324627 0.000329324664023 5.98936328839e-05 -0.000248266222776 4.01425 3.98593 0.627735795268 -3.89989111035 -0.304238269483
-113.021 38.2987 -0.000175865596888 0.000541316270277 -0.000297213376163 -0.000255587425103 4.1137 4.0613 0.471762444327 -5.90455718614 -0.369935255556
-112.277 38.2108 -0.000586095555283 0.000403901416668 -0.000195366661208 -0.000182652400161 4.11164 4.07264 1.00603215225 -6.18437909317 -0.693531661441
-111.483 38.2843 -0.000892734098234 0.000203630784451 -0.000328177032833 0.000430034563689 3.96475 3.99314 -0.917188764092 -5.64890726595 -0.901293785905
-110.711 38.4187 -0.000674576046119 0.000253190289157 0.00050105974357 0.00166086144677 3.80375 3.86962 -2.23070500671 -5.34607259378 -0.719341687009
-109.894 38.3862 9.20445144411e-05 0.000340058838444 0.000600898140883 0.000449829004048 3.89488 3.99469 -0.131318716527 -3.02289655855 -0.0376432919198
-109.261 38.2916 0.000260425245508 0.000134294186322 -0.0010930031544 -0.000130243911019 4.16333 4.17811 -0.0397847930887 -0.352816692615 0.195669076919
-108.379 38.1888 -0.000166010028625 0.00026197913764 -0.000311179907194 -0.000350714201374 4.08664 4.08269 0.709288058651 -3.26051312681 -0.244177912585
-107.55 38.3685 -0.000249922241425 0.000322170252676 0.00118439370783 -0.000179168996576 3.88497 3.91103 1.13968974043 -4.18082667855 -0.33977446047
-106.756 38.2289 -7.66655013577e-05 0.00010878267378 -0.000594109614223 -0.000588804828321 4.0412 4.06772 0.638061879134 -1.39299995251 -0.107488557107
-116.595 37.923 5.59862853211e-05 0.000304696872384 0.000260983485727 0.000675962008309 3.95452 3.95077 -1.18395962874 -2.50718643672 -0.0851336278858
-115.747 37.6444 5.44931656006e-05 0.00047272215096 -0.00122779957195 0.000891828372652 4.04874 4.02878 -2.65331083404 -4.01215474173 -0.168579064519
-114.849 37.6083 -3.66410677751e-05 0.000498593684867 0.000736430717561 -9.07262353732e-05 3.90131 3.85462 0.254401063617 -4.8152141344 -0.235343239142
-113.86 37.5808 -0.000247945141885 0.000322044275487 0.000202471908446 -0.000513967395098 3.97807 3.9689 2.23358512626 -4.02139563006 -0.348040446684
-113.168 37.7601 -0.00026362517578 0.000589806971537 8.61233331625e-05 -0.00069388266543 4.10579 4.12009 2.58350405662 -6.68765138512 -0.45384232778
-112.363 37.6761 -0.000342849638363 0.000481079417561 -7.67673786081e-06 -0.000383477401051 4.17806 4.15167 2.33300691857 -5.94923461243 -0.488597573812
-111.596 37.7222 -0.000511432892509 0.000149606101152 -0.00162390264712 -5.03564716487e-06 4.29589 4.2686 1.25466627235 -3.38636587762 -0.53111612762
-110.802 37.6354 -0.000597107225651 -0.000128262232868 0.000307980218345 0.000785354586684 3.93017 3.99218 1.29586474492 -0.933925836604 -0.514661705218
-109.995 37.6903 -0.000153200894962 -0.000109038483028 0.00218327130794 -4.95676063429e-05 3.74369 3.82398 2.17767940345 0.562461513737 -0.109102857634
-109.137 37.7459 8.28084798556e-05 0.000142189578136 -0.0017203744538 -0.000528324241193 4.20645 4.24459 0.831207007234 -1.12819360002 0.0293614435054
-107.792 37.662 -0.000115796230316 7.32704200033e-05 -2.20138221477e-05 -4.49418117782e-05 4.05344 4.06306 0.321200407973 -1.16721032771 -0.133707807957
-115.22 37.2408 4.01240752954e-05 0.00060858891858 0.000535741132814 5.66383431738e-05 3.88955 3.87296 -0.436651826856 -5.45383860662 -0.218866569887
-114.715 36.7256 4.74595675648e-05 0.000842310136656 0.000649526769947 0.000151080173724 3.80486 3.82191 2.26143127107 -7.79617731 -0.268986556964
-113.907 37.0195 -0.000209015752637 0.000530548631018 0.000512584655371 0.000422919402868 3.85557 3.82303 1.48576840824 -5.86107110493 -0.39334528561
-113.084 37.0615 -0.00026465347077 0.000434695427168 -0.00043435155847 0.000185778574672 4.06598 4.07432 1.30352498946 -5.19377619782 -0.407209382583
-112.382 37.0183 -0.000114618919705 0.000437724205124 8.94105162009e-05 0.000383681320688 4.11168 4.10387 1.86969421463 -4.6802736612 -0.2628274959
-111.506 36.9839 -0.000264607701778 0.000177896077093 -0.000371605798388 -0.00219259312762 4.23347 4.21999 4.86238216657 -2.60471023982 -0.305601845383
-110.804 36.9969 -0.000346476371955 -0.000217561063495 -0.000360959148102 -0.00238898168398 4.20623 4.19454 7.92014333537 1.34940903348 -0.284184958854
-109.874 37.1364 -0.000326234907226 -0.00030152836797 0.00154588972187 0.000210643956964 3.86683 3.88246 2.07112642509 1.8854529665 -0.209063615614
-109.025 36.8299 -0.000133942478253 8.49076676539e-05 -0.000504502506995 0.000118643327952 4.06677 4.10867 0.846215974677 -1.33971011256 -0.154874458409
-116.33 36.4193 -5.39504882027e-05 0.000231296084277 -0.00119919552311 0.00106543001981 4.01753 4.02623 -1.76063215207 -2.32033748418 -0.152421407849
-115.383 36.423 -0.000136917297524 0.000435914765782 0.00111826119058 0.000408833974014 3.77145 3.82284 0.199990668919 -4.59625073282 -0.304035223494
-114.539 36.4321 2.57459671496e-05 0.000730221000628 0.000638709595613 -0.00043309201061 3.84561 3.90035 3.23772225278 -6.87301329292 -0.234589840723
-113.965 36.4151 0.000126144292564 0.000808956525498 -0.000770447140746 4.41887063111e-06 3.97632 3.97259 0.980715400445 -7.15092323315 -0.195409848705
-113.18 36.4182 -0.000172302823891 0.000310876595302 0.000289521553969 0.000119112596668 3.90147 3.90793 1.17687012955 -3.63816717321 -0.276299197506
-112.291 36.428 -0.000108756070881 0.000395512537428 0.000814312397659 -0.00088607266687 3.99369 4.02472 3.90395815952 -4.25272672392 -0.230313523492
-111.13 36.1428 -2.31221060523e-06 0.000124582531589 -0.000632140981833 0.000811665337371 4.10756 4.10079 0.446627934537 -1.2217918808 -0.048004447031
-110.662 36.5996 -0.000179173759561 -3.49762916833e-05 -0.000618199284649 0.000432009256207 4.15469 4.1209 2.71067134055 -0.267114538721 -0.157970158293
-109.87 36.4199 -0.000389216862378 -0.00010630451096 0.000205002995241 -0.000382109738238 4.11489 4.05689 2.05074417332 -0.29670901918 -0.332370816806
-109.208 36.2925 -0.000286242139581 -5.88259313187e-05 -0.00037631306723 0.000666680924761 4.09558 4.0896 -0.612578484099 -0.537036995566 -0.244593224551
-108.52 36.3758 -3.77123421521e-05 0.000341829554628 -2.88112126328e-05 -0.00027919688727 4.05061 4.08091 1.85104225295 -3.59334338792 -0.145338043963
-115.43 35.8384 -0.000220557443697 0.000171970410283 0.00155365440978 -0.000581512801179 3.84841 3.85347 2.61798333571 -2.44253289398 -0.26877733052
-114.851 35.7266 -0.0002757439226 0.000184433657368 0.00115515005848 0.000217084125596 3.71664 3.7847 2.54644987724 -2.77022835196 -0.32431690926
-113.984 35.8522 0.000114901287989 0.00055318457554 -0.00070297584279 -0.000393430958916 3.91547 3.98136 2.4777404837 -4.84653145891 -0.0929516328772
-113.105 35.6339 0.000157676395548 0.000184045187234 -0.00019449359532 0.000291848937436 3.92877 3.93067 0.441258507818 -1.11854843682 0.0742501541275
-112.173 35.8191 -4.99215104391e-05 3.77222514887e-05 0.000506628272439 0.000861233656665 3.91986 3.92172 0.0228883761211 -0.560246451601 -0.0605924725534
-110.794 35.6218 -7.87703726299e-05 0.000102672413552 9.16004464574e-05 0.000684497387748 4.00529 3.97238 -0.567887276226 -1.30939674307 -0.112016641202
-109.933 35.7113 -0.000261758929553 0.000267966842464 -0.0006392932031 -0.000259153526975 4.15107 4.10762 1.53386004794 -3.59849766858 -0.337251475386
-109.046 35.7147 -0.000661501948244 0.000196250867139 0.00018792417752 3.22610245417e-05 4.00941 4.01391 1.26963379753 -4.32771165539 -0.688978593044
-108.466 35.7992 -7.04768892283e-05 0.000256425222391 -5.51498679609e-05 -0.000445273823569 3.97992 4.07671 3.06366463864 -2.83838746925 -0.144395027356
-107.638 35.8054 0.000379674739898 5.61985589487e-05 0.000685539906221 -0.000488246131382 3.94639 3.9838 1.73586627937 0.7143896004 0.342558067736
-114.87 35.301 -0.000191812794586 2.69462158545e-05 0.00185993088909 -0.000515120231412 3.80912 3.83923 2.46416152187 -0.972397245954 -0.188154855701
-113.885 35.099 9.05813923649e-05 1.14941009271e-05 -0.000529658734191 -0.000373465976711 3.96544 4.00724 1.83841611977 0.234264918424 0.0798299072714
-113.083 35.2127 0.000302930407983 0.000416729758966 -0.000475266519917 -0.000265036881419 4.01848 3.99175 0.737891312794 -2.76654060095 0.120805557552
-112.267 35.1787 2.12317098108e-05 9.4577900224e-05 0.000234507025843 0.000976404444927 3.92111 3.89671 -1.33970899603 -0.802910407489 -0.0191960696964
-111.532 35.0951 -3.95654101926e-05 -5.06680979596e-05 -0.000281429622054 0.00103781855686 3.96262 3.95215 -0.49530968851 0.325834821158 -0.016810725493
-110.713 35.0789 -0.000267158134441 0.000149253307708 0.00113456471839 0.000461505741006 3.87437 3.84539 0.0600643203528 -2.48842547547 -0.303494097835
-109.736 35.1181 -0.000621496188387 0.000180571736272 0.000845179043166 -0.000896529062378 4.1924 4.40485 0.32401324977 -4.12827176115 -0.644912666474
-109.388 35.1118 -7.72998575533e-05 0.000226403943657 -0.00199608452703 -0.000311381664808 4.34754 4.46622 -0.824262830305 -2.52628357125 -0.156405446334
-108.5 35.1259 0.000110612527326 -6.44290725923e-05 0.00125804032532 0.000484623616648 3.83484 3.88654 1.20200613635 1.03964068061 0.125759419255
-107.648 35.117 0.000404040259663 7.79248947219e-05 0.000214147826346 -0.000394396530031 3.89353 3.9249 2.26910613226 0.539215839904 0.360410861105
-106.867 35.0719 0.000164844577859 1.1567144521e-05 -0.000167576155589 -0.000184520118761 4.01042 3.98615 0.212092394251 0.478332110391 0.151440667092
-113.83 34.5935 3.37823275402e-05 -3.21004986051e-05 -6.76258847085e-05 6.00590695588e-05 3.9241 3.91812 -0.126620728148 0.437531534919 0.0438507186149
-112.891 34.4692 0.000168335715097 0.000518458852431 -0.00064280038214 -0.000705245888062 4.0375 4.07336 0.720053182859 -4.25701061122 -0.0418398308453
-112.237 34.4866 0.000360816935861 0.000286202762374 0.000308332432538 -0.000842827983307 3.98108 3.94824 1.43198763598 -1.39622657511 0.23208836641
-111.441 34.4178 -6.87184030658e-05 0.000168661732698 3.05396920876e-06 -0.00122658312677 4.06313 3.94358 1.80869650396 -1.88826650774 -0.123452606891
-110.806 34.3371 -0.000357619509047 0.000206072877798 -0.000519362358213 -0.000973830090658 4.12111 4.08849 1.60130694457 -3.3113756582 -0.406992476321
-109.95 34.5293 -0.000363357327918 -5.30579294705e-06 0.000313947300548 0.00155169112183 3.89666 3.89272 -2.67685865201 -1.51239566778 -0.329309966593
-109.29 34.4275 -0.000353764061302 7.99325336468e-05 -0.000291696973917 -0.000316673638715 4.0235 4.10446 0.408887004036 -2.11186979947 -0.359141805831
-108.498 34.5421 0.000115143165598 0.000116383374399 0.000509455813434 -0.000617622125644 3.8936 3.92703 1.39011203263 -0.762262077572 0.0701338526376
-107.786 34.4457 0.000363006002529 -0.000204892442983 0.000449637858203 -5.42151581909e-05 3.93147 3.93499 0.894511970245 3.35650099277 0.410517941867
-107.01 34.5058 0.000187155581391 0.000525786980004 -0.000685823263778 -0.000221844562072 4.03585 4.02933 -1.93476644021 -4.49895287001 -0.0220999930443
-114.524 33.7503 -5.01940243604e-05 5.73408700824e-05 -0.000124449756913 0.000921428178624 3.94027 3.93289 -0.883755323628 -0.73743948939 -0.0696749279991
-113.829 33.8142 -5.09688020779e-05 0.000317968866973 0.000643365317121 0.000708067976477 3.81943 3.84303 -0.848384317755 -3.14942541643 -0.17819416267
-113.005 33.9383 0.000172506577333 0.000434691711487 -0.000192344594812 0.000525605997826 3.89649 4.03054 -1.26907673968 -3.31360074976 -0.0229476356409
-112.333 33.9535 0.000498323410154 0.00051785611822 -4.91427866008e-05 -0.00045450646257 3.95467 3.97081 0.586413746981 -2.9880658147 0.265289374753
-111.478 33.8798 6.37081715427e-05 0.000469569862151 0.00111455862396 -0.000200317575278 3.8777 3.83438 0.725762391312 -4.27301635078 -0.11393283321
-110.844 33.6953 -7.90440042176e-05 0.000182496213759 -0.00110011087809 2.0987364001e-05 4.18334 4.17214 -1.54907553163 -2.06699971905 -0.145455104846
-110.034 33.7776 -0.0001792376177 0.000116323540065 -0.000694266250368 0.000146339669689 4.11777 4.14282 -0.953676827835 -1.84385875616 -0.21014403753
-109.254 33.9571 -0.000221203985272 -0.000260617076938 0.000641561330177 0.00080716998644 3.8464 3.92234 -1.00429279825 1.66392170098 -0.106480255636
-108.377 33.9085 0.000308570136358 -3.14145443269e-05 0.000446408266835 0.000432191153558 3.86633 3.88122 -0.616050887321 1.50181002397 0.298865774125
-107.674 34.0087 0.00028392367748 -5.20333515965e-05 0.000405607512221 3.4705571327e-05 3.92941 3.89444 -1.20251655966 1.62980056515 0.283206239007
-106.965 33.937 -8.99583123388e-05 -0.000393745767345 -0.00112570419844 -0.000504041147536 4.16864 4.16433 -1.49586616611 3.58158602339 0.0603367586918
-106.921 34.0739 -4.54335836178e-05 -0.000235581030127 -0.0010208977492 0.000406418398686 4.12997 4.20724 -2.16719616934 2.16227716389 0.0465119416037
-106.055 33.9315 -0.000472633963679 0.000178775979834 0.000766849199422 0.00126266992202 4.0085 3.94684 -2.99125355593 -3.74198294342 -0.505076290128
-104.693 33.9229 -0.000553928339178 -5.21901755306e-05 -0.00034849730132 0.00178294313531 4.04007 4.07553 -3.75717238301 -1.79529619678 -0.491594541723
-103.163 33.8839 -0.00014987819969 0.000228372190039 -0.000735882953846 0.00175776602375 4.00774 4.03221 -3.43514188785 -2.95936430848 -0.222983279289
-113.657 33.1999 -0.000135947776029 0.000401106171351 -0.000331097191732 0.000385750757419 3.97707 4.02608 -0.360695365633 -4.27298233994 -0.286908127156
-112.946 33.3627 -5.5599218753e-05 -0.000101987505817 0.000222174413353 0.000459945257648 3.81904 3.76463 -1.38929834611 0.710323014372 -0.00817362408064
-112.158 33.2893 0.000357706743833 0.000214287632481 0.000652972216215 0.000643167666341 3.78133 3.74584 -1.86229012857 -0.47027472156 0.2359443214
-111.427 33.341 0.000281980069234 0.000362783911652 -4.63822267544e-05 0.000189007016545 3.94874 3.93116 -1.76181449286 -2.22938344246 0.109079811599
-110.472 33.2969 0.000101270365874 7.81165637954e-05 -0.000950891517713 -0.000747482897649 4.08104 4.07668 -0.60211221768 -0.348693853702 0.0637429757057
-110.036 33.0851 6.57496413245e-05 0.000197292791065 -0.000316125247167 -0.0014101281649 4.10181 4.0567 1.81084928825 -1.70438365726 -0.00508463647584
-109.266 33.2921 -0.000138615254371 4.70681522081e-05 -0.000113396934064 -0.000356435716684 4.01324 3.88016 -0.549333425046 -1.00014565812 -0.146185230631
-108.592 33.1132 -0.000124062389365 -5.00796835996e-05 0.000594531735099 0.000115901798212 3.88377 3.90081 -1.05776229009 0.000874752913675 -0.0963547504582
-107.671 33.3086 0.000266802868143 0.000232103067357 0.000796934167963 0.000190351269019 3.88292 3.87728 -2.077421296 -1.19834229378 0.157818530374
-106.964 33.2555 -3.64609399452e-05 0.00026910578911 -0.00122990510893 0.00034310128618 4.10751 3.83975 -3.6249185333 -2.79726214663 -0.141394279576
-104.717 33.2797 -0.000484089655975 0.000315988583641 -0.000236524970584 0.00114415302714 4.00845 3.86857 -5.27250312315 -5.30745892076 -0.571012164238
-103.98 33.2716 -0.000684727987926 0.000228843098566 -0.000378554345596 0.00109122391516 4.07859 3.9237 -3.49431704889 -5.14499011929 -0.720589202413
-103.215 33.315 -0.000197871859731 0.000146577350322 -0.000274681184246 0.00117189013256 3.94407 3.97219 -4.47868350209 -2.33449271601 -0.239004950556
