-114.58 32.5356 0.000623807369172 -8.33158491317e-05 -0.00287508212451 0.00142619807487 4.21026 4.39971 -1.58344288829 3.45846195052 0.598418394534
-113.767 32.7683 -0.000235858041351 -0.000394170239048 -0.0019527327573 0.00503388132058 4.09941 3.79556 -6.95628650945 2.21595344288 -0.00251397803585
-112.883 32.7513 -0.00121557905347 0.000269852355197 2.87491455838e-05 0.0018461334633 3.96973 4.85481 -1.70051377129 -7.69232791729 -1.21640817739
-112.228 32.7006 -0.000694357631302 0.000797915635875 0.00420600834188 -0.00173181560446 3.83673 4.45441 4.57602852948 -9.97735468447 -0.909157939686
-111.704 32.5618 5.65412175018e-05 0.000299829421498 -0.00177944576452 2.25248154299e-05 4.92908 4.73744 -4.99429957474 -2.46239871814 -0.0884679701194
-110.739 32.5716 -0.000190838304337 0.000376163173587 -0.00472927919113 0.00061019143373 4.88949 4.75395 -4.19117813669 -4.36780995857 -0.337434021024
-109.97 32.6399 -0.00111038469976 0.000728111539447 0.00375468402269 0.00146044661437 3.81195 4.01351 -1.05142564944 -11.4686728582 -1.30529716563
-109.303 32.7663 -0.000551529904879 0.00110113380891 -0.000883525788337 -0.00126122376701 4.16096 4.81262 3.12413342022 -12.7774778722 -0.867233008455
-108.633 32.5466 1.76820484021e-05 0.000766347892048 -0.000908127314404 -0.00223395820118 4.32622 4.29547 2.21840823858 -7.58859549887 -0.229419634271
-107.785 32.5324 -0.000246093446124 0.00101166493447 0.00191653055114 -0.00176246322109 4.05767 3.89815 2.01453079019 -11.0104368219 -0.554527874545
-107.001 32.6995 -0.00072464854093 0.00087133695568 -0.00268916333047 -0.000502259331933 4.44387 4.9946 2.92410521437 -11.1859911774 -0.949761024508
-105.454 32.7001 6.05956125849e-05 0.00141056976238 0.00349105111804 -0.0024530259942 3.77501 4.46289 4.13564298008 -14.5636332525 -0.311248766199
-104.657 32.6588 0.000350982020219 0.00135829631768 0.000488632820334 -0.000894524120968 4.41298 4.8721 1.85061783666 -13.020986314 -0.0635946340997
-104.02 32.6462 -0.00061879804456 0.000689261993198 -0.00375074955551 0.0015867213471 5.06799 4.91269 -7.03364239815 -9.7372309929 -0.856209919862
-103.357 32.6764 -0.000438215399698 0.000178865003726 0.000963993151271 0.00498461603547 4.19625 4.19007 -4.59462213317 -3.69053850808 -0.473280010389
-112.812 31.9559 -0.000289517075225 3.88670334788e-05 0.00348706514075 -0.000260385391702 3.95499 3.96946 0.21876916825 -1.50746174996 -0.281802557966
-111.457 32.0022 -0.000309723641711 -0.000294845952009 -0.00255999819151 0.0039205060309 4.30414 4.35105 -7.89714071761 1.00727052668 -0.118439949645
-110.816 31.7748 -0.000834726681633 0.000537433416001 -0.00170705052782 -0.0032534430291 4.75383 4.78156 2.03721107913 -8.16325448445 -0.96849290433
-110.046 31.9737 -0.000696899734645 0.000200031980748 0.00229973273164 -0.00259565377625 4.12553 4.15914 4.94481646386 -4.07952587156 -0.724976876145
-109.259 31.9989 -0.000890977142961 0.000469459673956 0.000901752154265 -0.00040326205915 4.03711 4.11415 1.13858909831 -7.82486128634 -0.99821761522
-108.527 31.9041 -0.000698326533179 0.00111197798609 -0.00173606221171 0.000165020436162 4.30346 4.74267 -1.55369907036 -13.6227573654 -1.07074094859
-107.778 32.0094 -0.000368230915043 0.00125426639914 0.000984569498095 0.00227999044079 4.01269 4.04913 -3.00489061862 -13.7381052869 -0.839068276312
-107.101 32.1046 -0.000603902126188 0.000834137001096 -0.000873691590735 0.00108954237809 4.22313 4.03708 -0.690583058058 -10.6007800332 -0.861830723389
-106.428 32.0062 -0.000985712029032 0.000526204713755 -0.00131231265232 0.000629231602262 4.27939 4.63357 -1.64027549667 -9.11976212316 -1.11005503015
-105.523 32.076 -3.40947512955e-05 0.000587058018168 0.00161405626483 0.00117586246931 3.80189 4.037 -3.31990572782 -5.98690489202 -0.2585368627
-104.823 32.1101 0.000587639568536 0.00114791601885 0.00112767394673 0.00178655492499 3.95921 4.04263 -5.53118557111 -8.67415270442 0.0559938299036
-104.101 32.0618 0.000217365123785 0.00102036280689 -0.0031008083773 0.000256869372791 4.65971 4.35703 -5.58115065879 -9.17769253238 -0.222198540149
-103.292 32.012 -0.000156803869694 0.000717273015207 -0.000810324537449 -0.00296016793483 4.40216 4.29955 3.42120816569 -8.06302794881 -0.336339502341
-109.991 31.439 -0.000742041994014 0.00013653440804 0.00171871155749 -0.000131644704661 4.08387 4.01753 2.14105438049 -3.91360806705 -0.744905684793
-109.281 31.3757 -0.00116242845236 0.000262063018582 -0.000870347012671 0.00193725294856 4.24084 4.35857 -3.16414329077 -7.52319998786 -1.16632936924
-108.528 31.3369 -0.000471172962646 0.000360018670822 -0.00214611183464 0.0019079383445 4.30757 4.49365 -4.25567940322 -5.52938025428 -0.579720297091
-105.483 31.4425 -0.000112874857672 -5.84152070846e-05 0.00294657147006 0.00210891405989 3.75314 3.84739 -4.17846556987 0.0882192592563 -0.0799280951976
-104.971 31.3711 6.61799687805e-06 0.000544422970217 -0.000136185848302 0.00148324951949 3.82709 3.85766 -7.7461754978 -5.21599898664 -0.241250635306
-103.979 31.3165 -0.00022416959522 0.00113465813255 -9.40465209306e-06 0.000907031357492 3.94088 3.93572 -2.12813791054 -12.4333030368 -0.614369308303
-103.492 31.3691 -0.000264644818385 0.000901737247524 0.000888039430402 -0.000677025661922 3.96361 4.10764 1.57525638354 -10.2924301385 -0.516267850164
-104.986 30.7862 -0.000147978183999 0.0005026906671 0.00114437332407 0.00200099808742 3.86514 3.89613 -4.20815141259 -5.61403781295 -0.336405893913
-104.029 30.6689 0.000140169580294 0.00097060148613 -6.24944359711e-05 -0.00212743283875 4.08582 4.17974 2.70295674934 -9.71566086513 -0.135982548333
-103.402 30.8498 -0.000141361412873 0.000311979653121 -0.000789358235077 0.0030364928051 4.06084 4.15259 -5.41118295536 -3.74791619419 -0.255966845096
-102.685 30.7263 -0.00014565742443 9.47641571654e-05 0.000988500357246 -0.000132269390645 4.05819 4.13665 -0.430640110182 -1.50123390854 -0.168339279162
-104.09 30.0609 0.000461146650438 0.00042855514059 0.00122632692313 0.000269739102331 4.00963 4.21016 -3.24474262894 -2.41053061664 0.264630387396
-103.612 30.1456 0.000470218586057 -7.41820427788e-06 -0.00183892271838 -0.0029327376718 4.51424 4.64239 2.55963409623 1.50777746588 0.453608097241
-102.788 30.1615 -7.37572069218e-05 -0.000357754937943 0.00124707228494 0.00185656374808 3.90493 3.86631 -2.422815733 3.38259866263 0.0581340375186
-104.133 29.554 0.000760521317184 -0.000222097416863 0.00879256932961 0.00279609879048 3.39325 3.46371 -0.710374637529 5.05161073248 0.790802553691
-103.389 29.4528 0.000147598197933 9.9529585906e-05 -0.00182691144694 -0.00339728390244 4.582 4.00077 0.520852796623 -0.526761532257 0.109046209361
-102.888 29.4862 -0.000837667708165 4.32035470293e-05 -0.0114917534252 0.000207911953458 5.48375 5.31509 -7.54718594771 -4.4527468506 -0.771421354995
-122.085 48.9983 1.73329275019e-06 0.000316323358293 0.00134180721487 0.00209918052864 3.94723 3.94948 -1.41700581672 -2.80032054524 -0.156981879854
-121.48 49.0983 -0.000376167140172 0.000733065871521 -0.00322258383956 0.00242802242072 4.45602 4.41362 -6.37724634426 -8.42055383898 -0.72574205437
-120.384 49.048 -6.12070329127e-05 3.24388298177e-05 -6.29271498492e-05 -0.00131413426361 4.40455 4.44013 0.727867743184 -0.585696089001 -0.0692550819597
-119.272 48.9534 2.86331537163e-05 0.000236194685582 0.00160928030653 4.25271888103e-05 4.10234 4.04855 -0.114099012096 -2.06911488977 -0.0805314765819
-118.585 48.9752 -0.000374947652848 6.66213583721e-05 -0.000703314509531 0.00182750354182 4.25567 4.17062 -2.7902979105 -2.51052251752 -0.360518233974
-117.559 48.9813 -8.09297068054e-05 1.32150490873e-05 -0.000291324023213 0.00145631459658 4.29782 4.34939 -2.98519046965 -0.528020490905 -0.077515249853
-116.363 48.958 -0.000189427366217 0.000323936066433 -0.000730861133096 -0.00339036405477 4.42471 4.27753 1.69897595277 -3.95606076166 -0.300010975736
-115.653 48.9339 -0.000561957481909 -0.000250675464713 0.000590550600179 -0.00317535038246 4.18866 4.08167 3.49709390511 0.411263674044 -0.43893615148
-114.413 48.933 -0.000367988185617 0.000237204847612 0.000203555820913 0.00095107975686 4.26758 4.35839 -0.903628170294 -3.9418707062 -0.432605330385
-113.422 48.9725 -0.000670059643555 3.71907603757e-05 0.000229231309883 0.000153413983676 4.48062 4.44633 -1.57710009433 -3.31067595584 -0.627617892175
-112.733 48.9777 -0.00090118230028 -0.000127642864255 -0.00336456645782 0.000679956051315 4.60773 4.66376 -3.63027846816 -2.96259433323 -0.758711903938
-111.597 48.9482 -0.000792592480575 -2.38777600736e-05 0.00260664483532 -0.000182912742936 3.88519 3.92878 1.67006000758 -2.63163621224 -0.739869517736
-110.699 48.9448 4.95903466346e-05 -0.000503539767759 0.000878557710912 -0.00164813970799 3.97637 4.16171 3.2952192223 5.46347961719 0.195384007019
-109.846 48.9198 0.000321488172485 -2.24983617346e-05 -0.0032608936095 -0.00333119434771 4.34195 4.35363 3.16960616918 1.25664688672 0.31450413806
-121.484 48.5183 7.45864463799e-06 0.000315156762806 -0.00060672243421 -0.000288089641341 4.22151 4.33815 -0.621438218559 -2.79950190944 -0.145518571801
-120.12 48.4607 6.06331511288e-05 8.35837333421e-05 0.000302058549152 -0.00230163445893 4.53304 4.56986 4.68887232977 -0.559090042949 0.0239630311243
-119.333 48.3584 -7.03166258155e-05 5.36206321216e-05 -0.0012299383422 -0.000252247122041 4.52075 4.56628 -0.571398321588 -0.831153873764 -0.0870594167585
-118.149 48.4226 -6.56698437192e-05 -0.000101417430394 0.000152882507081 -0.000649415088296 4.38278 4.39447 1.39748415645 0.684279938116 -0.0179073881569
-117.225 48.2995 -0.000352849919354 -0.00013755699117 -9.07060359942e-05 0.000695966484943 4.29673 4.33909 1.10568398719 -0.190666501106 -0.266233704253
-116.367 48.4366 0.000104557402488 0.000190295413114 0.00102615411723 0.00125551012846 4.12474 4.14863 -0.0883239390802 -1.3740497613 0.0158535956389
-115.589 48.4694 -4.5973412215e-05 6.19669605232e-06 -0.000977707289265 0.00100408935022 4.3619 4.24025 0.00251737225977 -0.259386873447 -0.0445316109562
-114.468 48.3739 -0.000538524934204 -0.000169733034248 0.000959335340754 -0.00117673768785 4.41173 4.35637 4.20666100491 -0.15366138015 -0.454239967658
-113.273 48.3609 -0.000274929073973 -0.000374354695477 -0.0011326538921 -0.00117002996258 4.7514 4.66041 4.66241516769 2.95795673216 -0.148562240526
-112.562 48.3129 -0.000572149973757 -0.000259122279237 -0.00137276210847 -0.00057627790046 4.53299 4.39808 2.72984484414 0.629640513221 -0.456080512497
-111.707 48.4128 -0.000299958436286 -0.000184439890192 0.00141910300633 -0.000716893522507 4.10496 4.31563 6.35013284199 1.10938101117 -0.242759514048
-110.799 48.2921 -6.19433489438e-05 -0.000451219510031 0.00145794406765 0.00026428343857 3.95425 3.93957 3.6240406404 4.54401049571 0.0721295693319
-109.777 48.3943 -0.000222043645474 -0.00030648932999 -0.00152577805816 8.56191391476e-05 4.15746 4.17283 4.49660579657 2.62078463512 -0.1331920294
-120.894 47.923 3.69670400084e-06 -0.00026707721296 0.00201161250412 -0.000613594581835 4.09118 4.1039 2.50081304801 2.49885047962 0.117543251698
-120.061 47.6902 3.99419590036e-05 0.000145054653305 -0.000370237537461 0.000507335868432 4.33923 4.3627 -0.141571514083 -1.14071029646 -0.03119946238
-119.045 47.7849 -2.86878590914e-06 -0.000161284726568 -0.00157072689011 -0.00122255791823 4.54493 4.53044 2.16772482081 1.51615427632 0.0637984475514
-118.274 47.8006 -7.04241342769e-05 -0.000129729078272 0.00255436855397 -0.00132520596972 4.20361 4.12601 4.78911047866 0.999206437467 -0.0188984734976
-117.308 47.8192 -0.000161514287388 -0.000151298684329 -0.00215977399119 -0.00285617142158 4.92801 4.79124 4.6939719974 0.894117162015 -0.0981580162978
-116.256 47.8397 -0.000492661473311 2.28837801409e-05 -0.000789853361247 0.000785225044646 4.30488 4.3139 -1.26752031852 -2.48492138572 -0.453686066407
-115.475 47.7092 -0.000120102679906 0.000426357883501 0.00115615632158 6.08742514636e-05 3.94168 3.95719 2.56325890592 -4.68934287467 -0.267222352676
-114.574 47.6795 0.000482868566596 0.000175293662611 0.00160403052033 -0.00053207844018 4.00558 3.94258 4.33014910849 -0.0942249552729 0.399661046453
-113.747 47.7687 -0.000420279239446 -4.61875768903e-05 -0.000729554820401 -0.000924694623612 4.46216 4.18874 2.59200629444 -1.08837153744 -0.378766408187
-112.607 47.775 -0.00107739184531 -6.81366879875e-05 -0.00228960490446 -0.00153891606746 4.94555 4.70183 6.07367503066 -2.47411859071 -1.01797480411
-111.746 47.8012 -0.000504999645324 -0.000468481296576 0.00198382588112 -0.00146196300866 4.14762 4.23076 8.34031063809 3.74325942158 -0.387181544549
-110.763 47.6327 3.23292152638e-05 0.000540831482607 -0.00109793385537 0.000998095718758 4.166 4.25657 1.42370723766 -5.48268477223 -0.147305853671
-121.989 47.1881 -4.10138185513e-05 -0.000219400384218 -0.00311838230246 -0.00111746216691 4.49974 4.49458 -0.0675142506618 1.75721985847 0.0693806051243
-120.844 47.1935 -0.000440751629729 -2.29848469735e-05 0.00047912342071 0.00153603474216 4.14989 4.19595 -1.57868715296 -2.01107628298 -0.372772847994
-119.973 47.1936 -0.000172342137647 9.00346205993e-06 0.000584766762575 0.00128345680515 4.07715 4.2094 -0.608619664661 -0.910232191394 -0.156665313952
-118.921 47.0573 0.000365004779954 6.37917757339e-05 -0.00104793829694 0.000309359563944 4.36958 4.29714 0.427319216062 1.06524821329 0.300078098504
-118.309 47.0615 0.000133185488948 -1.61500091449e-06 0.00188399229466 0.000548810560583 4.11896 3.91941 0.835454139528 0.604932060626 0.12123355586
-117.276 47.0547 -0.000625361435115 0.000349749481279 -0.000438988849605 0.000515738757989 4.35373 4.26567 -1.79568604353 -6.24815207978 -0.716013020038
-116.335 47.0477 -0.000699604134113 0.000512551477031 -0.00277032285139 -0.00148222043759 4.86952 4.97993 0.596330998683 -7.94136517631 -0.847608611567
-115.353 47.0528 -0.000300327822373 0.000569983198197 0.00205817257407 0.00104094817244 3.98658 4.10351 1.1858308973 -6.8135406877 -0.497182391267
-114.459 47.0943 5.71052872732e-05 0.000830971291285 -0.000503157854312 0.00110437004651 4.17308 4.04235 0.595814760342 -7.95423054294 -0.267722286099
-113.506 47.0816 -3.37246743851e-05 0.000794666422387 0.00011333397132 0.00222606622649 4.13077 3.91486 0.588915595982 -8.05335245659 -0.329222721074
-112.52 47.0418 -0.000136304847579 -9.80486433771e-05 0.00130613815937 0.000176801249464 4.24773 4.1389 5.29911022391 0.594252485634 -0.102550270934
-111.549 47.0308 -0.000607925029051 -0.000242539294044 -0.000990567794499 -0.00146447121018 4.61685 4.53729 3.27913692623 0.469393950454 -0.50342776739
-110.687 47.1523 8.63356015844e-05 -0.00018861260332 -0.000173508295751 -0.00519964799624 4.34778 4.7868 5.29354957739 2.24166815185 0.133160526686
-109.802 47.1961 0.000519797198568 -7.20022377664e-05 0.00397182645591 -0.00143123512978 3.8584 3.84403 4.33518018545 2.31064590254 0.519914647348
-123.563 46.5459 4.87142996233e-05 3.77980910513e-05 -0.000500839397096 0.000245873014719 4.09227 4.09501 -0.278119998225 -0.0834497082537 0.0232338414651
-120.979 46.5433 -0.000188043244445 0.000233932307206 6.0745999087e-05 -0.00164648087312 4.2987 4.27576 2.4405895897 -2.980858505 -0.270390991565
-119.855 46.5585 1.14421194588e-05 -0.000113716595513 0.000372941127204 -0.00148701139175 4.2585 4.28519 2.44809739381 1.11172582672 0.0578653542429
-119.06 46.4911 0.000210118324069 0.000296399426717 -6.57553676606e-05 -0.000329793802707 4.31235 4.29771 0.179774515173 -1.77932671621 0.0565459745166
-118.146 46.5139 -0.000273746037504 0.000328116200246 -0.000354427981284 0.0012938472423 4.32088 4.16941 -1.95909182045 -4.34677121655 -0.395380964256
-117.11 46.485 -0.000780381452033 9.37523346937e-05 -8.48244146319e-05 0.00333217132601 4.08515 4.05235 -7.02790592692 -5.18543476752 -0.71023015234
-116.209 46.3559 -0.000956425184616 0.000182586426954 0.00163546050963 0.000103337685328 4.15224 4.41691 -0.958206897221 -6.071750791 -0.941764994956
-115.571 46.4151 -0.000335568698336 -5.67242830868e-05 -0.00142933648168 -0.00139169994198 4.39536 4.75055 3.23787768855 -0.703945822635 -0.293326019347
-114.188 46.4423 -7.9181465427e-05 0.000538062999402 0.000632240521335 0.000333495248851 3.95377 4.17011 2.69386828196 -5.67527316309 -0.262235988049
-113.493 46.4162 0.000497031790422 0.00116701138159 0.000543719893641 -0.00171510361961 4.18873 4.40379 5.80351969945 -10.4261815756 0.137051757392
-112.641 46.4246 0.000193559172142 0.00041207162635 9.34084478311e-05 0.000249722946486 4.43093 4.38641 1.95902022255 -3.45343016171 0.0399839251984
-111.676 46.5336 -0.000245896708851 0.000260399629759 0.000492266950005 0.00178762258215 4.37375 4.28893 -1.52455421294 -3.64287163558 -0.327910983824
-110.858 46.462 -0.000178768044375 -0.000374709750808 -0.00361960381959 0.00960610367597 3.71616 3.72859 -19.3613271447 1.86298738635 0.105375331251
-109.914 46.5663 -5.29193262169e-05 0.000230062859332 -0.000120111844524 0.00477837459473 4.00607 3.99818 -3.56755456318 -2.54661290458 -0.1410965537
-122.419 45.9325 -0.000168031793592 0.000126571436729 -0.00159599929747 0.000729637071207 4.26886 4.24966 -0.858191985404 -1.94832334003 -0.208722783977
-119.928 45.8951 -0.000186022183712 0.000188615896874 0.000623563033025 0.000572062988087 4.13751 4.15958 -0.86835313521 -2.60165328728 -0.252885064174
-118.777 45.7971 -0.000155165514 0.000172612647866 -0.00158543901472 -0.000102115126143 4.63983 4.6809 -1.13624590083 -2.31966128991 -0.217375855656
-117.909 45.7087 0.00031036099168 0.000242513310718 0.000848827610661 -0.000146276055027 4.41461 4.24766 1.29897008767 -0.954995310157 0.181908644775
-117.228 45.9734 -0.000465164328408 -0.000191960396143 -0.00147600820609 -0.00277553060337 4.61888 4.56494 4.33494465089 0.133766427438 -0.365686761074
-116.155 45.8883 -0.000386294396463 -0.000507149827446 0.00104042834973 0.00182918191295 3.92922 4.0753 -0.571548937394 3.10069294679 -0.134340355181
-115.255 45.7565 -0.000462832960784 8.1125204754e-05 0.00168335486622 0.000100903442242 3.92166 3.98279 0.999897950335 -2.6959661373 -0.457834106861
-114.332 45.7893 -0.0011740362566 -5.44785733968e-05 -0.00176699326893 -0.000782257129018 4.29187 4.79272 2.431147457 -3.90760324234 -1.07753683359
-113.37 45.8122 5.98904848107e-05 0.000178364254985 0.00153798909536 0.000896700202093 3.90978 4.56711 2.68990141494 -1.5755910201 -0.00458468279041
-112.493 45.8409 0.000783420949189 0.000326265476465 0.00400602510841 -0.000902027887153 4.30562 4.48235 4.42168886 -0.794415783004 0.647883287593
-111.626 45.7843 0.000168879591322 -0.000326311950832 -0.0107055846841 -6.20414618056e-05 6.54236 6.30184 -11.3093725814 3.9605928877 0.318616257176
-110.659 45.9054 1.58940371999e-05 -0.000341209275446 -0.0056039302668 -0.000221353441782 4.35347 4.3116 2.70361395535 3.59012548568 0.121003869651
-109.716 45.9046 -4.67337899471e-05 0.000229166558104 0.0254325404182 -0.000782944842041 2.69656 2.70335 8.86210766947 -2.56590923076 -0.0906602481357
-122.478 45.2059 -0.00017009903121 0.000171994870204 -0.000326956148471 -0.000517621966108 4.17012 4.16914 0.758605818271 -2.32774289029 -0.231242747323
-120.635 45.2357 -0.000227590530508 -7.50055911086e-05 -0.00154673228465 0.000143168119131 4.479 4.54881 -1.73474649198 -0.473119479545 -0.161324242921
-119.669 45.2664 0.000139038815283 0.000204274233711 0.00157148175359 0.00204966129644 3.9437 4.0154 -1.33715134865 -1.1629721438 0.0252755827634
-117.78 45.2781 0.000121087991082 0.000145604363173 0.00205858045693 -0.000999758272951 4.12984 4.09651 5.56903410205 -0.984345255248 0.0635129007551
-117.12 45.2925 -0.000224218257697 -0.000217123335516 -0.00161772580538 0.000333315385932 4.66481 4.44881 0.474465325811 1.07344135502 -0.112515545899
-116.268 45.3997 -0.000585441686235 -0.000590551928866 -0.00124820852218 -0.00167053758997 4.70668 4.55146 3.4074191505 3.54170310923 -0.331417010637
-115.326 45.1285 -0.000726848338255 1.72539309152e-05 0.000280998027793 0.000967466897454 4.02857 4.10911 -0.372912566385 -3.33015359594 -0.6689675879
-114.233 45.0931 -0.000110045989694 -0.000385088114088 0.000245226575135 0.000429819100222 3.9027 4.04784 2.0614418376 3.38505624223 0.0369480949906
-113.46 45.2432 -8.28778719525e-06 -0.00112922897 0.00196695013226 0.000276477078191 3.91988 4.18992 1.67550225866 11.2122974006 0.398574601304
-112.489 45.166 0.000693002209384 -5.15793418311e-05 0.000897636372074 0.000394324334545 4.37155 4.52418 0.668484250194 3.23665308479 0.663880909739
-111.805 45.2285 0.000404509911952 -0.000230336844275 -0.0028004542244 -0.000606014014468 4.87869 4.6396 0.297178294281 3.9043046693 0.460603619378
-110.74 45.3212 -0.00037115500108 -0.000106713789326 -0.000597240170582 -0.00892525351381 4.44311 4.28215 25.9832593729 1.51242645654 -0.379132489316
-109.563 45.3171 -0.000279898327582 0.000153460989461 0.00388985608728 0.00307352618112 3.75434 3.76019 0.153989285453 -2.62843742594 -0.31547887787
-122.186 44.6837 -8.53029477631e-05 4.53807213785e-05 -0.000479130635799 -0.000945520835582 4.15384 4.17872 -0.140904487689 -0.811956633398 -0.0966102878801
-120.335 44.7344 -8.19987644996e-05 -0.000155540985358 -0.00189386720682 -0.000610238433423 4.35206 4.39966 -0.914156775577 0.992975855998 0.00192002238591
-118.67 44.5191 -1.31571294601e-05 -8.43014321629e-05 0.00215258023913 -0.000695643857702 4.14933 4.18012 2.79843654822 0.739108295099 0.0216480151515
-117.664 44.6653 0.000398247915102 -0.000116118225689 -0.00245414708224 0.000631710835267 4.68186 4.67612 -1.97264402665 2.97507730656 0.406663564284
-116.747 44.589 -0.000241287936725 -4.00189083519e-06 0.000785116449002 1.55590700909e-05 4.24484 3.97775 2.90755417959 -0.907688572357 -0.221986167001
-116.013 44.7035 -0.00108957413056 -0.000104729466408 -0.000349912319891 -0.000376221960225 4.38736 4.29649 3.47021795373 -3.07646839331 -0.979060943192
-114.855 44.5494 -0.000545120393484 -0.000606437014071 -0.000272344245378 0.00014846569679 4.2655 4.36245 2.2717001371 3.84183597823 -0.284965686608
-114.255 44.5642 -0.000522432573371 -0.000595476384135 -0.000145406681274 0.000161172414081 4.02973 4.10677 1.84646566128 3.83574057496 -0.267635481524
-113.367 44.6165 -0.000311834497779 -0.000535731661056 0.000360576315886 -0.000420619382762 3.97073 3.83908 3.14942803457 4.26068278766 -0.113930924962
-112.644 44.6173 -0.000200534016263 -0.000168454103874 0.00229031486392 -1.66798373506e-05 4.00857 4.00591 2.17029118341 0.955531024424 -0.130410790826
-111.248 44.7038 -3.7133990453e-05 0.00026340608979 -0.00277316224343 -0.000462365022129 4.78348 4.66587 3.91814178986 -2.83747803908 -0.114257830179
-110.576 44.3951 -0.000286488976521 -9.78824589643e-05 -0.00415541612952 0.00350204681514 4.66007 3.8859 -1.03167610152 -0.177013211452 -0.22912406309
-119.504 44.082 -2.6864759519e-05 -4.08439506694e-05 0.000354471961216 -0.0031060751742 4.15753 4.16638 3.13002704154 0.269993357359 -0.00808013896494
-117.741 43.9733 1.9223225651e-05 0.000116484490596 -9.08612092919e-05 0.00166807097214 4.16636 4.13589 -0.758347226827 -0.985654004602 -0.0347959123835
-116.803 44.086 -0.000198270206868 0.000705502526322 6.17647467466e-05 -0.000535737696634 4.41866 4.33166 4.14285996149 -7.57293001287 -0.437634652799
-115.958 43.9121 -0.000123574481069 -0.000682857012366 -0.000811397667794 0.000485256618241 4.5124 4.53906 2.8131602089 6.13888085075 0.138151863181
-115.133 43.7945 -9.93195228828e-05 -0.000316351174844 -0.000734800470625 -0.000953990750571 4.42551 4.44447 6.32103741133 2.84408631368 0.00149367141742
-114.117 43.9146 -0.000286314236691 -0.000601588315515 0.00089034712348 0.00106075739578 4.02884 3.98438 1.62207599782 4.78750850015 -0.0435778326646
-113.452 43.9286 -0.000396282090308 -0.000313781939132 -2.10976666047e-05 0.0014203926361 4.02957 4.04118 2.24233227165 1.6347186085 -0.260264819152
-112.485 43.9997 -0.000316592259341 -0.000382574046304 0.00161053484445 0.000671186387587 3.98651 4.00415 1.38557059556 2.6180228496 -0.159739311138
-111.487 43.8756 -0.000221751115493 0.000270642256875 0.000507865103219 0.00131027686513 4.30646 4.5548 -0.106392529232 -3.58785705818 -0.306073900772
-110.576 43.92 -0.000333101603853 0.00227644997976 -0.00262163544658 -0.00516579958218 4.8406 5.18029 8.26023966194 -24.8442032971 -0.826086650837
-109.817 43.7013 0.000472179715166 -0.000432184221759 -0.00255923787786 2.25330454835e-05 4.41053 4.45341 1.61616758318 6.11162098572 0.586677822612
-118.474 43.358 -0.000257401489933 4.10900348959e-05 -0.00443700324376 -0.000404506311571 4.50039 4.46518 -1.58366880576 -1.60060422557 -0.246776328445
-117.754 43.3471 -0.000213357032771 0.0001343136804 0.000476332451381 -0.00083554206386 4.31153 4.37929 1.10146401913 -2.16913671167 -0.249953567731
-116.767 43.4275 0.000303806367082 0.00011693512256 0.0013058602522 0.00164239537619 4.11399 4.15056 2.23540103302 0.107874951799 0.234412573214
-115.828 43.4151 -0.000197587183227 -0.000520835620509 -0.00047522381172 -0.000423651521018 4.3679 4.16206 5.15463030925 4.43803262457 -0.0139372177065
-115.098 43.25 -0.000364663921651 -0.000358573473257 -0.000995135766825 -0.000894244746607 4.50649 4.37286 4.99973782939 2.30358669927 -0.227878528497
-114.174 43.3979 -0.000315490782578 -0.000314533160848 -0.000973276951514 -0.000563968599491 4.37956 4.27483 3.77248960672 2.00543306017 -0.191499671692
-113.518 43.3234 -0.000577845648157 -0.000326234667002 0.00156331083335 -0.00263175757827 4.07694 3.97116 8.87445074918 1.85919186421 -0.480964257684
-112.433 43.3998 -0.000501224260405 -0.000317234398367 -0.00059788824481 0.000994334170441 4.14742 3.87637 1.31149634467 1.24958895691 -0.354715493635
-111.612 43.2741 -0.00217251922367 0.000258930047657 0.00106703114636 0.000705975033256 4.04028 3.91597 -0.479335571674 -11.3797865857 -2.1092112617
-110.712 43.3629 0.000285721309691 0.000891403444226 0.00128301680646 0.00170589669778 4.33401 6.3354 -0.113049977239 -7.85316278761 -0.0567195914338
-110.02 43.2112 0.00200275476688 7.01430387248e-05 -0.00320371293461 0.00053933416048 4.55202 4.82902 0.629187060065 6.73940098041 1.85704093296
-116.87 42.7779 0.0002125982659 0.000113406127133 0.00136810476015 -0.00228660989234 4.16813 4.15925 6.46484194468 -0.402429864014 0.164846678258
-116.032 42.7713 0.000175252104311 0.000253633608395 0.000374941957803 -0.00200998703191 4.3077 4.20062 8.02795916285 -2.00026010257 0.0952881177384
-114.903 42.636 -0.000263119277074 -0.000266997499226 -0.00331064724547 0.000715145773171 4.49664 4.32963 0.832886651196 1.487825068 -0.137269048348
-114.084 42.6493 -0.000305149280099 -1.56117609722e-05 0.00419750409831 -0.000353633320841 3.7962 3.73497 7.16446536733 -0.739213819327 -0.288620482784
-113.176 42.5452 -0.000505015127615 -2.57137034013e-05 0.000742457494297 -0.00117318894487 4.27846 4.11115 3.15045785128 -1.54145779487 -0.466909145126
-112.531 42.6852 -0.00104462388341 1.53534402861e-05 -0.00528509661604 -0.00107728486978 5.34464 5.09325 -1.08935658203 -4.57384744373 -0.964292073369
-111.588 42.8321 -0.000687040268963 0.000491745751283 0.00227239647172 0.000565607541751 4.05399 4.2365 2.49213492556 -7.39975989977 -0.810825237816
-110.92 42.7507 -3.98662754218e-05 -0.00182884455159 0.00107057984166 -0.000213347895272 4.23188 4.56667 2.58669599748 18.4919926873 0.550121494021
-110.042 42.6372 -0.000273741863777 9.74834472817e-05 -0.00203322039675 0.000240137845242 4.63878 4.77607 2.75114370796 -1.91996271517 -0.290472773451
-108.847 42.8247 -8.1124366431e-05 0.00033101231975 -0.00113579449149 -0.000169418089599 4.48747 4.77268 0.00661571101662 -3.69953788425 -0.189382465538
-108.342 42.6579 0.000458374767658 0.000103744368131 0.000726285764326 0.000726723810946 3.90719 3.99045 0.960093195326 0.536317122436 0.400770305946
-116.471 42.0773 0.000316059096632 0.000153435135007 0.00197089719741 0.000108293410455 4.09102 4.15376 4.50626140349 -0.341707931613 0.242395159917
-115.754 42.1669 0.000468855069336 0.000203111479781 -0.00317792666044 0.00181340333951 4.70169 4.63298 -1.57791033258 0.246763392647 0.331736175901
-115.016 42.146 -0.000144954900632 0.000287240626101 -0.000753742965304 0.000357204939118 4.43069 4.06728 1.95997845281 -3.34151422895 -0.242283181606
-113.944 42.0886 -0.000376079941476 3.65217744671e-05 0.00210941090382 0.000663681679532 4.08256 3.98581 4.4185003632 -1.64354074658 -0.367591838749
-113.24 42.0343 -0.000537049244563 0.000413961440803 0.000365131233738 0.00382557271319 4.01879 3.92533 -4.16431286504 -6.46724360211 -0.666582353395
-112.386 42.0041 -0.000924464237252 2.53627422055e-06 -0.0028579774213 -0.000356148472675 4.6234 4.68873 0.746967692425 -3.63823928832 -0.860449088212
-111.432 42.0149 -0.000787949368287 4.8676126187e-05 0.0022098780291 -0.00020386284449 3.95757 4.31069 5.60338669021 -2.84062895332 -0.770431019502
-110.873 42.0995 0.00012579829228 0.000704068684373 0.0016606883496 -0.00148255316888 3.98515 3.63272 6.95866928176 -6.98398189602 -0.0534643892441
-110.036 41.9243 0.000274223701123 0.000230974670232 0.000119368335228 -0.00158555603022 4.50818 4.45851 7.39799653838 -1.73512338556 0.212898121676
-109.357 42.1012 -5.70119572808e-05 0.000173476535349 -0.00208084452721 -0.00250838801018 4.87044 4.97278 8.16944390895 -1.97100778681 -0.0925039992066
-108.34 42.0073 0.00148621325347 7.27716036555e-05 -0.00167097837662 -0.00194986024436 4.53994 4.11348 6.45409162423 2.97015744424 1.42940904645
-107.369 41.9641 -0.000163485019814 0.00229963469068 0.00289527228712 -0.00112885165912 3.76305 2.99267 1.28564863511 -24.6299790041 -0.862093943591
-106.434 42.031 -0.00201462975411 0.000395592978526 0.00105925802202 -0.00495458571017 3.8841 4.10387 7.69260495728 -8.51928910974 -2.05308650849
-115.791 41.4311 -1.66852942045e-05 7.42372470198e-06 -0.00407380933565 0.000224798854429 4.55639 4.49324 3.17476586714 -0.134280207526 -0.0182436739919
-114.915 41.4157 7.29761006291e-06 0.000648298479078 0.00108174147225 0.000540368905712 4.05756 3.94409 2.03899243926 -6.2214539592 -0.235806165911
-114.165 41.3602 -0.000154380823132 0.000342782050144 0.0017710618564 -0.000542079986109 4.06547 3.94763 4.16149125812 -3.91460573326 -0.259358055847
-113.347 41.503 -0.000433013383735 0.000156725500962 -0.000506395815956 -0.00199323266909 4.48845 4.37955 5.15148721034 -2.96582562734 -0.46021055928
-112.448 41.4632 -0.000674212676551 0.000263236349803 -0.00153557347778 0.000516014002901 4.37132 4.25243 0.65500961035 -5.23670500081 -0.723756268624
-111.63 41.3146 -0.000876600470977 -0.000140514989738 0.000726128321253 -0.00220296042378 4.14335 4.23477 8.06978796103 -0.783595511723 -0.817397504084
-110.666 41.4729 -0.000173151841222 -1.22186010597e-05 0.000468482091049 0.00254541224509 3.91848 4.31321 0.0527029962472 -0.551230946619 -0.156939654267
-110.067 41.4272 0.000661077629604 0.000337581097152 0.00197828429025 0.000159010827828 4.16746 4.38493 5.55786452355 -1.61704654615 0.547851365832
-109.157 41.5047 3.97137997674e-05 0.000317709156226 -0.00148818080788 -0.00153836478487 4.91806 4.943 7.26294092133 -3.25831135815 -0.0333181217006
-108.187 41.4906 0.000202640750101 6.97862709521e-05 -0.00339476447201 0.000282534774512 4.79434 4.81899 5.09347989737 -0.177133311988 0.178376797802
-107.364 41.6067 -0.000112554645146 0.0075787595215 0.00307724208394 0.00196291132109 3.68987 3.69465 4.37830055978 -80.8239454125 -2.05098522779
-106.596 41.4033 5.89859512055e-05 0.000154399241124 0.00380755773483 0.00155002632682 3.71044 3.92157 3.36042719675 -1.47046465043 0.0158102189866
-116.508 40.7186 0.000161766452608 0.000565028703293 0.00457164081563 0.00119176092469 3.73906 3.70085 2.40197855693 -4.70188186223 -0.0683947996761
-115.736 40.8167 -0.000269961852224 0.000325675719296 -0.00161336274202 -0.00272044844881 4.47568 4.31152 4.9932786501 -4.09428648917 -0.363465009659
-115.039 40.8522 -0.000534636106585 0.000790915301991 -0.00327346940285 -0.000762991292305 4.80333 4.92504 0.152314843674 -9.73794779053 -0.809832450008
-114.204 40.8556 4.7624090392e-05 0.00068508125469 0.00436733295669 0.000841710937849 3.85006 3.84451 4.92937996599 -6.60769709837 -0.174102568314
-113.187 40.8513 -0.000528864027414 0.000344593034061 -0.00171455438315 8.44768112841e-05 4.49702 4.36592 2.94316851096 -5.30179621575 -0.614846913456
-112.52 40.8903 -0.000796913337055 0.000313279062137 -0.000202618343056 0.000302868268949 4.45755 4.49914 2.78072221231 -5.95565860193 -0.855897182882
-111.437 40.8869 -0.000496658586212 -5.62025256672e-05 -5.02158440684e-05 0.00216925124426 4.29101 4.30236 1.22521774193 -1.30216053741 -0.445021293657
-110.834 40.9425 -0.000420549824767 -0.000466129151139 -0.000239343387196 -0.00114466987643 4.17579 4.25285 4.10889190472 3.41488264886 -0.262301203902
-109.673 40.9763 -0.000161574824452 0.000267536371534 0.00260506543888 0.00225540155321 3.98843 4.00574 2.05828823865 -3.29125252199 -0.238774205942
-109.177 40.8936 -5.2953128988e-05 0.000106099036769 -0.000978414913297 0.00193945853307 4.72524 4.86078 -1.80111498455 -1.27943371421 -0.0891819481611
-108.263 40.8338 0.000112761302871 0.000151311003229 -0.00270584501891 -0.00130649704744 5.02838 5.45471 7.86378812345 -1.35575313446 0.0787594280455
-107.52 40.76 -0.00019868401643 0.000249041410396 -0.000503169099841 -0.000574861307984 4.34946 4.29103 6.99920282239 -3.13070899171 -0.247683899309
-116.5 40.2917 -5.72358900344e-05 0.000426662687311 0.00116674477256 -0.000898432877315 4.07424 4.10985 2.4429313744 -4.2508429342 -0.216974421173
-115.657 40.1313 -0.000300059139047 0.000879885045493 -7.02729553432e-05 0.00437586927016 3.87968 3.88423 -4.59913100432 -9.40235909144 -0.69056040892
-114.745 40.2679 -0.000238388426459 0.000505688922102 -0.000825785593206 -0.00163764233614 4.33854 4.45571 5.3519796515 -5.75150872033 -0.387315798252
-113.981 40.1314 3.4498131323e-05 0.000597833220261 0.00107381166248 -0.00138274432476 4.23912 4.26184 7.75284033378 -5.89290182913 -0.128982986491
-112.469 40.2807 -0.000235677004097 0.000229325994095 -0.0015895611092 -0.000513012282667 4.45844 4.36516 5.35564154538 -3.04194149249 -0.292922935867
-111.502 40.2067 -0.000463287829912 -3.47306952848e-05 0.00222440626595 -0.00103935520179 4.11015 4.02506 5.96251465756 -0.999739613089 -0.435794512133
-110.738 40.1948 -0.000584038552524 0.00024427540167 -0.0012615061712 1.49968913913e-05 4.42683 4.38989 2.1385820898 -4.52303074654 -0.631982216337
-110.008 40.2655 -0.00020815062414 0.000242041281611 -0.00108870087095 0.00084119490967 4.29485 4.38463 -0.623206341157 -3.23775393813 -0.282770012287
-109.124 40.2982 0.00012886065911 0.000291698934885 0.00214498931273 0.000546102698987 3.91716 3.92274 1.84254801555 -2.54048349833 0.0288602141895
-108.242 40.1348 -3.28386123687e-05 0.000415182353639 0.000877597885782 -0.000845131284913 4.28665 4.22889 5.95285615782 -4.46325751464 -0.132402348199
-107.47 40.2149 -7.87130752135e-05 0.000369670660375 -0.00369303543152 -0.0034651024133 4.75682 4.55269 12.4610921641 -4.11547599619 -0.123345676428
-116.464 39.6202 -0.000252370748286 0.000161173920319 -0.00364230553767 0.000862473156047 4.41273 4.35093 -0.335674046473 -2.58758572231 -0.297109000126
-115.754 39.553 -0.000519835688339 0.000176875543915 -0.000906942229349 -0.000642528764913 4.26228 4.42503 2.57278943013 -3.67928166996 -0.54821431007
-114.908 39.4731 -0.00032430086736 -3.28711754095e-05 0.00241828185955 0.000284491135657 3.71022 3.76689 5.2732775847 -0.758218736619 -0.296337896031
-114.016 39.455 -3.70876236116e-05 0.000719443669882 0.00196951653946 -0.000559762808368 3.85417 4.01186 4.3410383134 -7.17725777876 -0.271753350172
-113.069 39.5906 -0.000124988242565 0.000390746570556 -0.0033993467394 -0.00123273134822 4.74074 4.76613 2.0111596638 -4.28393590704 -0.25644296892
-112.279 39.5708 0.000224469142765 0.000627666761317 0.00107041742415 -0.00139720933328 4.32278 4.14191 5.33481352251 -5.61380904303 0.0294615091468
-111.66 39.6092 -0.000296234494825 0.000458913647012 9.74287811054e-05 -0.000395825052155 4.29268 3.96332 3.14663479977 -5.60545377838 -0.429222173719
-110.74 39.473 -0.000563198288582 0.000467676054757 -0.000829343838241 0.000117031725546 4.43046 4.49273 1.95753570658 -6.69702909503 -0.687423494967
-110.246 39.6279 -0.000230801164907 0.00034126701942 -0.00059593710344 -0.000344793814441 4.24174 4.37133 3.78217185326 -4.21831387204 -0.322542444405
-108.981 39.6333 2.49814723042e-05 0.000390828077781 0.00139291496475 9.79805107395e-05 4.06891 4.10234 3.51617186145 -3.95388496489 -0.0900966755022
-108.391 39.4998 0.000172402776678 0.000263907339754 0.00143082739966 0.00170843573209 3.96223 3.94955 0.836933550861 -2.08033921911 0.0754990589836
-107.449 39.524 1.78158608822e-05 0.000216908836077 -0.00161290184272 0.00312630059259 4.23844 4.25644 1.1033938567 -2.18235041915 -0.0518040998841
-116.4 38.8247 0.000182522715235 0.000704547400232 -0.0012241823445 -0.00192996324071 4.35183 4.21407 5.82226558321 -6.14940496634 -0.0596071623245
-115.654 38.8455 -0.000185010760826 0.000166614571378 -0.000477346838284 -0.00205894871839 4.34957 4.08033 5.58345038311 -2.22586879487 -0.229176442942
-114.83 39.04 -0.000580267508222 0.000133706021865 0.00176680512857 0.000381402659978 3.94824 3.97849 2.73419789969 -3.45586111183 -0.589142016821
-114.02 38.9551 -0.00019641591464 0.000106807183657 -0.000298176061117 0.00241477973378 3.8761 3.95254 -5.36074559365 -1.95217517353 -0.223572130815
-113.277 38.9882 -0.000214915371006 0.000392651949646 0.000346180590552 0.00255492483151 3.95753 3.94683 -2.80252792901 -4.65703145506 -0.364968948258
-112.379 38.9995 -0.000450198624828 0.000593761390635 -0.00100377913219 0.00100322066162 4.2904 4.35288 -1.19028640788 -7.60254740883 -0.651348224612
-111.172 38.9176 -0.000314275392052 0.000440071600156 0.000594558332856 -5.20609246563e-05 4.26147 4.31084 2.64634452177 -5.49186636634 -0.441598977377
-110.133 39.1025 -0.000138464376359 0.000603500102901 -0.000643125748942 -0.00153599424253 4.35953 4.46789 4.56515065504 -6.59454261443 -0.305640938469
-109.263 38.9553 0.000127832572382 0.00026250337183 -0.000560075190649 -0.000493811119467 4.20524 4.23775 1.54500605507 -2.21157205519 0.0345351758981
-108.296 38.9541 0.000123958389171 0.000367706115841 0.00138338473057 -0.00052429989562 4.04569 3.98301 2.61181390685 -3.38861667888 0.00743868624502
-107.574 38.8347 -9.97961089961e-05 0.000388996007628 -0.002105246173 -0.000784624456337 4.51317 4.26148 3.87040874679 -4.36415778145 -0.202314574639
-106.91 38.8627 -0.000128367755416 0.000294326872285 0.000947900515191 0.00123293095837 4.09986 4.10077 0.511427212857 -3.49640346813 -0.216476567474
-116.302 38.2886 0.00014596835281 0.000532878522817 0.000117921313512 -0.000191105500685 4.23769 4.38272 2.96005638383 -4.45517185917 -0.0646053958125
-115.585 38.3489 5.95498440363e-05 0.000613087361549 -0.00204975531529 4.13223142129e-05 4.54363 4.5192 0.0342297653394 -5.43932315385 -0.200276478463
-114.608 38.3281 -0.00021731000236 0.000218703690057 0.000491471014968 0.00136121637885 4.11692 4.07058 -1.85316836967 -2.99695973941 -0.290865569263
-113.969 38.1802 -0.000409776336485 0.000204202570238 0.000752066098225 0.00074305679596 3.95869 3.97716 -1.60497282219 -3.70882261526 -0.457720312904
-113.021 38.2987 -0.000451790761073 0.000558019646514 -0.000600902201113 0.000325175752973 4.10594 4.32214 -1.16230907538 -7.22327075316 -0.640687302716
-112.277 38.2108 4.82892115694e-05 0.000527709044404 -0.000792438653247 0.000820878005391 4.0293 4.13591 -0.851659217233 -4.86555224711 -0.16547756357
-111.483 38.2843 -0.000264895532532 0.000178313817125 0.00209911655852 0.000276315953608 3.87104 3.83742 1.10224793737 -2.75246585532 -0.311195438154
-110.711 38.4187 -0.000727518074939 3.55125910877e-05 0.00151708682591 -0.00221813441934 4.16668 4.2125 6.50718903499 -2.37474391218 -0.711593548428
-109.894 38.3862 8.87445469059e-05 0.000218768961849 -0.00275958627775 6.67748103614e-05 4.72672 5.30069 -2.09234505748 -1.77020659286 -0.00478021966611
-109.261 38.2916 0.000441327300536 0.000302447661629 -0.000367740699846 0.000810577132433 4.1864 4.28006 -0.314198047994 -1.32078243754 0.302863845401
-108.379 38.1888 -5.16124492617e-05 0.000412275008919 0.00340457912871 -0.000327721060661 3.77813 3.77972 2.88486557938 -4.40747034345 -0.172512224554
-107.55 38.3685 -1.35882611646e-05 0.000664928387684 -0.000813580978272 -0.0018175720929 4.30101 4.36502 2.80486091355 -6.94662394326 -0.207093469187
-106.756 38.2289 -1.22510933823e-05 0.000229786868953 -0.00555356726715 -0.0038521279423 4.65428 4.6476 3.14349722258 -2.44605888795 -0.0758333373845
-116.595 37.923 -5.88334778852e-05 9.41205444545e-05 -0.000317972262488 -0.000236594488403 4.09337 4.11562 0.211884824387 -1.11298393141 -0.093062540572
-115.747 37.6444 -7.1603784191e-05 0.000312508446599 -0.001350435838 0.000683397341943 4.31492 4.40385 -2.27687661361 -3.15948934036 -0.205451482282
-114.849 37.6083 -0.000125788037875 0.000137596108847 -0.000808379859004 -0.00087756646481 4.41702 4.39813 0.725242855636 -1.80279462271 -0.170100221302
-113.86 37.5808 -0.000448899260943 0.000156853428645 0.000996379012798 -0.00134971061304 4.1551 4.14696 4.1059962583 -3.06465818284 -0.475511615121
-113.168 37.7601 -0.000580288183773 -3.51530481123e-05 0.00119276925092 -0.00123195236252 3.98236 4.14076 3.41914568045 -1.68643797434 -0.534438956457
-112.363 37.6761 4.80805051284e-05 0.000106087306908 -0.00243528705028 -0.00069085049996 4.21484 4.46186 -0.667806745723 -0.817771780597 0.0021465889678
-111.596 37.7222 0.000254177260012 -9.05926698647e-06 0.00328987260229 0.000245549270428 3.70179 3.724 1.62225679005 1.02706579821 0.241138257231
-110.802 37.6354 -0.000204023841972 -3.85092542152e-05 0.00144835740788 0.00142784112694 3.93363 3.88484 -2.38725020636 -0.509737356272 -0.170446659349
-109.995 37.6903 -0.000493303767845 -0.000348096163041 -0.00490679952909 0.002369595183 4.74052 4.94006 -7.22328496343 0.750088814722 -0.267471203323
-109.137 37.7459 -0.000183557135339 0.000128021521987 0.00224033546539 -3.77925402863e-05 4.00559 4.10225 2.43757676857 -1.91813918551 -0.21450551876
-107.792 37.662 -1.61682977518e-05 0.000221775612892 0.00129891371833 0.00254756530132 3.96147 4.01465 -2.66421296552 -2.27931196183 -0.100383431972
-115.22 37.2408 -3.76717045989e-05 0.00016742812613 -0.000745100092218 8.96324066034e-07 4.22798 4.23079 -0.681718931079 -1.70686512024 -0.105011056032
-114.715 36.7256 -5.86250971117e-05 0.000188127610457 0.0011235761862 -0.000951688349655 4.05401 3.95927 2.61379413532 -2.00460791177 -0.12340155023
-113.907 37.0195 -0.000283915847219 2.79892120073e-05 0.000766839655145 -0.00156978894926 4.19803 4.13914 3.35591562639 -1.27959364898 -0.276066133428
-113.084 37.0615 -0.000376865045265 -0.000146736774812 -0.000903935650539 0.000104523673994 4.37734 4.37626 1.51969093445 -0.0233209535069 -0.296414979358
-112.382 37.0183 -6.30073823296e-05 -0.000274594231912 -0.000716964154861 0.00164151298538 4.20067 4.25078 -1.64210770685 2.33242098763 0.0558110379622
-111.506 36.9839 -0.000176995788267 -4.63327793718e-05 0.00042532562698 -0.000117234613818 4.10367 4.06844 0.679938756578 -0.22865915823 -0.147657383442
-110.804 36.9969 -0.00046481236186 0.000351821332114 0.000659312717876 0.00241236844269 3.91242 3.94377 -4.76860805065 -5.50398253476 -0.57308113614
-109.874 37.1364 -0.00025239143164 -9.59918396522e-05 -0.0013393094012 -0.00100702896812 4.31917 4.21343 2.27389535855 0.092348322583 -0.207457988093
-109.025 36.8299 -0.000271520459492 -0.000109379188397 -0.00088266323688 -0.000666947692049 4.20847 4.33788 0.954429075228 0.114546586051 -0.218279446389
-116.33 36.4193 -0.000130087057315 -2.22001700292e-05 -0.00148364517752 0.00135264736644 4.17656 4.19315 -2.08480621417 -0.397510406487 -0.105667425984
-115.383 36.423 2.18329600906e-05 3.45735072517e-05 3.75339655623e-05 0.0005265566951 4.09797 4.10408 -1.20806079433 -0.21979650498 0.00469065455017
-114.539 36.4321 -0.000151226419315 0.000371178021188 -0.000118512435732 0.000690541262403 4.12687 4.14282 -0.0902080188019 -4.0863605338 -0.28948318091
-113.965 36.4151 -0.000190106293892 0.000446359862825 0.000555427193721 0.00347089087308 3.95601 4.02644 -1.09935425854 -4.96945795042 -0.359524335976
-113.18 36.4182 -0.000200739601023 -7.09291824536e-05 0.000258534320246 -0.000453525800215 4.21079 4.24586 2.41546087091 -0.0506995134308 -0.162508609314
-112.291 36.428 -0.000168832535461 -0.000446674924114 -0.00117902793437 -0.00244403482634 4.47819 4.52509 5.20557787694 3.89815936689 -0.0268552997922
-111.13 36.1428 -0.000248507731364 -0.000100124213848 0.00016422784559 -0.0013690835967 4.17652 4.18388 2.08800533823 0.0973939567437 -0.199416988196
-110.662 36.5996 -0.000280124988787 -0.000189774559794 0.00132098073092 -0.00176962147823 4.04161 4.1826 3.91738253829 0.99915050088 -0.208573647526
-109.87 36.4199 -0.000241512384252 5.37201397504e-05 -0.000671628018138 -0.00195021627042 4.339 4.64549 2.50004467945 -1.36280557668 -0.245934986991
-109.208 36.2925 -9.1379952924e-05 -0.000332884335261 0.000452699621985 -0.00121888491952 4.28999 4.3389 1.89338408703 3.0296812229 0.0223094836436
-108.52 36.3758 -8.87661068311e-05 -0.000475936466121 -0.00183535473707 -0.00155119980047 4.25422 4.0867 -0.659237763319 4.40315372537 0.0894698040566
-115.43 35.8384 -0.000176120471037 5.92126166396e-06 -0.000331651701848 0.000543001295654 4.08156 4.01849 0.92248887283 -0.766752723883 -0.16377158334
-114.851 35.7266 -0.000436212947155 -6.52686433269e-05 0.00351136497778 0.00168555764118 3.6513 3.70342 -0.521830510827 -1.2476794785 -0.369017477906
-113.984 35.8522 1.31947963947e-05 1.86716970569e-05 0.000732429543419 -0.00657272822071 4.35096 4.46403 13.4983649105 -0.163993751008 0.00968606524048
-113.105 35.6339 0.000311669540748 2.61141100181e-05 -0.00488889473172 0.00192525102173 4.50132 4.48593 -3.42845411226 1.19591065491 0.26694101706
-112.173 35.8191 -0.000159460757304 -0.000351637429256 0.00213197879348 0.00271520452598 4.0004 3.91168 -2.21204592538 2.61316869576 0.00317174735232
-110.794 35.6218 -0.000253749581406 -0.000220708798654 -0.00341391106523 -0.00172869196439 4.51813 4.5356 4.58759332829 1.41712302057 -0.176629875865
-109.933 35.7113 -8.5133725879e-05 -0.000662344529927 0.0036462224902 0.00277200369139 3.67804 3.66391 -4.0751992178 5.92371951923 0.208064792547
-109.046 35.7147 9.95212221891e-05 3.66982133703e-05 -0.00122254184658 -0.00133898092254 4.50265 4.33194 -1.44946244685 0.041687316345 0.0780769141252
-108.466 35.7992 -0.000427472538024 2.54267220675e-05 -0.00269123631625 0.00254667089274 4.54194 4.38789 -7.68591730066 -2.40150636261 -0.388535280303
-107.638 35.8054 -0.000379916365713 0.000149305458895 0.0011688971359 8.62186123263e-06 4.04937 4.0272 -0.597099619283 -2.94665695483 -0.408168263509
-114.87 35.301 -9.18028035201e-05 -3.84807012042e-05 0.00838797348901 -0.00138624815443 3.52575 3.52143 6.05927748554 0.0808475554799 -0.0752598126552
-113.885 35.099 -6.09600483934e-05 -0.000194323055245 0.000161513956687 -0.000786053677746 4.11922 4.14133 0.68707937042 1.58188057749 0.0196651774519
-113.083 35.2127 0.000118199140187 0.000214781958651 -0.00832107417687 -0.00155104577714 5.83101 5.70561 -4.17150214489 -1.40076939538 0.0062567992885
-112.267 35.1787 -0.000119475342105 0.000118378746311 0.00317552626462 0.00040614140648 3.90967 3.81263 2.43701650097 -1.5757869883 -0.153121960015
-111.532 35.0951 -0.000500155059622 -0.000446472089742 0.00675191457346 -0.00250489896055 3.5513 3.56357 7.63709051256 3.16992878461 -0.370547416307
-110.713 35.0789 0.000100008920653 -0.000107624309047 -0.00743528097044 -0.000484768460535 5.22163 4.99742 -3.94227315286 1.46924073508 0.136902091306
-109.736 35.1181 -0.00157422646235 5.93374503511e-05 -0.00337661826003 0.00284087279405 4.01386 3.21294 -4.28030095387 -7.74309548819 -1.44510535635
-109.388 35.1118 -0.00264397244102 0.00023714072333 0.00761453896526 0.00297249163863 3.17451 3.27945 1.24288823299 -11.8791978493 -2.56671787754
-108.5 35.1259 -0.000180213335336 0.000417927879651 -0.006415715831 -0.00163835651995 4.90877 5.26305 0.454454746635 -4.84071086156 -0.313499432057
-107.648 35.117 -0.000177313306956 0.000188432695253 0.00250427117882 -0.000617697624873 4.11553 4.13329 0.697560124365 -2.53975426807 -0.230056316649
-106.867 35.0719 -1.34037919876e-05 0.000128150039696 -0.00102960008207 -0.000921876818962 4.16715 4.13341 2.17007635695 -1.36158121576 -0.0515620247728
-113.83 34.5935 -4.43793986226e-06 0.000182223490514 -0.00246339863527 0.00637536926526 3.83868 3.74061 -11.1679556626 -1.54879961242 -0.107628678061
-112.891 34.4692 8.48345184563e-05 0.000301388776251 0.000289853948602 -0.000734901976566 4.10765 4.22246 0.992595289437 -2.53491511556 -0.0348826799885
-112.237 34.4866 0.000356500494764 0.000250207311636 0.00357757815403 -0.00393766676145 4.09008 4.07937 9.39909003672 -1.6608921417 0.289094964652
-111.441 34.4178 -0.000227582765453 -0.000132094207639 -0.00196427266773 0.00384834944455 4.46719 4.02017 -9.1907699536 -0.0655381747955 -0.12499577199
-110.806 34.3371 -0.000763411209964 0.000214968192187 -0.00208403447887 0.00338809891625 4.71071 4.63487 -10.1633818483 -6.13045757524 -0.760778401729
-109.95 34.5293 -0.000551088678905 0.000806579300123 0.000399198784461 -0.00342457496411 4.333 4.35199 5.91259159579 -9.71640744397 -0.747565945069
-109.29 34.4275 -0.000286126359753 0.00012673563463 0.00228793938065 -0.00178330961708 4.00542 3.97576 3.72944302501 -2.18095517764 -0.310946953247
-108.498 34.5421 -0.000238385641831 0.000331104577282 -0.00205690814359 -0.0009375143087 4.51396 4.60193 0.68648222668 -4.17436740428 -0.337379915001
-107.786 34.4457 -0.000265114445991 0.000285829724957 -0.000896426605817 0.00019270576983 4.2814 4.18341 -1.3614565449 -3.88586808417 -0.352032882882
-107.01 34.5058 -0.000179634834544 0.000343733358192 0.00288365550186 -0.000418401453122 4.0048 3.9183 8.55187756121 -4.00563638082 -0.243906625327
-114.524 33.7503 1.15617315186e-05 -4.02421548451e-05 -0.00125081369346 -0.00211692538627 4.3031 4.31105 2.25824011952 0.420003830796 0.0256597781147
-113.829 33.8142 1.17413259383e-05 7.0485751927e-05 -0.00209106800752 -0.00408193353268 4.59765 5.32482 4.12069542001 -0.634069925229 -0.0124869287267
-113.005 33.9383 -1.51248215604e-05 0.000248404242161 0.00171692566758 0.000955946921787 3.99176 4.27541 0.709001769896 -2.4046288414 -0.108955598849
-112.333 33.9535 0.000419921049575 7.04915609423e-05 0.00224885017634 0.00345352128613 3.90363 3.84146 -1.76817436174 1.13709898339 0.352499893287
-111.478 33.8798 -0.000195491803598 0.000495569188811 -0.00274058738836 0.000645008042845 4.59965 4.16021 -4.1723946907 -5.49094555079 -0.396300448551
-110.844 33.6953 -0.000864514634225 0.000370715652045 0.000723315712493 -0.00231418440073 4.35574 4.39827 0.84028900253 -6.84069336683 -0.940063830709
-110.034 33.7776 -0.000354576031252 0.000366720911701 0.00169507708575 -0.000503660330807 4.08517 4.21853 0.531928933998 -4.91567049697 -0.462694224955
-109.254 33.9571 -0.000327648846272 0.000107185349272 0.0011450935025 0.000918544610331 4.11792 4.174 -1.54815354076 -2.37599149182 -0.343623265537
-108.377 33.9085 -0.000467220616438 0.000546102586998 -0.00190079962832 0.00145731265308 4.28923 4.31885 -4.82197577278 -7.36828306497 -0.656972400781
-107.674 34.0087 -0.000373573366884 0.000673089845272 0.00100677993682 -0.000899308206753 4.10367 4.10057 3.54323447621 -8.03417635642 -0.552049523077
-106.965 33.937 -0.000166157967385 0.00089387259938 0.000615533146167 0.00598750910698 3.57707 3.78297 -13.8102871737 -8.97058297508 -0.635051525148
-106.921 34.0739 -7.62921910716e-05 0.00116663402487 0.000494761545841 0.00251363562133 3.88509 3.85313 -6.7760131387 -11.5693932773 -0.592401099334
-106.055 33.9315 -0.000104735438825 0.000423439360021 -0.000782132295914 0.00239977070254 4.24209 4.15764 -2.62971791423 -4.66998148264 -0.256476143272
-104.693 33.9229 -0.000548148680052 -0.000278898865609 0.000439978645163 -0.000569246893327 4.40272 4.43895 1.57816334383 1.14010124933 -0.441103318697
-103.163 33.8839 -0.000325290377301 0.000180416435468 -0.00638291659393 -0.00523902579728 4.91552 4.9784 4.80204838155 -2.76665699059 -0.357899320281
-113.657 33.1999 -0.000289952579226 -0.00149628819248 -0.00098761569471 -0.00189370817887 4.31396 4.30692 0.992762654758 12.8707288719 0.306475703554
-112.946 33.3627 0.000130856962175 0.000159806634891 -0.001090680649 -0.00221560315312 4.51585 4.02714 2.63615312739 -1.05807997459 0.0664788657736
-112.158 33.2893 0.000155197149421 0.000635281112318 0.00263648490277 -0.00142669757625 4.07551 3.73908 3.7351507528 -5.64515029686 -0.0602883750145
-111.427 33.341 -0.00062741329494 0.000731880002668 -0.00222835678504 -0.00305978186203 4.7478 4.53773 4.00710722757 -9.21510224901 -0.825963569753
-110.472 33.2969 -0.000378607118434 0.000194440371205 -0.000456424277199 0.00203408551551 4.25318 4.24949 -6.29660759468 -3.64399575234 -0.425556428636
-110.036 33.0851 -0.000458794221504 0.000405577398048 0.00217241915758 0.00105345400197 3.88967 3.77951 -2.80990074153 -5.83608230581 -0.585528000401
-109.266 33.2921 -0.000485398962337 0.000892863817716 -0.000745155971222 0.00103104906396 4.2151 3.85503 -1.88890739739 -10.6367298462 -0.796948121854
-108.592 33.1132 -0.000637099026158 0.000660692188112 0.000873673073104 0.00134962084155 4.03067 4.0263 -2.54958024148 -9.0815106857 -0.847330811158
-107.671 33.3086 -0.000238887384425 0.000503296257596 -0.000519210162742 0.000225433070724 4.3829 4.43107 -0.422131049112 -5.91596999902 -0.402164087749
-106.964 33.2555 -0.000232198051449 0.000367321379217 -0.00200197453811 -0.0043617313697 4.42822 3.87834 3.38776427416 -4.48270244856 -0.327700466285
-104.717 33.2797 -0.000295036932781 0.000431903948672 0.00173378288152 -0.00159966877352 4.13659 3.71281 5.44110522893 -5.331850696 -0.38736702748
-103.98 33.2716 -0.00105798783163 0.000204299860377 0.000586306611006 -0.000614551307261 4.54588 4.10041 0.932507513642 -5.64510332821 -1.07028080781
-103.215 33.315 -0.000432667029645 0.000156765895126 -0.00682253360331 -0.0018870455597 5.15315 5.29427 6.30786511551 -2.67307574848 -0.455595403062
