-114.58 32.5356 0.000143784006046 -0.002849291188 0.0147277073675 0.00111842497288 3.83397 3.86682 -12.4289144765 8.70431729677 -2.75134448625
-113.767 32.7683 -0.00508739595924 -0.00513651374222 -0.0180388700614 -0.037689728443 2.39628 2.50719 6.93030006503 75.6916668019 -4.18203239129
-112.883 32.7513 0.00598048849311 -0.00135052040534 0.00618207675052 0.0124643410804 7.06597 9.35098 346.429047724 -105.670912602 -0.579883395054
-112.228 32.7006 0.000298697408267 -0.00133364580937 0.0019091675891 0.00402095675956 4.31827 3.30762 -0.20685840402 -9.03257916883 -1.3631405274
-111.704 32.5618 -0.0194325776948 0.00264369164656 -0.0150569478593 -0.0261771309722 2.48273 2.66802 20.9204230726 329.049072898 12.4413575767
-110.739 32.5716 -0.00136059896198 0.00387756824241 0.0324693339121 0.0286326152933 6.43895 9.02497 268.430411994 -63.9056132103 -0.480440888863
-109.97 32.6399 0.00351644232757 0.00134102144755 0.00277746907223 -0.000484650932778 4.3521 3.98352 -8.67517477071 -60.2223412117 0.827890577474
-109.303 32.7663 -0.00466119404687 0.000750633475829 0.00233685627418 0.0044217387031 5.48917 5.43517 -9.34708837371 86.2586386862 1.52120109074
-108.633 32.5466 -0.000646271349028 -0.00495670782281 0.0159811054423 0.00330981910742 10.2536 -nan 322.365017881 36.4763498406 -4.94140385691
-107.785 32.5324 0.00594184450727 -0.000913764361798 -0.00961639280178 0.0132998655935 5.54877 5.50353 40.0912697146 -61.8197542891 -5.75441488858
-107.001 32.6995 -0.00155101391146 0.000633128438639 -0.00183838502997 0.00393033418999 6.19739 4.77995 18.1068655878 28.1650088434 1.54096637976
-106.262 32.6349 -0.00967237199369 0.000988200716458 0.017265452277 0.0104400714884 7.92113 -nan -25.323067083 176.544557856 1.59959879865
-105.454 32.7001 0.00345732172691 0.00250030417146 -0.0128268940306 -0.0178376684907 3.0049 3.30604 2.52473409704 -26.9024901832 0.156524515429
-104.657 32.6588 0.00447378405731 0.00248487790525 0.0152990035291 0.0102043278306 19.3072 16.7956 7.99519012523 -30.6976679344 -1.11104589956
-104.02 32.6462 -0.00261682418286 0.000931284081063 -0.000244705382824 0.00141443014834 6.46762 5.34779 2.76771581673 47.558892081 2.34853711777
-103.357 32.6764 0.000284800207758 0.00194688345509 0.00103792682696 -0.0038350624094 4.06564 4.11781 -10.2995962802 11.229130077 1.60965862698
-112.812 31.9559 -0.000218415702018 0.00217791321466 0.0109949632941 0.00870091672278 5.32527 5.10883 346.095966328 -0.903421345998 2.13497672424
-111.457 32.0022 -0.0023374687734 -0.00161086538994 0.0197253107675 -0.00272921645593 3.73373 3.87513 323.888505302 51.3734267611 -2.42404916231
-110.816 31.7748 -0.00047617527226 -0.00137568271578 -0.0251339508427 0.00318354515622 3.71449 3.95862 22.6728983287 -8.39387322094 -0.80496028651
-110.046 31.9737 0.000715319634795 -0.00130646827471 0.0179360920077 0.00156074377802 4.60381 4.64073 342.381646475 -13.0102058395 -1.30244836218
-109.259 31.9989 -0.00634064704431 0.00293037434142 -0.00240380066575 -0.00450840308987 4.74033 5.26569 -1.68815926171 127.376348859 4.78170029975
-108.527 31.9041 -0.00136919353315 -0.00216249616634 -0.000192313750814 0.0126098077934 12.5457 -nan 33.1958011129 -18.8074956625 -0.0756666997748
-107.778 32.0094 0.00411417632381 0.00170247858 0.0026657382353 0.0139240361642 8.34386 7.42488 13.9359839096 -38.794904779 -1.27216746702
-107.101 32.1046 -0.00258779185972 0.00159354285724 0.00382233592028 0.0146106134161 6.52076 4.97769 21.2395046768 53.118736885 2.99355785477
-106.428 32.0062 -0.00792213962465 0.000821537442506 -0.0131765593597 0.0447515790257 3.54868 3.94817 67.4045261756 -2.50505466224 7.76580228304
-105.523 32.076 0.00209176303844 -0.00107157707147 0.0264133000249 0.0271520050389 59.5181 -nan 245.840540132 14.0209744721 1.92273061136
-104.823 32.1101 -0.00120467663234 -0.00129024835857 -0.0167959818228 0.00811518907383 6.98539 8.42716 45.3112139815 -19.0133607478 0.94763980495
-104.101 32.0618 0.000629486552936 0.00651887161665 0.0279177734736 0.0141415072071 15.7347 -nan 291.173911367 -73.2110166902 5.83197187702
-103.292 32.012 0.00125224582584 0.00233664385508 0.000423643073798 -0.00539796436721 3.8034 3.92264 -14.5429142614 -3.50935172112 1.62573159358
-109.991 31.439 0.0032376309897 -0.00188825300566 0.00817136430243 0.0219955473562 7.53902 7.89709 -12.7036868324 -62.6993386602 -2.18622499129
-109.281 31.3757 0.000840891584716 -0.0021944474566 0.00495202467816 0.031677168876 10.0296 9.85987 -2.54311964816 -27.3912256196 -2.34749580172
-108.528 31.3369 -0.00167153390927 3.03195894521e-05 -0.00032310277234 0.014260298595 7.29378 7.11218 9.85221684849 25.9575196951 0.946908025306
-105.483 31.4425 0.000403317481785 -0.0014610201037 -0.0140473662337 0.00240350199801 3.62611 3.6166 15.4485647494 -24.9272145865 -1.26447219555
-104.971 31.3711 -0.000374319597136 -0.00036690075971 0.0131868301363 0.0200421619682 11.2035 12.8619 72.8561773696 -8.46672040206 0.469260255093
-103.979 31.3165 0.00331747504971 -0.00341294632591 -0.0160237860068 0.0103845911785 4.7683 4.90843 50.0311009616 -63.9975829147 -3.42839885305
-103.492 31.3691 0.00157637908525 -0.0037744858622 0.0182673907737 0.0104293492921 14.8138 10.6904 8.83999161332 -70.0963161779 -3.69269186204
-102.81 31.3818 0.00311649725832 0.000799899079966 0.00478068211666 -0.00246716954434 3.71641 3.66906 -8.87648610588 -40.013042487 -0.984560831855
-104.986 30.7862 -0.00178671235668 -0.000704409819199 -0.00568632459329 0.0109541717249 4.11597 4.19513 11.6638464106 12.322372972 0.854578600124
-104.029 30.6689 0.00104038844897 -0.00198742415751 -0.00284433430093 -0.00329603074118 6.21086 5.99662 29.4196397737 -40.6587577542 -1.69023505593
-103.402 30.8498 -5.35642972605e-05 0.000135051966801 0.0156135263036 0.0078157435009 9.86022 10.3879 13.0886733867 2.55642902782 0.123050565455
-102.685 30.7263 0.00254455425054 0.00335453933575 -0.00583375359038 -0.0110943925126 3.35453 3.51224 0.577191052355 8.30916945246 0.687238070741
-104.09 30.0609 -0.000360064608588 -0.00104482787895 -0.00192968950551 0.00984516889606 5.63142 5.37976 36.064783036 -17.0655461554 0.108006156304
-103.612 30.1456 -0.00314814745244 0.00111734075377 -0.00275590381937 0.00480517623428 5.92662 5.53328 35.3177541201 32.8042878354 3.31880260911
-102.788 30.1615 -0.000211035993821 -0.00302888285716 0.0144663606554 0.0489013730357 6.96907 11.6816 85.4600493533 -45.0759028461 2.08321191314
-104.133 29.554 -0.000999701434112 0.000190693667164 -0.00416640142697 0.00588480600661 4.57072 4.49891 10.540315066 14.0092276765 0.906460195764
-103.389 29.4528 -0.000439483543021 -0.000757218755822 0.0173758174764 0.00348384969779 6.64141 12.892 -12.4702979207 -0.386177206712 -0.415848255677
-102.888 29.4862 0.00558696320119 -0.00334033492599 -0.0134497695304 -0.0179991806062 2.85676 2.89069 -2.90427029806 -116.505877231 -6.23237755866
-115.653 48.9339 1.36040913173e-05 -0.000387680825628 -0.00384941548979 -0.00646691954737 3.53381 3.57357 -352.39071131 -0.852524776634 -0.387149906972
-114.413 48.933 0.00032894221514 -0.000405917211547 -0.00185941161949 -0.00284313044987 3.74222 3.75026 8.35570464154 -6.39510080696 -0.450798705414
-113.422 48.9725 -0.000661016269252 -0.000440207288429 0.00143205225358 -0.00340833712311 3.78641 3.69424 0.747898998189 10.5597816403 -0.406452086828
-112.733 48.9777 -0.00263120642034 -0.000345793881017 -0.000537061399572 -0.00536193468367 3.64343 3.61613 -2.12979850615 43.3996074491 -0.287335905743
-111.597 48.9482 -0.00431682748268 0.000127556817006 -0.000107346142345 -0.00411364442155 3.59207 3.64909 352.778900609 71.319109831 -0.00245526859677
-110.699 48.9448 -0.00521228584556 5.06181140549e-06 0.00217838131409 -0.00462240208587 3.51285 3.64332 346.519895287 85.6582628749 -0.570200257227
-109.846 48.9198 -0.00153825970571 -0.00034003247657 0.000666908749151 -0.00586473386642 3.68297 3.77194 -5.47606942918 25.0709781836 -0.252659211966
-115.589 48.4694 -0.000212917675434 -0.00139280621795 -0.00291580244256 0.00229365535795 4.24755 4.22317 -352.718319382 1.35003073848 -1.36668522505
-114.468 48.3739 -0.00018958836169 -0.00129159142896 -0.00167421578277 -0.00071417679481 3.8319 3.7638 8.4298638581 -0.10686164251 -1.24850059811
-113.273 48.3609 -0.00148135077702 -0.000483655915352 0.000907219600059 0.000888772858719 3.96973 3.88677 -1.23910863441 24.440565459 -0.452269336568
-112.562 48.3129 -0.00273382141444 -0.000981188714 0.000641963838783 1.07488230072e-05 3.96189 3.86313 355.181725543 45.7206135954 -1.03013874712
-111.707 48.4128 -0.00416922772107 -0.00172241545448 0.000150072975173 -0.00190372748706 3.70662 3.73038 352.0079192 70.4569418877 -1.91091791408
-110.799 48.2921 -0.0047468009724 -0.00184574396637 0.000247640419308 -0.000370987747235 3.94377 4.12594 350.756364014 79.9359447455 -2.02233167793
-109.777 48.3943 -0.00233516217628 -0.00171422254518 -0.00287344260434 0.00366266726055 4.3431 4.52515 0.387058264079 33.5956305267 -1.3116575868
-116.256 47.8397 0.000510538350965 -0.000205635779523 -0.00311841867485 0.00208170120033 4.20318 4.16393 -354.769630151 -8.62831647756 -0.223541987698
-115.475 47.7092 0.000215057928448 0.00022555494752 -0.00065397592661 0.00159858376441 4.19071 4.11462 -352.064934926 -3.16107386011 0.20096355315
-114.574 47.6795 -0.000396772895548 0.000348654175517 -0.000911337377973 0.00271530205672 4.24601 4.14028 7.32363360537 7.31238059249 0.396412330552
-113.747 47.7687 -0.000971603458665 0.000508247010338 -0.00167585861606 0.00299283247771 4.2941 4.17991 3.93381070585 16.9508181998 0.599348724519
-112.607 47.775 -0.00153153953681 -7.68894833992e-06 0.00154606072493 0.00464049923063 4.53672 4.38184 353.471014513 25.5217605419 -0.0815605019896
-111.746 47.8012 -0.00326879136261 -0.000569532236908 0.00106189563274 0.0045944400847 4.44831 4.31641 350.188773822 55.0643373474 -0.819149947163
-110.763 47.6327 -0.00351868217937 -0.000719846947376 0.00224278574637 0.00435724385707 4.55808 4.44495 350.223951858 59.1616496609 -0.870823198248
-115.353 47.0528 -0.000462487422189 0.00111711312304 -0.00109825700009 -0.00179961929925 3.95047 3.93043 -353.839532223 9.2427060622 1.1508677955
-114.459 47.0943 -0.000689132901008 0.00159477981855 -0.00138400562068 -0.00144428565373 3.82997 3.79868 8.74616284327 15.5781744315 1.68276250323
-113.506 47.0816 -0.000880505526938 0.00153097280781 -0.00118284754512 -0.00141186822819 3.77229 3.74258 4.4208961572 17.571529281 1.62094093322
-112.52 47.0418 -0.00151311238718 0.00159246501929 -0.000164326302918 -0.000877428862592 3.9817 3.93545 -3.14282758641 25.765539104 1.61541657963
-111.549 47.0308 -0.00288415525536 0.00113089671171 0.00241453181306 -0.00108234882252 3.99963 3.92315 348.500302506 46.2510834641 0.844799205852
-110.687 47.1523 -0.00443816113728 0.00120597977366 0.00189329674191 -0.00256595607015 3.9331 3.87649 349.048380679 72.9455075892 0.941304279988
-109.802 47.1961 -0.00588160016934 0.000401043922026 -0.00364383793777 -0.00405828583577 3.44451 3.5595 -2.38691513727 98.435539471 1.10130819059
-108.136 47.0911 -0.000405709923362 -4.41448480074e-06 0.0104571369844 0.0119598867307 6.28553 6.75996 343.002205426 6.76316370179 -0.0364144381814
-106.994 47.0658 0.00293916280909 -0.00035470017206 -0.0150412008266 0.022791555665 5.40891 5.5526 32.1840102686 -37.8799532591 -2.38628453582
-115.571 46.4151 5.19180188269e-06 0.000920417989347 -0.000471379735983 0.00202964405279 4.24959 4.21672 -357.343754714 0.0938559235722 0.920294281486
-114.188 46.4423 -0.000996976250494 0.000154018714025 0.000852561746463 -0.00148861636535 3.86878 3.84192 1.16171987509 16.8592966732 0.187606945113
-113.493 46.4162 -0.00183999005689 -0.00054418889099 -0.000390845406715 -0.0028524417228 3.66144 3.6552 2.52181976986 30.122545176 -0.392123392419
-112.641 46.4246 -0.00173487265791 0.000464476336816 -0.00165374261955 -0.00398961950695 3.5913 3.57857 -0.468563057447 29.6079440526 0.566233574952
-111.676 46.5336 -0.00232815440042 0.0010063666721 0.00131519929584 -0.00196422523411 3.85854 3.83362 349.086736273 37.4598481213 0.793015436661
-110.858 46.462 -0.00369126460332 0.000264307202181 0.00312635059175 -0.00093115710525 3.90902 3.85388 344.890129646 60.8979712988 -0.233999793807
-109.914 46.5663 -0.00725428059952 -0.000243073867124 0.00033022401932 -0.000618693503546 3.75111 4.08609 345.910581992 121.707431089 -0.858228511552
-108.786 46.4611 -0.000142807042956 0.00142574163851 -0.000536664678297 0.00942625851642 4.88346 5.05066 1.92216057301 7.86893628802 1.42010186029
-108.13 46.5038 -0.00102862235186 0.00119944682551 0.00237788622656 0.00428333887865 9.46527 8.38498 -6.2557666127 19.4040021423 1.30750261754
-107.076 46.5408 0.00426719261887 0.00158094514112 0.012341055576 -0.00370139928959 5.40123 5.81217 -10.265017968 -69.1936205984 1.24432908556
-115.255 45.7565 0.000644131634356 0.00158905346715 -0.00399366641159 -2.33431853015e-05 3.87593 3.8864 -353.932741087 -8.66142220764 1.53116993125
-114.332 45.7893 0.000428648143202 0.000599097860148 0.00264839893725 0.00120344309852 4.15688 4.05075 359.471438845 -7.25183169426 0.599333888388
-113.37 45.8122 -0.00107479269868 0.000458131386921 -0.0001658765195 0.00297318109188 4.32988 4.12986 2.32051698997 18.7460675225 0.54601966391
-112.493 45.8409 -0.00266321635091 0.00136149083561 -0.00348880941784 0.0053599013712 4.33607 4.25538 5.94828080495 48.3479179957 1.81081059768
-111.626 45.7843 -0.00272128387824 0.00229440919869 0.00129016170661 0.00457655637335 4.31319 4.29862 350.747138624 43.6983580646 2.13624999034
-110.659 45.9054 -0.00297319896248 0.0015905099452 0.00291434600248 0.0060104681538 4.52043 4.35755 344.213011775 46.018206016 1.16869812893
-109.716 45.9046 -0.00642234756855 1.96537079098e-05 0.00253020416846 0.00510450938959 4.39894 4.30386 346.31063789 108.012047353 -0.415013023086
-108.944 45.8538 -0.0126214765758 0.0011945476964 -0.0100803599193 -0.00503724315705 3.6676 5.10827 12.6084787993 202.565062178 6.21958488643
-108.149 45.8006 -0.000319024322324 -0.00013294040696 0.00550071613916 -0.00520077449942 8.66546 -nan -2.33549007864 4.86982488601 -0.0718422596274
-107.123 45.8231 -0.000512360295336 -0.000399384358104 -0.00512003774717 0.0143367195328 12.374 -nan 37.1657340648 -0.0129952066888 0.159308299586
-115.326 45.1285 0.00055614481648 2.10583409201e-05 -0.000952662193319 -0.00306047031483 3.66514 3.66108 -355.585192628 -9.41250878112 -0.00664725741681
-114.233 45.0931 -0.000297073404196 0.000948197712364 -0.00322611838318 -0.000544750654064 3.98539 3.91136 7.76520358422 7.3643986998 0.981639674773
-113.46 45.2432 -0.00211309162562 0.00165061526354 -0.000422508282491 0.0014697617778 4.27217 4.16734 2.59039081058 38.1089190874 1.82522707163
-112.489 45.166 -0.00439544515246 0.00209668749394 0.000998580316085 -0.00301543371706 3.54648 3.5896 -4.3290617153 74.5879020541 2.09737316885
-111.805 45.2285 -0.00333282500921 0.00269899517673 -0.00120945932777 -0.00377864083695 3.29917 3.38504 352.732847339 55.2760921509 2.60939264678
-110.74 45.3212 -0.00284217322464 0.00273860462581 0.00398447267214 -0.0060291450255 3.35116 3.38182 345.92442434 42.8764681479 2.41750845907
-109.563 45.3171 -0.00679356068941 0.00163245315743 0.000104050209892 -0.0142327640617 3.50487 3.66312 -8.64328824557 115.719568997 1.82935665661
-108.214 45.2202 -0.00464903780454 -0.00783585062735 0.00120991770265 0.0183466680486 6.62041 19.001 -0.0300091862967 46.6835980141 -6.58426913567
-107.207 45.225 0.00376180807769 -0.00605388385309 -0.0163376794548 -0.00968295508713 3.2954 3.57756 8.92652932078 -99.6658028674 -7.06082708271
-114.855 44.5494 0.000577367262106 0.000893888181351 -0.00426192757755 0.0028137325601 4.21202 4.0541 -350.650618004 -7.40633205453 0.795587230451
-114.255 44.5642 -0.0012101624881 0.00113201634157 -0.000970902779709 0.00199940115754 4.18618 4.04918 6.00759631562 22.7294507002 1.26530035245
-113.367 44.6165 -0.00222399087836 0.00109632277024 -0.00035243061554 -0.00168024558048 3.73812 3.74641 357.078939157 37.763582887 1.08232510596
-112.644 44.6173 -0.00291460397835 0.000315082561876 0.0040806147817 -0.00171699101855 3.59336 3.65931 347.597323318 48.3383231689 -0.109504738932
-111.248 44.7038 -0.00263951818179 0.000444867746985 0.00237650437062 -0.0060886917434 3.36381 3.43627 348.677860185 44.2021124594 0.245329118018
-109.664 44.6769 -0.000704744966791 -0.00084983557284 -0.00263903056792 0.0259077291676 9.65814 11.8233 18.8347932812 3.42204256222 -0.39876410749
-108.986 44.6704 -0.00257075018389 -0.00125766368562 -0.00307827119711 0.0247880065977 8.4286 8.42619 31.8014937884 16.9432162202 0.858811378488
-107.999 44.4868 -0.000856689311148 -0.000322284814406 0.00230954722699 0.0295350734396 10.2284 7.12178 24.6089755956 7.9929859574 0.280303065199
-107.042 44.6277 0.00318757468376 -0.00188962812665 0.0110012254863 0.00227238784635 4.5346 4.37783 -8.09660087343 -57.8126506423 -2.29589550705
-115.133 43.7945 0.000385356796939 0.00139381477465 -0.00606655954638 0.0011212885353 3.88583 3.89362 -347.754193964 -1.91084351406 1.29434161639
-114.117 43.9146 -0.000277087226761 0.00218350853036 0.00195131397175 -0.00124281433355 3.87706 3.82293 -0.808723410464 4.86455555246 2.18440726134
-113.452 43.9286 -0.00192395796657 0.00159579279675 2.83413583814e-05 -0.00126543219099 3.67806 3.62991 355.062494934 31.698171068 1.510473577
-112.485 43.9997 -0.00231127698171 0.00129909682495 0.00120661103107 0.00300678725964 3.95692 3.94746 351.489032434 37.8770715802 1.13529259928
-111.487 43.8756 -0.00233323065551 0.00136862255367 0.00288379344076 0.00456320745171 4.16568 4.37499 348.313387592 37.7223022793 1.16080159922
-110.576 43.92 0.00146092103088 0.000274804138947 -0.00269758782526 0.00469728045207 4.48576 4.44088 2.06783264332 -23.6563635062 -0.00170681340637
-109.817 43.7013 -0.000983808221895 -0.00195084928334 0.00219601207354 0.00420017969103 5.37991 4.88439 -0.47030832706 10.851028837 -1.75309409187
-108.994 44.0363 -0.0051950171059 -0.00263775302108 0.00067839086919 -0.00911177443149 4.72248 5.17568 -4.22325721916 81.7236527554 -1.91351552609
-108.128 43.9496 0.00309616164351 0.0105711964306 0.00872676362116 0.0466532435837 17.1725 -nan 14.4583597305 38.9141816389 7.84195725029
-107.292 43.8122 0.0071177146944 -0.0019061925262 0.00432215153811 -0.0085676757741 3.74907 3.9663 -5.33184726885 -125.183343374 -3.14920167185
-115.828 43.4151 -0.000202465966972 0.000576893335841 -0.00922315266707 -0.000816763252773 3.77353 3.78682 -349.602502324 4.75932935334 0.598662686223
-114.174 43.3979 -0.000108093228799 0.0022013995232 0.000443866818592 0.000357181491787 3.81227 3.81386 2.46620531915 4.06506214525 2.20395233635
-113.518 43.3234 -0.00107921346803 0.00189735411143 0.00239276530165 0.00118636966566 3.87265 3.81937 352.642544855 15.6218716171 1.79589137865
-112.433 43.3998 -0.00276401570402 0.00146791922874 -0.0026246837997 -0.00328983080921 3.64936 3.58869 353.283681815 46.5416877492 1.37157776516
-111.612 43.2741 -0.00460273384237 0.00128274065962 0.00376604399381 -0.00195036944897 3.43906 3.58387 348.135361382 76.6659401608 0.852949541512
-110.712 43.3629 0.00667062984003 0.00199885377319 -0.0023528958601 -5.14463732522e-06 4.58642 5.46321 16.2263743667 -89.5438036582 -0.978005117973
-110.02 43.2112 0.002209196469 0.00223494706076 -0.00264104850515 0.00407024952708 5.32043 4.38288 4.37762966484 -27.1243715232 1.61209728497
-109.053 43.2649 -0.00272914730096 0.000672100737606 0.00445901967755 0.0088231322382 6.1281 4.97843 346.433958037 46.4796865495 0.605506512
-108.084 43.3531 0.00420356605954 -0.0019643764301 0.00591437361289 0.025651381952 7.90042 11.3999 321.186784139 -51.4054710307 -0.0360387337143
-107.446 43.3459 0.0024351454487 -0.00180893317844 0.000171543947085 0.0122029997819 5.5927 5.48467 -0.998544939369 -48.0816845697 -2.36343282042
-106.479 43.4126 0.000761718138807 -0.000385407664815 -0.00418414596239 0.0064852230111 4.65396 4.50361 8.30891932892 -14.5700094559 -0.679180965244
-113.176 42.5452 -0.000342993607169 0.0031875365528 0.00414459839529 0.00148854454383 4.11962 4.19283 352.291771649 1.57558107002 3.15069373512
-112.531 42.6852 -0.00229543952581 0.00255104403053 0.00306404455634 -0.000872687416393 3.98551 3.95317 349.566367139 34.9422919484 2.30652004497
-111.588 42.8321 -0.00229013341765 0.00120182433656 0.00618400209975 -0.00481428478787 3.92711 4.01768 346.648599507 36.7882594341 0.929989509184
-110.92 42.7507 0.000442271599612 -0.00181916138698 -0.0129619088415 -0.00174107012898 3.80404 3.78533 23.6545400609 -23.025558975 -1.77802198015
-110.042 42.6372 -0.00239605940986 0.00349875354396 -0.00110709620084 -0.00274923933972 4.16243 4.17071 8.06659586395 58.1184417879 4.07465491761
-108.847 42.8247 -0.00462969885987 0.00697477659424 0.00186926030564 0.0015066739666 5.44663 8.42298 0.35241700927 104.768903687 7.84628702989
-108.342 42.6579 0.00192405637362 0.00150416445777 0.00482925709468 -0.0339602785096 2.58328 2.65043 -7.98358743375 -30.1811288179 1.29395956276
-107.251 42.6332 0.00467154828207 0.000368753750264 -0.00387640677352 0.00160557173802 4.84241 4.89164 2.2167771163 -73.999838736 -1.14139556543
-106.524 42.6507 0.000522256604079 0.00105548817114 0.00634436765435 0.00333060782936 5.38141 4.87146 -7.29251520313 -5.45680235348 0.940758335744
-113.24 42.0343 0.00253233793795 -0.00163698786059 0.00333368878797 -0.0033414404393 3.93888 4.07054 354.497764169 -42.6382783451 -1.52999682247
-112.386 42.0041 0.000319626072995 -2.12971848722e-05 0.00208628726618 0.0139250043717 5.97371 5.71271 -0.679080926235 -5.54711397234 -0.0458881723327
-111.432 42.0149 -0.001567219195 0.00103921520575 -0.00214358093478 0.022956531971 7.98866 7.54735 25.0006761412 32.5394771387 1.71599954488
-110.873 42.0995 -0.00296120020551 0.00367607573289 -0.00504237210577 0.00405427169105 4.67005 4.47699 13.4253308006 71.2874322716 4.5175716515
-110.036 41.9243 -0.00313042528496 0.00632858936525 0.00118664462162 -0.00362535773715 4.35148 5.09766 3.60194976335 79.282484924 6.90189241685
-109.357 42.1012 -0.0048947304919 0.00381782750703 0.00709297567947 -0.0124264281554 4.2428 4.91819 -9.06923028522 87.8129245404 4.06457217684
-108.34 42.0073 -0.00118557217194 -0.000603017902757 0.00235227044172 0.0321415717272 32.946 -nan 25.9407382746 8.87733371365 0.306794451374
-107.369 41.9641 0.00376381149404 -0.00159866311568 -0.00579789630393 -0.00577947827996 3.99146 3.93154 6.21485174053 -70.518871543 -2.92993782612
-106.434 42.031 7.51064932566e-05 0.00120018762388 7.58067643842e-06 -0.00287885399938 4.11423 3.94127 -2.83733031078 4.34998686381 1.1350129055
-105.701 42.1143 -0.00237243540035 0.000447127563853 0.00469064182914 0.00226989019901 4.8604 4.75421 -9.4646206066 41.4916597521 0.876160663686
-104.933 42.0432 -0.000724203297917 0.000603854130882 -0.000585546511932 -0.000587938708801 4.77142 4.86642 -1.80486420924 15.2280178663 0.814774550199
-112.448 41.4632 0.000637015396077 0.00226665023297 -0.0246731432874 -0.00631095652966 3.23989 3.21205 27.7189279546 12.0223297744 1.56065781605
-111.63 41.3146 0.00105269602354 0.00123099496918 0.00150767960245 -0.00660281870947 3.61043 3.30647 -2.99168570934 -16.7452419693 1.1535262499
-110.666 41.4729 -0.00431622112354 -0.00073510945841 0.00968342889975 0.00413456901033 6.66252 7.31398 301.440383474 58.5362375069 -3.75142703088
-110.067 41.4272 0.000300938883586 -4.37032898846e-06 -0.00674978552953 0.00865605084519 10.2875 -nan 16.8524512879 -4.66627287219 -0.142998529818
-109.157 41.5047 -0.00101518811506 -0.000838785965218 -0.00192026867142 0.0133225307147 11.9292 -nan 10.0268109952 10.5918192576 -0.380178906432
-108.187 41.4906 0.00531230759955 7.24505763604e-05 0.0092210028497 -0.0142529663316 3.83505 4.18163 -13.6920026782 -91.9249208936 -0.0476263073714
-107.364 41.6067 0.00295360079206 -0.000152030361133 -0.00407109325473 0.00453823107988 4.66018 4.38404 7.38853484503 -47.6499430071 -1.3477437522
-106.596 41.4033 0.000400488997726 0.00115273880445 -0.00275171277769 -0.000605331766523 3.994 3.89301 -0.933595212698 -0.540411329756 0.976530534218
-105.722 41.468 -0.00211432030428 0.00182270578955 0.00432919994078 -0.000770234039621 4.27398 4.27144 -10.6154898333 41.3411691112 2.15875366696
-104.825 41.4676 -0.000383106576553 -0.000125255659094 0.00212827364271 0.0122830807338 6.74433 6.93383 8.31585297663 4.56716263182 0.0883567684747
-102.772 33.9696 -0.00198170950066 -0.000157591765102 -0.00415525903574 -0.00185459463188 4.67651 4.22234 1.64882746817 26.2075079205 1.09378802793
-112.52 40.8903 -0.000333071811868 0.00217517366275 -0.00957183066656 0.00580558126495 4.06203 3.87789 8.93749685524 14.7820006681 2.19132772131
-111.437 40.8869 -0.00649392150216 0.00534762683143 0.0104581336021 -0.0155009301246 1.89574 1.97828 346.042771585 102.244474914 4.59962531082
-110.834 40.9425 -0.000942007857898 -0.000681676335895 -0.00174843299938 0.00377808414513 7.73582 9.00153 -4.93745330201 15.5120664169 -0.612139889974
-109.673 40.9763 -0.000505222251298 -0.000264295927842 -0.00108950566358 0.00384279325138 7.26663 7.5158 -0.146684476023 7.67874595477 -0.156702986022
-109.177 40.8936 -0.00188809854641 0.000480710445985 -0.000185207224378 -0.00301093075746 6.22391 5.46402 -3.6775485452 33.7713353128 0.780869711274
-108.263 40.8338 0.00125014922203 -0.000318485786162 0.0115273925804 0.0339928656444 32.6917 70.4206 -14.7893940329 -21.7741551788 -0.327393075276
-107.52 40.76 0.00261475452464 5.34666734809e-05 -0.00166510966515 0.000378393218798 4.21098 4.09377 0.0790777424882 -43.167182491 -0.71550478235
-106.454 40.8023 -0.00106815968371 0.000438232454086 0.00084305420657 2.15529740605e-05 4.03117 3.95064 -2.91502472046 19.9215356849 0.722962409886
-105.944 40.8947 -0.00129183060272 0.000472791644605 -0.000954241861414 -0.000170835598824 3.84781 3.90734 -2.4066328924 23.8117120751 0.84976269365
-104.882 40.8271 0.000680798424703 9.31908132406e-05 0.000456795220796 -0.00753385388307 4.13738 4.1364 -3.6058819052 -10.5841670463 -0.136556113866
-104.087 40.8132 0.000136552524943 -0.000766102333472 0.00153496684107 -0.00453389491913 4.47465 4.4079 0.807807490025 -7.80785560861 -0.750573551172
-114.745 40.2679 -0.000812347965721 0.00143613131492 0.00673208329618 -0.0188692735882 3.34769 3.39029 -2.85668903099 12.7674168677 1.38727345999
-113.981 40.1314 0.000597806747648 -0.000624668123332 0.00569755046275 0.0100182129649 5.91673 6.18939 349.694974115 -8.68084215804 -0.525774637577
-112.469 40.2807 0.00233983620632 0.002971572809 0.00192918593371 -0.011537952921 3.0201 3.0927 354.085979514 -41.5555776043 2.99792644391
-111.502 40.2067 -8.36855498327e-06 -0.00228088745496 0.00201735859844 0.00562914511248 3.87296 4.03054 -7.68406463137 0.144470779259 -2.28088702323
-110.738 40.1948 -0.00323745801047 -0.0032563522423 0.00191925189827 -0.000963814014613 4.41196 4.60342 -9.20366089572 56.277023346 -3.23490361753
-110.008 40.2655 -0.00146303182515 0.000450533108817 -0.000128375626821 -0.00406197034278 5.82999 6.02011 -5.4451792187 26.2487320362 0.598407939743
-109.124 40.2982 -0.00206332641453 0.00259726592985 -0.00190317607813 -0.00186241425466 6.27646 6.69063 -0.131761183434 45.5177328302 3.00313895698
-108.242 40.1348 0.00435573279889 0.00131438842701 -0.00665555617172 -0.0216424370968 3.26184 3.31672 2.37852398957 -65.1919313738 -0.100663340936
-107.47 40.2149 0.00185572363828 0.00192584171157 0.00312435195771 0.00363043512022 4.36111 4.15854 -6.79720592103 -25.5831562011 1.54934088109
-106.547 40.1618 0.00145756780641 0.000725446293895 0.00155648586446 0.000794997947509 4.19586 4.06474 -10.4528346212 -23.0362683201 0.483045048708
-105.918 40.2109 -0.000395631133475 -6.04955174817e-05 0.00455376255173 -0.00269419456311 4.02349 3.9926 -8.02498936067 6.46577640729 0.0303173797158
-105.073 40.1227 -0.00112518770437 -0.000458649063715 -0.00579960826644 0.00153648678393 4.15393 4.17324 9.5439208968 12.1759937892 0.21980575265
-104.12 40.1129 -0.000467421055526 0.00168042062278 -0.00643678892824 0.0210233452973 5.47214 5.55256 16.9407889597 25.5595089658 1.55983826
-116.464 39.6202 0.000629630995293 0.00106804502127 -0.0125515180699 -0.0184170502554 3.33303 3.2779 -348.938954131 -8.97643811883 0.993732958007
-115.754 39.553 -0.00198624136343 0.00147516072037 -0.0011151540405 -0.0203907080989 3.27901 3.28522 -353.310933504 36.528796812 1.59855169365
-114.908 39.4731 0.000749800502433 -0.00224117863676 -0.00768012457055 0.0070954779915 14.2005 13.5166 -344.463490184 -22.7679602512 -2.35802328089
-114.016 39.455 0.000885393785676 -8.16279047632e-05 0.00486450772221 0.00455569449894 8.593 7.86585 339.10985248 -14.2231983135 0.217659095486
-113.069 39.5906 -0.000184067230653 0.00052922970865 0.00231665801605 0.023199774576 9.40065 10.2723 4.07086090297 4.49457547689 0.54960884004
-112.279 39.5708 0.00142237007765 -0.00697015315624 -0.00429962985519 -0.00387115209205 3.53542 3.72525 19.6979935723 -75.5455799239 -6.90007419289
-111.66 39.6092 -0.000582643339086 -0.00173431704314 -0.00929014562266 -0.00304674898613 3.50292 3.41083 18.7451079771 -4.28691089804 -1.29819027702
-110.74 39.473 0.000654618449657 -7.97314205599e-06 0.00759279072238 0.0100808953163 8.89 7.20121 332.966257392 -10.9538739437 0.185496376268
-110.246 39.6279 -0.00157549457531 0.000259467791042 0.00184804354853 0.00187357376584 6.14854 5.44051 -10.7702974485 27.6788413517 0.267238233647
-108.981 39.6333 0.00217954058952 0.00206285863909 -0.00388855777367 0.0233133595479 8.2026 9.34909 15.8965520736 -14.9264511109 0.692001664919
-108.391 39.4998 0.00020414708148 0.00102080164648 0.0155460792179 0.0207470808978 10.597 16.6187 320.465955502 -10.4973379709 1.01636689505
-107.449 39.524 0.00324426908237 0.0040664211411 -0.00386838839702 -0.0116881528486 3.11943 3.18169 -5.64741059612 -40.2412997001 3.27775147055
-106.759 39.5952 0.00128304165044 0.00266804416182 0.00948174323014 -0.0108098829001 3.39836 3.38277 -12.2361943598 -16.2608294327 2.48145178804
-105.839 39.3741 0.00148042229727 -0.000528218521899 -0.00771666040554 0.00228286902083 3.95064 3.9255 12.4129702404 -26.5645357508 -1.27184272702
-104.908 39.5144 -0.00124919063083 0.000786935326795 -0.0163763719982 -0.000242140543686 3.77235 3.80832 17.1578015215 25.4215567229 1.41453854754
-104.168 39.5125 0.00016707522751 -0.00474151168848 0.0342768789425 -0.0452722998002 2.1649 2.20293 328.028137048 6.17225723218 -4.69448533072
-116.4 38.8247 0.0022679465917 0.000321363612574 -0.00886173699054 0.0458120479547 27.065 9.96488 -309.257337001 -23.8237317242 -1.40445198961
-115.654 38.8455 -0.00025403682032 -0.000900357926284 0.00302028478705 0.0351060323717 30.5784 18.6328 -56.0502089312 15.9467173849 -0.682317881841
-114.83 39.04 -0.000488584537363 1.93869234919e-06 -0.010090689713 0.00432618677368 9.87346 12.7147 -1.593264265 8.61767104564 -0.017374625172
-114.02 38.9551 -0.000810489418297 0.00203649030018 0.0145653374485 0.00823501957401 7.56283 15.444 314.875576899 -14.4709869735 0.914086799674
-113.277 38.9882 0.00621733278308 -0.00328478236092 -0.00608061598286 -0.00942268637655 3.65978 3.7962 22.4642119206 -124.088838271 -5.67082668905
-112.379 38.9995 -0.000211166924357 -0.00171103260206 -0.00437939242171 0.0107894565739 5.36495 4.68346 17.8820143077 -8.7182264183 -1.48208087556
-111.172 38.9176 -0.00452123405676 -0.00211117254617 0.00347404378923 -0.00395174039472 4.76276 4.51412 3.27003643766 70.0451542981 -1.10252145593
-110.133 39.1025 -0.0027307326437 0.00140640037521 0.00347744884898 0.00057061894943 8.06511 7.74175 347.073353393 47.4994721943 1.34265604694
-109.263 38.9553 0.00105132270959 0.00360788873497 -0.00377845037289 -0.0100726191356 3.9494 4.14707 -8.07935165492 -11.9744809624 3.4826675628
-108.296 38.9541 0.00129082827296 4.72717888848e-05 -9.34604627421e-05 0.0040107475577 5.60009 5.06381 -7.1597319713 -22.279489635 -0.159318765312
-107.574 38.8347 0.00212404174061 -0.00176256270865 0.000770223109515 0.0297543736016 12.653 11.3251 304.861976738 -11.2503178577 -0.133742572583
-106.91 38.8627 0.0003190924397 -0.000219987332308 0.0192797803098 0.0308052008089 11.1372 18.2419 291.835742483 -0.840638593983 0.0920506070669
-105.834 38.9045 0.00146682656728 -0.000607479527493 -0.0142649457914 -0.00146142626948 3.65897 3.57819 14.4206566891 -26.9560877026 -1.36541209114
-105.149 38.9641 -0.000433318272898 -0.000223717596588 0.00775116459188 -0.00255242540929 4.46867 4.32624 -5.38106480562 5.93856285482 -0.073990378937
-104.247 38.9145 0.00204670230215 -0.000128275142172 0.00147275497572 -0.0417974621172 2.33564 2.31858 -11.5361939958 -35.1648973519 -0.638745081384
-116.302 38.2886 -0.00158559482431 0.002500790672 -0.00652506716255 -0.0112746158318 3.43381 3.57641 -354.145823107 28.9910532583 2.5317929281
-115.585 38.3489 -9.41145821779e-05 -0.00198719754994 0.013297650208 0.0407828205367 51.2004 -nan -1.39122968476 4.21034426686 -1.98880302691
-114.608 38.3281 0.00398833762219 -0.00749321726918 -0.00218074921356 0.0218117080261 5.49265 6.44921 -304.898538851 -149.423458279 -7.56401569616
-113.969 38.1802 0.00205422921433 -0.00453802834582 -0.00290140276487 -0.000148248320259 4.02234 4.08737 34.2112320366 -76.7499936428 -4.88089619929
-113.021 38.2987 0.00207990510342 -0.00144438212946 -0.00968804155271 -0.00101635227026 3.67124 3.64063 31.0766650457 -44.8999227723 -2.38104470858
-112.277 38.2108 0.000129799441073 0.00183128748674 -0.00920241914036 0.00234583053735 4.08907 3.75331 31.4960591442 18.0841578315 1.3676157543
-111.483 38.2843 -0.00281888642904 0.00188739134242 0.00377471704631 0.011200620401 6.37279 4.62585 1.10836418457 54.7954608725 2.32802227819
-110.711 38.4187 -0.00759007356584 0.000822517085035 0.0149770121833 -0.0103759488854 3.31501 3.38583 327.129946724 118.569284163 -2.13727728732
-109.894 38.3862 -0.00350696230453 0.00095238617767 -0.0136266628635 0.0123571717272 6.6028 8.72993 33.5423456579 55.1096709339 3.18871234147
-109.261 38.2916 -0.00154392538148 -0.00126259365929 0.001391086318 0.0453410688826 12.0552 -nan 89.5052635612 -28.2008018746 1.80093769877
-108.379 38.1888 0.00650133164681 0.00246763734421 0.00734763580577 -0.0202365679649 3.32758 3.75321 -13.0439763173 -111.887757943 2.04978881066
-107.55 38.3685 0.00125299731604 -0.0017102529056 0.00287407282936 -0.015442597016 3.58112 3.55794 -4.05332338969 -28.9821685186 -1.97097433051
-106.756 38.2289 -0.000272748969488 -0.00279228637481 -0.00598326278897 -0.00806640629949 3.28408 3.24629 11.5999698191 -22.2874954071 -2.2122733999
-105.107 38.2315 -0.000755016846853 0.00164512846223 -0.00591169072609 0.00942238406508 4.50203 4.30204 21.2014863443 30.002994081 1.68593333178
-104.283 38.1474 -0.00343732563776 0.00177763085892 0.0134802464297 0.0191150415618 7.41197 7.32139 6.23732620859 67.5560827945 3.36546262152
-116.595 37.923 -0.000313208979008 -0.00229829084172 -0.0189045235427 0.00978836570112 5.35557 5.5652 -339.626063799 -5.0272287205 -2.14256212797
-115.747 37.6444 0.00155539083284 -0.00261210218615 0.00931477074869 -0.0120360631688 3.42419 3.54836 -349.077330708 -33.6192789868 -2.79527716083
-114.849 37.6083 0.00396873124674 0.000314397018235 -0.00253957189033 -0.00184760661711 4.46571 4.37423 -339.348261333 -64.5796124296 -1.05389361643
-113.86 37.5808 0.00267337200211 0.000384211851286 -0.00270347071953 0.0103628530766 5.68754 4.67839 27.2467295955 -38.1998228265 -0.971954799191
-113.168 37.7601 -0.0018984827064 -0.000223191173497 -0.00493643139622 0.00791554658186 4.83651 4.28374 20.7061365377 29.0441370058 0.588991706738
-112.363 37.6761 -0.00412143960041 0.00243111009109 -0.00339169013777 -0.00648724513257 3.33219 3.29191 29.4588804672 84.8109931679 4.37848217856
-111.596 37.7222 -0.00538826721479 0.010723701928 -0.00329170125509 -0.000194968529962 5.13616 6.05805 27.6913834772 189.64426215 11.8419727078
-110.802 37.6354 -0.00147888124 0.00181822621235 0.00692171176385 0.0175211703447 13.4977 55.6996 341.790836172 21.76128019 1.6053468347
-109.995 37.6903 0.00416955298645 -0.00225490553657 0.00732751012843 0.00159965771843 5.31217 5.75762 336.704936787 -65.4651829298 -1.45304943634
-109.137 37.7459 -0.000542102622183 -0.00332228815007 -0.00247918375275 -0.00110843812284 5.22921 5.35699 -3.10846977683 -2.75025721571 -3.13894519658
-108.36 37.83 -6.10446233172e-05 -0.00489688711711 0.00765155366649 0.0204476246396 7.78048 23.4925 334.987076697 13.1500483027 -4.8576516364
-107.792 37.662 -0.00146485268019 -0.00141066648479 0.00579678390184 0.00467136374434 5.68589 6.05709 -4.24615921733 18.9254001709 -1.00255281269
-106.829 37.7461 0.000319585556421 -0.000893374817675 -0.00505437372595 0.00422251258154 4.30574 4.09686 14.447312518 -13.7648254171 -0.912987893919
-106.002 37.7059 -0.0025125382553 0.00185285733006 -0.000146289333137 0.000115952281024 3.31893 3.26948 20.5829732466 54.6576402354 3.07575029353
-105.213 37.6407 -0.00231332624053 0.00539867831078 -0.0145035972754 -0.00221014753233 3.40166 3.48847 19.2641928118 95.7610259617 5.47448892677
-104.435 37.6606 -0.00141497147746 0.00213470024843 0.032953565218 0.0292908055929 21.4533 45.5622 251.726682061 -33.341248799 -1.07357551128
-115.22 37.2408 0.0012159046093 -0.00492835173139 0.00850388344245 -0.00468121854257 8.80503 41.9075 -9.50554918965 -3.9522602655 -4.59231674988
-114.715 36.7256 -0.00040779346049 -0.00343188570746 0.0143309955765 0.0113657358565 11.9021 16.1655 -23.363425458 31.464513354 -3.30506907378
-113.907 37.0195 0.00244705287416 0.00159722202273 -0.015215561263 -0.00152821510664 3.68873 3.59751 31.2745189175 -20.9550655039 -0.00441326979583
-113.084 37.0615 -0.000642878522052 0.00384634087201 -0.00515412522333 0.00828016098154 4.84879 4.30447 31.8729427743 49.862736317 3.48356447332
-112.382 37.0183 -0.00486317817259 0.00214791723929 0.0087220434392 0.00715472154374 4.84962 5.12235 -3.18450855226 88.8926520267 2.41434279656
-111.506 36.9839 -0.00281039365823 -0.000268831939939 0.00442821879854 0.0138656742618 5.11752 6.46357 -4.52246109482 49.6874474255 -0.0537325827877
-110.804 36.9969 -0.000471567372421 0.00237234511514 0.0161387330471 -0.00883421427 5.5967 6.89635 321.10395632 -12.4527903621 1.87310752708
-109.874 37.1364 0.00330203226171 0.00116779456788 0.00217704138478 -0.010408115263 4.20018 3.97068 -8.85849661948 -56.9956341786 0.901605851795
-109.025 36.8299 0.00140842165421 0.00055483303342 -0.00527031131462 -0.00460455563765 4.15598 4.4408 5.87571444777 -19.6231024768 -0.00967689400627
-107.534 36.9914 -0.000813832693774 -0.00300864904591 0.00396657639554 0.00824964863279 6.53664 6.00183 13.8547387327 -17.6905480842 -2.04914185585
-106.903 37.0138 -0.00147281528331 -0.00105458389647 -0.00797649008887 -0.000974297698086 3.73714 3.68203 19.3320864274 7.51617871788 0.16657447694
-106.037 37.0361 -0.00450698059805 0.000624938226907 0.00157477808334 0.00152986269506 3.68689 3.72225 7.96595597756 73.7598108359 2.90176650623
-104.411 37.1388 -0.00219048542231 -0.0019469080247 0.00505770526949 -0.00894071355402 3.97295 4.30027 -2.95783208826 20.7349326797 -0.851631231402
-116.33 36.4193 -0.000420504289607 -0.00101043497714 0.00582296159785 -0.00449281368346 3.86464 3.77037 -1.26051435042 9.55071281615 -1.05161372989
-115.383 36.423 -0.00521611147643 -0.00222362689819 -0.0196652830928 0.00736485301812 4.66246 4.86073 -327.883204828 61.5406576257 0.652245262547
-114.539 36.4321 -0.000189456042851 -0.00165946356016 0.0250265853363 0.0039847264906 8.6376 9.92237 323.313029021 20.4743433892 -1.44555578162
-113.965 36.4151 4.43554918027e-05 0.00213296821596 -0.0197036803194 -0.00164970046043 3.39761 3.38347 29.8464746091 19.4236255212 1.7918806296
-113.18 36.4182 -0.00267331870874 0.00736606957194 -0.00233824329188 -0.00993073484125 2.98026 3.16096 25.5336617221 107.165154191 7.72255594918
-112.291 36.428 -0.0017957262293 0.00459755191385 0.0174776192813 -0.0115322842851 3.33718 3.55837 344.103387686 18.8047187678 4.25704669982
-111.13 36.1428 0.00127917561438 -0.00374279180338 -0.00575110439571 0.000616784853811 6.63586 8.15188 340.411018546 -11.9432881594 -3.49064959474
-110.662 36.5996 0.00063862358351 -0.0019603282273 0.0130661230904 0.0085390147995 7.2576 10.8203 318.516270923 7.62037279426 -1.37927234641
-109.87 36.4199 0.00104133933489 -0.00371867595141 0.00397959892313 0.0354740085925 16.9667 17.4538 47.8516013596 -67.4450470418 -2.67671936293
-109.208 36.2925 -0.00112957868748 -0.00390828239178 0.00156241282337 0.0343091225394 10.5769 11.8023 55.3364480489 -59.7177689342 -0.187534408699
-108.52 36.3758 0.00325593870654 0.000596686086948 -0.00717575317472 -1.80218106483e-05 3.50803 3.58056 14.8727218244 -43.236732007 -1.25380964659
-107.658 36.4277 0.00113590590141 0.00156267297504 0.00213628363892 0.0114238862623 5.62779 4.92065 15.3553707483 -0.332001597095 0.61380755365
-106.855 36.3773 -0.00174914399946 0.00105678472772 0.000767657768933 0.00723594549466 4.84987 4.31385 7.83541336645 36.4065633387 1.79259760714
-106.192 36.3289 -0.00432364753641 0.00192077513319 -0.00334532441097 -0.00990761293473 3.46336 3.49423 -3.86999494077 84.0373738586 3.29978591186
-105.278 36.4093 -0.00197003851239 -0.000881434984456 0.0155725489098 0.0102729941445 7.50175 7.80554 -25.3437622888 34.6837238681 -0.844484669517
-104.408 36.3998 -0.00254155180619 -0.00459127005633 -0.00522738749615 -0.00594581836096 4.25941 4.20939 -8.38424006661 14.1280553105 -3.42921883202
-103.744 36.3945 -0.00363265904957 -0.00256872492447 0.00426035266294 0.0227741905059 5.9302 5.56237 6.66595009932 24.0907173856 0.128190092231
-115.43 35.8384 -0.00337295049993 0.00108429879597 -0.0309447906202 0.0248327623152 4.18027 4.2825 -295.6135755 45.956416976 3.48433597493
-114.851 35.7266 0.000720750884865 -0.000161279592527 0.0305252599357 0.0113887235683 9.11846 7.09814 -54.5186904213 -4.98874081872 0.501464639774
-113.984 35.8522 -0.000363153577518 0.0019754224697 -0.0157477995642 0.00425066674347 4.04735 4.05912 25.7201303262 22.2513161219 1.91938981859
-113.105 35.6339 -0.000780542028711 -0.0020467474818 0.0021149657409 -0.0151800138459 6.18682 5.96147 -0.624422707669 11.4831520598 -1.9878028175
-112.173 35.8191 -0.000703820404546 -0.0024552479177 0.00218449640798 0.0162694864103 8.28774 9.85633 347.477511604 16.5537201871 -2.50818170539
-110.794 35.6218 0.0034619458855 -0.004611483482 0.00721017438429 -0.00626472254624 3.89417 3.92851 -10.9800974362 -63.3742016873 -4.65550747593
-109.933 35.7113 0.000993177530189 -0.00252553852305 -0.00110362318274 -0.010301794636 3.6477 3.50922 1.80813003668 -29.7024798584 -2.7016720518
-109.046 35.7147 -0.00166289870373 -0.00078099663731 0.000952651711873 -0.0163577061755 3.25366 3.13899 3.81769472918 22.9836559798 -0.143914382249
-108.466 35.7992 -0.00124311596202 0.00121386246031 -0.000788687423372 -0.0159537470768 2.95598 2.95033 10.3265420029 30.0084054276 1.66233182676
-107.638 35.8054 0.000800177575084 0.00646746291061 -0.00209756420142 -0.0190340317875 3.07128 3.12445 6.23089030444 39.8285063789 5.39833009518
-106.909 35.9138 -0.0017497829561 0.00315203513557 0.00750790155111 -0.00936218390676 3.58309 3.65868 -8.67049291689 43.9688321594 3.48190479498
-106.183 35.7452 0.000571995583633 -8.49656869877e-05 0.000920188178779 0.0170548274992 5.38244 5.8986 8.47256720926 -9.36966700087 -0.385163250665
-105.272 35.7259 0.000592750225106 -0.000955562458785 -0.00265060042843 -0.00390434573649 4.13723 4.06485 7.23363688938 -18.3567814311 -1.12322888826
-104.616 35.8383 -0.00278267881465 -0.00162125606451 0.0050189213108 0.000263751590618 5.8287 4.72375 5.92615843662 24.2324322859 0.253858611266
-103.786 35.7964 0.00296551067524 0.00430572894976 -0.0287694763078 -0.000203602025213 2.98995 2.99618 9.76125091218 9.96426419992 1.32881732684
-114.87 35.301 -6.10525579987e-05 0.00483974350125 0.0165092693007 -0.000854983392258 6.27585 5.94789 -14.3538925821 -22.000092058 4.65228936709
-113.885 35.099 -0.000423544297423 -0.00101722134972 -0.0154832639691 -0.00460829540044 3.80547 3.76836 17.1157974867 1.13523858017 -0.819542751759
-113.083 35.2127 -0.000680106559585 0.00465198083781 -0.0111843546218 0.0612330093285 9.48026 6.33662 125.263369929 56.4684508602 -2.47171309508
-112.267 35.1787 0.000959617688391 -0.000916097146384 0.00743841939204 -0.00724578814637 4.84987 4.94693 333.985508217 -11.1411122338 -0.561403466375
-111.532 35.0951 0.00157630750248 -0.00209000350211 0.000591820722108 0.000263864571761 5.51978 5.77477 343.242880765 -23.6568222821 -1.88180947743
-110.713 35.0789 0.00276114405159 -0.00221637644273 0.00844582664579 0.00209609117991 4.77304 4.69855 -7.86156068003 -52.8168405324 -2.42412962199
-109.736 35.1181 -0.00112129488899 -0.00190248475259 -0.0143787558854 0.000675136913923 3.74723 3.79252 17.4918247052 -1.57963239955 -0.992169761632
-109.388 35.1118 -0.00123835415206 -0.000154615533065 0.0127629119023 0.000766984361937 4.35826 4.34169 -3.86729937223 21.1901598246 0.116833336643
-108.5 35.1259 -0.00120972480256 0.000366239166466 -0.00769371656759 0.0210898525133 13.1402 -nan 29.7086541552 19.3225045928 1.1505746871
-107.648 35.117 -0.0017526315032 0.00185499670756 0.0184960898317 0.0313819891776 10.0649 -nan 291.849332721 -2.62762751231 -0.00148568019593
-106.867 35.0719 0.00437082573118 -0.0022634901562 -0.00455392744806 0.00125279718895 4.54948 4.93995 4.79452137746 -88.3424683674 -4.07778218071
-106.15 35.1605 -0.00099680196109 -0.00557748548636 0.00603738769573 -0.000530805832102 6.07321 6.68873 5.36269844223 -36.1824496588 -4.26649095392
-105.408 35.2106 -0.00437448651726 -0.00246798952967 -0.00128393729745 -0.00657236100041 3.90065 4.28045 18.2013284067 22.8995990314 1.41529490746
-104.461 35.2177 -0.00335333080504 0.00185474008956 -0.0180748151757 0.0152678332759 3.37162 3.87513 51.5394184844 41.466465752 3.58815274623
-103.766 35.0891 0.00309442747229 0.0031154739638 0.0326033696728 0.063528073598 12.4201 -nan 143.422321752 59.3788013683 -3.35141465865
-103.063 35.0637 0.00233458645379 -0.00467585802126 -0.0143841652027 0.028921154331 4.19325 4.38539 44.2801394541 -89.9578497493 -3.24972847833
-113.83 34.5935 -0.000856901653117 -0.000674597079531 -0.00652868452777 -0.000859059951897 5.11453 5.07614 0.146860699346 14.9741246256 -0.634723637649
-112.891 34.4692 -0.00360840504924 -0.00610112850814 0.01707274339 -0.0193191660857 2.47994 2.69569 328.669458508 107.078034426 -7.06253673308
-112.237 34.4866 0.00382193028509 -0.00221163370965 -0.00775415760753 0.00357322049524 7.23408 16.1478 -0.797165698359 -73.7125030758 -2.65937661742
-111.441 34.4178 0.000528633537932 -0.00155789683085 0.00696286336043 -0.00386780680181 6.3425 6.93029 349.272249562 -9.43714367748 -1.55500682516
-110.806 34.3371 0.00295029312637 -0.000534172486577 -0.006834688458 0.00428888071083 4.82599 4.55863 11.4985279651 -52.8234648186 -1.68951937937
-109.95 34.5293 -0.0015037147687 -0.00109810654691 0.00402550868846 0.00212756994027 4.4218 4.11732 -3.53732929406 22.6717506508 -0.773737740727
-109.29 34.4275 -0.00371736385126 0.000685249371704 -0.00833871358604 -0.000771845034037 3.48184 3.59625 8.20371954263 66.0553063067 2.21815300445
-108.498 34.5421 0.00168961726686 -0.00173357400093 0.00764570463481 0.0276793944722 19.6508 16.1173 49.5622762129 -40.115709831 -2.19573771362
-107.786 34.4457 -0.00231920567194 -0.00348207782052 0.00764281573651 0.0283338389629 18.0901 -nan 38.4961812421 -33.9057038258 0.292746315549
-107.01 34.5058 0.00392769659321 -0.000779792999127 -0.00772613882082 0.00804372836151 4.70294 4.68219 24.5185136986 -57.3484802068 -3.46099951263
-106.188 34.581 -0.000422909804808 0.000219912405053 0.00704954774077 0.0100708596361 7.19929 5.00769 15.713013283 8.29397798909 0.446452438767
-105.435 34.5646 -0.00706038495842 -0.000694766455188 -0.00872059284898 0.00757218247317 5.08505 5.70953 34.4212158184 46.7654851964 5.96407268668
-104.662 34.5271 0.0031185201992 -0.00227661626938 0.00497278201039 -0.00103480874373 6.15922 8.33706 -0.995308735184 -68.7177135585 -3.51836812582
-103.81 34.5508 0.00183087996559 -0.00196264360876 0.0108457493927 -0.072370442105 2.00516 2.02623 -21.837341269 -38.7592417427 -2.2730888667
-103.097 34.6469 0.00232500394322 -0.00206036668 -0.00732614727171 -0.00742189912654 4.42719 4.20694 20.0906486244 -53.9860018852 -3.08952952463
-114.524 33.7503 0.0030416535125 0.00402175202764 -0.0137961101958 -0.000962680644622 4.04657 4.19801 5.26572202852 -48.2707296004 3.71487928088
-113.829 33.8142 0.00199019174365 0.00335278846638 0.0313932755002 0.0204675065153 5.97866 5.94638 312.796255968 -68.7641316555 3.78454886634
-112.333 33.9535 0.000949873804897 -0.00736962032799 -0.00770062554721 -0.00624685237025 5.38375 5.87361 5.26651596634 -46.9392691654 -7.39494080356
-111.478 33.8798 -0.000581526904939 -0.000912204621735 0.0142293199413 0.00625660068579 11.5533 8.22925 313.632687678 18.2898427309 -1.08008661239
-110.844 33.6953 0.00158999500971 0.00235471715344 -0.0179335192049 0.000632564706532 4.07995 3.96745 16.9647926285 -3.76852619514 1.25085051304
-110.034 33.7776 -0.00101345873671 -2.22329123507e-05 0.0167569713724 0.00143815230379 4.74744 4.40325 338.594284609 18.3719738298 -0.126215920049
-109.254 33.9571 -0.00376550860511 -0.0011771546988 -0.0128987993996 -0.00257371600542 2.95827 3.05465 8.07972910209 52.0945227422 0.588635469373
-108.377 33.9085 0.0025308830411 0.0041113987703 0.014802710347 0.0144876568245 11.991 -nan -0.43943930109 -17.2627419711 2.98218756939
-107.674 34.0087 0.00259867574064 -7.71348657582e-05 -0.00859155902405 -0.0111936147237 3.53564 3.49549 23.4588888315 -33.5594886116 -1.92815377006
-106.965 33.937 0.00242081632398 0.00346979907901 -0.000157158627939 0.000399148609581 3.98963 3.93395 15.2064370887 6.96857753146 1.09250477189
-106.921 34.0739 0.00225487201413 0.0022804907469 0.000887136762877 -0.00333498374577 4.31102 3.95839 15.1405886405 -4.70600972508 0.296740409657
-106.055 33.9315 -0.000452200944842 0.0052674913175 0.00187279569098 0.00969944005323 5.45642 5.01261 31.9321874982 86.0025294775 3.06201632997
-105.436 33.9257 -0.00551038841623 0.00375592603952 -0.00691119241351 0.00792761969988 5.16492 5.04883 51.175059098 83.0704347258 6.05408616267
-104.693 33.9229 -0.00110914532375 -0.000296593900187 0.0154246200181 0.00878692929759 9.3965 10.5089 12.9283168886 10.5416783381 0.562571642869
-103.825 33.9232 0.00515685568183 -0.0027386138729 -0.0200660395181 0.0252215097404 3.71825 3.84331 45.5081059965 -65.5786505284 -5.57888603112
-103.163 33.8839 0.00226879398737 -0.0002802205096 0.00886762549969 0.003047615902 5.42278 4.43739 0.729161023036 -35.7470781586 -1.56536731463
-113.657 33.1999 0.00159596585113 -3.71606472066e-05 -0.0171301417214 0.0431753307448 7.97294 26.3507 87.5350516049 -0.246166435267 -1.59523784355
-112.946 33.3627 0.00938029843376 -0.00435975349062 0.0205126921554 -0.000527960098957 4.70799 4.90632 325.374976778 -111.810845139 0.701218146427
-112.158 33.2893 -2.69833837985e-05 -0.00230425154326 -0.0168521316704 0.00908165438896 5.61205 4.65244 18.7208145789 -18.9097988499 -2.03428124643
-111.427 33.341 -0.000900078549157 0.00295773238054 0.0181293015264 0.0272736443377 10.6525 13.3911 293.731208673 -34.9017641307 0.953294053611
-110.472 33.2969 0.0011356887301 0.0032895375804 -0.00544334280876 -0.00570565531367 3.85045 3.936 -3.19115171694 -8.57757755141 3.00376114651
-110.036 33.0851 0.000963479399031 -9.24841477551e-05 0.0105441054088 0.000132622199179 4.33752 4.15844 334.055232567 -17.0476055464 0.0726189828521
-109.266 33.2921 -0.0050947216587 -0.00262463615433 0.00464136937747 2.13202215736e-05 4.31509 4.44035 -14.7254532475 89.4249559146 -2.28116856259
-108.592 33.1132 -0.00173498668918 -0.00349392823969 0.00465224450071 -0.0160787900604 3.76511 4.35889 -12.7073841123 22.1599802216 -3.20944736955
-107.671 33.3086 0.00489633668076 0.000956838049647 -0.0156550567021 -0.00175676820138 3.96697 4.17169 32.7781786518 -34.731538343 -3.54889006562
-106.964 33.2555 -0.00146451533762 0.000281476950455 0.00561791678519 -0.00730565374893 4.64919 4.11844 5.44367675725 25.3479260113 1.0017722084
-106.232 33.2621 -0.00886473158359 0.00728813138472 -0.00305476349965 -0.00963126545422 2.98998 3.29581 7.45556838418 207.329983249 11.0820193163
-105.365 33.3298 0.00499892585677 0.0082454918787 -0.00440253268263 0.0338894162084 3.63436 4.15735 84.0100311338 172.965727403 -7.96571674045
-104.717 33.2797 0.00152561261993 -0.000937188391547 0.00653191839358 0.0142304796095 6.06777 5.50021 43.9163811825 -22.9507351433 -1.70441495502
-103.98 33.2716 0.000634968143646 -0.00118446190401 -0.00676188132696 -0.00592222812344 4.16642 4.07906 18.567023403 -23.902736327 -1.22054424325
-103.215 33.315 0.000880813817372 0.00242165378906 0.00469246397246 -0.00081894262409 4.83228 4.75585 -0.181911406089 12.8523587261 1.43717358243
