-114.58 32.5356 0.000925967013803 -0.000233563876371 0.0207953720049 0.0367069690757 7.42791 7.33831 -59.9997062059 -4.78601162841 0.685322963849
-113.767 32.7683 0.000736445849723 -0.00111369587591 -0.00105808763964 0.0134942107713 7.71247 5.30574 350.979366723 -11.2957043707 -1.03033927801
-112.883 32.7513 -0.000884295332181 -0.000382868133509 -0.00864980807849 0.00615063808123 11.1494 8.46926 45.397965212 4.55068933184 0.456250384925
-111.704 32.5618 -0.00256361085927 -0.000225205021705 0.0170667307763 0.0550252324693 29.1031 -nan 242.214226709 -9.86490267053 -2.38442084186
-110.739 32.5716 0.00324489610419 0.00248176715551 0.0209453185288 0.00420442806541 9.47194 14.7245 303.458969376 -74.5990842528 4.0200835402
-109.97 32.6399 -0.000914284665957 -0.010093592931 0.00169562141814 -0.0196630797305 3.10806 5.11945 341.893913473 20.8057506757 -10.1113062324
-109.303 32.7663 -0.00144006213694 -0.000841193210899 0.0134858224386 -0.00119286325423 12.6107 5.99123 256.136268404 17.661079741 -1.50952547034
-108.633 32.5466 -0.00298276723793 0.00256373407726 -0.0155154668056 0.01003189222 8.37318 4.52357 57.8491532452 56.0926635128 3.40432425225
-107.785 32.5324 -0.00437728560194 -0.00186112865227 0.0259363323179 9.55594983467e-05 18.8456 -nan -15.8380078423 73.9596803992 -1.19328057863
-107.001 32.6995 3.68024296191e-05 -0.00888102041334 -0.0486477366634 -0.131812866569 1.44971 1.63597 -3.55558262627 -63.8487907897 -8.18733664967
-106.262 32.6349 -0.00188749198301 6.56552127155e-05 0.0143219102767 0.0192080732203 8.40826 24.9953 92.1253489998 -16.6864020333 1.58256576906
-105.454 32.7001 0.00249253830848 -0.00160794482911 -0.0200065481346 -0.0220202958552 2.48313 2.79083 -0.0413511187505 -53.7488421961 -2.66670876915
-104.657 32.6588 -0.000899914592603 -0.00401485434987 0.00517996182492 0.00603312740426 6.39165 -nan 51.0623995816 -70.8063847786 0.52203596734
-104.02 32.6462 -0.00232272309993 -0.000688421181034 0.012504409564 0.0246275157087 7.34224 -nan 111.458897049 -41.9164098334 1.84706630911
-103.357 32.6764 -0.00143549155494 -0.00230701033292 -0.0149597181354 0.00663747603917 4.74115 7.12972 71.6031919775 -47.6732078511 2.0989841769
-112.812 31.9559 -0.000997567519909 -0.000288148412715 -0.0221528109703 0.000892896899769 4.07298 3.97071 20.0387710829 13.9864502079 0.19494749706
-111.457 32.0022 -0.00172110565654 -0.00418468782198 0.104769936592 -0.0472461301544 2.01155 2.17443 317.94771388 65.951250122 -4.4845222209
-110.816 31.7748 0.00346489607398 -0.0012933615654 0.0840180090881 0.0322913339964 3.71445 3.07312 282.248924063 -7.64502024117 2.50416274826
-110.046 31.9737 0.000183381736155 0.00144904638728 0.0118864787314 -0.00479263857883 4.51724 1.93384 -9.90366264296 0.0851182922368 1.41339516625
-109.259 31.9989 -0.017436488882 0.00266483372555 -0.0174855768314 0.0128844525492 2.28354 4.45735 85.0007633982 -36.0600594516 16.1420190262
-108.527 31.9041 -0.00161548269368 0.00635983558065 0.00947053388725 0.00870461423228 8.7097 -nan 194.279770107 -93.899104506 -6.04920600569
-107.778 32.0094 -0.000165866528631 0.000876098932293 0.0217167257107 0.00788345688368 6.89552 6.28767 -19.4947933875 4.59856907429 0.888174169571
-107.101 32.1046 -0.000969409106761 -0.00478978981327 -0.0555153456195 0.0415953920943 2.68467 2.19653 58.9451344191 -86.0751520862 0.645708683295
-106.428 32.0062 -0.00757093144669 -0.00496845006137 0.0681722360712 0.0122363921769 3.37373 7.59132 303.996041731 164.02132994 -7.8245664183
-105.523 32.076 0.00266213189189 0.00290751143175 -0.120591987633 -0.0878317963473 1.12098 1.12259 5.89246478087 -5.55754075154 0.649975209247
-104.823 32.1101 0.00359131157612 -0.0017351634893 -0.0532485441208 -0.0262012131346 2.33365 2.05507 34.3495933643 -53.2214403625 -3.97750628867
-104.101 32.0618 -0.00313163999155 0.000674602481357 0.0279569476026 0.013009367446 8.06808 4.06114 -4.3906990514 54.6442806383 2.22576009825
-103.292 32.012 -0.00151904437493 0.00447477118965 0.000234518874213 0.0273298426547 8.5349 11.7871 71.6031107405 66.4946497838 -0.11408520633
-109.991 31.439 -0.00179368005331 0.0249723735926 0.0358229936064 0.0131354595133 0.928422 1.08404 164.889378883 -57.2976025582 -25.0322275698
-109.281 31.3757 -0.00359879539165 0.00271945087676 -0.00165283731421 0.0205761049584 30.0568 -nan 99.5921430396 9.6090801032 1.72539299064
-108.528 31.3369 0.00108352307634 -0.00332495130925 -0.00491429452294 -0.00512590048931 3.57687 4.02007 1.0820228007 -43.6540834043 -3.47358454331
-105.483 31.4425 -0.0013322731021 0.0051988140173 -0.211341512679 0.15985097273 0.837324 0.854071 68.9042238315 87.4747151525 0.189672017864
-104.971 31.3711 0.0027151858041 -0.00168995732889 0.0214485767214 0.0962852879179 2.88256 3.06616 126.692503656 37.400720484 0.757771814982
-103.979 31.3165 7.11735266362e-05 -0.00556309083317 -0.0031578034169 0.0194207314412 2.92056 3.033 59.657626271 -100.030310527 0.678086509545
-103.492 31.3691 0.003782507041 -0.000225852060772 -0.0679445859157 -0.0105154741865 2.04519 1.97831 24.2332742976 -34.2523325373 -3.486835968
-102.81 31.3818 0.00369294417142 -0.00522407911597 -0.150952648305 0.0397570382698 1.4127 1.39487 39.683693176 -104.064030084 -4.48276725882
-104.986 30.7862 -0.00113800650515 -0.00174438149341 -0.000913592857456 0.00783781692859 4.52036 4.10528 8.20762277634 -7.50137110561 -0.447194057812
-104.029 30.6689 -0.0032156378261 -0.000412561041464 -0.00149645126516 -0.00233712614923 6.09326 4.49344 22.7489984621 20.8221412192 2.64780875148
-103.402 30.8498 -0.00166840407694 0.00208499872497 -0.00564178664643 0.0227100260199 4.71229 -nan 25.4849748609 46.9433685824 2.36901224416
-102.685 30.7263 0.00323138278382 0.00200217295239 -0.00126934828331 -0.0846655586222 1.83585 1.97524 -20.000885353 -39.9382155666 0.590496049017
-104.09 30.0609 -0.00605591780527 0.00274106344258 0.0579295197002 0.0157578860607 9.93764 10.2439 275.928963382 45.760570867 -2.18492819685
-103.612 30.1456 0.000234781526287 -0.00851694573372 -0.00347693227771 0.0238957686033 10.4166 -nan 60.6210257523 -151.005540219 1.58556418521
-102.788 30.1615 0.00452695183679 -0.00584267450426 -0.0200461560087 -0.13085763375 1.00057 1.0449 -32.6596948516 -101.517237155 -6.6117470738
-104.133 29.554 0.00776724920125 0.00434335978207 -0.00720455754809 0.00223902357559 4.94319 -nan -10.0072297603 -79.5605694859 -0.372243969605
-103.389 29.4528 -0.00129707941619 -0.00195314892975 0.0231805806468 0.00180835705957 6.90345 -nan -25.1781929436 10.9485129217 -1.43081937591
-102.888 29.4862 0.00722214155041 -0.000443018937064 -0.002974836904 -0.00981998841403 2.79142 2.94766 -8.2780478832 -110.238734867 -4.69799062084
-115.653 48.9339 -0.00225290002809 -0.000251816078216 0.00618036917039 -0.0178912044011 2.70921 2.73561 -1.47977220367 37.4784308234 -0.387704347403
-114.413 48.933 0.00126016967884 0.000806280215372 -0.0174894526111 0.0162689298794 6.62619 16.0044 24.4767932639 -13.3480928719 0.203942529082
-113.422 48.9725 0.00674101612685 -0.00360192774817 0.0239701400413 0.0239538609466 4.26809 4.49989 262.802042847 69.2301597334 7.03279510282
-112.733 48.9777 0.00371678058025 -0.000225661528812 0.0184442941295 0.000961342009219 5.65375 6.57258 339.682825652 -57.7522446769 0.86558265424
-111.597 48.9482 0.00369788025972 5.44202516007e-05 -0.0379771730139 -0.027170344074 2.34611 2.55487 35.2931227298 -45.7290056441 -2.37453707142
-110.699 48.9448 -0.00119493649585 -0.000137667470278 0.0134646070448 -0.0332891068035 2.72887 2.7259 342.497842913 19.8476017714 -0.350274444995
-109.846 48.9198 -0.0021932838577 -2.93511309901e-05 0.116580378495 -0.02092591296 1.39274 1.42888 290.285424762 18.0006724037 -1.93256563281
-115.589 48.4694 -0.00253963223214 0.000275631005296 -0.000887527642681 -0.0117650331604 3.43128 3.48656 0.873158145695 42.084013621 0.230163277972
-114.468 48.3739 -0.00189054572882 -0.000325644926925 -0.0298184421834 0.052513409964 3.57096 4.67108 134.177697849 -25.8408925418 1.57895223381
-113.273 48.3609 0.00208143937928 0.000119823040639 0.0287054826597 0.0157292310162 6.27663 8.76844 306.656461214 -23.3611243705 1.6907467775
-112.562 48.3129 0.00312210597486 -0.00407792564882 -0.00874071175463 0.0246997732771 11.8465 14.3234 110.841232364 -39.9822798026 -1.13852699701
-111.707 48.4128 0.00224796896503 -0.0043607762201 -0.000497647710626 0.0115648297688 10.5971 10.0366 28.5267845042 -71.3644735063 -4.87326400048
-110.799 48.2921 0.000440915452794 -0.00285186823554 -0.000748823523805 0.0141228101625 10.7356 7.49206 7.87287903214 -19.3099057343 -2.86897966497
-109.777 48.3943 -0.001104926837 -0.00327803792716 0.00621625091727 0.0272357908391 16.7759 -nan 40.3933229561 -29.3284532231 -1.29626464502
-116.256 47.8397 -0.00112198497574 0.00029163195531 0.00646568168754 0.0289643677119 11.4238 13.9889 -3.14833845712 18.0544252714 0.165662455781
-115.475 47.7092 -0.000916821903714 0.000421425835695 -0.0154168681431 0.0371545584051 4.79005 5.45272 -247.285573682 1.08561635583 0.70502210113
-114.574 47.6795 0.00272428891781 -0.00305895085795 0.0109415127667 0.021611028446 8.72618 -nan 355.925114959 -41.7415704906 -2.85783422079
-113.747 47.7687 -0.000227742830603 -0.00251538426413 -0.0117383831417 -0.00495330654891 3.43384 3.37887 33.3209152 -20.8992998899 -1.93249874711
-112.607 47.775 -0.00276332196416 -0.00111506380658 -0.00530629826323 0.0275775141737 6.7567 4.85459 18.1434819148 35.8231527995 -0.00352217680066
-111.746 47.8012 0.00129601795384 0.000171042066171 0.0103420315408 0.0129515998688 8.72329 5.37975 325.744634065 -20.3003332818 0.775227444049
-110.763 47.6327 0.000411381602323 0.00242151298046 -0.00226147216519 0.0116186363378 11.6084 5.18369 32.1038415476 20.343466169 1.60974928857
-115.353 47.0528 0.00418070867189 -0.000597674373094 0.0177241936841 -0.00640651662751 4.01327 3.76625 -5.69936423355 -68.2698437265 -0.0675526639889
-114.459 47.0943 -0.0012947092916 -0.000138540046687 -0.0295715907499 -0.0321076610633 2.40043 2.18372 22.866873498 19.0491815946 0.380440711506
-113.506 47.0816 -0.000387997694675 -4.5951672002e-05 0.0126383795776 -0.0200760788835 4.06862 3.6925 -0.0716685424968 6.47164434917 -0.0322581784466
-112.52 47.0418 8.71383958543e-05 0.00179457272238 -0.0102513861507 -0.00519647468872 4.26617 3.84237 20.0691373277 10.9426850321 1.60273420413
-111.549 47.0308 -0.00149601103302 0.00288425568123 0.00493480118545 -0.00670004691083 4.37261 4.50494 3.0706734207 32.305728808 3.08249872291
-110.687 47.1523 0.00112176532968 0.00570741300389 0.0113559142 -0.0142936325795 4.27381 5.32132 -2.0940492232 -9.58891419521 5.57460842864
-109.802 47.1961 6.24160423589e-05 -0.000453264294764 -0.0328349784657 0.00710219487344 3.68789 3.32126 23.1841176325 -4.94566599301 -0.416024604456
-108.136 47.0911 -0.00206462550194 0.00031530515581 -0.0984698068284 0.0353063182718 3.37277 3.39503 67.1850651354 11.3756615241 2.08768665077
-106.994 47.0658 0.00397372939859 0.000568309182067 -0.0825121298221 0.0365895802335 2.90467 2.99259 69.2693937434 2.40182404187 -3.89110420727
-115.571 46.4151 -0.000300459593295 -0.0025290280158 -0.00603811169204 -0.00219813189461 5.71614 4.97794 -351.768260174 0.396203076649 -2.48132890416
-114.188 46.4423 -0.000511048950478 0.00174742691087 0.0122117888688 0.0131232212127 6.64179 7.16409 358.20978007 8.07907156309 1.73808838085
-113.493 46.4162 0.00288281808567 -0.00114082459057 -0.0430518655894 0.0462028243374 5.93915 5.31117 80.6483985404 -25.1269482068 -3.00292954943
-112.641 46.4246 -0.00163147192683 0.00357907608674 0.0109236498769 -0.00879395580936 3.23365 3.48995 -1.03919912906 30.3856162201 3.65497732956
-111.676 46.5336 -0.00243161006435 0.00173942845398 0.0133551318213 -0.0157672262416 2.58833 2.63711 342.691469349 34.1939882663 1.2172207564
-110.858 46.462 0.000819901944683 0.000336321840585 0.000428859845315 0.0470031551728 20.2848 -nan 36.7737685682 -5.9489697503 -0.329959939744
-109.914 46.5663 0.001544788669 0.00663250619565 0.0321633183262 -0.0190990145718 1.80265 1.79189 327.820847976 -67.3250235031 6.70964259968
-108.786 46.4611 -0.000223362653657 0.00149146759429 -0.0174902726001 0.0430839765757 6.75785 4.96956 43.7539244561 22.7000116905 1.03446309124
-108.13 46.5038 -0.00144546119514 0.000277467184894 0.0119749110847 -0.0157233750699 3.70484 3.00508 346.739541209 24.1967525543 0.263618134305
-107.076 46.5408 0.00721431473024 0.00830984380588 -0.0273799655415 0.153620641995 2.29859 2.77251 157.300644681 138.968629553 -9.23033065061
-115.255 45.7565 -0.00133766002762 0.000420564658693 -0.0149561700256 0.0110188847804 6.83177 5.56109 -342.866568956 23.6981685386 0.76783756896
-114.332 45.7893 -0.00472128172487 0.000108553662094 0.0199617191141 -0.00622383143023 3.68961 4.84676 329.150622069 67.9458711763 -2.29206786302
-113.37 45.8122 -0.000673579834135 0.000360831615754 0.0136727732532 -0.0573430006672 2.05781 2.47121 352.419791459 10.7935511281 0.299216376742
-112.493 45.8409 0.0126612518815 -0.00157035570811 -0.0565767786535 0.00388611323835 2.48043 3.61247 49.7424207607 -147.251980236 -11.1635512719
-111.626 45.7843 -0.00188316920029 0.000297198704987 -0.00285907769678 0.0319017159777 7.32462 5.311 40.2212598158 25.6365435361 1.56528563006
-110.659 45.9054 -0.00123402256943 -0.00759249089243 0.0114931934861 -0.010846595931 3.11881 5.08375 337.945603679 51.4658998716 -7.66400053229
-109.716 45.9046 0.00279441480834 0.00237932506669 -0.0175496469717 0.0210637351641 5.62202 -nan 11.9670808103 -28.870314617 1.17286575155
-108.944 45.8538 0.000770449898941 0.000858382360242 0.0171411798518 0.033752139151 6.12785 16.8666 253.466605682 -13.2391481018 0.689975462653
-108.149 45.8006 0.00268385640289 0.00924952167649 0.0491589435762 -0.00508324555205 2.9316 6.99453 318.808042617 -113.55549794 9.41877368069
-107.123 45.8231 6.39060317931e-05 0.00120555462838 -0.0147611620801 -0.00213527500098 6.43816 -nan 12.9266584972 8.53944306693 1.03560371834
-115.326 45.1285 -0.000635185539334 0.00208103177095 -0.0151344630879 -0.00394852004445 45.9144 -nan -261.73330087 33.8302525344 0.387876533954
-114.233 45.0931 -0.000280703612626 3.31582382101e-05 0.00695122016741 0.00476964810249 5.79928 5.73267 332.707753838 4.0113160772 -0.0959334342213
-113.46 45.2432 -0.00200357330011 -0.00375289768375 0.0213464219641 0.0386713335211 5.4882 -nan 238.412367205 38.9138662552 0.0873902045009
-112.489 45.166 0.00232000876795 -0.00196002630172 -0.00484223713265 -0.0188976397591 3.69317 4.10065 339.921237941 -28.8674863579 -1.25713913503
-111.805 45.2285 0.00186563178552 -0.00245924586813 -0.00208546298358 -0.00941397709794 4.6609 4.40275 0.240170910527 -35.8091455768 -2.64031589928
-110.74 45.3212 0.000164113215087 -0.00726914231611 0.00219447390128 -0.00970604914886 4.62163 5.08536 -1.90937099038 -15.6345173763 -7.24646914581
-109.563 45.3171 0.00190096996961 -0.000477428936821 0.00529061207223 0.00394849184971 3.98927 4.1881 -1.38055738263 -33.0335285951 -0.766707460562
-108.214 45.2202 -0.000765674025268 -0.00312275526584 0.00625868030681 0.00628692729385 6.73812 -nan 3.2461543351 -2.41404279329 -2.78174269972
-107.207 45.225 -0.00136727477705 -0.00330430954853 -0.00728051449851 -0.0174535221477 3.25125 3.69384 8.39179425601 -1.05609782232 -2.48591263989
-114.855 44.5494 -0.00188454973072 -0.00260382390622 -0.0231383392231 -0.00998110660265 9.46675 -nan -299.212212188 -22.5409931685 0.340967939908
-114.255 44.5642 0.00304950068886 0.00142777631671 0.00442352720721 -0.0119930693402 5.18164 15.5594 318.58294208 -55.254465052 3.0718410661
-113.367 44.6165 0.000932079299213 -0.00311170485285 0.0217609778059 0.00479110264977 5.18971 4.37921 247.252495465 55.2251355385 1.94860390248
-112.644 44.6173 0.000386894031449 -0.00315034058069 -0.0140662840549 0.0194718392407 10.2858 -nan 118.113219995 -41.8838945885 1.35161631932
-111.248 44.7038 0.00465927640121 -0.000541011912012 0.00808528029466 0.0075145550495 7.11491 5.31775 324.72666048 -65.4500025041 1.72946551624
-110.576 44.3951 -5.04097251345e-05 0.00167629830291 0.0094771501444 0.00812628947492 5.81421 3.21834 348.885871473 -0.44062490966 1.67227240537
-109.664 44.6769 -0.00544761483076 0.00044194200603 -0.00262044649881 0.0111446392789 8.05229 6.56418 1.83240322917 92.0824026981 1.57919632676
-108.986 44.6704 0.00727402281875 0.000665359618322 -0.023776041009 -0.072797989919 1.62135 1.70493 6.38076802471 -113.912618971 -1.62877088759
-107.999 44.4868 -0.000784373294828 -0.00104320636894 -0.00981005120674 0.0212995443907 8.14201 3.65992 48.1759420731 -9.39716712292 0.2031635278
-107.042 44.6277 -0.000485209668845 -0.000612314176911 0.00391755484853 0.0239720255632 7.60369 5.13316 8.66227426729 3.20637354755 -0.357372944088
-115.133 43.7945 -0.000147444616066 -0.00166787522741 -0.00141510581698 0.0202642536027 9.91569 12.5685 -23.9680142452 14.4400417953 -1.57207834025
-114.117 43.9146 0.000965428901917 -0.00273320355384 0.00499170165719 0.0152863564998 15.0012 8.41996 282.035479525 41.8429157916 0.32421516451
-113.452 43.9286 -0.000236075988353 -0.000332759744297 -0.00299334925239 0.0172187621913 63.7085 5.29786 40.2195814086 -0.887835204269 -0.0847273741547
-112.485 43.9997 -1.84582867633e-05 -0.00112026215245 -0.00431925420509 0.0132087079396 23.4188 6.51144 41.8267184307 -13.641432583 -0.759881787799
-111.487 43.8756 -0.000301147492176 -0.000270649253727 -0.0053247672212 0.0083525533877 8.32321 4.64092 3.84757368176 4.21588208424 -0.210926420845
-110.576 43.92 -0.00104390203215 0.00611264575994 0.00694450245273 0.0567959309835 3.73534 4.39726 176.208067335 -26.6230277588 -6.17910113476
-109.817 43.7013 0.000148472565872 0.00497026197188 0.0235127736538 0.0116564206598 7.13578 -nan 305.249223323 -61.2895462478 3.65501034178
-108.994 44.0363 -0.00582996518635 6.36874304127e-05 0.000945747656219 -0.0943689173299 1.51602 1.58554 -7.46179663249 99.2009422288 0.521634965848
-108.128 43.9496 0.00394089980154 0.0105435723765 0.0500703272076 0.0653789674198 5.69875 -nan 199.856525778 -43.7798990682 -6.58796599302
-107.292 43.8122 -0.00244400362155 -0.0041231084585 0.0196681799868 -0.034998513049 2.22839 2.12284 333.950207691 53.672226845 -4.49681590882
-115.828 43.4151 -0.000111840989519 -0.000681971372764 0.00207493484108 0.0080239952387 4.88838 4.852 -3.80495563714 3.24776480095 -0.690292106965
-114.174 43.3979 -0.00010529107434 0.00150363861262 -0.00167655023104 0.0132811988433 8.76046 6.02467 3.9955709805 3.99972087665 1.50714318012
-113.518 43.3234 -0.00184801469373 0.00350414628411 0.000184113156119 -0.0036769563962 7.17037 10.0892 335.801608509 7.06213353776 2.564655045
-112.433 43.3998 -0.000604587099098 0.00322164772537 0.0025295110103 0.00131444117405 8.95381 5.87581 344.009990319 -0.6129830414 3.04173140858
-111.612 43.2741 -0.00226992934714 0.0041759773713 0.0048625995188 -0.00198242425006 8.17377 5.90945 346.419680952 29.9404783654 3.86795904966
-110.712 43.3629 -0.00207823845866 0.00378055834642 0.000728760397576 -0.0520541226049 3.48968 4.09564 -5.11538250091 39.4419719026 3.89756408766
-110.02 43.2112 0.00158706461528 0.000361595671457 -0.0192491141448 -0.0166531216097 5.71378 -nan 46.0850324159 -10.0044874811 -1.11717684853
-109.053 43.2649 -0.000850299605482 0.000418818589608 -0.00910090037588 0.0620259794194 9.26379 6.22865 124.815598045 -5.7593295394 0.273794837868
-108.084 43.3531 0.0110139867912 -0.000628447724338 0.00852841254648 -0.0419898873775 2.36016 3.35757 339.191694286 -185.98126387 0.641115514938
-107.446 43.3459 0.000718849395391 0.000768431295987 -0.0117143028865 -0.0066999067744 3.33487 2.83837 4.72734664524 -6.97015186738 0.471335874043
-113.176 42.5452 -0.00363055494213 0.00149545862595 -0.000993288374316 0.00283400047462 3.85253 6.50234 4.02881304828 65.4213301718 1.94029336842
-112.531 42.6852 0.00970963661414 0.00349142330518 0.061981298992 -0.00101893952435 3.46258 -nan 304.966189627 -153.125987117 9.70623704796
-111.588 42.8321 -0.00396422467012 0.00266847935845 -0.00268773971308 -0.0344878154541 3.93751 4.33259 -4.52527029504 69.9836738446 2.81941296116
-110.92 42.7507 0.00237692392997 0.00204172501195 -0.00154103442836 0.0382858655783 16.0319 -nan 147.233170183 51.8323340986 -2.84383371436
-110.042 42.6372 -0.000558810437138 0.00184274121969 0.00662194314474 0.0154433460519 18.8419 5.25123 347.847036098 8.56940459908 1.8232551038
-108.847 42.8247 -0.00443732551747 0.00578745446105 -0.00877509547448 -0.0576459897045 2.72371 4.07458 -6.38368803977 86.9127269292 6.24839509348
-108.342 42.6579 0.00136280253273 0.00129112623288 0.050040257641 -0.0166242284824 2.94638 3.29565 323.926009585 -30.0511599875 1.70853691069
-107.251 42.6332 0.00129261224564 -0.00262348908913 0.000205938009114 -0.0335944155947 3.02551 3.13699 339.863039141 -19.2073478232 -2.53351063835
-106.524 42.6507 -0.00877079457325 -0.00402708288002 0.140503014697 -0.000797704855722 1.5339 1.59495 272.199469151 116.654460087 -9.62114173718
-113.24 42.0343 0.000367106378615 -0.00423542725701 -0.0550805978991 0.169274433095 2.01055 2.21776 148.144471332 -29.6997193808 3.53704594081
-112.386 42.0041 0.00800873579955 0.00304246092928 -0.0129174941769 -0.0396226849219 2.47813 2.69126 354.677095331 -138.893281269 3.07317645771
-111.432 42.0149 -0.00702483167809 -0.0122062851301 0.0321227136738 -0.369101494377 0.618288 0.639128 349.059318443 134.720192039 -12.6266337453
-110.873 42.0995 0.00218609276012 -0.000473692045984 0.00682900532376 -0.020814375791 3.58344 4.94414 3.04268484948 -38.6778545248 -0.9040449813
-110.036 41.9243 0.00163082422552 -0.00299456669425 -0.0209273554026 0.0152083224762 7.08398 10.1536 54.4266405286 -58.8781378808 -2.74441254123
-109.357 42.1012 0.00547980257503 -0.000940297992198 0.0351042059968 0.0295451407253 7.853 14.6506 311.378213048 -66.2897002519 2.51263476382
-108.34 42.0073 -0.000367107261715 -0.00172150789154 -0.00860069427875 0.0189666518612 7.32264 4.92881 23.9748484697 -13.4579643644 -1.12279091982
-107.369 41.9641 -0.00747102461819 -0.00730976051842 0.000469702939836 0.015556190182 11.6434 -nan 172.738675013 -106.83280452 6.00981468848
-106.434 42.031 0.00648393909177 -0.00459190893837 0.0427847238176 -0.0136216565425 5.27983 6.82382 322.760754161 -80.401111856 -2.27183152797
-105.701 42.1143 -0.00233270272486 -0.00418659600273 -0.0257879576348 -0.00660625868895 2.25486 2.20081 2.72789757529 9.07710382283 -2.95558251281
-104.933 42.0432 0.00273188610876 0.00168082103954 0.0106940890935 -0.0197154842724 3.00681 2.77564 -15.7852186859 -43.6502935388 1.38722556566
-112.448 41.4632 0.00869776450924 -0.000878485117684 -0.0543377321077 0.0471534357161 1.41999 1.38339 82.4182692352 -21.8859934178 -8.72794161689
-111.63 41.3146 0.00109009824463 0.00186731862542 0.0028166734717 0.00114246900138 4.03992 2.04555 -5.45367608917 -18.0454960716 1.83634605917
-110.666 41.4729 -0.00189513813037 -0.00118053247525 0.026263578884 0.0237011088596 4.78929 3.97379 278.984875184 29.7636842101 -2.16950992058
-110.067 41.4272 -0.000548681649784 -0.00026686836743 -0.017230478035 0.000389295254828 7.84577 10.6863 53.496515786 -0.0216096739088 0.377667676107
-109.157 41.5047 0.00105334319399 -0.00136913559509 0.00105073586509 0.0249890950627 12.2788 16.0945 92.2525649239 -18.1912322082 -0.662798890006
-108.187 41.4906 -0.000994132716296 0.00146415589123 -0.00428463497075 -0.0062976394577 7.42611 4.64847 34.9152746244 30.4779317207 1.70351175514
-107.364 41.6067 -0.00470687215355 -0.00118543113416 0.000344304976233 0.000763838482718 11.2841 5.31864 44.5979335252 20.9914680455 3.56354093908
-106.596 41.4033 -0.00125588074127 -0.0034017300449 0.027867831405 0.0308887300555 25.4806 5.0752 274.62262302 62.5946164677 -2.49654922338
-105.722 41.468 0.00621116321211 0.000760337222119 0.0213924317281 -0.121183266847 1.48289 1.52678 -15.7705201434 -105.722612418 0.245084286333
-104.825 41.4676 0.0037262550701 0.0117363308807 -0.0801500926465 -0.134786630241 0.90292 0.932529 3.52333051265 30.8458050283 8.91871799692
-102.772 33.9696 -0.000248864611147 -0.000470332507491 0.301050688944 0.0157355410593 0.743167 0.754768 239.206014423 8.79316840566 -0.29268204151
-112.52 40.8903 0.00515300083928 0.00405245228405 -0.0582828936105 -0.0252190012438 1.90504 2.10423 54.5631728505 15.4281164361 -2.39089167347
-111.437 40.8869 -0.000356424676473 0.0164927973996 0.0516354856111 -0.122381022339 0.748911 0.79555 342.984768209 -40.7442398602 16.2140119347
-110.834 40.9425 0.000598518823159 0.0033408104975 -0.00490232909301 -0.0220458634985 5.64059 6.0745 9.23178673039 8.36868976293 2.98406734517
-109.673 40.9763 0.00183449281191 0.00139360886212 -0.014069668358 0.00155013127242 5.73896 5.92737 44.877896797 2.73363829069 -0.767700706856
-109.177 40.8936 0.00188593032121 0.00029046916721 0.0129377184534 -0.0182564663745 3.44034 2.67548 346.089290648 -32.8861196062 0.319718370994
-108.263 40.8338 -0.00194460812032 0.00194646239452 0.00019960538144 0.00309871312417 13.1466 8.41721 320.663675378 17.0137773167 0.98103546397
-107.52 40.76 0.00467563005691 0.00304983775476 0.0170733332539 -0.00739969902832 3.23125 3.60482 335.83445302 -87.2462472774 3.61146988041
-106.454 40.8023 -0.00459010142951 0.00319181178866 -0.00529253313188 -0.0101264835138 3.70543 14.6594 5.0151057409 95.3711230274 4.80252776194
-105.944 40.8947 0.00288227236967 -0.00253439546698 0.0289413052233 0.060160117554 4.94513 6.69599 162.210783688 51.9109187918 2.66570706725
-104.882 40.8271 -0.00236997858817 0.000885207899838 0.0142513235734 -0.094786663345 2.24057 2.44675 -15.2422206977 42.6575451655 1.19168606558
-104.087 40.8132 0.000703901509828 0.00180446949281 0.0164850370109 0.0250499035457 11.2908 -nan 19.0343730045 12.7087755376 0.820116172569
-114.745 40.2679 -0.00150022856079 -0.000191761863138 0.0033154924029 0.0246316279769 8.79825 7.71719 -30.7951707884 24.2166634152 -0.941601890064
-113.981 40.1314 -0.00381871622343 -0.0023335909724 -0.00573292930846 0.0194680764599 12.8635 -nan 81.6864865181 -32.6799689421 3.51479710818
-112.469 40.2807 -0.000934222343152 -0.00257016204558 0.00452650642738 -0.0129771430941 4.73459 9.47327 354.076857321 16.8738093845 -2.58073922397
-111.502 40.2067 -0.00280932245282 -0.00239777093068 -0.00567424639687 0.0378968918245 10.5408 -nan 51.638989741 -11.0142837938 1.193023015
-110.738 40.1948 -0.00124981445177 0.000105670024628 -0.0200977025801 0.00333829953886 3.5842 5.31339 56.0408390142 10.7115576971 1.18200570903
-110.008 40.2655 0.00248539214803 0.00102896444357 0.0288346264761 -0.00657477449477 4.02872 6.00458 329.917687465 -46.9225625884 1.77298914636
-109.124 40.2982 0.00250993008369 0.00548708233773 -0.00990281698515 0.037193166726 8.49196 -nan 119.770686629 99.8240402356 -5.58732624511
-108.242 40.1348 0.00117154256664 0.00662662117724 -0.00422581407295 0.0201767589285 14.4408 -nan 139.129741074 67.755310992 -6.4950947686
-107.47 40.2149 -0.000768564604243 0.00167451221227 0.0235725606977 0.0569559285629 7.53935 11.2278 204.884514295 -29.5664112387 -1.75536975927
-106.547 40.1618 -0.00141334368489 -0.00334463565811 -0.0136836578395 0.0145195186526 6.02941 15.1547 5.22710038131 -2.17768633127 -2.43955069615
-105.918 40.2109 -0.0036077760405 -0.000960764959178 0.0124987597814 -0.0247412256647 5.63142 7.9616 315.223112021 64.1656069383 -2.33058115782
-105.073 40.1227 -0.000716687211272 -0.000882155206711 0.0635255586838 -0.137598769916 1.46651 1.46895 330.39701206 14.1180233888 -0.958128306585
-104.12 40.1129 -0.000138704941159 -0.000869249811308 0.000451254854682 0.116107518643 2.32145 2.34852 154.292364759 -2.54256183349 0.870476573978
-116.464 39.6202 -0.000221029719981 0.000137391944579 0.00583974129945 0.0138941398488 8.73023 8.52324 -23.9555174724 2.24112014072 0.0138633585641
-115.754 39.553 -0.000274697995762 -4.35808887112e-05 -0.000147152788161 0.0190962403585 42.3098 11.8023 -323.500876262 3.60963791482 0.115089467176
-114.908 39.4731 -0.000493972750993 -0.000545479767209 -0.00681194313597 0.0204490509004 11.4766 6.07302 -215.487587129 -12.6970281302 0.73211813493
-114.016 39.455 -0.00208156276708 -0.000361762337392 0.00671841978396 0.0193055011048 13.3986 7.11807 171.055942548 -37.1697937144 0.630051130039
-113.069 39.5906 -0.00257418462243 5.84019445589e-05 -0.000542178910493 0.0266970560873 7.45649 6.48076 -1.46035689813 45.2810584855 0.167161817378
-112.279 39.5708 -0.0014111644101 -0.00723374649754 -0.00857605033509 0.0326640988347 3.06912 4.03473 170.505176656 -32.7087929216 7.30772693536
-111.66 39.6092 0.00243535183356 -0.00420324998736 0.0160746008966 0.0293556519057 20.7395 -nan 307.13849483 22.5112375674 -1.21930128838
-110.74 39.473 -0.00137729190096 -0.00246634148754 -0.00167708643133 -0.0169866424916 4.85559 6.23975 335.588901651 34.3170607072 -2.73306707739
-110.246 39.6279 0.00180917716008 -0.00432685934742 0.00837923805166 -0.0054177259173 5.29431 -nan 319.495844376 9.69084686854 -2.87818290462
-108.981 39.6333 -0.000430727056679 -0.00144234052735 -0.0168884992301 0.00794918905884 8.58426 -nan 35.4685004371 -14.3864259433 -0.605243280299
-108.391 39.4998 0.00381851979274 -0.00389105065525 0.0422733103336 0.0446272428985 7.43303 -nan 283.921797671 26.1610884932 1.39328249702
-107.449 39.524 0.000957312632393 0.0039142358485 0.00183217132073 -0.0178003205641 6.776 14.1604 -15.2056469982 -13.3899874194 3.86277119109
-106.759 39.5952 0.00204176038388 0.00298603924608 -0.00987760451619 -0.0205930921615 2.91275 2.66899 -0.526547512549 -16.6686851621 2.15464688322
-105.839 39.3741 -0.00177330040373 0.00193778315392 0.0190757835424 0.0425627673535 54.8194 -nan 211.552759523 -45.6531652916 -2.57797884802
-104.908 39.5144 0.00829089680037 0.00174813079256 0.0213482341274 -0.10161146088 1.70632 1.70693 329.393943515 -147.061343745 2.69186941564
-104.168 39.5125 -0.000401043660252 -0.000189104253818 0.0254515765795 -0.129700325609 1.41876 1.37713 332.526697729 7.0801169702 -0.201651464675
-116.4 38.8247 0.000347244379571 0.000935394312034 0.00922363187626 0.032481741635 8.64495 5.57981 -148.959393354 -1.78594705044 -0.686237795964
-115.654 38.8455 -0.000392687003088 0.00113940078149 -0.00056717695979 0.00916099678977 57.6567 6.10078 -156.147624852 -13.6899482142 -1.20446436395
-114.83 39.04 -0.00120037418878 0.00164040775219 -0.00784091589997 -0.00159354196849 18.7558 8.73757 -270.91929279 29.5380734794 1.24546493792
-114.02 38.9551 0.000605800127029 0.000938015880846 0.000896405164111 0.00163185147463 8.79978 11.0417 15.6952695957 -5.33270861317 0.717385356132
-113.277 38.9882 0.00168548560162 0.000385120489724 -0.000627710370776 0.031262835308 35.1771 5.80142 115.477479077 20.3427832306 -1.6615674256
-112.379 38.9995 -0.000669110708642 -0.000171725336295 0.000629458462258 0.0215867948282 11.7416 4.89384 8.63935341722 10.6805450502 0.00058143823452
-111.172 38.9176 -0.000935189080413 -0.000343386255275 0.000464766218428 0.0289351988666 16.0721 7.75137 18.1713696483 11.9150395375 0.121479263817
-110.133 39.1025 -0.00121796517944 -0.000892321680018 -0.00355719474628 0.00713446156718 11.9758 6.24671 -4.60743026737 19.3763399447 -0.737477685875
-109.263 38.9553 0.00196428480101 0.000526009189403 -0.00809504954648 0.00979820897384 29.5694 -nan 330.870262847 -35.8081071016 1.02353386664
-108.296 38.9541 -0.000397433346126 -0.00143636266608 0.0237558676446 -0.00654724512676 5.76428 4.26135 303.630373259 21.6004376282 -1.3554843283
-107.574 38.8347 -0.00197085773646 -0.00294060679822 0.00409229307975 0.0156844551045 12.0848 6.69345 158.399824801 -37.632791661 3.05141283105
-106.91 38.8627 -0.0017803554385 -0.000902843031924 -0.0277550650878 0.00633543570707 4.68501 5.31452 50.4857752738 -4.4044884637 1.37251092721
-105.834 38.9045 -0.0068769725391 -0.00327794750608 0.0284513404089 -0.0412244712931 2.44591 2.80887 318.556078697 132.655897208 -5.34225876383
-105.149 38.9641 -0.00709164305926 -0.0031300899722 -0.000997149376151 0.0399901391405 9.01421 -nan 126.904739149 -135.029024862 6.1866965033
-104.247 38.9145 0.00177040300389 -0.00182537434317 -0.0187163069528 -0.133098142468 1.28214 1.30567 -13.0696270293 -37.3155046886 -2.17749476947
-116.302 38.2886 -0.00108206464622 0.00288283192591 0.0260968986217 -0.0302229229937 2.43277 2.41189 -11.2315224252 4.40360601389 2.47457790254
-115.585 38.3489 -0.000236868339452 0.00334717881086 -0.00624246430441 0.00686914943085 10.962 12.9985 -210.313505726 28.8591514123 -2.67582417881
-114.608 38.3281 -0.00127453273323 0.00257440116994 0.000815168557138 0.0180062891642 22.7624 12.5784 -256.297664006 39.0500955594 0.632695986582
-113.969 38.1802 -0.00303207832356 0.00178080004521 -0.00465776466987 0.00800839222767 10.492 -nan 80.7053717227 38.4710347015 3.24159897716
-113.021 38.2987 0.000442636534795 0.00644292189991 0.00177886750883 -0.000689759889218 3.98837 -nan 207.63487692 -53.6750165617 -5.23721364693
-112.277 38.2108 0.00530337698421 0.00258233600229 -0.00148401477624 0.0401114643289 12.1163 -nan 10.9669760231 -76.2314876528 0.892190117606
-111.483 38.2843 -0.00113344713355 0.000687922201152 0.00676978416666 -0.000588419862672 9.08329 6.02412 345.673917962 18.7230421622 0.56766196861
-110.711 38.4187 -0.00144513922774 -0.00291247023896 2.61700332539e-05 0.0039568308338 16.556 17.1207 330.462984021 41.0306403522 -3.22507588736
-109.894 38.3862 0.00199419203547 0.0013121080936 0.00970813860933 0.00919199179633 9.12503 14.9504 297.292061083 -40.4188088499 2.3715493757
-109.261 38.2916 0.00102247951904 -0.00118142132947 -0.00108347338195 -0.0145550365691 5.0795 4.65381 -11.4631721857 -19.0975746996 -1.23094742628
-108.379 38.1888 4.47190916461e-05 -0.00596333064393 -0.0124801762029 0.000784865102966 9.01484 -nan 111.299518491 -82.5729936826 3.63487651421
-107.55 38.3685 -0.00132262415425 -0.00058718008204 0.00431955801583 0.0124157784446 24.0032 -nan 162.075609683 -23.1841676158 0.570128019851
-106.756 38.2289 -0.00240867915383 -0.00128174648842 0.00794743195501 -0.000695752340939 15.9855 10.4304 287.298036438 43.9566494832 -2.68659863218
-105.107 38.2315 -0.000435307408971 -0.00134535693165 0.0186624950919 -0.0258811753257 3.00848 2.8812 321.404654898 13.0635417098 -1.41035467464
-104.283 38.1474 0.000372154954183 0.00101268794207 -0.00310244060963 -0.0475568892859 1.82322 1.72156 -14.6497432239 -2.63110225449 0.911290117168
-116.595 37.923 0.000218173759923 0.00253748214436 0.0153270347692 0.0631235836593 6.87084 8.01338 -167.954431577 -1.203144062 -2.49702059128
-115.747 37.6444 -0.000807440379532 0.00371748072853 0.0176964655664 0.0218693977175 35.4695 -nan -94.6517018907 -67.5488642684 -1.31413373575
-114.849 37.6083 0.000752154367968 0.00261110771204 -0.0133840336611 0.0211914536213 5.30442 6.00285 -338.740439081 3.72870300198 2.1826933931
-113.86 37.5808 0.000141712304253 0.00218280616287 -0.0163687504611 0.010965974063 5.96355 6.48081 59.0087672995 32.8002581997 0.933169785259
-113.168 37.7601 0.000398046634092 -0.000558363386308 -0.0114341990162 0.00800956840314 4.89712 -nan 10.5979441888 -9.35003376583 -0.640424988106
-112.363 37.6761 0.00206176910475 -0.00169525813768 0.180564348532 -0.0139762518289 1.41832 1.47985 289.554124844 11.2155171218 1.119641645
-111.596 37.7222 0.00230635783701 -0.000258252525075 -0.0186982367912 0.0124045480283 8.89521 13.2869 21.0076606836 -38.0015993549 -1.35524246078
-110.802 37.6354 0.000957639169021 -0.00208391468354 0.0306903595846 0.0157639288472 5.23859 4.94414 255.307415637 38.1827384168 1.10515055317
-109.995 37.6903 0.000754848860086 -0.000658277114102 -0.0168788843526 0.0419532559472 8.58835 7.40254 50.0826879092 -16.5238194365 -0.972172550052
-109.137 37.7459 -0.000871062237763 0.000391356337253 0.0166009625294 0.011962789398 6.67162 5.499 329.261623122 12.9908575278 0.140676813796
-108.36 37.83 -0.00333666278489 -0.0111860426708 -0.0117355337606 0.016962264824 3.98875 -nan 9.63191810437 -35.9989107786 -8.50273533311
-107.792 37.662 -0.0032938368528 -6.44823074646e-05 0.00755848093144 0.000607370937749 12.5347 -nan 287.901066946 35.6455719407 -2.68509426356
-106.829 37.7461 -0.000901279816002 8.01665517379e-05 0.00709299383407 -0.000306577471848 23.4945 14.1805 293.97976756 10.2649429647 -0.58047221206
-106.002 37.7059 0.00165266945978 -0.00307865256951 0.0136427699027 0.0350051510582 27.7481 10.8736 107.199226619 -22.5270417281 0.733857044634
-105.213 37.6407 -0.00221744100937 0.00134730658162 0.00499894162079 0.00384736955738 4.81691 4.29939 320.519782692 32.0112193537 0.757413002018
-104.435 37.6606 0.00286072301708 0.0126955855218 0.0341272128522 0.0799975460787 18.4312 -nan 296.196187838 -174.093278479 11.881636602
-115.22 37.2408 5.20293556986e-05 -0.00552194816918 0.0415108428859 0.016248634605 3.71488 7.02211 -42.6902622574 68.492172936 -3.89904436436
-114.715 36.7256 -0.000267706501867 -0.000732681463814 0.0152514337264 0.016984722309 6.85361 -nan -32.091399337 11.0955630097 -0.761771777127
-113.907 37.0195 -0.000375245741376 0.00360489657125 -0.0377951737988 -0.0211745141605 2.63977 3.01495 32.7624505379 42.2109850673 3.17713718163
-113.084 37.0615 0.00103287063906 -0.00215799032715 -0.0170394390883 0.0448494408972 18.586 -nan 53.7866169467 -42.492344855 -2.01695945073
-112.382 37.0183 0.00617868535123 -0.00198761763701 -0.0130769680706 0.0183775906095 5.22853 5.0996 68.4144794451 -63.256487827 -6.48377662391
-111.506 36.9839 0.00180349945409 0.00143406978569 -0.0173498561362 -0.00511032693111 5.33958 4.61172 37.9388573429 -3.35436666587 -0.334393217406
-110.804 36.9969 0.00132233479381 -0.00091693289778 0.0208660317396 -0.00128207598058 6.64011 4.49696 275.488798474 9.04727778447 1.01010965435
-109.874 37.1364 -0.00153274659409 0.00154395493488 0.00877395102302 0.00799854531443 14.6602 8.15901 298.409312817 -2.28643112706 -0.112494011374
-109.025 36.8299 0.000469955584907 -0.00797921623728 -0.0176440114917 -0.0488027767078 2.33676 2.24975 2.43520006143 -52.9277833493 -7.71864306193
-107.534 36.9914 0.000544098880256 0.00220017874707 0.0035586376309 0.00225553152467 14.719 -nan 329.932248244 -16.4215253289 2.26166769445
-106.903 37.0138 0.00212404580201 0.00145715442658 -0.0121326103836 0.0289800268173 21.5515 5.70115 186.250984677 21.2922481655 -0.298389836416
-106.037 37.0361 0.000294788342845 -1.25518665242e-05 0.0184269817009 0.0244674646191 58.75 5.93537 304.930335558 -4.3479953212 0.142453180721
-104.411 37.1388 8.42827656669e-07 0.000984668977482 0.00736043801952 -0.00372128522577 10.6421 -nan 32.4348023605 15.0632473045 0.489670480868
-116.33 36.4193 -0.000146999528405 -8.53993343733e-05 0.00576485499571 0.00322122748023 6.18492 6.56707 -4.03118655008 2.84957305116 -0.10799627356
-115.383 36.423 -0.000449764865812 -0.00139311652036 0.00192930842227 -0.0164972786218 13.9638 6.87732 -28.4173419858 19.7442691784 -1.42669951481
-114.539 36.4321 0.00535450267948 -0.00539388296503 0.00203164162814 -0.0662762178618 1.97099 2.06004 1.4899889664 -98.7489347328 -5.54137624669
-113.965 36.4151 -0.000450578440513 -0.006163360468 -0.00745709097698 0.0108894589175 8.3994 6.05052 60.0797488092 -93.7693178385 -2.50439023119
-113.18 36.4182 -0.00114284532958 0.00443669371419 -0.00748960912061 0.012164962847 8.45861 9.35313 30.5991002981 62.2480767902 4.29595031582
-112.291 36.428 0.000684364525037 -0.00154966978867 -0.0130475131868 -0.0118376623009 4.63117 5.02102 26.596866454 -25.5505375488 -1.6703455765
-111.13 36.1428 0.000596017405241 0.00283790807383 0.000751879416425 0.0127383632978 10.3378 17.3534 -0.976766569421 -2.20918284908 2.70193750575
-110.662 36.5996 -0.000237342044604 0.00182165265033 0.0193906744157 0.0173001885052 10.0113 5.79821 296.904888174 -22.8951783942 0.94611372223
-109.87 36.4199 0.000551820213673 0.0033347697148 -0.00119368541373 0.034071487644 7.01062 -nan 141.388952685 33.9069198054 -3.26028345753
-109.208 36.2925 0.000447899093215 0.000479612437947 0.00146557957718 0.0294518860819 14.0815 5.13137 335.476690806 -9.21087170793 0.54134107411
-108.52 36.3758 -0.00154618630309 0.000778226318638 0.0130562664501 0.0417762991768 10.2605 3.92811 229.181174211 -23.6115381027 -1.72744424572
-107.658 36.4277 -0.00152231560176 -0.00122231869986 -0.00975427753725 0.0508570444077 4.15189 4.49919 135.891103739 -33.6758301386 1.73587039934
-106.855 36.3773 0.0053907123918 0.00615419095446 -0.0144355775536 -0.0800947964141 2.07509 2.81829 -3.88415221298 -56.4217773505 4.13246538475
-106.192 36.3289 -0.000108754866495 0.00357614450746 -0.00382778430672 0.0103573956461 9.34695 11.1409 60.5022071725 63.5563064763 0.442139899565
-105.278 36.4093 -0.00114615432651 -0.0015521064044 0.00727129967174 0.0406024480354 13.9464 5.66885 121.322391191 -31.9224282753 1.92429761606
-104.408 36.3998 -0.00792984676104 -0.00588595324221 0.0275019347955 0.0414533327593 7.85705 -nan 159.906127117 -123.531623497 4.64613420929
-103.744 36.3945 0.00151478550608 -0.00140129778629 -0.00952008336936 0.0186214134025 6.11908 12.9459 78.389310311 -14.9280394637 -0.987465948202
-115.43 35.8384 0.00147414142785 -0.000381662827303 -0.00176322546209 0.0387896540751 23.059 -nan -40.5071090364 -14.6665874806 0.72975884673
-114.851 35.7266 -0.00160388784687 0.00158493546679 0.0685838498073 0.0566200637359 4.08701 5.87454 -90.5552309701 -29.2679051896 -1.64246232934
-113.984 35.8522 0.000372589222654 -0.00117412101179 -0.0144014299015 0.00397034753895 8.96715 5.79784 22.5964617817 -14.852177655 -1.2231036474
-113.105 35.6339 1.69323409134e-05 0.000254815675405 -0.000671129903929 -0.0257502887205 4.07528 4.7967 16.2992392614 1.35306055845 0.232022125793
-112.173 35.8191 -0.00169460843973 -0.000100914454381 -0.00827844042805 0.00992901201621 8.75313 10.3244 28.4684658962 23.6481665896 0.911438405274
-110.794 35.6218 0.00349680418883 0.000598872265285 0.0628651631806 -0.049363922844 1.98525 2.20234 321.663633691 -61.099730929 2.10227586319
-109.933 35.7113 0.00127033771951 -0.00326006225402 -0.0184750233412 -0.0246781567826 2.27353 2.27498 2.90844344468 -39.0922074619 -3.48968569006
-109.046 35.7147 -0.00268042494844 0.00360752051168 0.0163202128101 0.00939968447567 8.82434 7.96547 339.778743345 44.2233111608 3.44350236408
-108.466 35.7992 -0.00151851158966 0.00404054741065 0.000857363771575 -0.0342577216757 4.73923 6.18197 -4.33965976423 44.0539863703 4.28878306533
-107.638 35.8054 -0.00115203871598 -0.000335108888212 -0.00509962588567 0.00294431745948 3.64959 3.69661 -0.149031610798 17.1865988443 0.0923834205601
-106.909 35.9138 0.000780486276991 -0.00589085771417 -0.147915273253 -0.117149325761 1.30127 1.31539 22.5072095919 -84.4981624383 -4.70539364591
-105.272 35.7259 -0.00125090646212 0.00267158179186 0.0391627608303 -0.0170214848524 3.97443 3.78986 320.458225449 11.6749520446 2.3449706554
-104.616 35.8383 -3.04775536498e-05 0.00156016028428 -0.0100244678253 0.0277688915283 6.52644 12.2994 57.7452210975 27.7322838614 0.123868447801
-103.786 35.7964 0.00319471365466 0.000791082872735 -0.0107956515046 0.0331601802041 4.81132 5.502 59.3982341186 14.3970159889 -3.19957039925
-114.87 35.301 -0.00158256742807 -0.00582637015244 0.0014618045628 0.0184615679245 4.91937 -nan -5.20510690257 39.6981892458 -5.96226739472
-113.885 35.099 -0.00111836346156 0.00548482604618 -0.0245749174352 0.0317301053437 5.81321 10.2665 36.3218894515 77.6563917276 4.98658758338
-113.083 35.2127 -0.00385932433557 -0.0067188340053 0.0168849307912 0.0272093898359 7.35289 -nan 200.513043931 -11.2025788803 4.426728122
-112.267 35.1787 -0.000630423538335 0.000904179965206 -0.0201174422346 0.00316891034136 5.88673 7.73876 41.404388233 19.796418136 1.06999530835
-111.532 35.0951 -0.00206341668756 -0.00270183925011 0.00121315358748 -0.0296457374403 2.91388 3.09226 346.466205726 40.4326702602 -2.83241340764
-110.713 35.0789 -0.00730160083165 -0.015405550994 0.0749009231354 -0.0259286263578 1.50624 2.02345 246.904147081 248.614806638 -4.29135898992
-109.736 35.1181 -0.0101585645896 0.00358642022308 -0.0286623161037 -0.0269167116311 2.56446 2.00044 5.28424575044 194.226033133 6.92846511593
-109.388 35.1118 -0.0148913479867 0.00922361744942 0.143053311544 -0.0235191858895 1.09244 1.22243 273.501974656 -65.19028887 -10.8727031996
-108.5 35.1259 -0.000327135012012 8.7521738419e-06 -0.101223235566 0.0908691219545 0.991371 1.0307 134.493088452 -5.19865821053 0.138195979192
-107.648 35.117 0.00272116466282 0.00600368276383 0.0577645211251 -0.014241614763 3.48358 4.61332 314.792921471 -88.1798518723 6.59113424631
-106.867 35.0719 -0.00112072503415 0.000188662646374 -0.046662681294 0.0336496280296 3.29497 2.83943 66.7842730628 3.1927527534 1.11885448333
-106.15 35.1605 -0.00232260526866 0.00536877047406 -0.0481408387468 0.0568334599826 3.11733 3.78587 48.454682349 103.905827521 3.70404158434
-105.408 35.2106 0.00280451535638 0.00123182258439 0.00877263889156 -0.0524859709232 1.84862 1.94608 -17.6567141882 -45.5940800615 0.72926239888
-104.461 35.2177 -0.00169777678449 -2.02583905011e-05 -0.0581936289741 -0.0101389864 2.03324 2.14068 20.166310545 19.0964202528 1.29204698948
-103.766 35.0891 0.0032209090917 -0.000565157210078 0.03957405056 -0.0593600172179 2.1873 2.16786 314.684621972 -53.5435636412 0.190592932806
-103.063 35.0637 0.00257130769482 0.0046375726173 -0.00369827220277 0.0120880775858 4.53936 4.02464 5.74142077346 17.25301048 1.93900026216
-113.83 34.5935 7.0014333625e-05 -0.000558279517861 -0.0224124507698 8.23168325559e-05 17.5015 -nan 107.321013993 -9.10210506691 0.12317794594
-112.891 34.4692 -0.000496781918746 -0.00143298034816 0.0112738959792 -0.000950534228094 5.66157 5.24612 297.08379362 26.7642173125 -1.19223045046
-112.237 34.4866 0.000115914510514 -0.00103179178493 0.00269702606751 0.000947451368559 6.78071 9.99257 312.047550088 10.4728777232 -0.713517964191
-111.441 34.4178 -0.00046923232916 -0.00205934809097 7.09916639318e-05 0.00668278821899 13.5942 15.3699 311.985700959 29.5392347767 -1.91794170568
-110.806 34.3371 -0.00011685764031 -0.0128896113663 0.0123997459625 0.00776657164493 3.38781 3.794 188.64905898 82.5227831232 11.9761931737
-109.95 34.5293 -0.00298077233133 -0.00548862024867 -0.0364444113424 0.0318205044669 7.61946 -nan 181.176706789 -23.9021919383 4.43142572431
-109.29 34.4275 -0.00228738524275 -0.000888761867675 0.125381136456 -0.042251541936 1.71176 1.82168 289.652504316 37.7266999075 -2.3624064033
-108.498 34.5421 0.00182402339164 -0.00574235326007 0.0650782907937 0.0141251897693 4.6816 7.97452 291.311365907 56.7987607493 -2.38234968875
-107.786 34.4457 -0.00199418258996 -0.00907311990531 -0.0157213224062 0.0198298634635 5.55736 -nan 107.498357599 -149.447402417 7.29487687382
-107.01 34.5058 -0.0040206541441 0.00953738185482 -0.0270752473163 0.155964850645 3.06793 5.12589 116.920963427 51.9078255127 -4.87798823914
-106.188 34.581 0.000201456945696 -0.0104582035792 0.0485995833489 0.171538612701 3.01793 -nan 167.307048168 47.7534419221 10.2119794698
-105.435 34.5646 0.00748232370345 0.00399931733334 0.036001070529 -0.109739055747 1.54504 1.57586 -23.2321173555 -127.255445515 3.30786790994
-104.662 34.5271 0.00252934324064 -0.00177638249313 0.0223036031688 0.072174222308 5.23469 5.66698 173.545660503 54.3574511994 2.65398179741
-103.81 34.5508 0.00192918044156 0.00322679626414 0.0615956816795 -0.119603437656 1.49875 1.46005 322.237310278 -39.4134544862 3.38379214696
-103.097 34.6469 -0.00585967588874 0.00606752055977 0.0616162380888 -0.383015760246 0.721192 0.718422 324.692802482 102.679381544 5.97044938851
-114.524 33.7503 0.000646878286665 -0.000934616184038 0.00220335793725 0.0401425326742 20.6378 11.1204 321.721712094 1.23289865115 -0.336386490822
-113.829 33.8142 -0.00169828701726 -0.000597702098091 -0.00483768961746 0.0111763335313 18.0464 -nan 3.5583935245 29.6184719594 -0.41221795417
-112.333 33.9535 -0.00190848320164 -0.00291317105368 -0.00525998416001 -0.00908147767078 6.20856 -nan 13.4037022601 13.3273961332 -2.03101758729
-111.478 33.8798 0.0104611135767 -0.0027175359152 -0.00389090485362 0.0128206910008 7.05967 -nan 172.535619623 192.845495718 3.29017833271
-110.844 33.6953 0.000202061488279 -0.000936474813952 0.0171213982632 0.0186405050916 9.36108 3.2472 321.780000819 3.97099882907 -0.759962133221
-110.034 33.7776 -0.00771790633185 -0.00122859339699 -0.00261303168967 -0.00150009346562 4.31686 4.41349 247.822099413 5.89360588825 -7.52304404463
-109.254 33.9571 -0.00265968784954 -0.00460701287198 -0.0193547280844 0.0378261748885 5.43854 9.74961 134.016102002 -81.9607688652 5.31678440659
-108.377 33.9085 -0.00329585005692 0.00375597085324 0.0582825480624 0.0134179786245 5.38524 -nan 301.712584153 5.77371716288 0.963892930405
-107.674 34.0087 -0.000306242269224 -0.00172730752138 0.00506578321324 0.0174401216059 19.448 5.88794 70.5400852367 -31.5096201349 0.403767535327
-106.965 33.937 -0.00282835378324 -0.000278130856808 -0.0145404448788 0.0248640077265 3.83127 3.18238 116.01957427 -42.8560652794 1.99800975421
-106.921 34.0739 -0.00220509089072 -0.0029811446294 -0.0128175348624 0.0111901232652 7.32758 -nan 77.309452987 -61.0148250085 2.78457361849
-106.055 33.9315 -0.00152660606178 0.00547649523337 0.0256293799238 0.0212806780286 14.2609 10.4196 -21.8201195511 37.3086359973 5.60208911257
-105.436 33.9257 -0.00771015059908 -0.00271719430846 -0.0140917304732 0.041497291116 4.52769 -nan 113.329309811 -140.078417489 6.83627658396
-104.693 33.9229 0.0022796037825 -0.000936774853398 0.00416523916288 0.0313866022995 11.4717 -nan 64.8163115752 -12.3151132041 -2.16511336497
-103.825 33.9232 0.00152483518073 -0.00395987857272 -0.00674325616846 0.0843141499674 6.90272 3.26893 158.206929788 41.3903588007 4.18910896969
-103.163 33.8839 -0.00291462552559 2.80932071121e-05 0.12272449373 0.0104764679047 2.52685 2.26391 248.683410859 12.2495869184 -2.81959096911
-113.657 33.1999 0.000123851842845 -0.00295105930257 -0.0162712684392 -0.0105403412776 10.4089 10.8313 40.9526811772 -39.3199745815 -2.19962955148
-112.946 33.3627 0.000219658772988 -0.000956800617215 0.0197809811396 0.0166279632393 6.39362 6.08816 271.232220965 16.8634999823 0.100697246881
-112.158 33.2893 0.000230960892411 -0.000744450920442 0.0164783351626 0.0489149485819 10.1662 8.00727 212.0424324 12.0687886697 0.715157687839
-111.427 33.341 -0.00159812567804 -0.00148666396709 -0.0584146230323 0.00126520250202 2.66727 2.68679 48.2928095738 -8.54291465835 0.620510259422
-110.472 33.2969 -0.00293481019191 -0.000555185447982 0.0252533690298 0.0454139977644 8.13406 10.2929 333.538446228 54.4817886768 -1.15263611985
-110.036 33.0851 -0.00104519381798 -0.00380936284895 0.00723575943226 0.0193109619582 4.45847 9.92787 191.048629579 14.8277418362 2.9099980806
-109.266 33.2921 -0.000985436795216 -0.00189394896341 -0.00507566259597 -0.0100325127983 22.0234 -nan 43.6369292107 -22.1237124817 -0.0129951757366
-108.592 33.1132 -0.00187583085602 -0.00276586856361 -0.0122651907573 0.00444730852903 7.99076 7.39095 62.1449530267 -45.8946926633 1.52923366746
-107.671 33.3086 -0.00343800425302 -0.00152266363949 0.0116253031561 0.00945440031173 77.6607 -nan 276.712178113 55.4016587049 -3.73631755729
-106.964 33.2555 -0.00125946555848 0.00213349784465 -0.015971283694 -0.0659376653501 2.10145 2.83601 -5.20723946009 35.0361632626 2.44074050843
-106.232 33.2621 -0.00177270197282 0.000182083308276 -0.00165029938595 -0.00630873086749 3.96864 4.24658 47.9835518887 10.941578393 1.76429064396
-105.365 33.3298 -0.0061083830232 -0.00166928697828 -0.0124870906924 0.0159389429786 5.43338 -nan 77.8942120165 -63.3694561638 6.3232562741
-104.717 33.2797 0.00802127132599 0.00645729629975 0.0551253470962 0.0906377481539 0.820346 0.825055 188.52941816 33.1393029361 0.368824101628
-103.98 33.2716 0.000757618645234 0.00475203045693 -0.00705591762774 0.0158897370882 5.88503 7.30291 6.28856738392 45.3896861906 3.11122686223
-103.215 33.315 0.00266440555425 0.00352262766495 -0.030814652941 -0.00868753356924 4.52363 6.07874 52.4515238927 62.1931858667 -2.5867710676
