-112.228 32.7006 0.000523011054257 0.00166416335579 0.00088726375823 0.0129077697839 5.48541 4.16962 -6.50973654556 -22.3012129701 1.59004106303
-111.704 32.5618 -0.00181083882247 0.00284879937658 0.0104748175872 0.0315992503819 4.62246 3.99242 -34.9618282177 -30.4564812132 -0.70597336516
-110.739 32.5716 0.00218575904497 -0.000147761170973 -0.00418410506568 0.0149300337789 5.10422 7.72541 -8.84795172531 -22.7108400924 1.36262140881
-109.97 32.6399 0.000805821451037 0.00266777436236 0.021869532988 -0.00228171543069 3.66372 1.41466 -18.7080377691 -38.7833776589 2.29975368747
-109.303 32.7663 -0.00165529560833 0.00129021823531 -0.00871806247853 0.00456444064145 3.85726 3.54448 13.7299123413 17.7362703938 0.720612552215
-111.457 32.0022 -0.000135200869129 -0.00508922820335 0.0346926791901 -0.0329483938547 2.3134 2.55475 -5.22505219677 50.4998276576 -3.99072435142
-110.816 31.7748 0.00341557770359 0.000263653992362 -0.0181566663138 0.0205272378663 9.92511 -nan 2.5980093763 -45.9244102208 2.0056085593
-110.046 31.9737 -0.00122265358813 -0.000965061044282 -0.0169607243442 0.00516162731898 4.14787 4.16354 12.7282074325 22.3130644527 -1.32815012429
-109.259 31.9989 -0.00449765036575 -0.00407311964012 0.0481352905571 -0.00122357469181 1.65765 1.72073 -34.4277508329 83.5990682124 -5.75326875704
-109.991 31.439 0.00012815575456 0.00102502309102 -0.000929544169302 -0.041794892694 2.14023 2.12951 12.0818083888 -7.38629244674 1.00245550879
-109.281 31.3757 -0.000989956404667 -0.00253293995572 0.00489035685484 0.0056820980549 4.0368 3.65841 -10.7310319755 37.1839774421 -2.52688684785
-122.707 48.7197 -0.000459110840496 -0.00032450289313 -0.00323789759174 0.00662439860789 4.41972 4.60227 -4.6465956074 7.18151248827 -0.553010741147
-122.085 48.9983 0.000588250917549 -0.000536343533138 -0.000182664878711 0.00898645007017 4.92903 5.37155 -7.33619187242 -0.233823002558 0.0553205759529
-121.48 49.0983 0.0010064492118 -0.000330311074973 -0.00712790025862 0.00295589982897 4.88348 4.90165 11.4776921842 -9.69813369479 0.160531747513
-120.384 49.048 -0.000262745372738 -0.00141300856297 0.00103671181549 0.00238983595599 4.40209 4.39308 -0.629595191585 13.9928084196 -1.27644547834
-119.272 48.9534 -0.00111268878723 3.40273326973e-05 0.00143769436966 -0.00149853284097 3.82429 3.74638 -0.900692227106 11.3386894758 -0.64332489964
-118.585 48.9752 -0.00114771006253 -0.000242191465412 0.00212192413208 -0.00544806428675 3.55605 3.61453 0.589342346057 14.1495517574 -0.854557675155
-117.559 48.9813 -0.000728388021974 -0.000449475362888 0.000470449555759 0.00184582517325 4.34225 4.44354 2.98943719337 11.2466377642 -0.762995411102
-116.363 48.958 -0.00112298965575 -0.000891263709349 -0.00183793304566 -0.0101323330386 3.89429 4.04721 19.9317036477 17.1047080774 -1.12396942931
-115.653 48.9339 -0.000828301154335 -6.7877345246e-05 -0.00374880670984 -0.0133161874591 3.66679 3.87882 17.1957512027 10.8038820327 -0.282391287389
-114.413 48.933 -0.00073889444192 -8.10284668656e-05 -0.000379422004495 0.0022425148292 4.20392 4.2063 4.73626847133 9.26443440679 -0.400239494298
-123.504 48.0575 -0.000285567690859 0.000262428121629 -0.00675296082474 -0.00128191116927 4.3547 4.23196 6.0789055734 1.11042870592 0.053520478034
-122.096 48.2641 0.00142132365434 -0.000445905714002 0.00437417526914 0.000210107690095 4.07992 4.13389 -6.00093941347 -8.89407389737 0.695523674336
-121.484 48.5183 0.000737116499849 -0.00290872573797 0.00029961224594 -0.00254674356585 3.86481 3.82931 2.46356275082 14.5413195761 -1.91642092933
-120.12 48.4607 -0.00153121917592 -0.00136207876327 -0.00234073671419 -0.00201448034006 4.01077 3.51076 6.41548717592 26.3182488391 -1.95362705489
-119.333 48.3584 -0.00151495240194 0.000202754528087 0.00401460920325 -0.00132860471833 3.64513 3.85128 -3.61209554655 13.5137705392 -0.818813721354
-118.149 48.4226 -0.000438781197628 -0.000816705551601 -0.00060868842237 0.00161573364099 4.5674 4.90294 2.19570971559 10.6977531614 -0.923978623441
-117.225 48.2995 -0.000460939539892 -0.000819750938282 -0.00393878157265 0.00432799811038 5.01547 4.69924 5.74491729955 10.5216974476 -0.940348338032
-116.367 48.4366 -0.00140258762456 -0.000993613042875 0.00515381807289 0.00846919219689 4.80282 4.47424 -4.67153129526 22.732343998 -1.64609612305
-115.589 48.4694 -0.00189827853727 -0.000653005838223 -0.00565308605908 0.00746724325432 5.08678 5.14408 20.1542144344 26.4519482916 -1.04219144593
-114.468 48.3739 0.00298389456638 0.000738158718352 -0.0099723284729 -0.0197327459418 3.17066 3.25054 13.3353711562 -40.8407840642 1.62153637056
-122.173 37.1311 0.000280164558371 -7.67697991968e-05 0.00185873604351 0.00158812149196 4.09619 4.40953 -6.87101160605 -1.64580490472 0.168099571716
-124.566 47.9475 0.000324851585004 0.000551901167121 0.00736255616427 0.00887476562803 4.06433 3.9337 -5.67962117216 -8.08794110057 0.612372517109
-122.972 47.7172 0.000459069187758 0.000774102058573 -0.00225674968524 0.00338140946144 4.30989 4.50509 2.55421057919 -10.8883436669 0.893115239694
-121.689 47.6947 0.00603754077572 -0.000351561058144 0.00380698121331 -1.47545492518e-06 3.71514 4.33697 -5.31617838781 -53.2358441922 3.96846167558
-120.894 47.923 2.97961529752e-05 0.000341188853587 -0.00174880137294 -0.00031105146074 4.04593 2.99025 1.44117453382 -2.98199651658 0.291354965725
-120.061 47.6902 -0.00708933318477 -7.47134513369e-05 -0.00123964568053 -0.000558123485555 4.37911 4.41453 10.0924032314 83.3006799597 -3.3152423121
-119.045 47.7849 -0.00114769592802 -0.000486942334967 0.00133562363602 0.00371641048493 4.64508 5.61695 -1.04403864643 15.9265481206 -1.08319624379
-118.274 47.8006 0.000159767663377 -0.000785687855426 0.00022477480596 0.00129980759482 4.83582 4.81599 0.0333297011984 4.30293441359 -0.547377945433
-117.308 47.8192 -0.000594623700174 -0.000110260981697 -0.003022443364 -0.00267239948756 4.30951 4.02302 7.92942723066 7.70580124408 -0.364304336697
-114.574 47.6795 -0.00146263366732 1.41990182505e-05 -0.00324397553575 0.006123585139 4.49101 4.62618 6.52414914722 17.6469259257 -0.607098996662
-113.747 47.7687 -0.00152800885536 6.58712930613e-05 0.00798379833408 -0.00153325844831 3.55035 3.7028 -4.44617043157 16.2440523558 -0.825398657934
-123.771 47.1161 0.00190451822483 0.00359504555343 -0.0014145546957 0.0362443472281 5.23708 4.13489 4.38963449468 -47.946186215 4.01821012095
-122.803 47.1109 0.000681890523651 0.00158565272782 0.00627877401859 0.0108716037524 4.2257 3.84916 1.99718666048 -19.8470817242 1.66663795605
-121.989 47.1881 0.00133691291596 2.54052025701e-05 0.000495061825046 -0.00346015763293 3.79145 3.71902 3.34031472948 -14.339478427 0.809303441925
-120.844 47.1935 -0.000263742835971 0.00448203856154 0.00160189851026 0.000349606741249 4.35346 3.87978 -3.7022953336 -36.9072534414 3.15230073834
-119.973 47.1936 -0.00149073184758 -0.000393069947368 -0.00284701155071 0.000310439696675 4.43493 4.57759 7.97019414028 19.6790784732 -1.0756195319
-118.921 47.0573 0.000744146911004 -0.000662469834971 0.000522564686226 0.000466546204404 4.48335 4.54609 1.87005896307 -3.14915060106 -0.123969966197
-118.309 47.0615 -3.23943024799e-05 -1.26074207383e-05 0.00164132576318 0.00149892600884 4.49819 4.13549 -1.21007727987 0.444506794571 -0.0295548783674
-117.276 47.0547 -0.000990292975342 0.000303552904381 0.000835100813053 -0.00135653087223 4.58761 4.35302 8.61580817577 10.0796622336 -0.162412650452
-116.335 47.0477 -0.000403665451661 0.00135123470892 -0.00393337709947 -0.00788465381916 4.11953 3.45392 13.1345017921 -1.28849233558 1.12353172538
-115.353 47.0528 -0.0021305177172 0.000649331380191 -0.00514293580647 -0.00267359699512 3.98566 3.92796 7.37926724044 22.1234535291 -0.321780130475
-114.459 47.0943 -0.00302011434171 -0.000695899841368 0.0315847429797 -0.0041714763315 2.99394 3.18921 -14.9753668774 34.674282263 -2.67350566789
-113.506 47.0816 -0.000580023378928 -0.00059863307884 -0.0141946844548 -0.000192060627551 4.13869 4.92961 16.4397183921 9.55879246414 -0.722577353362
-112.52 47.0418 0.0022256418198 0.00263767692577 0.00120569879931 0.000489827084194 3.99733 4.48935 -1.04056922359 -44.0605658747 3.40339890118
-123.563 46.5459 0.00372003286147 0.0124827750859 -0.0648539569114 -0.218819782059 1.15141 1.21565 -316.049286884 -41.0450613346 12.2971530485
-122.72 46.5934 0.00131030203327 0.00293816824601 0.0221343158413 -0.0312026691137 2.7192 2.68526 7.70881158936 -35.2977479951 3.18013092161
-121.761 46.5605 0.00169677125822 0.00104146735735 -0.00349605549437 0.0130889540634 5.16022 4.81801 -5.24538900436 -25.5243100916 1.93399224241
-120.979 46.5433 0.000177814392079 0.00117485459421 0.00766846023924 -0.0029853382804 3.96044 4.27348 -5.90188579275 -12.5658143883 0.961442317568
-119.855 46.5585 -0.000498070088432 -7.15870733067e-07 -0.00329433870884 -0.00559539939505 3.98561 3.88012 9.11618240103 5.81235432033 -0.237660035939
-119.06 46.4911 -0.000603785688497 -0.000415912815794 -0.00679716477764 -0.00154868993411 4.81254 4.62019 17.5645294405 9.40210301816 -0.591112182336
-118.146 46.5139 -0.00113407686465 0.000587804287334 0.00480457920367 -0.000932754965031 4.22053 4.05791 -1.45700466296 7.30156995407 -0.218117300453
-117.11 46.485 -0.00202758676771 -0.000222328412754 0.000994056888637 0.00496267558388 4.50065 4.71083 -3.45004814083 23.1881012384 -1.42714712551
-116.209 46.3559 -0.00184392521153 0.00661724098687 0.00185821806647 0.0198874248143 6.92543 -nan -34.6375712437 -73.5795227159 0.719435529748
-114.188 46.4423 -0.00169391223236 -0.000122146598346 -0.00356093259336 0.00843801041512 4.76263 4.7651 -0.728414295997 20.2309608013 -1.00852096755
-113.493 46.4162 -0.00279587703748 -0.00114676977262 -0.00823917371232 -0.00403193418788 4.67686 4.77447 30.6140494755 37.926212628 -1.15720195252
-112.641 46.4246 4.14752966197e-05 -0.000539318326383 0.0101222889043 -0.00306894932352 3.71097 4.25002 -1.90337170436 3.37930725218 -0.436532860004
-120.728 40.6183 -9.88956126325e-05 0.000513916555921 -0.00492529836501 0.0031597326892 5.48188 5.33594 0.569746274386 -3.51209973276 0.328998231862
-123.559 45.9306 -0.00158966999088 -0.000280083944304 0.000290232945093 -0.000775018866339 3.83942 7.06766 0.695685872001 18.2027030645 -1.25096455553
-122.419 45.9325 0.00500877041402 0.000671639870669 -0.171710223064 0.00179316632167 1.97469 2.04449 -250.10694645 -14.8067433897 -4.45748750297
-121.459 45.8839 0.00247458719847 0.000821012988352 0.0468824522782 0.00110957413169 3.13105 3.02551 -19.8249012231 -26.100441501 2.54631657714
-120.782 45.7664 0.000530807048323 0.00119011360132 -0.0035750249792 0.00308782739365 3.89075 3.80587 -10.0090581694 -16.5369917247 1.18356846662
-119.928 45.8951 0.000252627825426 0.000450363425283 -0.00465257351376 0.00820337572651 5.55933 5.14403 -8.71880904253 -6.66614519295 0.493102394861
-118.777 45.7971 -0.000691988120694 -0.000276055510798 0.001433494796 -0.00126120829231 4.35735 4.05244 2.42353212753 9.72879338815 -0.617686006693
-117.909 45.7087 -0.00111308767213 -0.000811266992751 -4.82784303688e-05 0.000761329455409 4.75191 4.164 2.59825500513 18.4657262082 -1.28835698203
-117.228 45.9734 -0.00371761325884 -0.000639588747371 -0.010544995845 0.00053476804271 4.68484 5.63495 16.1384786405 50.0250888534 -1.80656175277
-116.155 45.8883 -0.000840802059247 -0.000880956216995 0.00699767442092 -0.0142744610403 3.21848 5.93464 1.70476402714 15.922568808 -1.19339364251
-115.255 45.7565 0.00383890661748 -0.000772747389239 0.0171829751268 -0.00383414935362 3.41186 3.81007 -9.15918575779 -31.5291171831 2.00129621371
-114.332 45.7893 -0.00108873887645 -0.000817801578605 -0.0114398500817 -0.00202108982989 5.29419 5.24997 23.3996679953 16.2600863136 -0.970533924915
-113.37 45.8122 -0.00126171083279 0.000182002585502 -0.00197177307197 0.00946459329501 7.59564 -nan -3.38155025613 12.7929827138 -0.560066368497
-112.493 45.8409 -0.00017205272765 -0.00109592406659 0.0063293582834 0.00287806210929 4.23211 4.42177 -6.48053625791 10.7574706785 -0.984250628088
-123.281 45.3153 0.0012249924492 -0.00636398750159 -0.0477291341571 0.16796657807 2.25623 2.36506 -137.894787492 17.1226487453 6.37753940262
-122.478 45.2059 0.000508399247572 -0.000680521771436 0.0177913944829 0.0132943255624 4.63454 4.59938 -12.9068820969 3.2584261678 0.00528222772458
-121.317 45.2422 0.000762357478381 0.000551617426155 0.00798976529021 -0.00488256540249 3.61454 3.47833 3.05223699711 -12.5172716791 0.896614154225
-120.635 45.2357 -0.000260072880548 0.000540421336699 -0.00592857266929 -0.00113096474697 4.58355 4.34753 13.2255396154 0.0169347653686 0.375179851679
-119.669 45.2664 0.000781955989221 0.000640680508628 -0.00072301779117 -0.000380110354223 4.47097 4.53109 1.21802119479 -13.5114187598 0.980476584819
-118.96 45.2904 0.000257113829017 0.000414608021517 0.000835815322305 0.00239399197827 4.32695 4.07299 -3.50967895046 -6.23593975323 0.482175402533
-117.78 45.2781 -0.000569512943614 -0.000626811476997 0.000883012604256 0.00147594780976 4.35231 3.98287 -2.84741225119 11.2635105837 -0.845233715226
-117.12 45.2925 -0.00107146283418 -0.000784453175854 0.000201154682632 -0.00557224353456 3.74696 3.54381 5.69531530442 17.7972215526 -1.20959033645
-116.268 45.3997 -0.00108266409896 -0.00655025387324 0.00279269726863 -0.0195982199744 2.75626 3.14577 12.8084110917 45.903951986 -6.49466408797
-114.233 45.0931 -0.00150181332941 -0.000408790047883 -0.0145013834918 0.000104631570994 5.24898 5.11991 22.2834427045 21.1349875437 -0.65819078161
-113.46 45.2432 0.00180872330506 -0.00207354156923 -0.0189751021949 0.0120251798389 6.00127 7.77604 14.8682750647 -15.7570432058 -1.48223521529
-112.489 45.166 0.000743684444971 -0.000448155572405 0.0253728356949 0.00045321836682 3.3786 3.31279 -18.1083107258 -2.2069289122 0.256228958062
-124 44.6764 0.00313658139862 -0.00352511759393 -0.0329079510189 0.0827451996837 12.649 -nan -138.167571113 40.9767284177 3.49376351598
-123.292 44.6765 0.000432403693405 -0.000238516898176 0.00626126531794 -0.0158456055136 4.21009 3.6609 2.46777485641 -2.43925490377 0.0887107303474
-122.186 44.6837 9.5741506005e-05 0.00045852852319 0.00909262013829 -0.00257786236631 4.0201 3.76144 -0.520513945177 -4.97127732477 0.408450340921
-121.227 44.6473 0.000112816237126 0.00139280636687 0.00289747902308 0.0068318632999 4.43248 4.3533 -11.2519728644 -15.3848839509 0.96638326428
-120.335 44.7344 0.000260343817551 0.000739906971659 -0.000999820818604 -0.00250419971134 3.97462 3.9679 2.18232126678 -8.6983275147 0.749659165646
-119.565 44.5913 -3.74943097302e-05 0.000395904270881 -0.00288766908244 -0.00561692602414 3.90202 3.95799 12.9711915226 -1.78948534764 0.343095936653
-118.67 44.5191 0.000300194199883 0.000472729221734 -0.00310555772734 -0.00179623705709 4.18504 4.27986 9.32491135106 -6.55237609473 0.558096003787
-117.664 44.6653 0.000437553539269 0.000396357807991 0.00547095573126 0.00174410778989 3.78164 3.67397 -6.40857414265 -7.98732902439 0.587659929313
-116.747 44.589 -0.000535012839255 0.00129065668214 0.00192946503693 0.00570990275718 4.22216 3.79648 -4.68263408219 -5.58890549881 0.65236800896
-116.013 44.7035 -0.000607548825321 -0.000898879943976 -0.000954538058834 0.00404816241614 4.68223 4.16196 11.6954140749 12.3041804221 -1.06274116575
-114.855 44.5494 -0.000758331217251 -0.000266226983307 0.00156449081473 0.00743665893775 5.04144 4.54943 0.806724158566 10.710231794 -0.628802400108
-114.255 44.5642 -0.001141332791 0.00065821496284 -0.0119111324843 0.00351938121303 5.30898 5.07588 12.8854305985 11.7453139219 0.241859631993
-121.551 36.3887 0.000228500651184 0.000222204698519 0.00278866015791 0.00272198448556 4.45037 4.34482 -5.72346758012 -4.45424429455 0.318143168127
-121.461 40.8161 0.000406449619331 0.000228805110447 0.002122229296 -0.000445255304268 4.30178 4.27495 -3.9366523178 -6.13085917621 0.449910355952
-119.023 36.6801 -0.000155692206938 0.000326575609525 0.00119401357688 -0.00386255830775 3.76383 3.77908 -1.88853102665 -1.51230607794 0.134640635621
-123.83 44.0035 -0.001681217878 -0.00460636652525 -0.0356004072314 -0.0612719911468 1.39894 1.39528 -313.141335521 17.5945735172 -4.46481223821
-123.278 43.9726 -0.00114251692484 -0.00439810359723 0.0206703306011 -0.0470645371161 1.45968 1.49785 24.5819352347 31.9846099109 -4.53863556095
-122.411 43.7941 -0.00015683635325 0.00144988849093 -0.0165130852692 0.0087085300092 6.82052 11.225 34.9638411726 -0.00354043774228 1.42455616322
-121.268 44.1626 -9.12763817999e-05 0.000771154941558 0.00167732131733 -0.00560953258963 3.55961 3.7912 5.26580073086 -4.85727454421 0.583103266713
-120.211 43.9437 0.00087907415416 0.000747722338627 -0.00107353971859 0.00253564854997 3.96443 4.42306 2.60491009294 -15.5049300191 1.12275551281
-119.504 44.082 0.00106070922246 -3.00400096866e-05 6.37150037381e-05 0.00510224599774 4.53713 4.62165 -2.28792990121 -10.6452445613 0.663852520826
-118.569 43.9104 0.000108815998357 -0.000604726999682 0.000676892400877 0.000791854764274 4.14246 4.1066 6.81935861826 2.86581825174 -0.46701838437
-117.741 43.9733 0.000424499467591 0.00068676500009 -0.00202202134233 -0.00361413560818 3.80381 3.7571 10.6784358031 -9.23090404008 0.802724362163
-116.803 44.086 7.14163109964e-05 0.000369897981768 0.00233803962009 0.00601623962857 4.99854 5.11859 -10.1518369298 -4.26868362903 0.310717229407
-115.958 43.9121 -0.000659218067614 0.000603029668103 -0.000331143296728 0.00390116069099 4.91159 4.77039 -0.901326808884 2.59898222081 0.111726493724
-114.117 43.9146 0.000184178792185 0.000376137545604 -0.000625154626585 -0.00367128353507 3.99194 3.93972 1.74624317213 -4.81537454821 0.417504682352
-123.575 43.3654 -0.00200357043608 0.00011270543628 0.00597762957431 0.00105357120771 4.07008 2.38321 0.827639844849 18.9759625519 -1.24737908425
-122.965 43.3717 -0.0180598030633 0.001222169152 -0.0629376205781 0.0262755635461 1.23488 1.43815 -239.787566501 64.8126324487 17.9343181387
-122.109 43.2406 0.0039986682959 0.000569512622466 0.0274868497879 0.0011713790452 2.80839 3.89539 -9.66974351063 -39.9220031909 3.45606127311
-121.236 43.2843 0.0013588839001 -0.000548683640842 -0.00536787753113 0.00255736794329 3.71281 3.84973 3.31922354939 -10.2233057685 0.375465734772
-120.153 43.2515 0.00113057196179 -0.0014855341656 -0.000345907383015 -0.00303388523259 3.9199 4.00763 13.6274639306 -5.18734850771 -0.856283105786
-119.311 43.3736 0.00125274610822 -6.41996047352e-05 -0.00499349441994 -0.00131616767274 3.95357 3.70771 11.2467285632 -14.7632611685 0.509178075754
-118.474 43.358 -0.000932425551589 -9.11178186838e-05 0.00796808699784 -0.00124691743528 3.43764 3.19788 -3.82785783025 10.3780957455 -0.681457861305
-117.754 43.3471 -0.000670824072223 0.00104806999712 -0.00232512892248 -0.000604352587593 4.38182 4.53378 8.36065863225 1.32648052314 0.607800220192
-116.767 43.4275 -4.7855319954e-06 0.000536041429531 -0.00306645864826 -0.00656612937274 4.22247 4.11332 12.6869513024 -2.77360045324 0.49256099914
-115.828 43.4151 -0.000425068222262 0.000377550913399 0.00142149336926 -0.0032037719702 4.21484 4.35986 5.51065007762 2.60370015206 0.12511074075
-115.098 43.25 -0.000496456718147 0.000320668610742 -0.00523092650958 -0.00301193634262 4.26156 4.36671 7.88327147776 4.23537898206 0.0726947668143
-114.174 43.3979 0.000836936906219 0.000883711287531 0.00511303417934 0.00200848532372 3.87437 4.06097 -6.35808879792 -16.6520267114 1.21341976121
-124.469 42.8088 1.99063778119e-05 -0.00101414615688 -0.0108477857928 0.0492375566777 6.31249 5.74236 -44.4910537123 13.5112562846 -0.0141526585737
-123.49 42.7667 -0.00121754016442 0.0075640048255 0.00338332661248 0.0495164517053 2.35492 2.70647 -110.981245245 -59.648085754 -7.31705444775
-121.731 42.6133 0.000950415610298 -0.00173358942263 0.0021276244121 0.000368684500218 3.45123 3.62101 12.0154978416 0.0812611833491 -1.05815826543
-120.893 42.7258 0.00116295839809 -0.000919045316746 -0.00272271387219 -0.0017172923384 3.80402 3.62834 5.03243436986 -5.76477320097 -0.0860618042521
-120.251 42.7991 0.000544015208334 -0.000889627245539 0.000655541180927 0.00128243729759 4.20623 3.90079 1.11347711977 1.66810830175 -0.36239711122
-119.247 42.6912 6.36735675175e-05 0.000713910980934 0.0041179657086 -0.00622766344133 3.47104 3.30304 8.9093931693 -5.53493477618 0.653120562938
-118.486 42.7308 -0.00107865649145 0.000808106042586 -0.00513825181084 -0.00183891835918 4.59201 4.51057 18.1947677573 10.2541372716 0.405703495839
-117.725 42.6996 -0.000445531675 5.01750542994e-05 -0.00127045216273 0.00525427790323 5.99149 6.80617 6.93436662868 4.95685721856 -0.177781445888
-116.87 42.7779 0.000715782992528 0.00101770828283 0.00402362506335 0.00316495790357 4.21161 4.02725 -5.49057307248 -16.6114412881 1.23706131035
-116.032 42.7713 -0.000364660109998 -0.000305681710226 -0.000860300314341 -0.000844788378998 4.3187 3.94126 5.59558232314 6.44167345432 -0.444976299594
-114.903 42.636 -0.00117651143715 0.000551573968945 -0.00317795490539 -0.000824800585529 4.19456 4.3887 10.0960987751 11.8658478361 0.0344288513793
-114.084 42.6493 1.83180130074e-05 0.000278014168243 -0.0016118354027 -0.00121316713214 3.81347 4.67085 3.44886805712 -2.11183905661 0.25133005606
-113.176 42.5452 0.00891039980682 0.00224079546674 0.00465607216966 0.00307984524644 3.10588 5.27341 -19.5875417014 -101.796207054 8.36188179859
-112.531 42.6852 0.000796038756895 0.000760737093136 1.24266544325e-05 0.000675563272055 4.15027 2.96698 1.30298882465 -14.8954801194 1.05540748489
-111.588 42.8321 -0.00473990610518 0.00145680770829 -0.0218673811902 0.00307147512302 5.60435 5.15071 -316.367757722 69.1271013443 2.53871230907
-123.602 42.156 -0.000101454027212 -0.00135905452738 0.00570991946197 -0.0430793074111 2.70107 3.59031 12.5618231146 10.4271587627 -1.22324694557
-121.891 42.175 0.000504908144791 -0.00041501432805 0.00543159936558 -0.0101800197638 3.22165 3.12139 6.51778089601 -2.41374293423 -0.0532535991733
-120.834 42.0472 -0.00011062662691 -0.000544312743952 -0.00407482814771 -0.00127333355087 4.26319 4.07405 9.39367035478 5.08724107975 -0.524055756121
-119.34 42.0187 -0.000217917867296 0.0012590086743 0.000768485127495 0.00299781070011 4.96562 5.10458 3.91919070168 -7.37670463489 0.909797160902
-118.344 42.1901 -0.000229625879251 0.000162820966423 -0.00626045620754 0.00281244160663 5.71518 5.91835 13.3957965863 1.95835000882 0.054454665872
-117.667 42.0192 -0.000666929341914 -8.15555042379e-05 -0.00135703081548 -0.00349155689704 4.01062 3.96327 12.8047137726 8.8380394495 -0.347028164761
-116.471 42.0773 0.00079303510578 0.00284247515876 0.00206087323631 0.00542914152046 4.6037 4.25668 -4.20142063104 -33.5731479805 2.6909613709
-115.754 42.1669 -0.000186898161206 0.000916253326178 0.00259693052888 0.00273200509148 3.99478 3.62547 -2.87140126506 -5.70623525399 0.610910124624
-115.016 42.146 -0.00138781044177 0.000421549338526 -0.00390704659843 0.00326449431491 4.30448 4.34426 4.15993999825 13.7963963793 -0.325110153012
-113.944 42.0886 -0.0005517380104 -0.000942447505724 0.00324196435695 0.000389371867571 3.83536 4.66674 -3.14781544122 13.9389303599 -1.08677112125
-113.24 42.0343 0.000323027015556 0.000221649900515 0.00287708000373 -0.00381016149492 4.03869 4.45036 4.01033099401 -5.43941171865 0.347577266313
-112.386 42.0041 0.000714384167389 0.00522199217136 -0.00360137540628 0.00406444632997 7.15988 9.62061 -4.73471706137 -50.9771345146 4.65045460724
-111.432 42.0149 -0.000552188896918 0.000153140172943 -0.00570919253939 -0.00365798066409 4.61332 4.61245 7.38800499913 6.33099935132 -0.0713489616205
-120.74 38.7552 -0.00131483731227 0.000399639205526 0.00322010627516 0.00148439279351 3.8596 3.76774 -8.4541449375 7.47563288349 -0.750865965769
-124.122 41.8473 0.000565406150915 -0.00061110438366 0.0102639808867 -0.0156804462907 3.68088 3.74113 0.238251761497 0.12067989754 -0.0556201013076
-122.854 41.392 0.000213377593034 -0.000703821530173 -0.00960711318845 -0.00646189044122 3.93023 4.04242 10.7783619722 2.56405253353 -0.485918804121
-122.122 41.2742 0.000465623368979 -0.000722836395768 -0.000204511416722 -0.00111678516565 4.51482 5.21403 -3.13534850678 2.47406669069 -0.181783959594
-121.839 41.7826 0.000749582349877 0.00077695892053 0.00293895764063 0.00929014893015 4.88619 4.62838 -19.6524175915 -14.1503600922 1.03214183274
-121.146 41.3593 1.28756331954e-05 -6.42390462214e-05 0.00369496969302 -0.000141765735805 4.06498 3.98803 -1.20479838067 0.456493496816 -0.039081414911
-120.477 41.2047 -0.000917087320025 -4.60006838679e-05 -0.00203571861634 0.00221038759891 4.82527 4.71451 5.1627656448 10.6406290273 -0.56439973899
-119.171 41.3884 0.000231369147872 0.000193427728075 -0.00206868338852 0.00345318603367 5.44442 5.59812 6.45935539755 -4.10903522902 0.287164537018
-118.379 41.4483 0.000274455382215 0.000890721680789 -0.00012089321409 0.00273502430762 4.28961 3.89285 3.51589505505 -10.0565037154 0.889980053544
-117.45 41.423 -0.00261082899731 0.000541271839464 -0.000169875937165 0.000880515914916 3.7531 4.11704 6.88853651472 27.5050670147 -0.838977143919
-116.54 41.522 -0.000566560226715 0.0025136993671 -1.23038804366e-07 -0.00122045222443 3.57209 4.51478 8.18725201675 -9.2662547239 1.96129749771
-115.791 41.4311 0.00189321695032 0.00143600411143 0.00463329720506 -0.00123842286003 3.42712 3.71319 6.29434428936 -32.705423933 2.17126481553
-114.915 41.4157 0.00155651114798 0.000398213240361 -0.00579919229238 -0.00267960971043 3.88349 3.6496 19.212967772 -22.4166402877 0.786864403583
-114.165 41.3602 9.3441194104e-05 0.00111887206346 0.00141989492279 -0.000855770429995 3.90206 3.60514 -0.303507898817 -9.77075179636 0.982870771914
-113.347 41.503 -0.000880308012696 0.0002101821311 0.00453190258142 0.00264674923362 4.44262 4.78322 -8.32013792048 7.42876540517 -0.415068101158
-112.448 41.4632 -7.59325433109e-05 0.000362438532282 -0.00317656579438 -0.00356111977599 4.58727 5.28604 11.3571698737 -0.744050254258 0.314443784573
-111.63 41.3146 -0.000282460692582 0.000490296568838 -0.00434269486043 -0.000467251414467 4.71482 4.43762 6.90781902466 0.87939954724 0.336030418428
-123.306 40.822 0.000140830090643 -0.00160488456034 -0.00412588488546 0.0105297909535 5.10674 5.04823 -14.10522057 17.3029602788 -0.747063287178
-119.835 40.7484 -0.00117440840946 -0.000382158341346 0.000285121911828 0.00490669309983 4.70318 4.57981 0.821304543384 15.8822831808 -1.0351758575
-118.971 40.7797 -0.0017470679828 0.000267886436256 -0.00203164368554 -0.00314915019105 3.78649 4.21783 10.3317784188 19.4373751403 -0.598066898669
-118.134 40.7811 0.000402178384714 0.000928960171318 0.00220168570665 -0.0025790864079 3.11222 3.50785 7.81725616133 -11.2766272318 1.00534109466
-117.524 40.852 0.000386330925049 8.63613001903e-05 0.000295965772128 -0.003610819231 3.30874 3.45395 6.54074550517 -5.22111278877 0.271588251924
-116.508 40.7186 -0.000126751264843 -0.00205770994868 0.000299372308674 -0.00240882557123 3.17635 3.38921 11.9700750861 13.3913382974 -1.92822738372
-115.736 40.8167 0.0005623092373 -0.000573178310255 0.0031136097034 -0.00444746183766 3.39726 3.61158 8.45887822578 -3.38691338082 -0.257067825228
-115.039 40.8522 0.000964913832544 0.000145094325611 -0.000791679243084 -0.00289928048994 3.87976 3.71298 13.6399794635 -13.3433443033 0.479947445973
-114.204 40.8556 -0.000258625850836 0.00159898110192 -0.0030392914784 -0.00375876661284 3.81965 3.63163 15.9752953589 -3.34603651456 1.44529936499
-113.187 40.8513 -0.000175012384778 0.000541625086139 0.00178648655694 0.00356593044441 5.01962 4.82617 3.58941028481 -1.52791563585 0.389639572636
-112.52 40.8903 0.000300899900571 0.000788942273608 0.000202676505419 0.00480750572904 4.90473 4.6809 0.808335201756 -9.36094760407 0.831478787459
-111.437 40.8869 -0.000584884149452 0.000731370593042 -0.00134633542133 0.00227958329087 4.66113 4.84104 6.43202366015 3.34409615303 0.429651482168
-110.834 40.9425 -0.000248759755165 0.000276566133332 -0.00232756738868 0.000848503835155 4.16687 4.15044 0.605143026903 1.17025870806 0.12036890906
-123.82 40.1398 0.000297516773513 -0.00127545451657 0.000983085101962 0.00759565979545 4.39819 4.29459 -9.78689094548 11.6115746012 -0.512220128216
-122.788 40.1767 -0.00030811205754 -0.00107751414317 0.0022845595591 0.00465365254159 4.33408 4.16924 -9.6328818178 14.2420677889 -0.898653822422
-122.032 39.9971 -0.00117739419618 -2.16521393283e-05 -0.00435840101309 0.00343457015993 4.8845 4.69616 -0.899970583412 11.9614347584 -0.822236036601
-121.086 40.32 -0.0004790703432 -3.68628835622e-05 -0.00281188025352 0.00601361833626 6.3382 9.00071 -27.1090029659 2.89949928111 -0.458834507381
-120.918 39.962 -0.000824855974211 -0.00117498437831 0.00127239209272 0.000389527200844 4.24666 4.33358 -7.69448609087 19.6631086499 -1.39396003591
-119.827 40.165 -0.000445009503214 0.00079921055668 0.00258443338658 -0.00759597467796 3.15977 3.10389 5.4058019588 -1.20595314648 0.405375273741
-118.877 40.1614 -0.00082423898869 -0.000610446843661 -0.000885576619568 0.000181328735779 3.49982 3.78999 3.18775614644 14.222269868 -0.97729563612
-118.155 40.2903 -0.00052919978665 -0.00137194623372 0.00226036210263 -0.000626833737787 3.41388 3.94388 2.24178168359 17.1396277337 -1.42143673491
-117.19 40.1697 0.000232246077317 -0.00130952414513 0.000386339671704 -0.00303172487487 3.57523 3.68451 7.74835119209 6.15997297568 -1.02625040548
-116.5 40.2917 0.000287891490062 -0.00156946121 0.00232311792777 -0.00374324813152 3.70111 3.31928 8.10865024626 6.85082608678 -1.24571373479
-115.657 40.1313 -0.000592983865647 -0.000252106839463 -0.00282732558862 0.00340832804332 5.09911 4.7546 11.2256782198 9.04127731237 -0.473871038419
-114.745 40.2679 -0.000638310665219 0.00104598717911 -0.00330365365772 0.00348413220535 5.07314 5.14516 16.9859565429 4.1436101128 0.805889087113
-113.981 40.1314 -0.000390968190033 0.00166469743813 -0.000370369219524 0.0017883071255 4.38378 4.52329 9.93188424985 -4.40879927134 1.36641496258
-112.469 40.2807 -7.1244132611e-05 0.00143415710747 0.000423775235815 -0.00131736032198 4.00604 4.01018 8.24142894866 -7.23037391276 1.28504243208
-111.502 40.2067 -0.000118956593933 0.000300923326378 -0.000777094303563 -0.0021240736224 3.71694 3.69489 6.60548044239 -0.212137001279 0.225668550925
-123.338 39.469 -0.000213651894451 -0.000109763508647 0.00217184955116 0.000724691951866 4.10652 4.02687 -2.84220915699 3.09544638237 -0.230792510703
-120.608 39.3028 -0.000717068538673 -7.55471578812e-05 0.00866204409136 -0.00296946692112 3.32776 3.29169 -7.18220694737 7.37761247081 -0.586139977344
-119.898 39.6785 -0.000547645223037 0.000517599411297 0.00577828773924 -0.00370900438302 3.23361 3.3938 -3.97020961057 0.430849771636 -0.0113869042221
-118.889 39.5399 0.000288309955193 -0.000387406696629 -0.00673288398309 -0.00380198359544 3.81236 3.75437 12.3543582486 -1.13601952171 -0.214838277006
-118.08 39.6946 0.000148631780953 -0.00188990674842 0.00164425273551 0.000196898266462 4.14757 3.89071 -4.31783624321 16.3453720484 -1.28880751021
-117.14 39.5516 -0.00100896254375 -0.00055481783308 0.00925915690825 0.00720571325396 3.9399 3.67723 -10.6563296753 15.2315066153 -1.12133613152
-116.464 39.6202 -0.000761704859198 -0.000566372136096 -0.00870169269649 0.00751743897459 6.41702 6.16103 16.4001372535 12.7857130883 -0.794930815537
-115.754 39.553 -0.00152394546374 0.000113568048816 0.000678903888693 0.00663765598504 6.1453 5.91087 3.99075855427 17.3744542692 -0.708924478051
-114.908 39.4731 -0.00156182847932 -0.000328214630575 0.00213860405825 0.00420733158536 4.45311 4.68383 -0.0631112653061 20.7320481302 -1.16569662896
-113.069 39.5906 -0.000193317780235 0.00103506450718 -0.00188708174482 -0.00487230549057 3.22145 3.37363 14.8717513682 -1.93134692378 0.924699342634
-112.279 39.5708 0.0011304375962 0.000999308191908 0.00290463063836 -0.000232803582034 3.66397 3.66019 4.70533596128 -20.8376024862 1.40614960663
-111.66 39.6092 3.09032394414e-05 0.000893744402649 -0.000434446817981 -0.000305984206463 3.67907 3.3826 7.4737360657 -5.54386283494 0.830400715572
-110.74 39.473 -0.00095755572203 0.0007056162282 -0.00252077276682 -0.00327549335393 3.90321 3.89053 12.7814932156 10.0555667194 0.38614470268
-122.015 38.6333 0.000328293171021 0.000188314839779 0.00310543170406 0.00158593951975 4.10992 4.20059 -4.32220101005 -4.99058624283 0.368907518016
-121.377 38.839 0.000187195984714 0.000122318483411 -0.00665922502645 -0.0033426237055 4.24404 3.83582 7.89304597341 -3.09426334597 0.20652935476
-118.808 38.9383 0.0015078596128 -0.000676891168079 -0.0038405637541 0.00137365632876 4.89934 4.54226 2.18402278942 -11.0370444883 0.374846306822
-117.932 38.8606 -0.0002312777112 -0.00113303633205 0.000627692145212 0.00357975574652 5.22627 3.83395 1.86049933715 12.1043388032 -1.04657676451
-117.182 38.834 -0.00281297313822 7.93584446186e-05 -0.0229117660898 -0.00811582000357 4.21308 3.9255 24.10675398 38.2028821744 -0.587497515968
-116.4 38.8247 -0.000966404306106 0.000343698182892 0.00540518859737 0.000352126663236 4.56099 4.33317 -0.611056152248 7.86082597795 -0.316266683608
-115.654 38.8455 -0.00166742362128 0.000181252910109 -0.00182784224972 -0.00394015599442 3.67072 3.48826 8.10629723136 19.6325770226 -0.622491256373
-114.83 39.04 -0.00244708266331 -4.29118826856e-05 0.00298698300065 -0.00364190547159 3.41861 3.62761 4.33808641877 30.120314698 -1.28823366034
-114.02 38.9551 -0.00205632340774 0.00061342159072 0.00251631476326 -0.000920740388206 3.14662 3.68209 -2.07291739014 18.4078580467 -0.722782255141
-113.277 38.9882 0.00129573891163 0.000319626097312 -0.00263180086086 -0.00275326660635 3.59716 3.94951 16.2055508219 -18.9928600433 0.687643076225
-112.379 38.9995 -8.06296175434e-06 0.00035871792974 -0.00290282557687 -0.000798424656447 3.99374 4.02911 19.8835237831 -0.99252630426 0.348552442465
-111.172 38.9176 -0.000262062316771 0.000475742563904 0.00383389880678 -0.00159342610151 3.89963 3.91312 8.51949680206 0.87046202658 0.33968959213
-110.133 39.1025 -0.000322024785154 -0.000233863736841 -0.00363915889101 -0.000364878031603 4.28303 4.44357 12.6777837935 5.41303181077 -0.31771737886
-109.263 38.9553 -0.0002549386886 4.52744631107e-05 -0.00227831470118 0.00100107881698 4.29434 4.3178 4.65016871574 3.09515995253 -0.0624722361975
-120.936 38.2571 7.67778162037e-05 0.000482660050605 -0.00304105687645 -0.00175611109359 4.11355 4.09932 -0.637990813359 -5.33531580826 0.407041431047
-120.076 38.7028 0.000134293684677 -0.000419808714573 0.00325917374238 0.00589209932179 3.9361 4.32539 -17.688124476 4.01541283529 -0.104126872206
-119.451 38.5226 0.00100938465125 -0.000280511473264 0.00195028016773 0.00795838158926 4.66808 4.74176 -12.5935792726 -5.37536747526 0.636321015803
-119.047 38.089 0.0006847865427 -3.86515673123e-05 0.00110618270756 0.00337622886801 4.7405 4.72887 -9.82055407974 -5.77124613604 0.499211663389
-118.106 38.3489 0.000141813046782 0.000648780932578 -0.000768772447813 -0.000249057776359 4.56264 4.17243 1.27952728242 -7.16029145246 0.5999863298
-117.072 38.2397 -0.00159865109563 0.0003375757997 -0.00137877397618 0.00274750500596 4.50413 4.19716 1.68099055974 15.3989373945 -0.672957938368
-116.302 38.2886 -0.00152346274023 0.000659916781768 0.00165288162555 -0.00107766517102 3.845 4.06565 -0.614382676951 11.3684754676 -0.408861810572
-115.585 38.3489 -0.00162507043653 0.000318330519947 0.00223908859621 -0.00355780329365 3.25495 3.33389 3.35798912189 16.9229851101 -0.615071574779
-114.608 38.3281 -0.00172472721459 -0.00115804966123 -0.00128335516031 -0.00175687110062 3.53866 3.71835 7.02963066713 29.456834223 -1.83446481298
-113.969 38.1802 -0.000289842514776 -0.00240155613745 0.00135951955281 -0.00349285009262 3.76503 4.39965 10.085683575 17.9682281206 -2.30650938029
-113.021 38.2987 4.27298959609e-06 -0.00143450953308 -0.00289647626722 0.00149651457546 4.56694 5.24413 10.6845216933 7.87329284606 -1.32185279883
-112.277 38.2108 -0.00019236310974 -0.00023185115982 0.00143531191167 -0.00870606245581 3.38732 3.54069 13.4146162486 3.70494932681 -0.28210119522
-110.711 38.4187 -0.000152498133794 -0.000135957240743 0.000202971230857 -0.000850116555812 4.14796 4.12691 12.6899636054 2.69707937716 -0.176314215855
-109.894 38.3862 -0.00104658544059 -6.92186361101e-05 -0.0040083285708 -0.00193451931092 4.18817 4.09114 15.7971095625 14.9372230434 -0.318137982532
-109.261 38.2916 -0.00089185323078 0.000277438627427 -0.000672948145379 -0.00227701142786 4.08183 4.02133 5.63908662057 10.2851914998 -0.0981167417212
-121.328 37.5049 2.52066391935e-05 -0.000123697306397 -0.000198441770256 -0.000796518181508 4.09372 4.28225 -6.59584576189 1.0806798236 -0.0614299430126
-120.33 37.346 -0.000108052067207 8.13349676636e-06 -0.000758958006036 -0.00196531856838 4.02505 4.23351 -4.49194984359 0.964323243887 -0.0725113832628
-119.849 37.8817 -0.000190734022364 3.7028000267e-05 0.00134040578755 6.39710976217e-05 4.22193 4.29301 -9.11576139014 1.3128898023 -0.122764244156
-118.171 37.4993 -0.000276365447532 0.000852870437217 0.0015331197454 -0.000340059236263 4.07743 3.97838 -1.76903006651 -5.00862453204 0.459216179916
-117.225 37.7243 -0.00115486838788 0.000657943656592 -0.0021114678015 -0.00062849161293 4.31145 4.23977 5.59869084008 8.72228289579 -0.0711040551642
-116.595 37.923 -0.00128474368295 0.000154154475724 0.000605718409011 -0.00259134644631 3.84609 4.05371 1.83220382342 13.5182393364 -0.624965419366
-115.747 37.6444 -0.000505711462769 -0.000318451794711 0.00422009844227 3.28914442784e-05 3.46128 3.43742 -4.62641322515 8.40965699982 -0.573240641465
-114.849 37.6083 4.95021909737e-05 -0.00110938684383 -0.00118892033363 0.000454121913045 4.04265 4.27163 4.81871328817 7.55298246933 -0.926009635461
-113.86 37.5808 -0.00042423231886 -0.00397265645602 -0.00117512260879 0.00485425636228 5.55311 5.24789 0.0167427028106 37.430953981 -3.50956183707
-113.168 37.7601 -0.000409611667839 -0.00128776416729 0.00234301520016 2.95202665871e-05 4.30526 4.29031 6.99121707229 13.599660274 -1.33415180715
-112.363 37.6761 0.000598519274229 -0.00205973995011 -0.0169873046425 0.0273377863709 9.44721 11.7782 1.57580650094 8.06372643198 -1.4486289714
-109.995 37.6903 -0.000699443079228 0.000513766207931 -0.00682702047412 -0.00144530507215 4.32343 4.17798 15.8265955774 8.00979810247 0.325655836862
-109.137 37.7459 -0.000894939699605 0.000793579751448 -0.00634221692945 0.00536562191259 4.6881 4.54693 10.6344013616 8.71851485422 0.470663985784
-121.786 39.2291 -0.00043620885128 0.000438379071674 -0.00351679797554 -0.00549674211375 3.80024 3.78506 2.74985047569 0.769738530076 0.0588980097429
-120.674 36.8953 -0.000122277813776 -0.000128845442115 -0.000460252303496 0.00182361608161 4.36126 4.43972 -10.1254742301 2.4805072153 -0.175436194543
-119.709 37.0069 -1.75568776928e-05 0.000489013173526 -0.00134730418341 -0.00176496759723 4.0754 3.85942 -2.29480640309 -4.57502450169 0.341839918376
-115.22 37.2408 0.000510241242997 -0.000822864913297 0.000164908935353 0.000184937151593 4.2104 4.30112 1.45604586661 0.748914502166 -0.38295801317
-114.715 36.7256 0.000355612476274 0.000501883818604 -0.00267009787014 0.00251704392584 4.91504 4.32532 5.58288775526 -8.07191320216 0.612879476237
-113.907 37.0195 -0.000749180890788 -0.000522678791186 -0.00293193061784 -0.000344217540353 4.40775 3.33845 5.49939261883 13.100311432 -0.823662684432
-113.084 37.0615 -0.00335328444742 8.33167803677e-05 0.00148779437855 0.001609233028 4.61787 4.07383 1.54783966123 40.2181858897 -1.72950188309
-112.382 37.0183 -0.0015455003882 0.000790683910328 -0.00291816578016 -0.00590115565595 4.16637 3.97926 8.48950729909 15.5400034192 0.0717876057083
-111.506 36.9839 -0.00108127095909 0.00042495841523 0.00856294069781 -0.00689012554301 3.42463 3.43403 4.8310234884 11.1107537617 -0.119690347788
-109.874 37.1364 -0.000691917746705 0.0021359928681 -0.0122142666783 0.0061366103725 5.32126 5.02551 17.0179060313 2.73176432095 1.92228501577
-109.025 36.8299 -0.000266086084235 0.000710688801904 0.011378408581 -0.00365885988317 3.16385 2.99591 0.655110538232 -1.56730610104 0.496310034397
-120.783 36.3627 -0.000472881482097 0.000631810268375 -0.00800126659064 0.00737904681306 5.63386 5.86546 -10.9002408865 -3.22252808124 -0.00669999600088
-120.12 36.3356 -0.000754075700407 0.00119734963489 0.0114698711659 -0.0025086831341 3.10822 3.74199 -9.51098330703 -6.64000208085 0.152497206104
-116.33 36.4193 0.000265850856193 -0.000208371759517 0.00606314252322 0.00218723228077 3.89771 3.85382 -4.04345959417 -0.830499694503 0.0232294619465
-115.383 36.423 -0.000511825405817 -0.000604779246216 -0.00316534141787 0.00211604826271 4.76417 4.71879 -2.12185823822 11.1967958799 -0.792120269393
-114.539 36.4321 -0.000362349395392 0.000753968732852 0.00357783577222 0.000187868021413 4.3808 4.40615 -1.86570592467 -2.54494499852 0.373107724104
-113.965 36.4151 -0.000300743072568 0.00217779421581 -0.00316951365681 -0.00113891747929 4.13954 3.9317 11.1118951262 -8.95095509204 1.86273915498
-113.18 36.4182 -0.00210724219462 0.000623334890322 -0.00319606523381 0.00159211400104 4.54529 4.27915 5.15934312356 22.2320187229 -0.486409120379
-112.291 36.428 -0.00192994318625 6.67628015749e-05 0.0109819669101 -0.00676786968754 2.88248 3.12796 1.81447245822 23.4007689191 -0.95353568284
-111.13 36.1428 -0.00130082941747 -0.000506435574955 -0.0128050695784 0.00343246692283 4.41704 4.6463 23.634013367 19.9088224593 -0.6933376874
-110.662 36.5996 -0.00170122191686 3.0768703843e-05 -0.0137542418764 0.000296793206389 4.07492 4.21362 -326.178308531 24.8375742189 0.103454479481
-109.87 36.4199 -0.00175568795124 0.00132795138566 0.000779538722383 0.000842151788043 3.93631 4.88916 19.4079591647 21.5066200693 0.965478873562
-121.236 36.0214 -0.000356215356515 0.000496447690983 -0.000578011070119 0.0135664966668 4.99104 4.9463 -14.407408472 -3.24472057736 -0.0370884031529
-120.87 35.636 -0.000697774109872 0.000490514333475 0.0149431841787 -0.0122440751449 2.99968 3.13289 -4.09043677959 1.58790932874 -0.180512892601
-119.903 35.8667 0.00199927069076 -0.00296127138042 -0.00176414121676 0.0010419511652 4.12415 4.28773 0.509163513628 6.67817909058 -0.886893518736
-115.43 35.8384 -6.26089760074e-05 0.000191322512955 0.000433445650522 0.00524740003431 4.64131 4.18665 -2.12610848137 -1.05455514518 0.108089324296
-114.851 35.7266 -0.000993861824743 -7.7841615508e-05 0.00110414043373 0.00854939613277 4.60228 4.57791 -7.52721778722 11.0963399339 -0.748785663358
-113.984 35.8522 -0.00165422584395 0.000929192754849 -0.00178613159277 0.00861963836872 4.36756 4.75639 2.02796023704 12.5288753466 -0.141524555853
-113.105 35.6339 -0.000659153147748 0.00128838955027 0.00227013267441 0.004350882874 3.84702 4.09417 -0.024336589581 -2.80814421446 0.682967750829
-112.173 35.8191 -0.000591366316807 -0.00249026050389 0.00761682987812 0.00626590835669 4.1466 4.2728 -9.95345822765 31.2930735149 -2.21363243542
-109.933 35.7113 -0.00103774802153 -0.00195429081029 0.00264174976616 -0.00865491829434 2.96198 3.14762 7.42766055644 25.4704701282 -2.20592267156
-109.046 35.7147 -8.07772134289e-05 -1.61674043785e-05 0.00507679225773 -0.00765070967521 3.22693 3.4013 1.88789778914 1.16522517933 -0.0521108790123
-114.87 35.301 -0.00052782503877 0.00107647788073 -0.00429966754856 -0.0186088314819 3.23483 3.30079 9.86168491431 -0.28460420034 0.718561572482
-113.885 35.099 -0.00126281148972 -0.000866422355027 -0.00116825669866 -0.0212446807777 2.48838 2.65106 14.488423744 21.7538475499 -1.26757182399
-113.083 35.2127 0.000890464069445 -0.000435484745819 0.000115516656843 -0.00987145839942 3.19491 3.8552 13.7767285735 -9.84317853313 -0.0852010480843
-112.267 35.1787 -5.13661158263e-05 -0.000746350840885 -0.00125082726239 -0.00110952816915 4.12862 3.71808 3.19802107105 6.24292144811 -0.667587699393
-111.532 35.0951 -0.00221465879071 -0.00068478670919 0.00279954129188 0.00409217459604 4.31649 4.08359 0.505567662348 32.8503531649 -1.7707578827
-110.713 35.0789 -0.000730317122879 -0.000871449212853 -3.39150250168e-05 -0.00152774959292 4.02488 3.93269 8.75802989039 14.9837082348 -1.08978633013
-109.736 35.1181 -0.00524398365311 -0.00140073801633 -0.00793386743397 -0.00117163036957 4.25396 7.37015 21.691213926 79.858432205 -2.22543623474
-109.388 35.1118 -0.00239317832606 -0.00162584659089 0.0142632685516 0.000732612468088 3.92371 5.70131 -2.94634457439 42.8238876085 -2.675912477
-113.83 34.5935 -0.00094366723999 -0.00229672693995 0.00389197289115 0.0205010643706 5.06193 5.75195 -19.3312271572 35.4999126579 -2.0803758549
-112.891 34.4692 2.7817096291e-06 -0.000108619071941 -0.00830074288602 0.00236811183951 4.85425 5.03758 20.5848150808 0.359341155098 -0.104474707257
-112.237 34.4866 0.000334571699959 0.000894705517837 0.00434599349268 -0.00132021751369 3.98418 3.88913 2.72984220227 -11.0901864083 0.937515220783
-111.441 34.4178 -0.000695195182429 -0.00066944425397 0.000386750903351 -0.00616079909612 3.83882 3.15032 7.87019451088 13.5236043962 -0.903477164294
-110.806 34.3371 -0.000972378964802 0.000275958791903 -0.00523938826047 0.00320123835098 4.76738 4.37496 10.1785988493 11.7467509778 -0.116396645026
-109.95 34.5293 -0.00125736943562 0.000467422846714 0.000727428590211 0.0134610313558 4.91328 3.71199 3.97851857033 13.3376104319 -0.166269437122
-109.29 34.4275 -0.0015858186609 0.0010581129534 -0.00139759232718 0.00524774308643 5.09175 3.86259 0.533880393458 12.4726393958 0.117130078476
-113.829 33.8142 -1.62273539358e-05 0.00128480438677 -0.0017205837835 0.00380700239267 6.03312 6.32739 -8.43137852291 -13.1707127934 0.89804040594
-113.005 33.9383 0.00125334269954 0.000231383887512 -0.00837354147374 0.002254840572 5.43545 5.54568 17.0180047867 -18.5946670303 0.616281106986
-112.333 33.9535 0.000254896664635 0.000165969433944 0.00463974868326 0.000318395774794 4.34745 4.0187 -4.85418630187 -4.46309508094 0.290241924746
-111.478 33.8798 -0.000640214621071 0.00109781683744 0.00107320042317 0.0225607857765 5.78906 -nan -10.8084500817 -4.63340147805 0.334426156404
-110.844 33.6953 -0.00196958100066 0.00171505290866 0.00564073887909 0.00232135340713 4.89684 4.86963 4.20558903916 13.3725736312 0.553818408024
-110.034 33.7776 -0.00294060766415 0.00464301817865 -0.000277511778017 -0.0270343027251 2.86262 6.31951 16.0507964766 23.1555179861 3.6582582248
-109.254 33.9571 -0.00188614586982 0.00386611582072 -0.00332094743631 0.00115508801551 5.30526 -nan 7.39344959775 2.78666540088 2.79235937635
-112.946 33.3627 0.00100730029521 6.86244983238e-05 0.00148971600575 0.000156234662351 4.4776 4.22406 0.0220326681726 -12.6899155458 0.64343456411
-112.158 33.2893 -0.000527412127951 0.000614586293607 -0.000591047146178 -0.00288784256805 4.95455 4.51577 1.08548535826 1.4442148349 0.218246980075
-111.427 33.341 -0.000329364015902 -0.00427423282792 -0.00246424808236 -0.0744290795607 1.89642 1.8597 20.6703261971 19.3218079065 -4.23608162902
-110.472 33.2969 -0.00419104273907 0.00250710799664 0.0129458364418 -0.000562766533102 3.76561 -nan -7.94203501941 23.0119187804 -0.832670510211
-110.036 33.0851 0.0115083535666 -0.0291668235917 -0.0237552665294 0.0243631613105 1.92834 -nan -140.095894739 228.211013251 30.4287187872
-109.266 33.2921 5.50817167464e-05 -0.0028663402492 -0.000406930122354 -0.00691025906858 3.6664 3.01638 2.09103712515 20.2117675516 -2.47592704848
