-112.228 32.7006 0.000395690545443 0.000397712194262 -0.0042514893773 -0.00445145549245 4.34133 4.41738 4.63262279667 -4.7342815581 0.557001658434
-111.704 32.5618 0.000259504299465 0.000548329341426 0.000158123647148 -0.00368275932369 4.19554 4.16124 0.21496779113 -4.79188735231 0.580574467678
-110.739 32.5716 -0.0005598433252 0.000832868154745 0.00182703342227 0.00179531275436 4.60144 4.50478 -8.55882158725 -2.47816683724 0.0964411988543
-109.97 32.6399 -0.000536979559109 0.000507338003806 -0.00272744946971 -0.00186714247098 4.33015 4.26187 2.70290473698 0.846162188869 0.056110860666
-109.303 32.7663 -0.000320543506592 0.00146454351269 0.00211004161334 -0.00163689482569 3.91757 3.93396 -2.43712907124 -6.81317593476 0.832879658296
-111.457 32.0022 -0.000204521359288 0.00063607393633 -0.000259634124766 -0.00191614763171 4.24088 4.07415 5.38403983455 -1.87373869011 0.386516797015
-110.816 31.7748 -0.00138502937966 0.000795947851928 -0.0092626083533 0.00422047442095 5.0588 5.28082 6.27733706107 5.73468678857 -0.16061574624
-110.046 31.9737 -0.0010112367426 0.00120010779994 0.00248277722933 0.00624017747433 4.13301 4.58292 -13.7185690542 -3.59410990903 -0.150273212976
-109.991 31.439 -0.000932347499173 -0.000748802268119 0.00776636173391 -0.0081226308096 2.98781 3.06363 -6.33321790306 10.3310721844 -1.1937941311
-109.281 31.3757 0.000120380183205 0.000100074801066 0.0155983526211 -0.00730741380308 2.93617 2.97112 -7.68898061628 -1.35976434146 0.156504978859
-122.707 48.7197 -0.000584796258141 0.000391863619681 0.00735410736902 0.003702677801 3.50697 3.54306 -7.90278336053 -0.308987379374 -0.31008411757
-122.085 48.9983 -4.36591584639e-05 6.70654617392e-05 -0.000892878042127 -0.00287063974182 3.79477 3.89691 2.85069143909 -0.146544587006 0.0110291230039
-121.48 49.0983 0.000813913190573 0.000194550402434 -0.00458429863121 -4.83905894233e-05 4.22363 4.33632 4.36795668272 -4.65415396109 0.729578707277
-120.384 49.048 0.000571943687604 0.0002449473237 0.00426996048965 0.00104732643756 3.61176 3.67498 -3.64552030487 -3.58624265469 0.608211840901
-119.272 48.9534 0.00101458798023 -0.000205635577067 0.00488926828701 -0.00370834961414 3.64138 3.75536 3.2001233341 -3.678173666 0.604435722094
-118.585 48.9752 0.0012597126794 -7.25292703592e-05 -0.00984971549193 -0.00550613359938 4.36572 4.43962 20.3867111855 -7.26885812046 0.56001545185
-117.559 48.9813 0.000267467125371 0.000170026918387 0.00338706769526 -0.00876581987673 3.38393 3.34848 4.80505164513 -2.14359780408 0.308973931357
-116.363 48.958 0.000456568681398 0.000755962977263 0.00550549467474 0.00307504570039 3.68041 3.85393 -9.46361014651 -6.17175760036 0.785595005008
-115.653 48.9339 0.000654370871325 -3.84069474953e-05 -0.00240934142221 -0.00186094113026 4.33729 4.45854 6.20955110869 -3.22316995052 0.411587349598
-114.413 48.933 0.000412608484357 -6.79779714121e-05 -0.0048900440407 -0.0045615911241 4.23692 4.32066 5.25231708912 -1.83099036126 0.228945265564
-123.504 48.0575 -0.00124104173427 0.00060095637669 0.000540694238074 -0.000423610768957 3.86166 3.94122 -4.37328895338 1.21670306849 -0.70386537247
-122.096 48.2641 4.24491687074e-05 0.000148745130668 0.00291166374919 0.00149452621081 3.55472 3.69461 -5.66185661809 -0.99383880892 0.116252724734
-121.484 48.5183 0.000346132271708 1.13620531085e-07 -0.00386312536561 -0.00115660419041 3.84225 4.05209 3.44390996243 -1.56276306581 0.256886175794
-120.12 48.4607 0.00101243311709 -0.000327630571115 0.00144206472211 -0.000672313325996 3.66691 3.81476 0.410730381014 -2.70033993424 0.568167521841
-119.333 48.3584 0.000992174086461 -0.000616963998056 0.00220505791574 0.00138679257586 3.83128 3.83554 -1.42142737274 -0.913384118775 0.394093180038
-118.149 48.4226 0.000347311103658 -4.3118974668e-05 2.19263394175e-05 -0.00540899705959 3.58913 3.59008 8.60122399302 -1.62078315024 0.1951965537
-117.225 48.2995 -0.000139147344592 -4.3569902305e-05 -0.006127598147 -0.00284145032824 4.06807 4.26619 17.134139028 0.986486850049 -0.110545069305
-116.367 48.4366 0.000911114326147 -0.000242366809142 0.00112427679908 0.00303853303779 4.36277 4.62401 -7.88223159023 -2.10949599291 0.626439791715
-115.589 48.4694 0.00127420612189 -0.000131399884081 0.00296243082277 0.00511003154526 4.17874 4.28363 -10.2278483019 -3.91563533609 1.01757734184
-114.468 48.3739 0.000274872059172 -0.000591095198197 -0.00154042656876 0.00558859803919 4.98357 4.84643 -10.8769994652 2.57211521587 -0.0744003197451
-122.173 37.1311 -4.11567303061e-05 -8.22519043845e-05 -0.00205752868944 0.000265764129848 4.20235 4.21167 -0.77671794192 0.667110538669 -0.0854932534958
-124.566 47.9475 -0.000657968181356 0.000159025230198 -0.00264926279761 0.00135583860167 4.21346 4.2409 -0.144963876229 1.78810753804 -0.427798019566
-122.972 47.7172 -0.000485864503336 0.0012832135133 0.00218667968879 -0.00379617169498 3.32362 3.48991 -2.81995578832 -5.1171353126 0.348273758224
-121.689 47.6947 0.000981785112731 -0.000751449606175 -0.000869981356486 0.000947752099881 3.69737 3.91844 -3.40869484099 0.281435394662 0.362808052682
-120.061 47.6902 0.00088853750979 -0.000678679832444 0.00063128272646 0.000698965501044 4.01819 4.11485 -1.66729804659 -0.0933989771182 0.281023781429
-119.045 47.7849 0.000510798532563 -0.000498070867939 -0.00109467963313 0.000178999741217 4.15058 4.12688 0.201676765861 0.332562167474 0.0659762453367
-118.274 47.8006 0.000318711976969 -0.000542942236187 0.00291259368361 0.00317056147076 4.23901 4.24976 -5.26519479099 1.80124300682 -0.0540443732916
-117.308 47.8192 0.000330794950198 -0.000815008370945 -0.00413732694804 0.00254790909528 4.63983 4.80815 1.0617202188 2.68288094116 -0.301736225677
-114.574 47.6795 0.000346700814981 -0.000392304893229 0.000377904012822 0.00160284038463 4.157 4.05904 -8.01343721325 0.908809629123 0.0631080008538
-113.747 47.7687 -0.000253448074452 -8.95812927267e-05 0.00702071815398 0.00462667974095 3.76905 3.71819 -14.2696935498 1.44609981316 -0.265337342014
-123.771 47.1161 -0.00126642785533 6.99609016289e-05 0.00697961236988 0.00123564367859 3.61819 3.82258 -9.17904561911 3.69492467121 -1.07423198238
-122.803 47.1109 0.000497893155041 -0.000376311392493 -0.000255536431231 -0.000175357157805 3.35492 3.73723 -8.23708975456 0.492068263352 0.239245697075
-121.989 47.1881 0.00204365627416 -0.000494159417689 -0.00192572490571 -0.00139364049133 3.98932 4.12216 0.333725212512 -6.20078458555 1.26801201616
-120.844 47.1935 0.000880211974458 -0.00131350509119 -0.000699163758152 -0.00187899524917 3.73053 3.70096 1.88548228812 2.76022684627 -0.209323007548
-119.973 47.1936 0.000684364059473 -0.00086842056799 0.00203404110144 -0.00118381881519 3.92628 3.94027 -4.50522042996 2.14269966078 0.0532660419295
-118.921 47.0573 0.000705346257421 -0.000453755490697 -0.00255089432971 0.00104233975935 4.79063 4.79558 -2.38526446585 -0.553830343829 0.273975387819
-118.309 47.0615 0.000638271562227 -0.00051908289028 0.00241192180995 0.000866533776447 4.4216 4.31686 -6.07759464195 0.435597420469 0.227959525627
-117.276 47.0547 0.000469476718886 -0.000507243225824 0.000641594418808 -0.00162510193347 4.50377 4.33833 -2.21601445786 0.683698130667 0.0434667735495
-116.335 47.0477 0.000347491910685 -0.000683275049468 -0.0023158973088 -0.00353877030776 4.5721 4.4607 7.12205156441 1.32670995066 -0.287674857563
-115.353 47.0528 0.000321071867757 -9.61685620744e-05 0.00115281179422 -0.00424925453604 4.19605 4.05286 3.25059658911 -1.16595842244 0.155794668975
-114.459 47.0943 -0.000225296986375 5.17740651279e-05 -0.00267278607783 -0.00541738182718 4.00088 3.84325 6.76828042415 0.998005740013 -0.10663348232
-113.506 47.0816 -0.000497039861662 -9.64763313218e-06 0.000937002543837 0.000436929692042 4.1335 4.08729 -7.93495260177 2.15438967446 -0.410832316905
-112.52 47.0418 -3.17965565184e-05 -0.000247427355661 0.00567122018146 0.00222777721584 3.87828 3.9147 -7.11286890458 1.59603759843 -0.173447435638
-123.563 46.5459 -9.93772695794e-05 -0.000276369278616 0.0044982901751 -9.59029111763e-05 3.57211 3.67061 -6.51742831868 1.93665257559 -0.23064626758
-121.761 46.5605 0.00213855090695 9.36922650696e-07 0.00203284391328 0.000578294021265 3.56193 3.55652 -11.1784704099 -6.92670553888 1.88548045424
-120.979 46.5433 0.00127465340034 -0.000208763433526 -0.000215070234728 -0.000610387167531 4.13304 3.72362 -0.539521286762 -4.44384560385 0.855680967263
-119.855 46.5585 0.000111966881648 -0.000945370063815 -0.00154695405385 0.000946828738152 4.79948 4.66994 -0.69027846722 4.57585283837 -0.51640945698
-119.06 46.4911 0.000199303166891 -0.000515041330598 -0.00147739391365 0.00120584472048 4.95384 4.926 -2.79110727746 1.99108237321 -0.159335825703
-118.146 46.5139 0.000518069598249 1.44527932549e-05 0.00112017529978 0.00161065108148 4.50373 4.45861 -7.13303542233 -2.13352315907 0.437450312848
-117.11 46.485 0.000625735595144 -4.04749841958e-05 0.000907141377332 0.00446967594763 4.78689 4.66336 -16.1831297837 -1.66038288011 0.547328804802
-116.209 46.3559 0.000222148940363 0.000497808797365 0.00120225017425 0.00199364294814 4.41593 4.19565 -3.44474005916 -3.79138168907 0.484798354951
-114.188 46.4423 5.71580057122e-05 0.000466121318553 -0.00223605933256 0.00121235782751 4.56785 4.35941 -0.800697956223 -2.79401943582 0.356388895557
-113.493 46.4162 -0.000237646636447 0.000321541581607 0.000619954581339 -0.00230618422898 4.15693 3.96842 -3.9165973798 -0.705314030735 0.0220115036257
-112.641 46.4246 -0.000207880741911 -0.000138619762638 0.00102090113426 0.00118223284565 4.45807 4.30632 -10.144163235 1.70506674451 -0.249858974892
-120.728 40.6183 -0.0015687857469 9.72208780345e-05 -0.0152302600034 0.0102909671466 7.02352 5.6715 7.80089736164 8.34832430375 -0.937493637437
-122.419 45.9325 0.000558104298496 -0.000230338290613 -0.000361720047534 0.00329470626494 3.80764 3.93509 -9.33589869618 -0.54334599166 0.36843806241
-121.459 45.8839 0.0012459862398 0.000647509471956 0.00207079674359 0.00374437897089 3.87973 4.23852 -12.4235372925 -7.94058755326 1.40418808415
-120.782 45.7664 0.00179255244913 0.000318494828979 0.00184126147364 0.00219057187874 4.31135 4.27869 -7.66563927452 -8.58051103862 1.68306736915
-119.928 45.8951 0.000808964356909 2.52730732995e-05 -0.00283713074281 0.000847959737988 4.83328 4.34956 -0.906796345362 -3.75138876355 0.639321715293
-118.777 45.7971 -0.000318173762703 -0.000247509061927 0.000513719636684 -0.000500356359864 4.7764 4.44566 -4.03847453988 2.75747270976 -0.40306754065
-117.909 45.7087 -5.55384022016e-05 0.000281430658184 -0.00178258879319 -0.00253661315359 4.60074 4.53206 2.20568416941 -1.17656609734 0.154610801148
-117.228 45.9734 0.000693742810417 0.000281117819938 0.0013120266012 0.000824924288597 4.37454 4.23597 -8.34797709262 -4.41833199389 0.73375212233
-115.255 45.7565 0.000147860278087 0.000803275790622 0.00151672402954 0.00192907085481 4.36422 4.26882 -3.26874769046 -5.19890269113 0.625939556942
-114.332 45.7893 -5.30988279255e-05 0.0010339076173 -0.0030584815818 0.000968668009523 4.76877 4.71532 3.86491573175 -4.87168782629 0.722297302421
-113.37 45.8122 0.000164679567894 0.000803389067271 -0.000825498322147 0.00471750845918 5.03922 5.04028 -9.53235450895 -5.593281154 0.58838989287
-112.493 45.8409 0.00016433997994 0.000423944870431 0.00201466339592 0.00261849646191 4.32916 4.30612 -10.1410607335 -3.29679468271 0.373708934606
-123.281 45.3153 0.000127708202242 0.000769683680777 0.00372133802698 0.00876137270478 3.80026 4.21975 -8.31127443545 -4.97480033477 0.504230579696
-121.317 45.2422 0.00160408009911 -0.000236356928079 0.00152245884703 -0.00255672143306 3.81935 4.06962 -1.87352279518 -5.62766384384 1.11372397766
-120.635 45.2357 0.00163701958145 0.000113953482988 0.00106325136632 -0.000323586831611 4.36176 4.45333 -2.31338139489 -7.71709003393 1.35822618543
-119.669 45.2664 0.000915606206342 0.000597948652898 -0.00254497880735 -0.00153080520669 4.93694 4.62494 3.97182824933 -7.56205271909 1.07081446129
-118.96 45.2904 1.15314527453e-05 0.000537866069349 0.000535088908276 0.000539867835667 4.71907 4.39459 -2.53867859696 -3.0366803223 0.345118576563
-117.78 45.2781 -0.000409924721238 0.000728831592768 0.00100876733105 0.000439584560027 4.53624 4.37502 -1.7383467141 -2.1118014572 0.155189838607
-117.12 45.2925 -0.000524760173972 0.00121253421584 -0.00350085727054 -0.0018501031878 4.53389 4.48438 2.94481607121 -3.50220932159 0.487397588609
-116.268 45.3997 5.32554821796e-05 0.0011260839611 0.00328757906831 -4.2080603498e-05 3.95957 3.93056 -8.30672972105 -6.97915059219 0.676657731412
-115.326 45.1285 0.000220872069925 0.000957353074496 0.00262799913786 0.000974269111831 4.21922 4.23126 -5.4362960093 -6.55037451254 0.759137551812
-114.233 45.0931 0.000198030718081 0.00114506929174 -0.00446551211941 -0.00103531962884 4.58297 4.67325 9.42483282707 -6.26710506283 1.03378975616
-113.46 45.2432 0.000360587159265 0.000563836171027 -0.00362739734767 -0.00052295303249 4.45221 4.51629 4.43640426578 -4.78613871587 0.660968201288
-112.489 45.166 0.000121783482241 0.000353410611659 0.00738769822125 -0.00174153459998 3.66113 3.67507 -5.21362281119 -2.62790827175 0.317811309042
-124 44.6764 -0.000807666360981 -3.28285357396e-05 0.00738739616613 -0.00240002934136 3.48093 3.4352 -2.79459613531 3.45615305921 -0.670415967029
-123.292 44.6765 -2.42171335022e-05 -0.00296445016277 0.0022608652655 -0.0145115172848 2.40762 2.49244 12.3410128151 12.782386191 -2.34308938844
-122.186 44.6837 0.0012424281123 -0.000246618418339 -0.0040393895071 -0.00258296512607 3.99066 4.21959 1.90153283346 -4.48736871145 0.761440785486
-121.227 44.6473 0.000853012367412 -0.00061469987465 0.000530899270396 0.000587612997142 4.42621 4.42678 0.229764973974 -0.622023596888 0.247444993141
-120.335 44.7344 0.000734628953394 0.000292226183899 0.000240602708088 -0.000668190828814 4.6324 4.47533 0.710914399549 -4.98691578193 0.743947373388
-119.565 44.5913 -3.79248583222e-05 0.000267629073722 -0.00165991510271 0.000475720097341 5.00671 4.80685 -0.258915565304 -1.26381638189 0.146653536109
-118.67 44.5191 -0.00068342460428 0.00077878257837 -0.00078045212557 0.000541748020251 4.70481 4.64148 -2.24116439933 -1.20828643838 -0.0339898592534
-117.664 44.6653 -0.000228235122346 0.00106761955774 0.00107260760494 0.00219678223404 4.24605 4.34697 -7.7269334809 -5.44520743613 0.413634672099
-116.747 44.589 0.000183308693514 0.00139660264566 0.00132912496433 -0.00107763385825 3.9323 4.01856 -4.23103748014 -8.8208326759 1.00932069245
-116.013 44.7035 4.92037033839e-05 0.00103211280698 -0.000403709817254 -0.000949497559205 4.11679 4.13324 0.00923526009512 -5.78837251689 0.737996674914
-114.855 44.5494 -0.000281300286286 0.000803263845553 0.000117746970888 -0.000177859452626 3.93728 3.99506 -0.080858318452 -2.89305015791 0.347149103893
-114.255 44.5642 -0.000233744172769 0.000860325722339 -0.00163728326366 0.000818427567844 3.96278 4.13223 1.59581645483 -3.26149665521 0.447600174505
-121.551 36.3887 0.000151389224573 -0.000461928075584 0.00172516104364 -0.00170640896856 4.01268 3.97894 -1.97340816572 1.89591689453 -0.189075409236
-121.461 40.8161 0.000386748409624 -3.40137719901e-05 0.00539913481253 -0.00219868585871 3.82923 3.54403 -5.55271765193 -1.46054332714 0.292411096541
-119.023 36.6801 0.000241835734893 -0.000146000065344 -0.00261267448592 -4.972524305e-05 4.24985 4.25465 -0.552118052861 -0.463783022616 0.0756682583146
-123.83 44.0035 0.00570413946783 -0.000512872078052 0.0446272380236 0.0011993050229 1.70791 1.63256 -23.7349835517 -7.25706759732 5.35229504735
-123.278 43.9726 0.00116742835287 -0.000454099970897 -0.000385315190341 0.00755603854369 3.85748 2.94383 -10.6725339289 -1.17692725251 0.800391560081
-122.411 43.7941 -0.00166761171493 -0.000897952648506 -0.00628563126768 0.00266156210002 5.82783 6.80354 17.1945103782 13.2400133407 -1.6555933359
-121.268 44.1626 0.000614309259496 -0.000379011327724 -0.000166984315599 9.94367982946e-05 4.56737 4.64178 -0.547444655629 -0.737305902003 0.226969726907
-120.211 43.9437 0.000442125934583 -1.75866922248e-05 0.00117234098119 0.00135931258379 4.82956 4.99221 -0.839451718142 -1.94328634946 0.325943065194
-119.504 44.082 -0.000170250261209 0.000339802047301 -0.00409133919804 9.92462685683e-05 5.04874 4.71117 4.1128621521 -0.836258762485 0.123077045091
-118.569 43.9104 -0.00078459025975 0.000373594119069 0.0014879246507 -0.000625530155477 4.17263 4.00271 -0.890460342223 1.68418928874 -0.347030486682
-117.741 43.9733 -0.000895289884616 0.000611176822713 -4.23388797991e-05 -0.00172861945665 3.8968 3.99077 -0.247184930151 1.05606150171 -0.256174110889
-116.803 44.086 -0.000402260777138 0.00140538995639 1.58045995116e-05 0.00142174906183 4.01816 4.30408 -4.83283136433 -6.32467372338 0.544263182519
-115.958 43.9121 0.000511727594761 0.00137337042223 0.0015480901053 0.000299376622117 3.75886 4.02646 -3.93721311408 -10.2547890508 1.26437407287
-114.117 43.9146 0.000511874105765 -1.92166112996e-06 -0.000896640095158 -0.00204885572921 3.74383 3.82011 3.85281669025 -2.83533190482 0.342028677547
-123.575 43.3654 -0.000265587811347 0.000566184205528 0.00603598245386 0.00467607027988 4.36526 4.8682 -23.3225143852 -3.25828138834 -0.0939592955362
-122.109 43.2406 0.000529198898012 -0.00112355153802 -0.00335417311179 -0.00329216615047 4.36248 4.49689 3.49472641011 3.11354577668 -0.399969209155
-121.236 43.2843 0.000383284745866 -0.00044135844611 0.00174278912547 0.000486553025767 4.60468 4.56927 -1.17134735483 0.673322240198 0.0127934858161
-120.153 43.2515 -0.000327522531002 -0.000652055933547 -0.000873669617306 -0.000757717982787 4.5381 4.30613 3.79907343436 4.9734501602 -0.693424039982
-119.311 43.3736 -0.000546604040924 0.000529149142413 -0.00145300804907 -0.000667017242291 4.54057 4.41931 0.776776368396 -0.149804984563 -0.0453812139466
-118.474 43.358 -0.00104423256835 0.000800642931412 0.00173151606358 -0.000724966016002 3.88997 3.94227 -2.26370202838 0.398037411476 -0.288438818476
-117.754 43.3471 -0.000870085865806 0.00068470917932 -0.0002517706758 -0.000553983532713 3.76583 3.90702 -1.84995287854 0.340955973353 -0.214849694184
-116.767 43.4275 -0.000589258302057 0.000156004586501 -0.000956488903182 -0.000776928286314 3.69448 3.98342 1.35978256126 2.20952799904 -0.313193831554
-115.828 43.4151 0.00036204329297 0.000154251336637 0.000265270495491 0.00157542218364 3.77898 4.19321 -1.56891088452 -2.64833842028 0.372771804061
-115.098 43.25 0.0011244959258 0.000142894160915 1.28912815544e-05 -8.60950077384e-05 3.77626 3.98402 0.457176128159 -6.63847003295 0.905876934137
-114.174 43.3979 0.000789772451188 -9.53014259134e-05 0.00168182909776 0.00118050795675 3.9546 3.9797 -1.91693086156 -3.46535761952 0.520914006319
-111.612 43.2741 -4.08063043612e-05 7.10065146658e-05 -0.00783325730211 0.00705868625088 4.75238 4.70314 1.37545609815 -0.145302282905 0.0237927495063
-124.469 42.8088 -2.6220429391e-05 -0.000837172090884 0.00421182025632 -0.00763187015526 3.70505 3.66805 -0.869199902541 4.65240325987 -0.54469670078
-123.49 42.7667 0.000147020819447 -0.00170349063271 0.00315993375091 -0.00401839281031 3.78231 3.82448 -5.52333594816 9.25945409383 -0.845252189045
-121.731 42.6133 4.59057102125e-05 0.000148619034713 -0.00254546771701 -0.000475621863344 4.62253 4.501 -2.42312657143 -1.03427941243 0.12842819945
-120.893 42.7258 0.000265138874991 -0.000131085869081 0.00113825879467 0.000905038482458 4.44561 4.17655 -2.49296929546 -0.457673212545 0.124723147628
-120.251 42.7991 -0.000424325932659 -5.86313271966e-05 -0.000848366028475 0.00114534918984 4.40953 4.05372 1.06583807342 2.38282921106 -0.352151135767
-119.247 42.6912 -0.0013763958273 0.000597957781804 -0.00275431128348 0.00364105306137 4.57408 4.54317 2.80626744364 3.97446618055 -0.555277851575
-118.486 42.7308 -0.000911500246793 0.000529355323184 0.00243103311328 0.00171744050404 3.81709 4.0191 -5.73393015816 0.867296816966 -0.416270648485
-117.725 42.6996 -0.00028645284304 0.000252426378061 0.00100787859683 0.00157038844004 3.73566 3.84544 -5.15940133027 -0.189699899065 -0.0734300250573
-116.87 42.7779 -3.36883994355e-05 -7.06985768003e-05 -0.00128352480411 -0.00109898172433 3.63818 3.75205 1.28783613214 0.549990060158 -0.0735063125975
-116.032 42.7713 0.000509399865418 -0.000763424406755 0.00232738303099 -0.00395475161054 3.32899 3.44029 3.94145718777 1.06126433022 -0.216896484394
-114.903 42.636 0.000696102840498 -0.000549569027068 -0.00261464711225 0.000246817288978 4.1445 4.26233 5.08124482421 -1.25434246016 0.0405395934571
-114.084 42.6493 0.000552745422898 -0.0001045530916 -0.00031608893884 0.00137388168432 4.26929 4.32835 -3.15488442874 -2.17015176138 0.346769918014
-113.176 42.5452 0.00122889404531 0.000101073437588 0.00495626572461 0.00267864896774 3.75489 3.84948 -9.05555042191 -6.1307273287 1.05594132408
-112.531 42.6852 0.000531506326127 0.000193757980175 -0.000397511202166 0.00110053174778 4.39614 4.16173 1.50125311469 -3.99048706105 0.505903615038
-111.588 42.8321 -0.000369746582287 5.06728370928e-05 -0.0100701469827 -0.00427905267537 4.38094 4.24702 12.8544961728 2.2273248579 -0.150692850132
-123.602 42.156 -0.000169657813598 -0.000163724620193 0.000712983995242 0.00114020069599 4.14061 3.68805 -4.18048641287 1.63830089933 -0.233541261652
-121.891 42.175 -0.000123449656667 -0.000569456352326 -0.00162583268641 0.00372245109514 4.94797 5.46814 -13.5552170112 4.02579650018 -0.372030492076
-120.834 42.0472 -0.000484326131263 0.000170099507539 0.00151609743219 -0.000184337494267 4.26955 4.18914 -2.82406745107 1.22954891489 -0.271743907883
-119.34 42.0187 -0.000889997059614 0.000873072279944 -0.0027942779405 -0.00726152685897 3.69166 3.69461 9.41458715315 1.13615265994 0.131240931926
-118.344 42.1901 -0.000508472598779 0.000220447606441 0.00124732663692 0.00186419989366 3.81236 3.87727 -3.75591198063 1.083767563 -0.258043778993
-117.667 42.0192 -9.60556984089e-06 0.000725269536762 0.00272499846741 -0.000850457871675 3.31265 3.3949 -5.0499875529 -4.2103361305 0.437700631947
-116.471 42.0773 0.000568221885219 -0.00049389626359 0.00231206465532 4.6190407599e-05 3.50637 3.542 -4.29198135014 0.18117260181 0.128727054136
-115.754 42.1669 0.000480731371617 -0.000697827109217 0.000406026319246 0.000684039349754 4.00531 3.99206 2.20583453351 1.05162446025 -0.167404967173
-115.016 42.146 0.000411910928752 -0.000594022027333 -0.00393799056719 -0.000583888096029 4.52831 4.49013 8.97405844367 0.209429544159 -0.227364073152
-113.944 42.0886 0.000301688928338 -0.000243758360375 0.000345075105027 0.000448928297412 4.34876 4.40263 0.0580169619265 -0.296182571391 0.0431971581582
-113.24 42.0343 0.000138629259119 -0.000223349164282 0.00207924036007 0.000875246118925 4.27847 4.30883 -5.37240529157 0.644767814183 -0.03546876554
-112.386 42.0041 0.000264627625253 0.000651099201915 0.000817047422 0.00298682730423 4.68458 4.6614 -6.36098720667 -5.20912301424 0.615410295075
-111.432 42.0149 0.00011562369502 0.000182230898144 -0.00432595713273 0.00146610419348 4.67527 4.64764 1.96544187725 -1.62305284527 0.212649173619
-120.74 38.7552 -0.000720744608106 -0.00131519357591 0.0008778669147 -0.00112650025263 3.48954 3.76823 0.266531395204 10.8862617823 -1.42316964675
-124.122 41.8473 0.000379731470311 0.000169934583397 0.000869209763411 0.00112306663376 4.12936 4.13191 -3.89556307614 -2.54733564678 0.40668664864
-122.854 41.392 0.000445586908143 0.000747570572909 -0.00153256846195 0.000407591836185 4.48236 4.54235 -2.33331677057 -6.17172857454 0.814295750125
-122.122 41.2742 0.000374411123888 -0.000308104368417 0.000117506057615 -0.00316796459845 4.1059 3.83685 0.25167185731 -0.123472413984 0.076472893922
-121.839 41.7826 -0.000200959128311 -0.00137807261324 -0.00111386492911 -0.00231883735128 4.37216 4.37292 -2.78445069133 8.666663216 -1.01315278364
-121.146 41.3593 -0.000900110239396 -0.00032422897356 -0.0011796983335 -0.00477375435563 4.08453 3.81405 1.39100851855 6.18385010439 -0.879409376172
-120.477 41.2047 -0.00125211680932 -7.95061583602e-05 0.00600005559108 -5.086380747e-06 4.00386 3.98311 -8.46846966878 5.54142147905 -1.088206193
-119.171 41.3884 -0.00103995836966 0.00103132629377 -0.00360313334641 -0.00773574213333 3.93683 4.15469 3.99908641916 0.3199869815 0.0311152743127
-118.379 41.4483 -0.000654641725404 0.000392828503372 -0.0018702994423 -0.00494051267749 3.53699 3.80792 5.05226179516 1.64652356845 -0.148227065468
-117.45 41.423 0.000579280892341 7.47882394079e-05 0.000622176499101 0.00285623904841 3.46298 3.90957 -4.79239663343 -3.13456512645 0.500361666211
-116.54 41.522 0.00125329111618 -0.000476973575322 0.000952974983522 0.00157068166022 3.97242 4.12098 -5.01104304526 -3.07916764936 0.682443499066
-115.791 41.4311 0.000610685273279 -0.000898286364944 0.000843574808477 0.000949110836948 4.12764 4.05347 0.375154928882 1.63891416901 -0.190746079723
-114.915 41.4157 0.000353559099071 -0.000711932111458 -0.00220649733927 0.00233999888761 4.9159 4.81898 1.53979954942 1.84719304355 -0.265064379925
-114.165 41.3602 0.000196193224798 -0.000465087978799 -0.000124896652641 -0.00212845680349 4.1869 4.15785 3.82362282009 1.23828748609 -0.218564011603
-113.347 41.503 -2.01206615381e-05 -0.000246024087957 0.00133662203847 8.31361610302e-05 4.19221 4.21084 -2.08965902796 1.49764742146 -0.182373738764
-112.448 41.4632 -5.22512275371e-05 0.000114144756869 0.00112431511347 -0.000949442305949 4.23026 4.40582 -0.233548145984 -0.336890728956 0.0442546265998
-111.63 41.3146 0.000105098917597 6.84472804467e-05 -0.00263465259721 -0.000165775083871 4.59317 4.91925 4.25837076707 -0.976987639956 0.119894342404
-123.306 40.822 0.00056032425497 -0.000431578416607 0.00214101576112 -0.000627678716391 4.16496 4.27104 -8.46299582601 0.457865947967 0.241567666665
-119.835 40.7484 -0.00202688992858 0.000743729226446 -0.0025201732997 0.0499408914255 3.57185 3.66161 -91.7759703338 -14.9572679084 -1.88372210226
-118.971 40.7797 -0.000693322234129 -0.000339081621862 0.00815646694629 0.0151417705406 3.42323 3.73179 -30.4114936406 3.56811812467 -0.749723768093
-118.134 40.7811 0.000347362460155 -0.000850098469433 -0.00558709423572 -0.00410035342407 3.46613 3.79922 7.48223785389 2.03494878433 -0.436153462766
-117.524 40.852 0.000855224876423 -0.0018376460666 0.000426371111443 -0.00334510917599 3.68444 3.85229 2.34977373624 5.05592589257 -0.717681822862
-116.508 40.7186 0.00117508280271 -0.000942155799379 0.00371068132418 -0.00195348277437 3.74808 3.90918 -2.71105694097 -0.47900129372 0.265633469267
-115.736 40.8167 0.000759737411352 -0.000690536554507 -0.00144836536566 -0.0014673299795 4.53769 4.48334 3.21689340143 -0.696544600811 0.00661093988452
-115.039 40.8522 -1.00632230055e-05 -0.000618807289269 -0.00275859756472 -0.00150749184029 4.7193 4.56289 6.38067142411 3.06146342308 -0.486093299756
-114.204 40.8556 -0.000136146953651 -0.000483570955637 0.00233531940652 0.000751736529789 4.21994 4.18315 -2.98812105509 3.48655238777 -0.423974158863
-113.187 40.8513 -0.000449168764701 -0.000156994448412 -0.00110272887609 -0.00284101974684 4.1648 4.17321 2.93197381505 3.42398600758 -0.416344903959
-112.52 40.8903 -0.000148478190475 -0.000252308284848 0.00349114327974 -0.000696665639733 4.14302 4.24567 -0.158008316813 2.21357617844 -0.283935618809
-111.437 40.8869 0.000365904044989 -0.000390996790729 -0.00134717154256 -0.00190257616673 4.78325 4.73927 7.87616652244 -0.519393983141 -0.100884442023
-110.834 40.9425 0.000298681439101 -3.06818187334e-05 -0.00397247332724 -0.000251877324224 4.99606 4.88028 9.21860332704 -1.81388027387 0.14356449338
-109.673 40.9763 0.000204683770297 3.26239018565e-05 0.00159795665194 0.00100791305815 4.08901 4.04617 -1.32213412147 -1.34938801576 0.166589960164
-123.82 40.1398 0.0004453684482 -0.00120571999105 0.000274456021764 0.00222721473097 4.10768 4.14651 -5.35158409765 5.18633522866 -0.33908612319
-122.788 40.1767 0.000370140132891 -0.0010508483158 0.004639007802 0.00202629479185 3.93439 3.89478 -8.14476731643 4.9073894642 -0.265369187548
-122.032 39.9971 -0.000730213732189 -0.000128816791683 0.00720993054045 0.00203670367041 4.26142 4.0923 -7.34084862042 3.7905346696 -0.675509953523
-121.086 40.32 -0.0010239377796 0.00033567573106 -0.0182151441409 -0.00268799447418 6.8558 6.43452 17.5679024968 5.23580999058 -0.229506072681
-120.918 39.962 -0.00167519026283 5.90607274291e-05 -0.022176424502 0.00216390973109 7.04024 9.04319 34.7284266573 11.949809062 -0.322176794997
-119.827 40.165 -0.000572807396551 0.00118896070961 -0.0108145705574 -0.00156151747185 4.61369 5.79522 7.5334599855 -2.40469590262 0.544627857364
-118.877 40.1614 0.000945487949262 -0.00121277269885 0.0382076964435 -0.00425970294065 1.82299 1.86427 -22.2560391379 5.99824060636 0.455485445297
-118.155 40.2903 0.0011911520482 -0.00166540907261 -0.00532445857705 0.00191391500673 3.73069 3.97641 -6.93365385361 4.79756736947 -0.026080564408
-117.19 40.1697 0.000667448359006 -0.00165918839892 -0.00603463737992 0.000248160920024 4.69411 4.66908 2.56628520924 5.05530850874 -0.737138959468
-116.5 40.2917 0.000390568699931 -0.00134497820743 0.00309947942209 0.00150691685645 4.45354 4.58038 -6.7639479383 6.37726373452 -0.501868786858
-115.657 40.1313 0.000229495461504 -0.00115163536605 0.000188052466988 0.000742652014412 4.90166 4.90621 -6.43959884642 5.90673253913 -0.526879932646
-114.745 40.2679 0.000112179796528 -0.000592832890103 -0.00279004416209 -0.00139227673463 4.79486 4.70612 3.08529881684 2.43838333193 -0.363990351054
-113.981 40.1314 -0.000212741971277 -0.000596583524074 0.00227020609592 0.000587432195711 4.31122 4.3102 -4.74013778896 4.61963958949 -0.548507819289
-112.469 40.2807 -8.42722059602e-05 -0.000175157346379 0.000676050453868 -0.000960821487003 4.36288 4.40789 0.0448776294178 1.43788971846 -0.18432366899
-111.502 40.2067 -5.09497158788e-05 0.000148730020485 -0.00292611368552 0.00265787266816 5.04912 4.9219 1.49921952601 -0.495351153562 0.0757449345591
-110.008 40.2655 -0.00010970374069 0.000668102196981 -0.000297235139866 -0.00402886726583 3.88062 3.84688 4.89044947724 -2.62483716491 0.457011861497
-123.338 39.469 3.44091056313e-05 -0.000444844203881 0.00104004926155 0.00117851481652 4.07398 3.99633 -2.51540886222 2.36120183783 -0.25214702552
-120.608 39.3028 -0.000288839155505 -0.000278049271899 0.00900452786165 -0.0100584501947 2.97028 3.12128 0.101071197623 2.98281984511 -0.400819818352
-119.898 39.6785 -0.000473186856719 -0.00221251050028 0.00223448625877 -0.0476476836213 1.83731 1.95003 23.3341143461 9.9473689266 -2.21383908453
-118.889 39.5399 0.00063486532743 -0.00237533539729 0.000557882289776 -0.00763794021729 3.23907 3.39984 -0.635387516957 9.972585941 -1.1371614126
-118.08 39.6946 0.00118251262549 -0.00176647588973 -0.00116794578805 0.000287112031622 4.31873 4.41569 -9.51664168071 6.10952534142 -0.00475830488693
-117.14 39.5516 0.000265510391187 -0.00115962929836 -0.00364469177519 0.00015642499912 5.00592 4.71635 -0.817571766238 5.09518129907 -0.597894040163
-116.464 39.6202 0.000514766396816 -0.00135987852761 0.00139073676248 0.000520698173751 4.75829 4.65305 -5.73764195215 5.73230996343 -0.44171036643
-115.754 39.553 0.000196740119586 -0.000884636325394 0.000499277803535 0.00207956691495 4.7973 4.57344 -8.36125619109 4.63165133353 -0.362546705776
-114.908 39.4731 -0.000433930400753 -0.00052691106504 -0.00125194946603 0.002360046586 4.90995 4.81321 -6.84412002585 5.31913453507 -0.666404895004
-114.016 39.455 -0.0005901678878 -0.00061232458513 0.00283925301088 -0.0005336929467 4.1766 4.00113 -5.833767264 6.65570551822 -0.844757243387
-113.069 39.5906 -0.000306686094811 -0.00079468578833 0.000549172558411 0.000893910647783 4.7995 4.91976 -3.00616271618 6.25673596571 -0.763949540585
-112.279 39.5708 6.43891557275e-05 -0.000276920323322 -0.00279765361523 0.00304178099653 5.47133 5.3834 1.16933318069 1.12033282742 -0.159347031485
-111.66 39.6092 -0.000209588791696 0.000274118677256 9.04251794019e-05 0.000939862394265 4.6094 4.46795 0.0314775771183 -0.301579569231 0.0534399286295
-110.74 39.473 -0.000534845481972 0.000506233573227 0.00176753946646 8.42729674911e-05 4.06512 4.07684 -1.94993019906 0.139608878507 -0.0231086379483
-110.246 39.6279 -0.000244126995273 0.000801969017389 0.000708166413228 0.000985808843147 4.09238 4.1834 -1.97820533203 -3.18596437758 0.393676394474
-122.015 38.6333 -0.000463551324028 2.09674879214e-05 7.17241772819e-05 -0.00143618098896 4.0335 3.90976 -0.985023099437 2.14519398553 -0.335156885344
-121.377 38.839 -0.0015051839348 -0.000437195620351 0.000766276323448 -0.00247380016655 3.6784 3.7978 0.573614195167 10.0065743164 -1.40004028537
-118.808 38.9383 0.00071111610914 -0.0013192336297 -0.00559087416039 0.00341177804282 4.54567 4.27764 -10.1941598749 5.43317287905 -0.126358731702
-117.932 38.8606 0.000145752080036 -0.00114020362986 0.00163377068989 0.000485159453708 4.33896 4.07709 -7.62727703252 6.39410238024 -0.55431397779
-117.182 38.834 0.00034544351035 -0.000765024717017 -0.000442194000377 -0.00150052517061 4.85854 4.67225 -4.27783145306 2.82625813412 -0.224105911225
-116.4 38.8247 -0.000214075655641 -0.000661094950523 -0.00181687806227 -0.00168544909024 4.93764 4.45296 0.387823009788 4.80775346826 -0.617642059336
-115.654 38.8455 -0.000597913030262 -0.00047004654014 -5.87498123059e-05 0.00010679570192 4.89395 4.52948 -6.40817930888 5.76666059733 -0.760553012623
-114.83 39.04 -0.000192108818674 -0.000420618693259 0.000570820615225 -0.000957030318523 4.48432 4.33433 -5.97483960901 3.50722590822 -0.414137611749
-114.02 38.9551 -0.000311068128839 0.000160121420305 0.00109142501351 -0.000352752859336 4.35379 4.20202 -5.86159163783 0.587397016349 -0.138046739743
-113.277 38.9882 -0.000986720329073 -0.000247301545605 -0.000347208696194 0.0025313044021 4.8698 4.73713 -7.80117632001 6.35593271656 -0.93051307888
-112.379 38.9995 -0.000750173596219 2.98748897841e-06 -0.0017837956459 5.61403506844e-05 4.6616 4.62697 0.490125128132 4.33500209087 -0.513406295956
-111.172 38.9176 -0.00070824146577 0.000439830511737 0.000871902690715 -0.00137192613315 4.06302 4.05246 1.58525861176 1.89763802295 -0.143663171706
-110.133 39.1025 -0.000608289910202 0.000577509357012 -0.00157885023182 0.00142414792225 4.36575 4.49154 0.968059575231 0.537878560533 0.0228509984186
-109.263 38.9553 -0.000180306828231 0.00065599140092 0.00315017437109 0.00161687927164 3.87406 3.90787 -1.62376001205 -2.67445283791 0.345425188881
-120.936 38.2571 -0.000269176680182 -0.000973845176111 0.00103141773128 0.00246887437505 3.99846 4.00089 -6.54819001661 7.09945480285 -0.791802034988
-120.076 38.7028 0.0010735771353 -0.00136144189845 0.00152592359556 0.00994541492896 3.99638 4.4747 -12.0180081643 4.64913070138 0.222372653556
-119.451 38.5226 0.00102485249696 -0.0011434113218 0.0017906459652 0.0126559356447 4.47937 4.28394 -15.9386889509 4.14674806815 0.386916827529
-119.047 38.089 0.0006040376862 -0.000232063019992 0.00271355608162 0.00225499958274 4.29417 4.11628 -11.8761389943 -0.910721338701 0.392654279831
-118.106 38.3489 0.00036089243343 -0.000285204257542 0.000934893715233 -0.000168629291194 4.43609 4.23715 -8.07650426488 0.159292151349 0.126372384061
-117.072 38.2397 -1.76205221694e-05 -0.000343901069366 -0.000596464630522 0.00244828755651 5.10337 4.75168 -10.2196489436 2.28706023068 -0.207147321159
-116.302 38.2886 -0.000120085457826 0.000140964830079 -0.00093756378145 0.000609628350514 4.92763 4.65239 -3.00967196945 -0.201236624267 0.0036817640682
-115.585 38.3489 -0.000480065200977 -5.12681118205e-05 -0.000997219613774 -0.000760284888485 4.59301 4.37775 -2.21716060176 2.84599806909 -0.387851863906
-114.608 38.3281 -0.00105322615827 1.9299757732e-06 0.00309398726059 9.05225858619e-06 4.21547 4.13067 -7.5836213554 5.078246195 -0.832175358533
-113.969 38.1802 -0.00067084316698 5.94572697233e-05 -0.00249032370726 0.00157130837188 5.1136 5.00008 -5.83133040042 3.04919836759 -0.477681162098
-113.021 38.2987 -0.00072090778421 0.000337395208873 -0.000798048397317 -0.000546254434595 4.54228 4.36995 -5.33818041133 1.70799347524 -0.327368304463
-112.277 38.2108 -0.00088925432875 0.000574898496901 0.00166415712971 -0.00108340690824 4.06449 4.04816 -5.79008330926 1.13432010135 -0.302386298471
-110.711 38.4187 -0.000553731008004 0.000488163377125 0.00028699659894 -0.000554101497965 3.88498 3.93729 0.135521339936 0.596039744111 -0.0193675611901
-109.894 38.3862 -0.000676165567014 0.000441746500932 0.000569872469083 -0.00233169670263 3.87009 4.05847 2.30631498437 1.87513649903 -0.101279668584
-109.261 38.2916 -0.00034798633982 0.000154490904254 -0.00454889064769 -0.00138872912829 4.00659 4.25019 6.53958707367 1.57759001746 -0.0784075514457
-121.328 37.5049 -0.00014977726714 -0.000286846735071 0.000452549603972 0.000337763604969 4.15994 4.15768 -5.33045021427 2.40475880489 -0.293298686965
-120.33 37.346 -3.46967931153e-05 -0.000646805239567 0.00134314341535 -0.0014499162272 4.13495 4.13617 -7.51371880649 4.15702303949 -0.40551090748
-119.849 37.8817 0.000204437808534 -0.000537316931226 -0.00256385807289 -0.00212900411382 4.62995 4.63783 -3.44732151482 2.14612897681 -0.186787126012
-118.171 37.4993 0.000470330853779 5.45114107487e-05 -0.00117492163769 0.0054148915923 4.8501 4.81673 -8.28778723576 -2.47007310818 0.413648217444
-117.225 37.7243 3.11851654463e-05 9.42401768194e-05 -0.00188331884547 0.00308341630019 4.88481 4.6364 -6.12491443883 -0.726919712282 0.082799456893
-116.595 37.923 -0.000546484869437 0.000161777326062 0.000375086104284 0.00305905916965 4.73568 4.53052 -9.12102044009 1.4448223831 -0.351537077227
-115.747 37.6444 -0.000366420281389 0.000303122174648 0.00139373066596 0.000260780641534 4.43431 4.41663 -5.78873185799 -0.0274984506567 -0.0925420696952
-114.849 37.6083 -0.000626085843016 0.000242965399908 -0.000600817591627 0.000512111344072 4.6611 4.6797 -5.87698688678 1.67233050941 -0.328823850999
-113.86 37.5808 -0.000774012805363 0.000288039985874 -0.000450294111463 -0.00117634613846 4.44926 4.26519 -4.29416016305 2.37761800263 -0.389096593194
-113.168 37.7601 -0.000970890516993 0.000679382175847 0.000438488583646 -0.00134798346357 4.17334 4.10678 -4.49195392477 1.08694521091 -0.2762568529
-112.363 37.6761 -0.000953158536526 0.000667039276459 0.00100207318756 -7.38631136465e-05 4.04784 4.12564 -5.95305519476 0.894987340401 -0.292760409368
-110.802 37.6354 -0.00059756371391 0.00036108713866 -0.00132126638382 8.36954034838e-05 3.97858 4.07357 0.822991677443 1.64892549546 -0.132668895727
-109.995 37.6903 -0.000320482257682 -4.19608593305e-05 -0.00186965319636 0.00332637450288 4.28031 4.5137 -0.272378557977 2.16962496946 -0.248711207631
-109.137 37.7459 0.000146082770654 -0.000553591410228 0.00311866900814 0.000845936560192 3.80569 3.90509 -2.04521998373 2.33207963081 -0.294610122723
-121.786 39.2291 -0.000791798850064 -4.95362907831e-05 -0.00324251163624 0.00310285413792 4.61243 4.45166 -4.52763691935 3.85129833519 -0.658143735929
-120.674 36.8953 -8.43929602817e-05 -0.000545204715281 0.00141837336185 -0.00073807901131 4.13557 4.14159 -4.70231951375 3.65736605455 -0.405409795746
-119.709 37.0069 0.000161640187791 -0.000337880717017 -0.000886498877454 -0.00109310906956 4.37731 4.37133 -3.52396947346 1.1900186322 -0.093457123858
-115.22 37.2408 -0.00058320508416 0.000315876217162 0.00016628227684 0.000614876087242 4.53304 4.32646 -5.87530680939 1.00331169846 -0.250083394631
-114.715 36.7256 -0.000754897556774 0.000343132842841 0.00129465067507 0.000138507901695 4.33665 3.99115 -5.91524201325 1.75010838929 -0.361716919925
-113.907 37.0195 -0.00125223705604 0.000682002830635 0.000595799149672 -0.00152965246154 4.12842 3.98836 -4.44745509018 2.55452890547 -0.487562652451
-113.084 37.0615 -0.00122630668979 0.00110716814379 -0.00177087579923 0.00352094949247 4.42858 4.23773 -8.45504258579 -1.00718316014 -0.291517824456
-112.382 37.0183 -0.000533673451123 0.000710854270282 0.00196449464671 0.00288071850658 3.85953 3.93237 -8.00696577834 -1.82334628375 0.0250931408696
-111.506 36.9839 -0.000351595971349 0.000315432141172 0.000686431729163 5.55182633373e-05 3.73749 3.81594 -5.13463128305 -0.0086740693273 -0.0521197814062
-110.804 36.9969 -0.000209184002251 0.000213665164068 -5.76584978882e-05 0.0010721599079 3.88241 3.96234 -2.86372869929 -0.0545327877825 -0.000279504229734
-109.874 37.1364 0.000275080667808 -0.000180875737987 -0.000711379889258 -0.00361963757473 3.6336 3.62751 5.25799075099 -0.911260475738 0.0220113257156
-109.025 36.8299 0.00017301580962 -0.000252353041249 -0.00155565506367 -0.000814646446963 4.03155 3.64473 1.68825034279 0.26149012801 -0.0805529530598
-120.783 36.3627 -5.80564035962e-05 -0.000214220077103 -0.00178083419838 0.00158115941795 4.6546 4.55346 -3.25343268473 1.5432343779 -0.182288040994
-120.12 36.3356 -5.2839028974e-05 -0.000391006793184 0.000531002570796 0.00375902472222 4.44331 4.41917 -5.56273948919 2.62643438823 -0.28237160505
-116.33 36.4193 -1.27121992024e-05 0.000250447129892 0.00110834786093 0.00110811538842 4.32912 4.27442 -2.75770705414 -1.40488039893 0.159037678236
-115.383 36.423 -7.00371408158e-05 0.000372030900677 -0.00183691321392 -0.000946681773859 4.56833 4.27001 -3.22003805201 -1.83051807113 0.19792665778
-114.539 36.4321 -0.00104545492191 0.00110805940589 0.000601460481934 -0.00141334083824 4.00247 3.75792 -1.81496751863 -0.585585098354 0.0158517759363
-113.965 36.4151 -0.0017986593051 0.00110580638091 0.00850146349582 0.00117148979898 4.02034 4.15798 -8.63423213916 1.71803886591 -0.758900050329
-113.18 36.4182 -0.000994823688753 0.00292745366612 -0.0374629739039 0.00129225967912 5.7549 7.69333 37.6306438936 5.53977922216 2.80608591374
-112.291 36.428 -3.50627711886e-05 0.000283031962851 0.0158411184976 -0.00205527577795 3.09082 3.19544 -9.93037906779 -1.68711806726 0.141249167849
-111.13 36.1428 0.00014815534696 -0.000551288455314 -0.000723839031943 -0.00215687669103 3.75748 3.84239 -3.06078377594 2.42327165278 -0.277813534783
-110.662 36.5996 4.34857671436e-06 -0.000576106655173 -0.000452289084186 -0.00183944737962 3.78058 3.88239 -4.42217151211 3.47010629383 -0.38911452528
-109.87 36.4199 9.80144751467e-05 -0.000577771109245 -0.000386256895744 -0.000396018037132 3.94037 3.97741 1.25266600508 2.54844276695 -0.371490393364
-121.236 36.0214 -7.11242756142e-07 -0.000214471049719 -0.00234260117801 0.00495377846243 4.6332 4.5523 -4.96353093234 1.29346538131 -0.13338749211
-120.87 35.636 -4.96284422765e-05 1.85715122034e-05 -0.00192009702575 0.00160170435596 4.25918 4.23822 -1.11348768106 0.152102845105 -0.0241589057916
-115.43 35.8384 -0.000392280547365 0.000697776169023 -0.000241288746138 0.00391245556611 4.55231 4.32682 -2.91269185749 -1.99675846958 0.183596339383
-114.851 35.7266 -0.0011927478125 0.00107555859888 -0.000520936981408 0.00464224696488 4.80625 5.85727 -12.0654724402 -1.88462694357 -0.395339253033
-113.984 35.8522 -0.00119349971139 0.000842662295878 0.00161748476816 0.000873425489911 3.7494 4.0012 -7.46873735098 0.706174285955 -0.406332450934
-113.105 35.6339 -0.000258102548934 0.000130227948568 0.000405262277642 -0.0036506059924 3.44115 3.74837 -3.52711526724 0.662275826642 -0.100077373872
-112.173 35.8191 0.000221796850419 -0.000710024943832 0.00332899594886 0.0010930444572 3.73078 3.9488 -5.89922017891 3.22676334736 -0.297816826142
-109.933 35.7113 -0.000137154641697 -0.000799411686957 -0.0014032967757 0.00353344245644 4.40445 4.64637 -4.68656316781 5.68872547335 -0.646579654292
-109.046 35.7147 0.000177448201769 -0.000890469223582 0.000177269795192 0.000662399486206 4.22286 4.32602 -0.430614523012 3.94971402892 -0.539963504957
-114.87 35.301 -0.000653997069158 0.000502044968631 -0.00119085951376 -0.00424757498048 3.78651 4.31002 3.21218150318 1.34230704657 -0.0491975610523
-113.885 35.099 -0.000518903799172 -3.25814861472e-05 0.00393835521492 5.84324440365e-05 3.48777 3.67749 -7.0950411221 2.89812306186 -0.422740725673
-113.083 35.2127 0.000291245563757 -0.000758726474257 -0.000615996584212 0.00192769724192 3.82432 4.14972 -4.93090935723 3.07818447175 -0.28674320897
-112.267 35.1787 0.000201711366978 -0.000804687252325 -0.000874250704986 0.00125174071111 4.01043 4.14858 -4.53130628217 3.80343060355 -0.393643795691
-111.532 35.0951 0.000389493253626 -0.00101553007084 0.00131053946428 0.00616139707264 4.14164 4.26789 -11.3109680694 4.95847995734 -0.2806705869
-110.713 35.0789 0.000456519028338 -0.00108763222217 0.000698000013385 0.00261620118522 4.29765 4.4913 -6.91255658952 4.43150829741 -0.362718225555
-109.736 35.1181 0.0012655684172 -0.00217162265001 -0.00107391121943 -0.00445412278173 3.97566 4.33683 1.23875206048 3.88784290681 -0.81835924855
-109.388 35.1118 0.00109097048808 -0.00211352593743 0.00156438421836 -0.00189802820696 4.26945 4.34128 -1.52014906045 5.58666442072 -0.786937452901
-112.891 34.4692 0.000262086564411 -0.00086593190241 -0.000384940188705 -0.00181004264729 3.90946 4.03225 -2.29103343398 3.6078361325 -0.420257588358
-112.237 34.4866 0.000518489791842 -0.00136300961694 -0.000218068839022 -0.0052817527579 3.80721 3.88049 1.76533066531 4.23668212087 -0.68479657252
-111.441 34.4178 0.000470783722606 -0.00179903565176 -0.00393488794886 -0.00797857481904 3.67565 3.57277 8.13618550748 5.29852516073 -1.21698860605
-110.806 34.3371 0.000570526492402 -0.00104091052117 0.00337577015174 -0.00308641775366 3.79525 3.52948 -6.05237574233 3.37632372042 -0.264966654161
-109.95 34.5293 0.000740105319407 -0.000818548698002 0.00237739170982 0.000786231725545 4.45479 3.82513 -6.25928409519 1.00277187212 0.00726401131103
-109.29 34.4275 -0.000328287133498 -0.000451965722194 -0.00714400876108 0.000926935727618 5.26583 4.5935 1.68876618918 4.63196769603 -0.557232280945
-114.524 33.7503 0.000160004749003 -0.000199322078182 0.00751769746293 -0.00253856793119 3.52289 3.84963 -3.27819319688 0.302343738052 -0.0190276239092
-113.829 33.8142 0.000508175300234 -0.000343056695963 -0.00348953794547 -0.000611801727591 4.09732 4.36628 1.22912934624 -1.2129133596 0.0873289791753
-113.005 33.9383 0.000947547202111 -0.00104326148821 -0.00175449925296 0.00285992410817 4.38138 4.42527 -9.44343196821 2.11247899658 0.118662936662
-112.333 33.9535 0.00106339315076 -0.000848386566603 0.0048479392999 0.00196998569033 3.89606 3.6201 -12.8818287464 0.864341082841 0.401668644197
-111.478 33.8798 0.000270158034214 -0.00048393666499 -0.000462484326943 5.10123716709e-05 4.40134 3.97712 -4.63590168367 1.44688130578 -0.130998068776
-110.844 33.6953 -0.000604527877705 -0.000161471696264 -0.00345287855257 0.00120236073466 5.09954 5.11117 3.34570244291 4.86716096113 -0.505203580468
-110.034 33.7776 -0.000314118874351 0.00098837777359 5.95433166371e-07 0.00348141294807 5.35887 7.75373 -8.74141920419 -4.83484444091 0.383657929935
-109.254 33.9571 -0.000147533151071 0.000968143184223 -0.00343157279726 0.000817701137615 5.15145 5.19387 -7.15109432191 -5.41732922668 0.527101623211
-112.946 33.3627 0.000450291036373 -0.000292674531041 -0.00191253142145 0.00047242829813 4.34611 4.2169 -2.29813730402 -0.912733287553 0.114312078523
-112.158 33.2893 6.9688863481e-05 0.000394646534777 0.00193955369513 0.00551054074799 4.50951 4.30087 -13.145753776 -3.09412523989 0.27927323577
-111.427 33.341 -6.94123922069e-07 0.000701620102492 0.000682547179462 0.00668824053388 5.19591 4.48246 -21.4450585312 -5.35283656768 0.308530185169
-110.472 33.2969 -0.00103971312029 0.000587715154735 -0.000445382703412 -3.67395492613e-05 4.84604 4.77322 -4.84778149867 2.41508267528 -0.356948108072
-110.036 33.0851 -0.000668294876072 0.000313969934894 -0.00266060815939 -0.000518599305843 4.91816 5.0159 -3.76167148662 2.09739383389 -0.257487206844
-109.266 33.2921 0.000310888742788 0.000635873022636 0.00251870755605 0.00228775079178 4.48399 4.41964 -9.98056127776 -5.97276107345 0.639098882111
