-112.228 32.7006 0.000220960574346 0.000279862565976 -0.00191314998239 0.0083363741811 6.00135 5.86993 -9.58154140344 -2.74260626845 0.336831529714
-111.704 32.5618 -0.001981818587 0.000831666092879 -0.0036089904386 0.00666627055364 7.6243 7.44575 -10.0805292138 2.75761633257 -1.23193745685
-110.739 32.5716 -0.00154088077451 7.7754709567e-06 -0.00680007494089 0.0121466387444 12.4957 13.894 -20.0737032517 4.58503021919 -1.4197225511
-109.97 32.6399 0.00144033734917 -0.000601282657901 -0.00487437758472 0.013183497414 7.07323 7.0729 -30.6556010988 2.22601805223 1.28003543041
-109.303 32.7663 -0.000350760409482 -0.00148415798469 -0.00102096957931 -0.00359805227645 4.20867 4.1593 -0.843215344761 10.5773480494 -1.25759476607
-111.457 32.0022 -0.000189115658511 0.000511043606923 -0.00809553448372 0.00863035621697 7.23536 7.24622 4.83727831719 -1.61925599934 0.248231488871
-110.816 31.7748 -0.000560636739827 -0.000369304947133 -0.00968651059021 0.00819743779868 7.24291 7.34371 15.2307845351 5.30037047632 -0.609949182796
-110.046 31.9737 0.00170442305698 -0.00125891930677 -0.0042756727544 0.00133772673757 6.33527 6.411 -12.1805979785 1.63825714391 0.817384031635
-109.259 31.9989 0.000726820475731 0.000115147339013 0.00345901845562 0.000543756182123 4.13967 4.13289 -6.87872200345 -4.18707074165 0.653229925263
-109.991 31.439 0.000869586803337 2.97804624863e-05 -0.00425550447459 0.0071082482774 5.31893 5.30536 -1.19834252594 -4.8191917172 0.666256979839
-109.281 31.3757 -0.000289819153757 -0.000621586406842 -0.000434944577287 0.00983771111981 4.54726 4.54221 -7.07465748406 5.40206097044 -0.601913093382
-122.707 48.7197 0.000506556419543 -0.000421720738604 0.00435995490066 0.00367520209603 3.47831 3.4888 -5.98529908212 1.01094881912 0.282359604688
-122.085 48.9983 0.000175106401336 -0.000992079529643 0.0104440327633 0.00091263757673 3.37465 3.37809 -5.66824529305 4.91514078597 -0.265844744932
-121.48 49.0983 -1.21443867967e-06 -0.00092262359396 -0.021808989323 -0.00993376807762 4.53754 4.557 22.2694132771 3.30574799526 -0.742297573126
-120.384 49.048 0.00141978403803 -0.000499428259766 0.00956947708843 0.00449764314941 3.25132 3.2683 -15.756134466 0.531176569987 1.22630312989
-119.272 48.9534 0.00552761350322 0.00157147122988 -5.65300174748e-05 0.00348153078226 3.88559 3.90193 -6.57502712217 -23.5499410246 5.65961395542
-118.585 48.9752 0.00128885210669 0.0013123794836 -0.00151614698566 0.00446961835504 4.22343 4.09193 -3.27916405988 -11.0132440718 1.76790741529
-117.559 48.9813 -0.00255007524453 0.00104528285572 -0.000496898432479 -0.00111660130214 3.90173 3.83976 -1.332799624 2.89758898739 -1.61038113298
-116.363 48.958 -0.00526058579089 -0.00486716766075 -0.00101235671761 0.00620117838936 3.79497 4.01085 -14.8723451637 40.0201501367 -6.56067521804
-115.653 48.9339 0.00341243311803 -0.00155276058189 0.00218166305272 0.0136512797775 4.23382 4.48825 -20.3519611743 4.36980526614 2.93786155138
-114.413 48.933 0.00342780910041 0.00602600817861 0.00339681390554 0.00589103087584 3.77551 3.86692 -5.8430536278 -44.7446218478 5.92509105677
-113.422 48.9725 0.00254812064415 0.000230055704036 -0.00387778386873 0.00109519908856 4.0854 3.91814 3.51961236105 -11.5937807622 2.1264167673
-112.733 48.9777 -0.00205265833677 -0.00105362008152 0.00254908500261 0.00477727828225 4.04042 4.02545 -4.09829170728 12.9377633477 -2.30012687792
-111.597 48.9482 0.000550882412321 0.00140327074133 -0.00408753306052 -0.00802183530174 3.76863 3.83044 8.01567112407 -9.18973604211 1.37544706882
-123.504 48.0575 -0.00208715284377 -0.000876225579391 -0.00100269747229 -0.00285901222228 3.87398 3.87285 4.34331703515 11.4081599568 -2.21048627441
-122.096 48.2641 0.00151442552838 -0.00167404032276 0.000346140550065 0.00335521399568 3.7649 3.78058 -7.39759554769 5.49252442703 0.701389612439
-121.484 48.5183 -0.000287039188223 -0.00220709312484 -0.00225294684873 0.00623491620584 4.0294 4.02747 -7.11316257541 12.8629388093 -1.17526844925
-120.12 48.4607 -0.00138172246644 -0.000919004202772 0.00131610269779 0.00828845399155 3.96391 3.97524 -20.7069167817 7.22447100893 -1.53813049251
-119.333 48.3584 -0.000216540656141 0.00063715733237 0.000395866150921 0.0076885064487 3.8774 3.94534 -29.9040806615 -3.87227427945 -0.184706339753
-118.149 48.4226 0.00104980948776 0.00545303840056 0.00240040794583 0.0102818445466 3.93486 4.0315 -15.0818730143 -34.472971182 2.70199900461
-117.225 48.2995 0.00234171562349 0.00460627759788 -7.19033514483e-05 0.00994299940657 4.12217 4.17228 -9.87358644096 -32.63055768 4.0104415335
-116.367 48.4366 0.000734265124713 -0.00230805048139 -0.00211426041289 2.67214863278e-05 3.97377 3.84098 -4.19370906472 10.390292951 -0.51802112131
-115.589 48.4694 -0.00233184125268 -0.00278790572167 0.00658972015635 0.00687849459388 3.91477 3.86977 -19.9686875332 21.0704071488 -2.95926444966
-114.468 48.3739 2.10841473372e-05 -5.65655954543e-05 -0.00836368707528 -0.00997704997657 3.83035 3.92028 18.4967350446 0.107110905593 -0.0330913886771
-113.273 48.3609 0.00740556544074 0.00565745729547 -0.00960733172809 -0.00816037888544 4.23914 4.32675 13.2836487277 -61.01616666 9.12537561472
-112.562 48.3129 0.000610402086636 0.0014018450349 -0.00247346561591 0.000792329696461 4.4907 4.08747 1.34801301771 -9.79930519866 1.33814475896
-111.707 48.4128 -0.00220655404199 -0.00205695259632 0.00416625506673 0.00411668731089 4.27952 4.19485 -9.28033756461 18.8849058789 -2.90422600784
-124.566 47.9475 0.000146940893578 0.000300962368061 -0.00439018752655 -0.000177119980118 4.10703 4.09267 3.68708474915 -1.9503349855 0.290442346924
-122.972 47.7172 -0.00187446420825 -0.00134622461736 0.00111858999412 -0.00248697749151 3.54117 3.5467 4.65115561968 13.1390484263 -2.30776608836
-121.689 47.6947 -0.000354766137857 -0.00120417895221 -0.000528777580233 -0.000939183217854 3.8469 3.84778 0.0529589085341 7.35159346426 -0.939368308891
-120.061 47.6902 -0.00204512423308 -0.0017007590687 -0.00249964163495 -0.00215010990318 4.18682 4.17907 -0.304345022201 15.6622313948 -2.63844407445
-119.045 47.7849 -0.00608784604893 -0.00226122727813 0.00870495420245 8.22932033227e-05 3.63918 3.7079 -12.7483203325 26.5088050345 -6.4942222983
-118.274 47.8006 0.00244652481469 -0.0013624416099 -0.0204930580762 -0.0306799980958 3.08851 3.13459 43.0817134421 -12.9953536751 -0.761370470211
-117.308 47.8192 -0.00115260359056 0.00094457026019 -0.0239477484682 -0.0266978153526 2.92615 2.96215 47.9718975387 6.41371973623 0.775430545873
-116.256 47.8397 0.00469097673132 0.00388390713508 0.00669995079837 0.00233984744804 3.77271 3.81678 -7.56289127349 -35.8434157483 5.94290387786
-115.475 47.7092 0.00266312768119 0.000846840532942 -0.000669099593495 -0.00144865667328 4.08065 4.01103 -1.91931112579 -13.9948638392 2.69345622374
-114.574 47.6795 -0.00252246555974 -0.00259255371581 -0.000913188506772 0.0024964339081 4.19441 4.15671 -0.946743125353 23.2670595406 -3.54767879083
-113.747 47.7687 -0.00106907045132 -0.000129248991106 -0.00639048758122 -0.00512933720308 4.04167 4.09931 20.077102961 6.29360356337 -0.705989794721
-112.607 47.775 0.00897641973812 0.00850062911278 -0.00743698137134 -0.00146029286674 4.34992 4.69052 3.05986748853 -81.4418041209 12.333206791
-111.746 47.8012 5.91179476028e-05 0.00220348116039 -0.000611115930543 0.00418430431445 4.41751 4.34433 -3.71952511421 -12.5583736614 1.25365583983
-110.763 47.6327 8.1561574074e-06 -0.000224033719101 0.00639081594925 0.00346829905578 3.92909 3.90269 -7.38879703457 1.28324802331 -0.105061286987
-123.771 47.1161 0.00088776130726 0.00350498577871 0.0018143770412 0.00110059315204 3.64399 3.63665 -0.127448718755 -20.6801521503 2.57532679409
-122.803 47.1109 0.00137322159845 0.000620443300314 -0.00019976103998 -0.00171040430341 3.62412 3.58093 5.78545805956 -8.0329844315 1.46667379017
-121.989 47.1881 -0.000731904250224 -0.0020116951949 -0.000758650650244 -0.0011054428196 3.82191 3.81503 3.40828097923 12.5625266875 -1.76494640054
-120.844 47.1935 -0.00212907218977 -0.00172050889219 0.00091709429962 -0.00211773748815 3.87854 3.87044 1.28880335786 16.1282012922 -2.72703183428
-119.973 47.1936 -0.00173613935799 -0.000717982738554 -0.0011891403096 -0.00166069245741 3.9277 3.9008 4.10105033151 10.0849312981 -1.81701993584
-118.921 47.0573 -0.00130981883585 -0.00183639618859 -0.00097234040974 -0.00155046213992 4.04518 3.9516 2.85651456441 14.1959763365 -2.14562025353
-118.309 47.0615 -0.00569439719525 -0.00475708834836 -0.00403105520409 0.00646041488793 4.47184 4.5695 -7.15174083425 43.1542995903 -7.22804927839
-117.276 47.0547 -0.00512841980021 -0.00368575339653 0.00976969842118 0.0125966761328 3.64611 3.72233 -21.3737906436 30.4033265621 -5.83017784933
-116.335 47.0477 -0.0017001461788 0.00211654915965 -0.0394543060603 -0.0262629985996 2.90683 2.95778 -297.80382023 12.5889151094 2.31111101072
-115.353 47.0528 0.0073454096231 0.00841127331874 0.00727172014381 0.00485001509906 3.82462 3.88222 -11.8568895871 -69.3862845681 10.094266715
-114.459 47.0943 0.000999679807173 0.00337474153264 -0.00297442574721 0.00150862918507 4.27777 4.07325 0.744414730484 -21.7214892491 2.81349986498
-113.506 47.0816 -0.00229296434293 -0.0029109089159 -0.00281422794305 -0.00246214574205 3.92857 3.97458 10.2449583127 24.307808168 -3.69013135738
-112.52 47.0418 -0.000498138010905 -0.00129372507134 -0.00132576852229 -0.00552836512046 3.76153 3.88477 13.5925963263 8.08762052841 -1.31433892349
-111.549 47.0308 0.000821033829397 3.26805732265e-05 -0.00549197820394 -0.0068102868694 3.82431 3.87965 17.1554547155 -4.63839233762 0.503977914074
-110.687 47.1523 0.00243316873672 0.00272012105191 0.0056482566176 0.00764798581723 3.93762 3.94791 -11.1246263602 -23.9251845252 3.39228184546
-109.802 47.1961 0.000281780928743 0.000870852281035 -0.00493359011424 0.00852888895646 4.21074 4.21057 -4.95723624494 -6.04618004922 0.712006552584
-123.563 46.5459 0.00375331814711 0.00310592929103 0.00221762763045 -0.00918236106866 3.31342 3.37341 4.54015795947 -28.4840218003 4.86377442717
-122.72 46.5934 0.00393914818835 0.00215711704101 -0.000790093238184 -0.00220281522994 3.85973 3.86842 5.94165761339 -25.0941959624 4.43104285957
-121.761 46.5605 0.000628278439818 -0.000236965667724 -0.00184760279283 -0.00155535499615 3.97669 3.89096 4.79454538276 -1.18830831738 0.355121255808
-120.979 46.5433 -0.00195602763203 -0.00115944748809 -0.000218677015183 -0.000836405061197 3.91684 3.88891 3.07163159806 12.9389425508 -2.26374789734
-119.855 46.5585 -0.00204538585121 -0.00207391307589 0.0013821227917 -0.000109160862704 3.74778 3.77884 3.9795290885 18.1112023901 -2.88513081796
-119.06 46.4911 -0.000537166800373 -0.000801693835637 -0.00114663305519 -0.00110937504677 3.82758 3.83024 7.29047251884 6.04914714676 -0.932272105203
-118.146 46.5139 -0.00253635255957 -0.00275651114757 -0.00342438859112 -0.00572977468257 3.75497 3.72757 10.1466335699 23.8762739902 -3.74106485413
-117.11 46.485 -0.00417723735832 -0.00230978109299 0.00148403938056 -0.00346135926522 3.93794 3.96201 -1.51904089187 27.2278247455 -4.75932973588
-116.209 46.3559 -0.00746832525753 -0.00357077665015 0.00700297304001 0.0277683567317 4.42089 4.5665 -26.385665066 30.5266671446 -7.93304677347
-115.571 46.4151 -0.00564350988099 -0.000636451132652 -0.0453503745309 -0.0109367832718 2.9219 3.01116 -301.936445565 36.596879789 -0.273059098892
-114.188 46.4423 0.0100003938291 0.00817212315578 -0.00299840496889 -0.00379724514168 3.68216 4.01235 9.00609235876 -85.2318316756 12.8436021832
-113.493 46.4162 0.00265818003187 0.00148921369171 -0.00158919344303 0.00031575695632 3.94733 3.7126 8.19744403766 -19.5557308586 2.93532604664
-112.641 46.4246 -0.00185067421912 -0.00232468954842 4.08406251477e-05 -0.000141186949029 3.91248 3.82268 7.58511402311 19.8734954005 -2.95008506831
-111.676 46.5336 -0.0016859446837 -0.00162647099581 -0.00273191907627 -0.0023110945891 3.94237 3.96986 10.348565885 15.8700755681 -2.33738758912
-110.858 46.462 0.00116929808774 0.00105376381473 -0.00060604412543 -0.010099119088 3.50714 3.54113 17.236277205 -10.6710258426 1.53313554979
-109.914 46.5663 0.000351671519847 -0.00128968809609 -0.00307039523943 -0.00923630522566 3.41944 3.43204 13.1533618238 3.63733024868 -0.789616087679
-123.559 45.9306 -0.0025732818295 -0.00166940321939 -0.00597021347041 0.0154428071673 4.88664 4.95104 -29.7844505174 10.7612288526 -2.64023868966
-122.419 45.9325 0.00436193358086 0.00360390947084 -0.00351894068579 0.0011852400653 4.45777 4.44515 3.11431231653 -33.6039792614 5.64587162569
-121.459 45.8839 0.00195564247976 0.00231279041366 -0.00159133948095 0.000174493238324 4.10257 3.91279 0.872021904226 -18.680409044 2.91478423669
-120.782 45.7664 -0.00119550188716 0.00188150874138 0.000697687711086 0.000743432486633 3.93277 3.82018 -2.10074119303 -6.14599679491 -0.0395438364852
-119.928 45.8951 -0.00146965167521 -0.000119066740758 0.00148277790835 -0.00112701677124 3.64946 3.6227 1.65066546786 5.98780414357 -1.26578467004
-118.777 45.7971 -0.000144084363885 -0.00122057727855 -0.00118489564921 -0.00136040498879 3.78289 3.7442 4.90294897823 6.6090749317 -0.884930270496
-117.909 45.7087 -0.00206299507611 -0.00302405947079 -0.000990744303409 -0.0017853637934 3.9002 3.84834 7.8296088832 23.3347184579 -3.56687162426
-117.228 45.9734 -0.00471638735238 -0.00471634541936 0.00251475241893 -0.0035640853765 3.65247 3.67876 8.56124528647 43.1408245198 -6.66799083417
-116.155 45.8883 -0.000206288233787 -0.00232836580546 -0.0247493638262 -0.0211453365612 3.20417 3.26 37.9649223673 5.60597625986 -2.29156364879
-115.255 45.7565 0.00244244834348 -0.00458235140311 0.0076252280466 0.011519592569 4.44029 4.55849 -12.8818771679 21.4741558806 0.439658929393
-114.332 45.7893 5.65501034824e-06 -0.00388665322943 -0.0023459060613 0.00661518915874 5.28982 5.52025 -14.8107018027 24.0522982614 -1.43140052094
-113.37 45.8122 0.00596756674502 0.00534786645601 -0.00184899361124 -0.00659334185551 3.64192 3.78196 15.060901717 -53.7440727516 7.88788415478
-112.493 45.8409 0.00182356189133 0.000754180233014 -0.00105354645492 0.000351372530774 4.13644 4.0337 10.6048732486 -12.5966641772 1.78121696481
-111.626 45.7843 -0.00267091073062 -0.00300886092068 -0.00237634394932 0.00324730450079 4.28821 4.19012 5.62155850686 27.4724435203 -4.00809253578
-110.659 45.9054 -0.00157495073561 -0.00234683152432 -0.00200462294358 0.00199157211085 4.14328 4.2051 12.1093218365 18.6553366128 -2.81180068504
-109.716 45.9046 0.00109074510332 -6.20238589876e-05 -0.00449647990365 0.00495308389929 3.92637 3.94684 4.58334105126 -4.87392959344 0.751853991161
-123.281 45.3153 -0.00294007665849 -0.00154680639146 -0.00896399937685 -0.00278311676954 5.42649 5.53987 -14.4920902932 14.6002817473 -3.27570654815
-122.478 45.2059 0.00277751865441 0.00371609305248 -0.00474387941741 0.00648026957884 5.19083 5.4334 -7.90239518792 -28.0785285645 4.09413827271
-121.317 45.2422 0.00284663990879 0.00758080411248 0.00206147265179 0.00162098188493 4.03787 4.14939 -10.9761592017 -50.5997345486 5.54016447284
-120.635 45.2357 0.000425998095943 0.00536730383138 -0.00122138173344 0.00220795532814 3.92446 3.86904 -4.75152383772 -30.8327039637 2.98429328143
-119.669 45.2664 0.00237657301661 0.00264846147411 0.0031646281659 0.00139883415037 3.5239 3.49318 -3.4403878108 -22.2057764091 3.39847681008
-118.96 45.2904 0.000686498659098 0.0013470345513 -0.00207367271181 0.00111247264258 3.96999 3.90404 1.53475235091 -9.55723914763 1.34879023762
-117.78 45.2781 -6.70421143836e-05 -0.00127920515982 -0.000219942178925 -0.000469273323216 3.79666 3.71374 2.09747008328 6.86087225002 -0.827549421049
-117.12 45.2925 -0.00232748280129 -0.00251868780096 0.0020033570343 -4.97470979995e-05 3.78672 3.71464 0.935972851198 22.2235892473 -3.36775343987
-116.268 45.3997 -0.00508376187329 -0.00496704800565 -0.00245502665722 0.000585715220466 3.98104 4.09543 7.69004200275 46.6457798453 -7.10666942493
-115.326 45.1285 0.00544857581202 0.00271159526235 -0.00639745818666 -0.00649397636883 4.85077 4.78933 8.05241560628 -38.206753072 5.79008148195
-114.233 45.0931 0.0022017644158 -0.00194588703034 0.00122860916238 0.00274290071541 5.04086 4.89717 -10.0478725007 4.99069120256 1.08685268906
-113.46 45.2432 -0.000958937582824 -0.00376381128858 -0.00291432998596 0.00561899266013 5.41689 5.72861 -2.45428532583 24.5883881985 -2.93143310712
-112.489 45.166 0.00723615927154 0.00335570804119 -0.00109503000577 -0.00422937761369 3.74037 3.76726 23.827798234 -54.2946179741 6.40336165818
-111.805 45.2285 0.00080745578935 0.00197735493059 -0.00354760228155 -0.00401217024456 3.93762 3.83882 14.5483922138 -12.6500228174 2.06028310548
-110.74 45.3212 -0.00342110228322 -0.00330602344774 -0.00691028766058 0.00913420851051 4.53913 4.54728 7.98345651928 32.9114840522 -4.75337967478
-124 44.6764 0.00145658092383 -0.00129058706826 -0.00652798053013 -0.0149465052062 3.80934 3.78781 18.5048097929 -1.99821154453 -0.0936746373675
-123.292 44.6765 -0.00301670305113 0.000230288254514 -0.00872194144505 0.0125143481547 6.05176 6.03801 -17.6532163532 3.55383435381 -2.84788123496
-122.186 44.6837 -0.00849784995671 -0.00481953031011 0.012932853755 0.00165285581078 3.23373 3.34802 -6.1186387093 51.004232927 -9.76230302898
-121.227 44.6473 0.000736533425063 -0.0011056301078 -0.0378828967625 0.00686665297282 18.5209 -nan 55.7545305312 -4.59861297492 -1.10159691175
-120.335 44.7344 0.00570367095566 0.00799117625884 0.00953237538195 0.00189168671042 3.15125 3.24552 -11.3345305981 -60.8322769772 8.36768483191
-119.565 44.5913 0.00422348240764 0.00449778604543 -0.000787023581614 0.000760712312141 3.58537 3.59039 -1.78052884567 -38.8992365731 5.98957639142
-118.67 44.5191 0.00254272542251 0.00348940616519 -0.0027620750337 -0.000317939899797 4.01017 3.97471 1.89584993134 -27.9326186101 4.13121054494
-117.664 44.6653 0.00101857688908 0.00202790958449 0.000664667258614 0.00344723118541 3.94078 3.87792 -2.47217244804 -14.7187180287 1.95936546814
-116.747 44.589 -0.000543043075424 0.000712564427609 0.000988850996141 0.00317437624661 3.8856 3.81219 -2.12017501061 -1.90806343727 -0.0543359745795
-116.013 44.7035 -0.00365122502562 -0.00220822457759 -0.00130243262934 0.0021469551788 3.95081 3.9986 2.80936492791 26.617374911 -4.22679449157
-114.855 44.5494 0.00787343839667 0.00152127859259 -0.00307355921837 0.00733083103108 5.22758 5.15316 -14.44754055 -29.5714128111 7.85955801742
-114.255 44.5642 0.00160196803819 -4.15373278932e-05 -0.000626951658317 0.000792234489575 5.01646 4.76342 -11.8591884463 -4.35747469435 1.43133045954
-113.367 44.6165 0.00105742747533 3.28250009952e-05 0.00379181514104 -0.000109471819064 5.021 4.82007 -9.65845689189 -3.55527204392 0.950490466675
-112.644 44.6173 -0.000402188674167 6.40276461088e-05 -0.00288009880267 0.005641138587 4.84365 4.93895 4.18176556043 1.51710722898 -0.25604839763
-111.248 44.7038 -0.000392174215531 0.000604696220671 -0.0193447977768 -0.00109695624623 4.1549 4.15947 28.4020044822 0.850014809626 0.401659044418
-110.576 44.3951 0.00166214270107 0.000363339368421 -0.00346242655246 -0.00895314278849 3.2901 3.27187 12.779020788 -10.6911979768 1.31624224999
-123.83 44.0035 -0.000109314045717 -0.00202445866588 -0.0183700703522 0.00354937742775 6.42894 6.5249 -9.17409121334 11.6700639967 -0.923345003188
-123.278 43.9726 -0.000209968450895 -0.000374507416313 0.00451686023356 -0.0130257599897 3.31012 3.29024 10.5049621704 2.57576046622 -0.411044216544
-122.411 43.7941 -0.00191568724275 -0.00278281703997 -0.00188235731357 -0.0072065032457 3.72219 3.70454 8.97861730165 20.9589447627 -3.29725477485
-121.268 44.1626 0.000251375028138 -0.00105867221251 -0.0329772598615 0.00966195993768 18.2276 20.3378 -0.128463706091 4.65622667124 -0.384482848279
-120.211 43.9437 -0.00168049938425 -0.00142725571583 -0.000303240753189 0.0108569614068 5.94032 6.9587 -28.4229875496 10.2740362354 -1.82752985114
-119.504 44.082 0.00487368196789 0.00320968702375 -0.00222329981519 -0.00426634024128 3.71668 3.83501 5.24641424477 -36.0744298809 5.79384677402
-118.569 43.9104 0.00186010786552 0.00456738513766 -0.00151760546874 0.00394181676492 4.12895 4.14337 -1.69596381137 -31.4765224648 4.08562312536
-117.741 43.9733 0.00163513388726 0.00518762760666 -0.000675434589452 -0.00149730397221 3.66794 3.63879 4.65295875152 -32.8832422024 4.61054517072
-116.803 44.086 0.00198228813629 0.00303643427157 0.00182193382535 0.000953737015861 3.65588 3.64253 -0.110767117561 -23.972343218 3.38978681225
-115.958 43.9121 0.000578509483716 -0.000331195813916 -0.00154801371995 -0.0025694974384 3.64962 3.61294 6.83378990167 -1.05304274172 0.192114963306
-115.133 43.7945 -0.00185052683181 -0.00325042414904 -0.000204493213444 -0.00240318142472 3.64836 3.61606 5.87989636746 24.5592305821 -3.56870877132
-114.117 43.9146 0.00211956368849 0.000265993128683 -0.00340799463284 0.0044946148347 4.80685 4.8799 -6.26876685308 -9.01332840464 1.95112120492
-113.452 43.9286 -0.00289560791731 -0.00116937531049 0.00028412996015 0.00559808814722 4.66363 4.68457 -10.769218793 16.1220571989 -3.11102473685
-112.485 43.9997 -0.00356991827688 0.0036321169459 0.00524917230402 -0.00541772528934 3.66635 3.738 -3.66288545951 -6.71039945252 -0.885937349274
-111.487 43.8756 0.00565031001323 0.00355724905659 -0.00090233755179 -0.0130620775004 3.23787 3.40889 17.3775876834 -46.52857342 6.10707830486
-110.576 43.92 -6.47841930582e-05 0.00145986423415 -0.00675922825298 -0.0275197472729 2.85678 2.85485 25.1984368687 -4.04479925411 1.28684184475
-123.575 43.3654 -0.00192536178898 -0.00156405157186 -0.0140282658634 0.0017779351041 6.11465 6.12401 -8.83810201865 13.851529451 -2.40391844745
-122.965 43.3717 0.00274950740627 0.00169648506747 0.00613237023904 0.00354046672913 3.78378 3.8106 -0.140443599764 -18.3900110937 3.22864323929
-122.109 43.2406 0.00101457569919 -0.000225837229323 -0.000273497583598 0.00174837779865 3.98561 3.94992 1.55368661884 -2.60272484532 0.689794587832
-121.236 43.2843 -0.00265924554174 -0.00380566288496 -0.00263145137389 -0.00578960814163 3.77642 3.72527 7.43159327524 29.3912449891 -4.524342697
-120.153 43.2515 -0.0112207416072 -0.0129207473221 0.000591355959927 -0.00656802194109 3.49205 3.69375 9.36962428251 110.242567523 -17.0594616313
-119.311 43.3736 0.00411902356025 0.00353046668463 0.00536833817651 0.00557276318319 4.31794 4.57584 -11.1120059154 -31.9467579687 5.20727448796
-118.474 43.358 -0.00103042404518 0.00273066715912 -0.0192118369063 -0.0238118964661 3.41729 3.54797 31.2177975951 -0.774195423677 2.11124789597
-117.754 43.3471 0.0052620272997 0.0100743154707 0.00713445128104 -0.00349223328897 3.02892 3.15704 2.37616500185 -73.7289831917 10.387918282
-116.767 43.4275 0.00439690676048 0.00167668822801 0.00111534660408 -0.00575910447543 3.33912 3.32909 8.25614918085 -28.5686269273 4.30306036408
-115.828 43.4151 0.00123641603905 0.000994103368369 -0.00321143986357 -0.00184874072067 3.76463 3.68226 8.57441097222 -10.6192118003 1.57571365627
-115.098 43.25 -9.79406601423e-05 -0.000672932921237 -0.000824356312862 -0.0020008290984 3.55797 3.50752 7.98752775802 3.68455118342 -0.547137508562
-114.174 43.3979 -0.000896496719897 -0.00223663025037 0.00141353140772 -0.00541517059575 3.36935 3.35805 4.65536824154 15.4298808725 -2.16836375147
-113.518 43.3234 -0.00342910706122 -0.00304118364508 -0.00234905242436 -0.0063641621496 3.52788 3.52362 5.30548021415 31.4135282717 -4.58137385438
-112.433 43.3998 -0.00506021085732 -0.000458419586037 0.00488787235952 0.0106406270734 4.49345 4.74382 -19.6339873168 14.3321569918 -4.93826978468
-111.612 43.2741 0.00233905431519 -0.00580823801326 -0.00398311262158 0.0107471034778 5.75737 6.00685 -15.0645078147 30.632599803 -0.201069849479
-124.469 42.8088 0.00137168724405 0.000448757448695 -0.00931915142392 0.00417681710037 5.34453 5.27333 -1.68518655044 -6.84855524671 1.40159334327
-123.49 42.7667 -0.00220268933981 0.000357336493265 -0.00671491219986 0.00149686251831 5.14391 5.08023 -9.50030894112 3.68628795173 -1.8559025649
-121.731 42.6133 0.00291004853841 0.00267784209068 0.00133168557872 0.000675867421621 3.80625 3.74266 3.20688034783 -24.9318055945 3.94187081285
-120.893 42.7258 -4.27557927845e-05 -0.000139936058089 -0.00281287442713 -0.000178868272764 4.04799 3.82448 4.43334620899 0.870189175958 -0.122034605575
-120.251 42.7991 -0.00526110657086 -0.00296661556716 0.00010348387365 0.000987473203415 3.71937 3.59742 1.95415462576 35.9262068563 -5.98320722334
-119.247 42.6912 -0.00647932160529 -0.0068310759681 0.00783130045622 0.00585455810494 3.48623 3.61949 -20.4040651335 54.404728843 -8.05943868265
-118.486 42.7308 0.00155337715375 -0.00289125217611 -0.00601130951945 0.0115267797001 7.01512 7.77402 -26.8572050264 17.1866799529 1.06952462581
-117.725 42.6996 -0.00239064989487 -0.000381534270199 -0.0134464969332 0.0135614122506 9.07325 11.5897 -21.8541794927 6.45502532838 -2.409757629
-116.87 42.7779 0.00690936382236 0.00320793559083 0.00131011384072 0.00397110487744 3.81591 3.93754 -1.33583698662 -44.3523443015 7.49001646011
-116.032 42.7713 0.00336644968145 0.00230597989582 -0.000863247298373 0.00131471826143 3.74158 3.77612 5.33877690724 -26.8492316589 4.04042617147
-114.903 42.636 0.00126283162642 -0.000786978102023 0.000374910424613 -0.000972822959287 3.63065 3.62846 6.16902457862 -2.09703508464 0.366205760685
-114.084 42.6493 -0.00042607422941 -0.00134421417715 0.00055420419781 -0.000854013323707 3.71015 3.67721 5.46300441808 8.74345298906 -1.23393074702
-112.531 42.6852 -0.0041352300967 -0.00311638285602 -0.00335425154457 -0.0119148560262 3.46322 3.49987 11.5169361554 36.1442502554 -5.04163896256
-111.588 42.8321 0.00125278170231 -0.0012267922037 -0.00785530441334 -0.00364067181678 5.20337 5.20166 -3.74800258825 1.95688509141 0.314253694991
-123.602 42.156 -0.00244325452501 0.0028542929202 -0.0123827022103 0.0105084985465 5.7295 5.68589 -17.4801137875 -12.7409297125 -1.51262012881
-121.891 42.175 0.003940469278 0.00780438012655 -0.00077205039022 -0.00337032087094 3.84178 3.86064 6.78057940385 -54.1134993598 8.13664215256
-119.34 42.0187 -0.00238191690088 -0.00259797801748 0.00629828442648 -0.000407996570361 3.50956 3.487 -2.06630203817 22.9661749784 -3.42760853808
-118.344 42.1901 -0.000365711197689 -0.00140711432223 -0.00768234882263 0.00723759650969 5.92247 6.01004 -13.3382399522 9.55265471605 -0.887724123681
-117.667 42.0192 0.00325740005189 -0.00640083373838 -0.00600653852943 -0.00523522423796 5.19349 5.47313 10.4061097516 13.1517234927 -2.47928417811
-116.471 42.0773 0.00190553074239 -0.00482200838067 -0.00105223140052 -0.00259851946758 4.17753 4.29108 6.37184366715 14.7530184476 -1.9456580032
-115.754 42.1669 0.000609694933404 -0.00374881608297 0.000319115548021 0.0005616447838 4.30639 4.37381 2.31094295108 16.9695086627 -1.93140294472
-115.016 42.146 0.00106302912818 0.00015734214575 0.000220127335509 -0.000317206656056 3.95798 3.93275 3.75811404463 -5.65083143425 0.899691112799
-113.944 42.0886 0.000740436541136 -0.00032491551657 0.000500503854392 0.00273289237603 4.01066 3.96012 0.123582298437 -1.42606489817 0.378247901764
-113.24 42.0343 -0.000958236874572 -0.00167940790123 0.000915722952802 0.00403433405881 4.23401 4.16584 -2.32871356054 13.4234725909 -1.76634104196
-112.386 42.0041 -0.00437583198088 -0.0022484970594 -0.000938024442956 0.00287259882688 4.24331 4.29221 0.886902404243 31.9255902585 -4.79958719522
-111.432 42.0149 0.00169314693037 -0.00105185991422 -0.0118079364454 0.0108898651297 6.3375 6.51438 -16.3541352237 2.16631697955 1.14605130222
-124.122 41.8473 -0.000568940812902 0.0015464539394 -0.00349483011948 0.0176924022696 5.2238 5.2422 -26.0613466448 -9.09568367808 -0.342339716984
-122.854 41.392 -3.47914934677e-05 -0.00282555734231 0.00300331197498 -0.00117504880467 3.82532 3.84615 -2.27809106005 15.3130599094 -1.55665932659
-122.122 41.2742 -0.0018523056123 -0.00193079380902 -0.00160865528571 0.00305326851297 4.20788 4.19776 -2.06559290746 16.9636733232 -2.60797455086
-119.171 41.3884 -0.000508491484901 0.000334782079185 -0.00214753950988 -0.00249654117149 3.57109 3.56614 7.87883467168 0.768747462143 -0.129890463692
-118.379 41.4483 -0.00150350911389 -0.00145438744522 0.00450076936599 -0.00377887724462 3.51598 3.55016 -0.0875099304367 13.8107707784 -2.07439060225
-117.45 41.423 0.00357824565798 -0.00228154406492 -0.00181813924169 0.00505590219034 5.11367 5.01832 -8.74066380637 2.07166728553 2.06390800199
-116.54 41.522 0.000584702517585 -0.0014157233533 -0.00193179384818 0.000874393859847 4.66115 4.50767 0.199971770354 5.20006253483 -0.40172909957
-115.791 41.4311 -0.00181886193031 -0.00104160986959 0.000280149234001 0.000337384509494 4.51082 4.42867 -0.942625271055 13.2072542021 -2.0801477567
-114.915 41.4157 -0.00154941881908 0.00175059179158 0.000557682862664 0.00201033543639 4.53931 4.52125 2.06691886887 -2.32501230828 -0.0523681526192
-114.165 41.3602 0.00139942430419 0.00267425180499 -0.00357219053962 0.00170600706026 4.37786 4.3662 8.40301663497 -19.8723206502 2.90881388735
-113.347 41.503 0.000990852674844 0.00178211202875 0.000491665675456 0.00300394758282 4.10434 3.9836 -1.57842687746 -14.167135904 1.86675831611
-112.448 41.4632 -0.00186745022776 0.000910022473468 0.000553028841065 0.00284067027225 4.05995 3.9607 -2.08048337134 2.83598458291 -0.940563419205
-111.63 41.3146 -0.00271037494735 -0.00318759601759 -5.87943974733e-05 -0.00275695576246 3.74741 3.71351 2.54121934519 29.872551528 -4.14831322957
-123.306 40.822 -2.09964401156e-05 -0.00118227272045 -0.000815808422274 -0.0013866507166 3.90441 3.8994 -0.417963643677 6.29344746429 -0.690423644668
-119.835 40.7484 -0.00246400998152 -0.00017939849076 -0.0212648772845 0.0101114905015 6.61025 7.01271 -1.19510686752 10.4214353578 -2.11495240829
-118.971 40.7797 0.00206567805325 0.00181629596438 0.00246028514409 -0.00168646572759 3.59797 3.65075 11.3213901818 -18.4148525219 2.73127871593
-118.134 40.7811 0.00976899191821 0.000718221256213 -0.00668947303858 0.00312649193251 5.02428 5.30456 10.6323983109 -52.0904569361 7.09840805883
-117.524 40.852 0.00344198019247 0.000787163420417 0.00126738242994 0.00028446839453 4.44649 4.32283 -3.02780750822 -17.582520978 3.28672660739
-116.508 40.7186 0.000179003464101 0.000359254277354 -0.000819059427499 0.00281644616229 4.72423 4.51128 -9.31054454902 -2.75356244826 0.328702304209
-115.736 40.8167 -0.00361622994361 0.00119689673398 -0.000239629101256 0.000850236588499 4.37075 4.31849 -5.68662208967 6.39888116263 -2.41270691006
-115.039 40.8522 -0.00455136504842 0.00331255809584 0.00349887584962 -0.00337497515869 4.04449 4.18657 -1.12181206553 0.800156815887 -1.62072347255
-114.204 40.8556 -1.54470417983e-05 0.00549887157392 -0.00692768082385 -0.00332376272927 3.88098 3.96742 19.1083385554 -20.4479855198 4.64432842537
-113.187 40.8513 0.00391990969588 0.00596143735876 -0.00181661384575 -0.00648706591286 3.8527 3.92157 8.66020714967 -48.8809110221 7.04863607911
-112.52 40.8903 0.00147763725874 0.00490536593875 0.00320333038485 -0.00623677365351 3.63767 3.64468 1.46615155497 -33.2829684159 4.32532461583
-111.437 40.8869 -0.000535932659422 0.000351991245307 -0.00101353926735 0.00201490120778 3.94006 3.73469 2.81723955115 0.747983841632 -0.155818130979
-110.834 40.9425 -0.00659211480322 -0.00273879629 -0.00184547831289 -0.000574873047557 3.95026 4.04827 3.74272621499 47.2191494131 -6.65353266394
-109.673 40.9763 0.00313528803817 -2.73116673067e-05 -0.0186917130894 0.0158850212045 8.65369 9.60497 23.0867751678 -20.3965188039 1.36817930991
-109.177 40.8936 0.000494214179374 0.000127226493541 -0.00216433863851 0.00213417437935 5.36915 5.15718 -0.159936912565 -3.06654978878 0.457943822495
-123.82 40.1398 -0.00011739567385 0.000286723018815 -0.000153703229055 0.00678230547628 4.03303 4.0248 -5.63931850195 -1.22397729432 0.0398213613296
-121.086 40.32 -0.00310552936165 -0.00207000694646 0.0030570330562 0.00509172634333 3.96864 3.94455 -10.7561576183 21.0857005272 -3.69370878816
-120.918 39.962 -0.00150922018229 -0.000432972365315 -0.000443151903675 0.00277761513486 3.7678 3.76413 -3.28130555928 7.86061394781 -1.50026743889
-119.827 40.165 -0.00168335404212 -0.0036110502148 0.0117001216892 0.0101553298076 3.44412 3.51219 -27.8169374627 25.5681584061 -2.22394970498
-118.877 40.1614 0.00395922624275 0.00251276977807 -0.00907294470269 -0.00898802110627 3.7118 3.76063 21.4332581079 -31.6146869651 4.209295214
-118.155 40.2903 0.000141418602668 0.000777342568719 0.00607996816103 -0.00813391557911 3.46086 3.4753 6.2161383027 -4.48212759261 0.638125531599
-117.19 40.1697 0.00373102380267 0.000711043595635 -0.00633497335685 -0.000354763099124 5.21999 5.23084 6.03553466212 -21.2248208158 3.18495702111
-116.5 40.2917 2.15284540325e-05 0.00251915968155 0.00135226611675 -0.000464999542792 4.64795 4.48673 -7.42524492147 -15.0304887934 1.29940904151
-115.657 40.1313 -0.00432077772555 0.00205187689545 0.00168976635186 0.000337818290095 4.81799 4.80714 -12.0256409942 0.556136910521 -2.96050040007
-114.745 40.2679 -0.000713762267072 -0.000772412546658 -0.0131151314442 0.00639715974949 7.05469 7.57706 -7.16549800969 7.23450207931 -1.01230879618
-113.981 40.1314 0.000988265764331 0.00599100187137 0.00338419040713 -0.00821962586323 3.2487 3.29789 8.64464795283 -33.6881244472 5.09616860128
-112.469 40.2807 -0.0014012171398 0.00146689145082 -0.0163754207693 0.0148041318837 6.94074 7.30634 -13.7205037697 -5.0686608462 -0.619987937694
-111.502 40.2067 0.00533236661505 0.00391908390345 0.00401951641119 -0.00654614198541 3.43012 3.45453 8.7706481794 -47.6727596706 6.46090983544
-110.738 40.1948 0.000698023448952 -0.000808712452163 -0.00550423474279 -0.00101988683203 4.13719 4.053 10.7927765539 -0.264957297556 -0.192028415812
-110.008 40.2655 -0.00519829811016 -0.00385354479304 0.000972209391062 -0.000165216664056 3.90241 3.92797 6.11646894172 47.0605136751 -6.36842615512
-109.124 40.2982 0.00113238241106 0.000188931200153 -0.020536898261 0.00257949888849 8.52629 8.9472 -10.3925657507 -5.45339716616 1.07077310809
-119.898 39.6785 -0.00127805553747 -0.00155118286977 0.0062765133693 -0.00228313765017 3.6042 3.58709 -8.07792395594 13.2468499848 -1.86820353824
-118.889 39.5399 0.000319847930053 -0.00312918178313 0.000861948653977 0.0120430470003 4.58468 4.70186 -15.6182171994 18.9091106975 -0.863560943272
-118.08 39.6946 0.00194179184931 -0.00300386439086 -0.00459026257835 0.00440581570875 6.00426 6.27271 0.84175211782 7.81107558266 -0.348346005312
-117.14 39.5516 0.000303334059528 3.65057644732e-05 -0.00275338763895 -0.00188083180089 5.06048 5.0513 8.27414258991 -1.68810412571 0.235892390701
-116.464 39.6202 -0.00114678327385 0.00187737985332 -0.0010488395356 9.38775901928e-05 5.32302 5.29768 0.644186120382 -5.13870017868 0.287255483091
-115.754 39.553 -0.0027958696904 0.00247552217828 0.0027988932429 0.00730756533892 5.60345 5.68652 -12.9133987596 -7.13739169987 -1.447828124
-114.908 39.4731 -0.000528164888644 -0.00346879674778 -0.00647912360787 0.0059926583529 8.21884 8.38355 -1.64883539213 21.7341861396 -2.52181557212
-114.016 39.455 -0.00236293537073 -0.00390097931955 -0.00499743585938 0.00659158866801 8.98226 9.95044 -4.42037015183 32.3976020074 -4.1691412002
-113.069 39.5906 0.00134955903016 -0.00300335171868 -0.00279801759435 0.0107326403619 5.10814 5.35016 -11.674423222 14.4898970189 -0.215449595271
-111.66 39.6092 0.00171838753461 0.000143596235687 -0.00358329333618 0.0150963020375 5.67761 5.97468 -20.5577635663 -5.17431355256 1.66677946592
-110.74 39.473 0.00325420764017 0.00256912748563 -6.93611312514e-05 -0.00384983983915 3.71037 3.65847 11.3466692458 -30.4012905987 4.02878363055
-110.246 39.6279 -0.00156067304184 0.00073300044383 -0.00243246397441 -0.00355117359554 3.73522 3.5878 11.488065428 5.77355453365 -0.376010752771
-108.981 39.6333 0.00241338585715 0.000634684224281 -0.0210986542996 0.0141202375386 7.11164 7.22484 -15.6256087843 -12.0222026914 2.45025195399
-118.808 38.9383 0.000682073193284 0.000153857333339 -0.00396428295234 -0.00350858895986 4.95931 4.9218 5.8818728159 -3.97204320982 0.600273709829
-117.932 38.8606 0.000459350667861 -0.000950927135953 -0.00166684599805 0.00408907566781 5.4549 5.32296 0.206224315607 3.18933510018 -0.227837437209
-117.182 38.834 -0.00109722583043 -0.000765373717826 0.0019988516835 0.00228437366921 5.58004 5.45579 -3.82957947918 8.70086060065 -1.33776440612
-116.4 38.8247 -0.00345622115648 0.000533261551056 -0.00651593102278 -0.00192586427503 6.23063 6.63626 7.01052076423 14.6894290134 -2.03557672722
-115.654 38.8455 0.00147858892047 0.000517980620546 0.00955933096315 -0.0132385674227 3.46261 3.53895 3.43595647798 -9.72089195645 1.44187622014
-114.83 39.04 0.000194905870887 -0.000854526718094 -0.00882449250592 -0.000994814730373 8.94886 8.42078 -2.48896592427 4.03771800244 -0.353688679722
-114.02 38.9551 -0.000851853765495 -0.00325098312283 0.000982309208689 0.00126680997914 7.84991 7.52332 -10.8257810579 23.3281931212 -2.30653169667
-113.277 38.9882 -0.0037089985348 -0.00284569323737 -0.0123186258464 0.00435349148714 8.72632 9.07652 -3.50109718886 32.3166216273 -4.67380347348
-112.379 38.9995 -0.000731002566574 0.000495526516807 0.00652814994775 0.00059704441556 4.04506 4.07712 -9.66681638926 -0.41247121823 -0.37914551978
-111.172 38.9176 -0.000121955632725 -0.00156879383803 0.00387590419503 -0.00442712634622 3.54889 3.54779 -0.651618660512 9.40595284651 -1.10118495713
-110.133 39.1025 9.7531356381e-05 0.00245865879529 -0.00571145161038 -0.000796723133473 4.05656 4.02438 11.5609811593 -11.6376971409 2.01089894242
-109.263 38.9553 -0.00146726826535 -0.00314360378129 -0.00654139776691 -0.0038638192367 3.83063 3.85037 12.5645405451 22.6713552823 -3.40502639185
-119.451 38.5226 -0.000135651485926 -0.000865759996508 -0.00361796575754 -0.000431305625993 4.29504 4.29747 3.12249243288 5.07268830825 -0.667893071062
-118.106 38.3489 0.000959812198712 0.000430614715104 -0.00941108188934 0.000308450016156 5.48076 5.44631 11.4608732339 -6.98961765761 0.949640920413
-117.072 38.2397 -0.0012397177519 0.000937728470805 -0.00123834507146 0.00148844780762 5.49498 5.33844 -1.49011771686 0.00205884401563 -0.422745130194
-116.302 38.2886 -0.0035227028711 0.000699386388181 0.000851009064703 0.00129032169961 5.78776 5.92473 -0.253187720028 11.6403739912 -2.31597405659
-115.585 38.3489 0.000663406260354 -0.00144508800323 -6.78971962362e-05 0.00638958305815 9.0796 10.1678 -12.1321820379 6.99703860954 -0.0644250134505
-114.608 38.3281 0.00204002870653 -0.000560538031907 -0.0064404103519 0.00337654303367 8.41351 8.4761 7.44560427609 -7.92827238718 0.983515955783
-113.969 38.1802 -8.25885292134e-05 -0.00182090673457 -0.00185049288236 0.00469545633425 6.68598 6.41919 -6.19031345839 11.2677870506 -1.07630204565
-113.021 38.2987 -0.00335738144599 -0.00207823120556 -0.0111744129293 -0.00109476588737 7.6022 7.55222 -0.662207167544 27.1614220408 -3.91309405139
-111.483 38.2843 -0.00146330852955 0.000185849427283 -0.00788235193063 0.00207792583908 5.78998 5.79066 -3.24743185247 5.47187274961 -1.04851514674
-110.711 38.4187 -0.000912937233831 0.000157203365624 0.00310387560725 -0.000994229133761 3.84342 3.8606 -0.351254277326 3.52007474379 -0.59066705382
-109.894 38.3862 0.00289027083653 0.00235779182091 -0.00591353107299 -0.0006548971898 4.19248 4.08575 10.4739000318 -27.8480828798 3.64056812326
-109.261 38.2916 -0.000750111630219 0.000521257986575 -0.00123051118975 0.000794637217282 3.90313 3.81049 4.55642164632 1.35077058551 -0.143852180591
-117.225 37.7243 -0.00031964166471 0.00211965641536 -0.00497873638331 0.0073015203487 5.48827 5.44893 -2.19844120754 -10.6199294115 1.00570992937
-116.595 37.923 -0.00275294692571 0.00133432419695 -0.00255025331846 0.00805826853266 6.16194 6.10145 -2.4785523336 3.95596155657 -1.42281399893
-115.747 37.6444 0.000175829958509 -0.000238468326446 -0.000773772787069 0.00896341500547 7.00797 7.06561 -11.2756976897 0.911134577367 0.0430730111518
-114.849 37.6083 0.000963582190109 -0.00093231840146 0.000499849011394 0.000201231425453 9.17452 9.1049 3.93090158271 0.0779916192796 0.0550434705896
-113.86 37.5808 0.000613015798541 0.000456654327941 -0.00662658419792 0.00183197635492 7.22603 6.78462 -6.5559553002 -5.22153645548 0.763216255317
-113.168 37.7601 -0.00247902439359 -0.00158500110752 -5.14678978806e-05 0.0035382963788 7.15797 6.82108 -11.527707872 18.8288327864 -2.93564691594
-112.363 37.6761 -0.00313654468294 -0.000984866528016 -0.00833770959283 0.0170337049748 14.0977 15.5627 -8.81660837409 18.3007003738 -3.18538429068
-111.596 37.7222 -0.00186345538953 0.000755816671049 0.0126547426936 0.0017495984761 4.48709 4.53563 -17.3705732071 0.36371823253 -1.40808505676
-110.802 37.6354 -0.00108620648986 -0.00203334735335 -0.020974238239 0.00912530481252 11.421 13.2118 10.9538395388 15.7123864292 -2.27197414745
-109.995 37.6903 0.00144713849884 0.00448852160697 0.00532844221185 -0.0053439172978 3.71441 3.74727 7.46777031567 -30.3402570359 4.33528037427
-109.137 37.7459 0.000905352731495 0.00440369823489 -0.00101981546151 -0.00535858986053 3.65898 3.65894 6.61317578718 -27.2307278788 3.89475948498
-115.22 37.2408 0.00078957089912 -0.000481284720272 -0.0089258119873 0.00296449629318 7.73122 7.70166 -12.3042184843 0.465131659753 0.480129909675
-114.715 36.7256 4.21221579678e-05 0.000421904308438 -0.00474886636511 0.00258051722738 7.82772 7.53549 -8.18660811357 -2.76528956087 0.258349571093
-113.907 37.0195 0.000983027478721 0.00167908178837 -0.00104899473429 -0.000499437193925 8.09498 7.95262 -0.555166948434 -14.0136437359 1.82841839964
-113.084 37.0615 -0.000725193112058 -0.000379489818429 -0.0110801135613 0.00428271775706 8.20222 7.78965 -3.92818213529 5.41712850199 -0.808512804799
-112.382 37.0183 -0.00257601077576 -0.00119467134148 0.0141504686103 -0.0195110702842 3.20398 3.2201 5.56407674866 19.8992798352 -2.64263014056
-111.506 36.9839 -0.000272000546305 -0.00152603642894 -0.0087222141061 0.00487784271659 10.7316 11.1153 22.7365998182 6.8404768526 -1.48976254447
-110.804 36.9969 -0.00123516161331 -0.00220945491454 -0.00623495384447 -0.00320734752603 7.89065 7.91916 -1.72689089327 18.6921948861 -2.36094702345
-109.874 37.1364 0.000976555301849 -0.000745342137601 -5.50972529941e-05 0.010302446353 5.8538 6.22887 -15.6887724573 1.82710633532 0.550847092275
-109.025 36.8299 0.000307648889042 0.00023688514965 0.00691870240168 0.00833020003875 4.31458 4.31263 -13.2515474945 -2.71940265852 0.383780585438
-116.33 36.4193 0.000230953709641 -0.000711086016333 -0.00766684595019 0.000376326834716 4.56343 4.55957 5.37440269332 2.44122501896 -0.338800113835
-115.383 36.423 0.00138108551564 0.00144916789865 -0.00508682621095 0.0178064758921 7.42817 7.43005 -24.9563131323 -12.7158422665 1.70796379479
-114.539 36.4321 -0.000789243488263 0.000991071930365 0.000999675944416 0.00266137967887 7.96386 8.00928 -10.794543225 -3.47438562525 -0.201178083385
-113.965 36.4151 0.00134637635099 0.000650257885012 0.00212016464506 0.000855928331853 8.85241 9.29568 -5.92785457714 -9.52592449727 1.47800416944
-113.18 36.4182 0.00109876661258 0.000567283365574 -0.00277725963363 0.00397405208032 7.45871 7.431 -5.11057872785 -8.13490319128 1.22372545845
-112.291 36.428 -0.00114831495817 -0.00206412514843 -0.00437685802797 0.0135121320744 8.59533 8.429 -15.1478575212 17.5712721136 -1.93355128346
-111.13 36.1428 -0.00126422993933 -0.000497833547154 -0.00737944631622 0.00355516911598 7.16174 7.10222 6.91561361236 9.63553864652 -1.21124120877
-110.662 36.5996 -0.00108962941954 -0.000282413643177 -0.00950034719061 0.00394056005424 7.36517 7.24521 3.35141502387 7.31578751752 -0.971092094931
-109.87 36.4199 -0.00291951866223 -0.000838429025064 -0.00876498791166 0.000770212421716 7.47005 7.72072 6.94266775474 20.9394590071 -2.55238999338
-115.43 35.8384 -0.000239093255905 0.000458510708758 -0.000175136904172 -0.0160729590466 3.75364 3.75278 10.974812415 -0.744130472037 0.206342017215
-114.851 35.7266 0.00068741377786 0.00103948562348 -0.00837697085789 0.0026522385197 9.01889 8.24071 -9.29293151995 -9.1228146035 1.12486620615
-113.984 35.8522 0.00123997304275 0.000483532401818 -0.00124085892362 0.00556966446218 7.84713 7.77481 -7.10721098525 -8.02132698963 1.30099895197
-113.105 35.6339 0.000927636088027 0.000113163543235 -0.002526732042 0.00185897995723 8.32552 8.04974 -15.8241979897 -3.70078948297 0.887844915251
-112.173 35.8191 -0.000734776522403 -0.000338289723975 -0.0040218144073 -0.0035661143796 7.20953 6.98861 -9.96024632471 5.03186476846 -0.80362018751
-109.933 35.7113 -0.00199268919592 -0.000814182236115 -0.00766536544356 -0.00336212953504 8.59748 8.52313 -2.72097776463 14.5083587289 -2.05693646208
-109.046 35.7147 -0.00134339380234 0.000141359849111 -0.0107633615017 0.00718754368734 7.26288 7.2399 -5.47175812432 5.3630085603 -0.988625363907
-114.87 35.301 0.00178825639622 0.00336117444929 -0.0115978332859 0.00437058468516 7.2182 6.93184 -3.03135461488 -27.6309034254 3.46284945475
-113.885 35.099 0.00153507987941 0.00187856649646 -0.00334769295076 0.00874910115615 9.46173 9.26922 -18.9261518034 -17.2288296935 2.12571700634
-113.083 35.2127 0.00120273830265 0.00191468041553 -0.00299701217421 0.000372204611502 7.34821 7.02005 -9.89038739042 -16.9238723195 2.02087654789
-112.267 35.1787 -0.000398968305375 0.000577458532147 0.000532593070591 0.00436614583947 6.98052 6.77649 -13.5504690978 -2.44560651873 -0.082974029432
-111.532 35.0951 -0.00202447382638 0.000735391559208 -0.00302813166312 0.00503202495587 7.67627 7.51383 -6.4856356213 4.30278975878 -1.23031204399
-110.713 35.0789 -0.00180960783817 0.00161412103509 -0.00229447007754 0.0147306714052 10.7477 11.1325 -9.09515539119 -2.85376145145 -0.64300699629
-109.736 35.1181 -0.00140157039054 0.000964895671477 0.000779535827891 0.00856359199443 8.25396 7.31034 -6.71921266335 0.244332656515 -0.577628683987
-109.388 35.1118 -0.00401925506472 0.000875480451882 -0.012663336066 0.0138076090038 9.21683 9.30929 -12.2309422539 9.81167482119 -3.03199578824
-113.83 34.5935 -0.00112802071688 0.000715659677289 -0.00139666967625 0.00400833661267 4.06757 4.12195 -2.34075317445 1.09795578774 -0.432853207775
-112.891 34.4692 0.00238495219024 0.00228761914902 -0.00601690525867 0.00711462269297 9.19826 9.31942 -10.245205084 -24.107310822 3.2244812962
-112.237 34.4866 -0.00022606096669 0.00140137944957 0.00160128463087 0.00497065774101 7.0659 6.82613 -13.9523234512 -8.63162001595 0.450507814452
-111.441 34.4178 -0.00225795029735 0.00119139433416 -0.01235451084 0.00243841671671 10.4607 10.3384 -1.0910276822 4.3998117356 -0.929697887258
-110.806 34.3371 -0.000185163641941 -0.00133945104369 0.0120528982573 -0.0173760589168 3.15157 3.16446 -0.274325725647 8.63677370357 -1.03216055569
-109.95 34.5293 0.000993887151795 -0.000822901454707 -0.0148800763754 0.0124060226174 9.21613 9.93732 -3.22236025809 0.075543296274 0.250316336347
-109.29 34.4275 0.000168772952879 -0.0042249387935 0.00464546193524 -0.0126817306387 3.15405 3.1462 7.66989639459 20.0204241845 -3.14522277354
-114.524 33.7503 0.00018372398241 0.00079855861957 -0.00397574464151 0.0110995780883 5.67204 5.69326 0.530673062352 -5.38821468335 0.667627781483
-113.829 33.8142 0.000918125027733 9.20937677272e-05 -0.0130571531603 0.0194887197985 13.0035 13.4729 9.6546975155 -5.81031856285 0.650066133492
-113.005 33.9383 0.00058927459975 -0.000273139699501 0.0139378242026 -0.00844808162789 3.58048 3.59257 -8.26652880293 -0.71844244666 0.342998501881
-112.333 33.9535 0.0011187176079 0.00212319507782 -0.00946547722702 0.000380266609367 8.92877 8.75604 -5.47618260217 -18.1106895767 2.1579578299
-111.478 33.8798 -0.000945433156052 0.00203946387964 0.00309358151295 0.00206390666536 7.68417 7.6717 -11.5590818673 -9.82935975829 0.220373050921
-110.844 33.6953 -0.00154914473089 0.000953598773677 -0.0135883608776 0.0196021752848 15.6051 19.7824 -27.9544985698 -4.18010806058 -1.26399884317
-110.034 33.7776 0.000264958046568 -0.00466647678694 0.0148174919787 0.00227958500846 3.17988 3.19463 -9.49897234764 29.3699942221 -2.32542314503
-109.254 33.9571 0.000200731220545 -0.00136686700264 -0.00029704479599 -0.000350543090019 3.7602 3.76133 -0.956851823789 6.93131433856 -0.76257034425
-112.946 33.3627 0.00147243271847 1.64571810671e-05 -0.00427597755365 0.0181869386758 7.65436 7.56957 -21.6639169751 -3.96959728518 1.38886978945
-112.158 33.2893 -0.000106834325099 0.000450419446719 -0.000825103388571 0.00269005882483 7.16577 7.09592 -17.9022929249 -2.82719265116 0.0863162558947
-111.427 33.341 -0.00145077020361 0.00153218799713 -0.0103661521057 0.00320160705318 10.2031 10.682 -0.60811965425 -1.40841064713 -0.0670756885458
-110.472 33.2969 0.00718810034351 -0.000146617202901 0.000743017212612 -0.0173411054715 3.42874 3.46364 3.71264075179 -39.7596517418 4.86266199053
-110.036 33.0851 0.00240132900416 -0.00162374616309 -0.00727229503297 -0.010202304132 4.14076 4.01478 5.18879759244 -5.46349731282 0.402439199139
-109.266 33.2921 -0.000620168714638 -0.00341656763496 0.00545992611652 0.00950124463249 4.2519 4.22981 -14.4802400435 26.0229333066 -2.17520147676
