-122.085 48.9983 0.00012308099991 -0.000132186091608 -0.0030408275852 0.00115048978366 3.72353 3.73234 -3.76119791159 -0.306086021594 -0.0352376080575
-121.48 49.0983 0.000260706996754 7.11008323185e-05 -0.00104231743169 -0.000165631484941 3.82433 3.83275 -4.00411574082 1.26820650018 -0.25860630118
-120.384 49.048 0.00032013540114 0.000112497540256 0.000381375160688 3.55729346153e-05 4.03714 4.07721 -1.4169848448 1.75724499031 -0.325479968378
-119.272 48.9534 0.00070848804727 0.000134901710769 0.00168412227726 0.000527258770276 4.13566 4.16925 0.640542235705 3.43259604474 -0.635925786397
-118.585 48.9752 0.000582782286216 0.000108500277032 -0.000956108738045 0.000579321752613 3.97958 3.93655 -0.600203269555 2.77271237115 -0.524084512482
-117.559 48.9813 0.000384711509153 3.71811745839e-05 -0.00101710527011 0.000231277137666 4.01215 3.99538 -0.606938827539 1.67900404323 -0.320612057693
-116.363 48.958 0.000355750300215 0.0001904949243 0.00165062213345 -0.0011158563363 4.33745 4.18619 1.53272749617 2.31881748899 -0.39035004739
-115.653 48.9339 -0.000142173564063 7.91741034393e-05 -0.000199702503895 -5.96985625733e-05 4.12703 3.98891 0.94900596828 -0.236054306343 0.0499311791174
-114.413 48.933 -0.000195045189019 7.94633213116e-05 -0.0013036805303 0.00213983403881 3.93895 3.96466 0.504463123947 -0.465663113487 0.0854115802034
-122.096 48.2641 -1.17550464307e-05 -7.48226541881e-05 0.000925128372655 -0.00122126417978 4.18128 4.19784 -7.31529072511 -0.456012904368 0.0452508178791
-121.484 48.5183 -5.81244142286e-06 -4.52682100092e-05 -1.28582764608e-05 -0.000820317663624 4.19048 4.2492 -8.16084044217 -0.271342203678 0.0261602578736
-120.12 48.4607 0.000356812561061 5.71795872295e-06 1.98457687957e-05 -0.00103635948067 4.09821 4.17449 -7.10462080635 1.14891039546 -0.311696891116
-119.333 48.3584 0.000516688360993 1.58838236811e-05 -0.000314839058362 -0.000687654305172 4.1353 4.15301 -5.0331519407 1.82231328985 -0.442566803513
-118.149 48.4226 0.000578514511384 0.000180244164483 -0.000360247587852 -0.000286161570496 4.16567 4.14993 -2.00377146705 3.02676438065 -0.569922573297
-117.225 48.2995 0.000271657947499 3.21861179186e-05 0.00103522331959 -0.000827845503788 4.35556 4.27704 -0.937736981812 1.19338629724 -0.231058740416
-116.367 48.4366 0.000183048280123 0.000292617437512 0.00031903440886 -0.000150894343024 4.30607 4.28902 -1.90209680132 2.0681445571 -0.326676426211
-115.589 48.4694 7.2775071592e-05 0.000288665383352 -0.00094678752822 6.35820828198e-05 4.12787 4.09894 -1.71455894278 1.60445229205 -0.241826147359
-114.468 48.3739 -8.52026209154e-05 -2.33969940046e-05 0.000568514106026 -0.00112638723385 4.30013 4.30038 -2.39645547232 -0.434331607007 0.0798867686412
-122.173 37.1311 3.94811243897e-05 -9.02791538553e-05 -2.14237875108e-05 -0.000278769757692 4.02254 4.02177 -0.380240297017 -0.351407720891 0.00714945395122
-124.566 47.9475 -7.57502541554e-05 -6.3641426739e-05 -0.00059478984367 -0.000789632793064 4.01101 4.01552 -1.93370062902 -0.606061090973 0.0975865719458
-122.972 47.7172 -6.34572032878e-05 -0.00016383226353 0.000469056683388 -0.0011858149476 4.19663 4.23243 -5.28497465376 -1.11154739755 0.13421083092
-121.689 47.6947 0.000195285107647 -9.54431237775e-05 0.0010694032502 -0.00128396831091 4.30193 4.3596 -9.33952900921 -0.00506716019156 -0.134176175176
-120.894 47.923 0.000186746251434 -0.000249715050097 -9.06492720519e-05 -0.0019226884409 4.16301 4.16929 -9.39599891445 -0.872295335302 -0.0546588261705
-120.061 47.6902 0.000273006758991 2.97381728799e-05 -0.00129653238812 -0.000875270539868 3.95066 3.93624 -8.74574524255 0.959007569627 -0.254906354743
-119.045 47.7849 0.000411453211977 0.000138195850068 0.000193577701367 2.13634171268e-05 4.10621 4.12958 -5.68159527051 2.06671296461 -0.421791599392
-118.274 47.8006 0.000491770755462 0.000195394375512 -0.00065348302483 -0.000148993348821 4.2027 4.18522 -5.01327891863 2.65638899746 -0.51757934901
-117.308 47.8192 0.000346533230867 0.000272427055599 0.000855258518396 4.3259235273e-05 4.34989 4.30115 -2.85648876731 2.57515269371 -0.440680287808
-114.574 47.6795 7.27023382865e-06 -5.33608049954e-05 0.000813586275203 -0.000719405424708 4.45152 4.45627 -1.27176965994 -0.207701695677 0.0297361630124
-113.747 47.7687 7.00333804927e-05 -7.348614802e-05 0.000968187173699 -0.00139601390655 4.29355 4.31938 -0.43867557179 -0.0343642692585 -0.00100018131685
-123.771 47.1161 -0.000120931432339 -0.000256880352089 -0.00102061228956 0.000625554256984 4.07883 4.11409 -4.61364470975 -1.81304272705 0.227993926755
-122.803 47.1109 -0.000176923621116 -0.000226437781223 0.00165058282618 0.000938800033923 4.31711 4.37548 -4.68061924915 -1.79774455158 0.264675395277
-121.989 47.1881 0.00012335824911 -0.000259832057611 0.00111143087229 -0.000556317137953 4.23805 4.28246 -5.90562899362 -1.06039316511 0.0165610686966
-120.844 47.1935 1.67925903647e-05 -9.15423080644e-05 -0.00168809014207 0.00111077993947 3.84718 3.84537 -7.75672525094 -0.453477830337 0.0281298300655
-119.973 47.1936 -2.82250854198e-05 0.000284381189364 -3.65277039574e-05 0.00212016274106 3.8989 3.90276 -5.42359962995 1.40895061736 -0.123162707471
-118.921 47.0573 0.000408944945949 8.98064861203e-05 0.000178439574808 -4.54187588634e-05 4.13584 4.19974 -8.11605176682 1.70226555072 -0.400150503969
-118.309 47.0615 0.000461113124582 0.000159690169885 -0.000253353430834 0.000192824624987 4.27433 4.25496 -5.79736946957 2.31337960953 -0.474797586144
-117.276 47.0547 0.000400111011953 0.000252282018961 -0.000248907327698 -1.18932206667e-05 4.28622 4.29085 -4.75254279763 2.60479185388 -0.472614385153
-116.335 47.0477 0.000319076568224 0.000186753292264 0.000813197785012 1.8895601717e-05 4.35203 4.34018 -2.20212637431 2.0410935805 -0.366324374757
-115.353 47.0528 0.000207671968521 -4.50647915102e-05 0.00100632810901 -0.00052209329371 4.30782 4.31572 -2.64163040119 0.556917927379 -0.133861460723
-114.459 47.0943 0.000164481918045 -0.000168992084167 -0.00281351897091 0.000216843186729 3.95896 3.99108 -5.27329119789 -0.208212787153 -0.0293826354813
-113.506 47.0816 0.000262817222304 -0.000357922623023 0.00126910220595 0.00354913985866 4.00426 4.04369 4.05180022769 -0.280935265655 0.0857597330561
-112.52 47.0418 0.000165924001882 -0.000128793746235 0.00270223264007 0.0021652781875 4.03834 4.04334 3.35557150646 0.208161948945 -0.0160634115986
-123.563 46.5459 -0.000285298983267 -0.000579827172467 -0.00303506285225 -0.00344078633065 4.21273 4.23005 -15.5229249312 -4.05085521033 0.443934559999
-122.72 46.5934 -6.49281043785e-05 -9.0155621936e-05 0.00148059287411 -0.000825657924063 4.2544 4.26285 -5.5876787874 -0.692998967712 0.0996290148271
-121.761 46.5605 2.51731060405e-05 -0.000244130604731 0.000800828868183 0.00286224097644 3.97668 3.955 -1.36133354166 -1.18858700566 0.112314747067
-120.979 46.5433 -0.000351135713287 -0.000151242916944 -0.0012178765296 0.000731607808554 3.92621 3.95882 -6.53017950346 -1.86306434792 0.380616543012
-119.855 46.5585 0.000121681599389 -0.000219004363496 0.000240006505639 -0.000932386450402 4.31581 4.54178 -10.4841942473 -0.879407811714 -0.0137946136702
-119.06 46.4911 0.000595801010262 6.30561730537e-05 0.000628212218801 -0.00109724534035 4.30412 4.38446 -7.73170384064 2.10648310312 -0.549927950643
-118.146 46.5139 0.000299236507522 0.000242553410868 -0.000539114845322 -0.00146451954235 4.22587 4.21358 -8.53468728498 2.15388488399 -0.379961377205
-117.11 46.485 0.000321848275053 0.000272628622758 -0.000179884850827 -0.0008444034632 4.27659 4.28134 -5.99430377628 2.40220657235 -0.418567781449
-116.209 46.3559 0.0004385658899 8.10342948499e-05 0.00110433878721 -0.000297008521347 4.25642 4.30343 -3.12359474503 1.92961996996 -0.399308718235
-114.188 46.4423 0.000443346273063 -0.000326374042801 -0.00120538734169 -0.000731415043608 3.94971 3.95418 -5.37438389546 0.0291848191926 -0.158707980862
-113.493 46.4162 0.000306260937674 -0.000380428980768 -0.00177939330015 -0.0017896019698 4.12952 4.14434 -5.96537678511 -0.682560492599 -0.0153054070551
-112.641 46.4246 6.35535836056e-05 -0.000358645831344 0.00351045731625 0.000359048746613 4.29547 4.28724 2.08710914354 -1.15435231793 0.21402597265
-120.728 40.6183 0.000442601286549 -0.000300442214592 0.000111374267393 0.000395387865548 4.13511 4.24855 -2.291548044 -0.247467528593 -0.236476675305
-123.559 45.9306 -0.000305694131793 2.65397444623e-05 -0.00211028237577 -0.00122431456888 3.99366 3.96426 -7.72440449306 -0.652494970361 0.266750491669
-122.419 45.9325 -0.000298110856307 -9.31882815039e-05 -0.00282868684626 0.000347899096028 3.66595 3.66816 -7.07330779493 -1.34735223232 0.308445308124
-120.782 45.7664 6.39205191832e-05 -0.000213288900217 0.00446516358506 0.00041259944522 4.43162 4.36005 0.0232494080258 -0.844370671601 0.0700810743952
-119.928 45.8951 -0.000205654536206 -0.000413107687799 -0.00105381438309 -0.00219624934438 4.1671 4.14399 -11.5507810297 -2.80124757058 0.357857522777
-118.777 45.7971 -6.25232675622e-05 0.000288534925646 -0.0011702932769 0.000844682598369 3.97837 4.08123 -7.59578319565 1.32220582331 -0.0874090854397
-117.909 45.7087 0.000333228963044 0.000172670802421 0.00137070061058 0.000795175328282 4.0358 4.20379 -2.39485195844 1.98302622446 -0.371567334296
-117.228 45.9734 0.00051163027729 0.00017146993497 -0.000998571550204 0.000290746468872 4.05519 4.16512 -5.74734707146 2.49798910321 -0.522479291981
-116.155 45.8883 0.000735202779046 -0.000138161793204 0.000429013198418 0.00068689034581 4.16668 4.23546 -3.345067772 1.90476888365 -0.509008052375
-115.255 45.7565 0.000564511701777 -8.10665675617e-05 7.73931713275e-05 0.000164091850585 4.1476 4.12933 -3.56517707177 1.59638507096 -0.401063749386
-114.332 45.7893 0.000321816150875 -0.000189954696344 -0.000570095152248 0.000371496435893 4.12151 4.07881 -3.6315530833 0.280760743711 -0.136109716098
-113.37 45.8122 0.000371512906665 -0.000561545417041 0.00043481995324 -0.000783611273431 4.29567 4.17795 -4.81702522797 -1.2151329477 0.0525788093014
-112.493 45.8409 0.000116985732211 -0.000325152654907 -0.00088275047907 -0.0021093087126 4.32871 4.24295 -6.2644765467 -1.05059912446 0.10516685148
-122.478 45.2059 0.000411267868005 3.53134635628e-05 -0.00340169612596 0.000454671448951 3.73003 3.70667 -6.29734129262 1.34104211897 -0.383229354858
-121.317 45.2422 -0.000110632274978 0.000125917459518 0.000224231718004 -0.00142478512732 4.26548 4.04246 -5.1779784595 0.345916056267 0.0357294017419
-120.635 45.2357 -0.000880473037865 2.24318329436e-05 0.00323838901003 -0.000314412309803 4.69049 4.4403 1.1075392638 -3.03100525742 0.699585375129
-119.669 45.2664 -0.000418215579908 1.50842775311e-05 0.00012634422835 0.000162347760261 4.1566 4.16449 -4.86614718217 -1.21682824242 0.350859702236
-118.96 45.2904 -0.000131554027991 -8.10304600579e-05 -0.00344723543129 0.000403516887041 3.64455 3.75962 -9.67484755024 -0.787106613922 0.153977465482
-117.78 45.2781 0.000501643856988 -0.000345256019639 0.000837652245536 0.00313464420928 3.95477 4.15116 -2.31101393947 0.057324226169 -0.208384443375
-117.12 45.2925 0.000707064439116 -0.000171521329214 0.000530358172428 0.0010146635173 4.24512 4.35722 -2.32511758341 1.63114100695 -0.469932163189
-116.268 45.3997 0.000624817988735 -0.000153184492995 -0.000114139783312 -0.000333111000906 4.22262 4.21459 -5.34623831961 1.29740088522 -0.431765872593
-114.233 45.0931 0.000701643136973 2.31227523172e-05 -0.00081822260135 -0.000192019697805 4.11468 4.06189 -4.91194737507 2.47203307733 -0.577795101645
-113.46 45.2432 0.000350039624162 -0.000122711795966 0.000294649538206 0.000131183800185 4.19364 4.05493 -1.90133832034 0.753469795053 -0.186803662978
-112.489 45.166 -0.0001628442932 -3.09327273156e-05 0.00164571104285 -0.000914303915252 4.28704 4.20818 -1.26292387145 -0.736670098692 0.141554005314
-124 44.6764 -0.000204868714396 0.000338227201406 -0.00473536077346 0.00298916050572 3.66777 3.67701 -2.03256393554 1.22283559658 0.0136653669688
-123.292 44.6765 0.000119039678448 0.0003149384667 0.000510477446782 0.00220993465822 3.78585 3.82638 -1.46784826608 2.06325591284 -0.262268326025
-122.186 44.6837 0.000346375486365 0.000120967524668 -0.000533355405921 -0.00136142563459 4.13593 4.14824 -5.14811479385 1.65145841834 -0.362766222699
-121.227 44.6473 0.000209044892516 0.000596033616607 0.00246854212127 -0.00188712859442 4.50124 4.48135 -6.52404866261 3.80154502695 -0.459811872328
-119.565 44.5913 -0.000132018927553 -0.000282406266196 -0.00229047599936 0.00140234387491 3.8006 3.8711 -2.69034583493 -1.84289324228 0.264075900942
-118.67 44.5191 0.000217764094277 -0.000448661280694 0.000681412499042 -0.000134029565789 4.02336 4.12332 -5.14663256809 -1.59781869834 0.0465615508116
-117.664 44.6653 0.000370169709879 -0.000619143689039 0.000660227334794 -0.00381043991113 4.50603 4.54353 -13.1581632559 -2.40663620196 -0.0818764494875
-116.747 44.589 0.000508429024312 -0.000170313576377 -0.000167161282617 7.32250679225e-05 4.11826 4.10969 -3.84278747973 0.858430112686 -0.321957993153
-116.013 44.7035 0.000519383883743 -2.47324246602e-06 9.14042116532e-05 -4.02617634267e-05 4.16177 4.13937 -4.85230406119 1.67607579492 -0.427093027794
-114.855 44.5494 0.000465428945663 0.000160723738505 0.000688401082076 -0.000773798050068 4.12318 4.09773 -4.6763622899 2.28021529384 -0.471690465397
-114.255 44.5642 0.000420469445978 0.000210093371652 -0.00158078180016 -0.000481225779471 4.05368 4.00992 -5.70858185159 2.335878667 -0.464499363589
-121.461 40.8161 0.000491784387547 -0.000543282297131 -0.000333733953622 -0.00029597364639 4.04823 4.09096 -4.7542646816 -1.56048755686 -0.196942948469
-119.023 36.6801 7.97791520871e-05 -3.91711258328e-05 -0.000986309420677 -0.00146614792594 3.99267 3.98418 -2.39685256155 0.0186480811654 -0.0515997547016
-123.83 44.0035 3.66555359652e-05 -2.25150805412e-06 -0.00102430449169 -0.00145346590594 3.90888 4.02876 -4.21126039922 0.0903010098806 -0.0316973163688
-123.278 43.9726 0.000244909846791 -4.62242104042e-05 -0.00143613452516 -0.00109167411326 3.85695 3.94334 -4.74379553511 0.426938409454 -0.197784880489
-122.411 43.7941 0.00035558649204 2.41815242884e-05 0.000410292984427 0.000389393237805 4.08793 4.13164 -2.36155974626 1.21028840828 -0.320320677033
-121.268 44.1626 0.00038576199082 -8.86033434494e-05 0.00202394053399 0.00159684212087 4.21677 4.33654 0.253300096473 0.854655016036 -0.271069775507
-120.211 43.9437 9.74634105932e-05 -0.000221951981929 -0.000853911017462 0.000463072903454 3.95925 3.95509 -2.30837415911 -0.811099254659 0.0357566630742
-119.504 44.082 -0.000182833151281 -0.000402915211423 -0.00225956258518 -0.000209157936612 3.84921 3.88269 -4.22125480276 -2.6060672855 0.364523277921
-118.569 43.9104 0.00043139627976 -0.00054245432831 0.00364355478586 -0.0010193064546 4.58656 4.66605 -1.61134723764 -1.18643834233 -0.048098638468
-117.741 43.9733 0.000224453461098 -0.000155805307671 -0.00137413046844 -0.000890721970475 4.01111 3.93945 -6.49519800991 -0.117611489637 -0.114245697095
-116.803 44.086 7.32025611063e-05 -0.000107634521251 -0.00211738148374 0.000147298814681 3.8498 3.85074 -6.52960929433 -0.307843697844 -0.00612347964542
-115.958 43.9121 0.000250649738812 0.00022547598443 0.00197555312712 -0.00050336694885 4.26218 4.32995 -3.77126592757 1.86990464451 -0.334691158223
-114.117 43.9146 0.00024930391439 0.000274542971231 -0.00169454882768 0.000234599366926 4.01381 4.03397 -4.08837775993 2.05895439924 -0.363980210971
-123.575 43.3654 6.15498633092e-05 -0.000179002694625 -0.0010150968685 0.00115069875257 3.86856 3.89535 -3.9639957409 -0.811551492022 0.0262017353197
-122.965 43.3717 0.00018620626629 -0.000112614088885 -0.000319524663782 -0.000222053864803 3.99112 4.05236 -4.41514348417 -0.0952808979645 -0.114585612915
-122.109 43.2406 0.000438681856113 -4.52514430307e-05 0.000571238878323 -0.000963929285622 4.14553 4.21007 -3.74350763124 1.02511861367 -0.364048544901
-121.236 43.2843 0.000473729998964 -6.2445455366e-05 -0.000214532787602 -0.000631645652721 4.06584 4.07787 -2.24999473335 1.134550865 -0.374743758799
-120.153 43.2515 0.000249005565651 -0.000339959630482 -0.000128944522362 0.00110773004743 3.98763 3.96467 -0.0684407436172 -0.841689725759 -0.0158721831237
-119.311 43.3736 8.71009872236e-05 -0.00061407422623 0.000226120966749 -0.000396039233801 4.17029 4.16691 -3.44483924859 -2.80316768255 0.247581578419
-118.474 43.358 -1.98738156359e-05 -0.000464639086624 0.000295769910652 0.00182187963337 4.03882 4.04169 -2.06427455532 -2.30942250833 0.275087900947
-117.754 43.3471 -2.14632350537e-05 1.32679577489e-05 -7.54847213276e-05 0.00325019908846 3.79474 3.82411 1.20468477004 -0.0154367650887 0.00882243685938
-116.767 43.4275 3.91602945714e-05 -0.000141226397947 -0.000550689406696 -0.000899471601565 4.09284 4.16442 -6.06732366989 -0.569498818847 0.0406730010745
-115.828 43.4151 0.000294481017324 -7.54623954352e-07 0.000606144469327 0.00106418265452 4.0271 4.11262 -3.58879675513 0.952200382835 -0.240595851388
-115.098 43.25 0.000372510860169 1.22548117177e-06 0.000255228712353 0.000297490501357 4.08752 4.14967 -5.37032453901 1.16899036019 -0.309674661685
-114.174 43.3979 0.000243639210367 1.5794981467e-05 -0.00137574251756 0.000561894142507 4.01132 4.04274 -4.04632072273 0.871455945806 -0.205553382768
-124.469 42.8088 -3.0321807713e-06 -0.000262610983073 -0.000856398174446 -7.66275391932e-05 4.02686 4.04826 -3.17275739527 -1.46323600777 0.120123439016
-121.731 42.6133 0.000369631759807 0.000107429812441 -0.000703833211691 0.000904628645692 3.8352 3.89922 -2.27285710056 1.66214939879 -0.373946583876
-120.893 42.7258 0.00077711318335 -0.000287111325434 -0.000854192184911 0.00149020715588 3.86201 3.89201 -0.872862233945 1.01676345671 -0.504545598734
-120.251 42.7991 0.0006297314273 -0.000393385658419 0.000487200759547 -0.00043029866189 4.25449 4.20508 -1.86929008948 -0.00831881777958 -0.326933643924
-119.247 42.6912 0.000134625816597 -0.000584541263014 0.000960909906526 2.18376089531e-05 4.24797 4.16675 -2.40864527489 -2.45999250525 0.198283800434
-118.486 42.7308 -0.000177768850639 -0.000444205587944 -0.000655416060594 -0.00130112947347 4.09164 4.07429 -6.03618919665 -2.73910338888 0.373113677423
-117.725 42.6996 -0.000128572344722 -0.000476060059433 -0.000199466633521 -0.002293127873 4.08638 4.12783 -5.56684983126 -2.71902349893 0.353351176048
-116.87 42.7779 5.03730874919e-06 -0.000406766912878 -0.000364876183869 0.00289895453043 3.98727 4.05216 -2.61860267757 -1.88449337717 0.226458659349
-116.032 42.7713 0.000144735926003 -0.000379142706037 0.000827955766625 -0.00111631445713 4.29454 4.38473 -5.52688685646 -1.35945860064 0.0816380323294
-114.903 42.636 0.000235056117992 -0.000274264947723 0.00140148390578 -0.000187590246228 4.18192 4.24489 -5.68715283082 -0.549654092845 -0.0449655000788
-114.084 42.6493 0.000457702677924 -5.23525427085e-05 -0.002634043721 -0.00119320377495 3.81598 3.82919 -9.09610292134 1.04394798396 -0.365717054724
-113.176 42.5452 0.000138495493327 0.000107786822763 -0.00160897893664 -0.00222812148949 4.03901 4.00728 -6.22124385166 0.907860874311 -0.175228282247
-123.602 42.156 -0.000143347138711 -0.00026304139689 0.0008949180223 -0.00210751206595 4.05724 4.11532 -5.64974951852 -1.82131410948 0.239503779287
-121.891 42.175 0.000445155982827 -0.000148997362938 -0.00184257062851 0.000455806343679 3.80099 3.9259 -3.95708895095 0.453678529876 -0.324203716533
-120.834 42.0472 0.000708238955084 -0.000415272499013 0.00124845942186 -0.00107732936605 4.25239 4.25403 -2.8134124347 -0.0413328779506 -0.407016709825
-119.34 42.0187 0.000127122038289 -0.000331736734498 0.00129550983318 -0.00157860695985 4.42874 4.34253 -4.07233432419 -1.29269517698 0.0563019680521
-118.344 42.1901 -0.000145457139595 -0.000306960973212 -0.000264240950912 -0.000276558155478 4.08327 4.03482 -5.31332638408 -1.94067336278 0.279290462369
-117.667 42.0192 1.35590973934e-05 -0.000244503979179 -0.00185329041491 0.00442968557696 3.88191 3.8142 -3.40130671393 -1.12973837711 0.119718938585
-116.471 42.0773 -6.08718705022e-05 -0.000514356666412 0.00199801476351 0.000185946889793 4.36794 4.39273 -2.55573565981 -2.56519027477 0.341883168081
-115.754 42.1669 9.2399711182e-05 -0.000484713245883 0.000387268654331 0.00117055417795 4.15213 4.18338 -4.08573132707 -1.95185993372 0.193148596101
-115.016 42.146 0.000197775715804 -0.000160610448945 -1.76142495294e-05 -0.000256574381019 4.00972 3.96351 -6.35943509357 -0.164965090777 -0.0812250984176
-113.944 42.0886 9.17604594265e-05 0.000225848641897 -0.0011380792974 -0.000383529474321 3.96972 3.93226 -7.38344467603 1.30382096235 -0.198539963069
-120.74 38.7552 9.92370119037e-05 -0.000505415235474 0.000373697434924 6.53121784483e-05 4.20379 4.12319 -2.31683775062 -2.2663731547 0.152254031399
-124.122 41.8473 -0.000216116798536 -0.00053926429578 0.000281669527817 -0.0021179915813 4.1174 4.12427 -5.17937636996 -3.54978755994 0.418839757047
-122.854 41.392 -0.000240786452167 -0.000456072130242 -0.00058748427955 -0.000398036629122 3.90819 3.89728 -4.91975083742 -3.09120045673 0.413406839167
-122.122 41.2742 0.000391757538118 -0.000486999940693 -0.0018329110885 0.00106856696707 3.73626 3.62766 -4.59550063157 -1.55698729539 -0.134487047466
-121.839 41.7826 0.000516267839436 -0.000636473160233 -0.00231358825697 -0.000859292970045 3.86234 4.08631 -7.22844617854 -2.18346817664 -0.20798017385
-121.146 41.3593 0.000885043744508 -0.000362609115235 0.00011083070073 -9.84910926192e-05 4.13995 4.26489 -2.33816839677 0.718976880536 -0.590028238079
-120.477 41.2047 0.000650517074549 -0.00020155701355 0.00219354494927 -0.000101135547586 4.39694 4.03392 -0.533607201805 1.00984772032 -0.445037257458
-119.171 41.3884 3.46304309237e-05 -0.000252473557512 -0.000606928742884 0.000170040109689 4.1201 3.9555 -1.61301411605 -1.11827265792 0.105646095113
-118.379 41.4483 -0.000190909806378 -7.8290059612e-05 -0.000907875927385 0.00200302811197 3.94971 3.82585 -2.55233393565 -0.955187127039 0.203270029102
-117.45 41.423 8.00703290609e-05 3.47692202326e-05 0.000234256188815 -0.00789337236794 4.73055 4.73994 -20.5356567811 0.306197808473 -0.0863706318614
-116.54 41.522 0.000222502876526 -0.00031160746006 0.000396977337938 -0.00175149088121 4.23735 4.16902 -5.9358629451 -0.857973944569 -0.0319966375746
-115.791 41.4311 -0.00028266491967 -0.000436690467227 7.01324750399e-05 -0.00122849312323 4.29469 4.09118 -7.03980002576 -2.86377366059 0.464579251488
-114.915 41.4157 -0.000550660126025 -5.27608590418e-05 0.000321727044275 0.000693054711278 4.10115 4.12744 -4.25243490756 -1.91936158979 0.48577885581
-114.165 41.3602 -7.47312759582e-05 0.00018620180296 0.000236514844753 0.000149685769903 4.0455 4.10889 -6.22193867194 0.625720114057 -0.0382156643733
-113.347 41.503 0.000186342189269 0.000367323152943 0.000495259941478 -0.00151927334286 4.11502 4.07498 -7.22785351109 2.19439509614 -0.355717035603
-112.448 41.4632 0.000109611534316 0.000357707273686 -0.00310218771711 -0.00323411548885 4.009 3.99641 -7.82327411 1.90319675796 -0.287572693223
-119.835 40.7484 0.000335235273072 0.000127807667462 0.00101257815762 0.00287435563554 4.03484 3.9897 2.67721318443 1.71659024265 -0.347112870874
-118.971 40.7797 -0.000384462672637 -7.25310038548e-05 -0.0051726490267 0.00126941966695 3.93087 3.97406 -1.14867060472 -1.52417004126 0.363070109948
-118.134 40.7811 -0.000483144655557 2.09122647624e-05 0.00801526577327 -0.000862699907651 5.83868 6.22741 10.4461453726 -1.83912323552 0.326902736434
-117.524 40.852 0.000237498377915 -0.000318847015633 -0.00206643525053 0.00109680337748 4.19288 4.37797 -4.39851474347 -0.850813022845 -0.0406658673384
-116.508 40.7186 0.00027186798533 -8.34393133707e-05 -0.00338981022666 0.00156492785737 3.78706 3.77201 -5.31818067878 0.373304006539 -0.19065258915
-115.736 40.8167 -0.000210553919011 2.46622564182e-05 0.00226312273155 0.000146138668998 4.19827 4.12641 -3.64159957536 -0.520740806281 0.162236785773
-115.039 40.8522 -0.000617081281231 -9.79642821688e-05 -0.00250754496658 -0.000575086393364 3.80605 3.85439 -7.6881530356 -2.13724390843 0.583003408616
-114.204 40.8556 -0.000336271222049 -0.000171673871199 0.00188747864471 2.85160076392e-05 4.08798 4.24484 -4.4021759331 -1.77760010697 0.374555036341
-113.187 40.8513 -6.04736384692e-05 6.06548069655e-05 -0.00192970886251 0.00201401777694 3.77034 3.82019 -4.7706199468 0.0794170375981 0.0147331236146
-112.52 40.8903 0.000104480904896 0.000193810103093 0.00143165356965 0.000880079680884 4.10338 4.15143 -0.980615950423 1.13583270824 -0.203985876144
-123.82 40.1398 -0.000183857121741 -0.000411791868189 -0.000209376027605 0.000183972456211 3.9974 3.98949 -1.44521511895 -2.70238058274 0.35195554294
-122.788 40.1767 -0.000456554234015 -0.000641255874074 -0.000906519863658 -2.4871846079e-05 3.85082 3.90473 -3.6947586626 -4.60163971222 0.69120164411
-122.032 39.9971 8.22221999182e-05 -0.000727104317933 0.000279813639582 -0.000507954033036 3.9685 4.0739 -4.7472983627 -3.63913357055 0.238749967175
-121.086 40.32 0.000364115424667 -0.000413689350082 -0.000780213700405 -0.00141399324768 4.05313 4.0777 -5.68115827646 -1.25006820459 -0.149002981226
-120.918 39.962 0.000381847624482 -0.000302485453397 -0.00088205389709 0.00109641653078 3.99713 4.02617 -4.41643938248 -0.562584957337 -0.204034451933
-119.827 40.165 0.000159211337085 -0.000330678804422 -0.000388205174209 -0.000280269200681 4.25678 4.35838 -3.81925465354 -1.22153850931 0.0187370811725
-118.877 40.1614 -3.2991039926e-07 -0.000257705056571 0.00125187002462 -0.00126073119863 4.49602 4.5542 -1.02618487534 -1.22914193822 0.138203717631
-118.155 40.2903 7.57000603222e-05 -0.000566481563018 0.00188281634476 -0.000103377406736 4.28585 4.46281 1.11134840343 -2.34341518288 0.265575935298
-117.19 40.1697 0.000114748508581 -0.000446821798509 -0.00100747698201 0.00460304652629 3.7241 3.73046 3.66805471668 -1.5280769494 0.190171400535
-116.5 40.2917 -0.000219703392129 -0.00019826419413 -0.00194751448944 -0.000548138033803 3.96249 3.96681 -5.61189511757 -1.54609782046 0.289677556519
-115.657 40.1313 -0.000391594519563 -0.000203485048508 0.00165714858113 0.00122004489289 4.13291 4.11411 -0.671098860843 -2.13706144111 0.436456762186
-114.745 40.2679 -0.000301957160411 -0.000137363600224 0.000230247507681 -0.000619384678186 4.03013 4.05454 -5.26367045514 -1.48991542349 0.328533673512
-113.981 40.1314 -4.48955289203e-05 -0.000320268270643 -0.00304647620038 0.000962117963006 3.84992 3.84501 -5.47780043862 -1.55450522344 0.21178983662
-123.338 39.469 -0.000147166059107 -0.000182052723836 -0.00046410920627 6.67240247557e-05 3.95407 3.95922 -0.531739688538 -1.36356330892 0.215662421409
-120.608 39.3028 0.000217188668543 -0.000623169745605 0.0011511380751 -0.00136207778822 4.28175 4.33123 -5.24781782775 -2.66352172822 0.0765096668571
-119.898 39.6785 0.000183305896803 -0.000720863174066 0.000499346447617 -0.00181717321011 4.34967 4.37377 -7.07769594201 -3.27549475925 0.138241644039
-118.889 39.5399 9.3795079148e-06 -0.000507433255051 -0.000806049888061 3.21825572322e-05 4.10532 4.13178 -2.83873464323 -2.43409215133 0.246409306189
-118.08 39.6946 5.29711743263e-05 -0.000808058439824 -0.000341962786208 0.00191165241667 3.9935 4.00554 1.35560003896 -3.49874719177 0.422609562108
-117.14 39.5516 8.70850370781e-05 -0.000201194217662 -1.46865943675e-05 -0.00132925049671 4.13341 4.113 -2.76974180689 -0.683431957817 0.0324929413835
-116.464 39.6202 -2.80298961458e-05 -0.000321752031767 0.000395079551595 0.000213763006612 4.21314 4.11162 -1.81330434724 -1.541223259 0.201497141969
-115.754 39.553 -0.000464063549812 -0.00035607026187 0.00104956986188 -0.00175366577034 4.26252 4.25206 -4.17861976637 -2.94842826365 0.582180041262
-114.908 39.4731 -0.000373616930855 -0.000395176093464 -0.00158659892405 0.00125233275458 3.81995 3.89205 -3.11442017499 -2.85288759747 0.530377250534
-114.016 39.455 -3.77311487006e-05 -0.000240846866892 0.000808876378655 -0.00116590378059 4.25161 4.30846 -5.43790979947 -1.17501359844 0.161060128863
-122.015 38.6333 3.60633626923e-05 -0.000475127814688 -0.000581278107808 -0.000325624712319 4.04929 4.00631 -2.70802063237 -2.36314697352 0.180788862381
-121.377 38.839 9.68152513586e-05 -0.000469862121834 0.000410263616166 -0.000152399729546 4.16826 4.09137 -2.31016011538 -2.13036680333 0.13323782769
-118.808 38.9383 0.000216316049104 -0.000400416024617 -0.00170984274475 0.000122409712401 3.95532 3.88611 -3.75909839012 -1.37060186678 0.00369140006998
-117.932 38.8606 -1.7237644598e-05 -0.00022115544929 0.00064868371676 -0.00122853672464 4.25325 4.05853 -3.35589256876 -1.09916585254 0.12568501637
-116.4 38.8247 -0.000223699753239 -0.000268462026612 0.000973780863815 -0.000497884855788 4.24874 4.15355 -2.79127691071 -1.86394996917 0.332232698427
-115.654 38.8455 -0.000299345803861 -0.000292301486134 -0.00095231705066 0.00156908720036 3.9099 3.80579 -1.92614902837 -2.18233499321 0.411338876397
-114.83 39.04 -0.000374132827835 -0.000604964690077 -0.000788717769937 -0.000388749479134 4.07814 4.1572 -4.45514572037 -3.75953317029 0.639286131818
-114.02 38.9551 -0.000158402552679 -0.000271094152532 0.00135620584735 0.000578656997912 4.22946 4.28098 -2.58673123485 -1.63487047261 0.285079906931
-120.936 38.2571 9.38725128548e-05 -0.000362082863293 0.000778351727398 0.000629252716506 4.13396 4.32603 -0.904542489784 -1.53614258688 0.0945977509057
-120.076 38.7028 7.44830355503e-05 -0.000457572715106 0.000342169775397 0.000759348879403 4.12784 4.11309 -2.44223052128 -2.06091954687 0.154936838322
-119.451 38.5226 4.79735291921e-05 -0.000395977318276 -0.000664574218138 0.000966776962154 3.99224 3.94349 -2.46101543908 -1.79947487625 0.151458686255
-119.047 38.089 -9.2502636075e-05 -0.000204892461453 -9.62795684837e-05 0.000249784759742 4.07355 4.16941 -2.15193578268 -1.23792220935 0.181665736316
-118.106 38.3489 -4.56762600525e-05 6.6122434665e-05 0.000172266646075 -0.00220504621493 4.25502 4.4668 -4.30012317252 0.198379659492 0.0084913290753
-117.072 38.2397 -9.57663550782e-05 -0.000398045024507 0.000186199311313 -0.000543282155976 4.24461 4.56029 -2.78937241038 -2.10601422263 0.287257200167
-116.302 38.2886 -0.000211930476262 -0.000296528434541 0.00014616829593 0.000768219518163 4.08242 4.20422 -1.57183424512 -1.94490117 0.339389843481
-115.585 38.3489 -0.000217008701659 -0.000371816268244 -0.000740957743124 -0.000773184703792 4.09899 4.4402 -4.60115501473 -2.27887814331 0.376841584803
-114.608 38.3281 -0.00031931524175 -0.000502388152454 0.000254001217315 -0.000390655696846 4.16236 4.11414 -3.89269097705 -3.10915185894 0.539369610815
-113.021 38.2987 -0.000156697202631 -0.000153533473487 -0.000209022670532 0.000338643463805 4.00614 3.85469 -2.09011317289 -1.10551790354 0.217019268958
-121.328 37.5049 4.53671782636e-05 -0.000232057151018 -0.000288630850209 -0.000846511762637 4.05217 4.02205 -1.94983588653 -1.05216479807 0.0659055145568
-120.33 37.346 -7.96332925355e-05 -0.000156992267415 0.00032594378997 -0.000454170143262 4.13855 4.11023 -1.38577462011 -0.98274949704 0.14510974382
-119.849 37.8817 5.72866962068e-05 -0.000225264117953 -0.000372979174732 0.000477052904846 4.00666 3.98472 -1.80508192534 -0.943513881215 0.0592745056853
-117.225 37.7243 -5.81491971948e-05 -9.96161270054e-05 0.000439679373651 -0.000880380254577 4.15657 3.98802 -1.85698937632 -0.619683216409 0.101562908656
-116.595 37.923 -0.000271913517966 -0.000201792241525 -0.000159669387708 -0.00104785904546 4.13011 3.97505 -1.8334383213 -1.68581042658 0.337636748148
-115.747 37.6444 -0.000157571062529 -0.00028099171627 0.000437936075143 -0.00100911029317 4.2087 4.03303 -2.75147912477 -1.6928163689 0.282448378481
-114.849 37.6083 -0.000264270200098 -0.000407670986202 -0.000855696819558 2.91447918597e-05 4.00147 4.04205 -3.31601641394 -2.52290024285 0.441242248499
-113.86 37.5808 -0.000414396429942 -0.00077204199252 0.000595696957057 -0.000979309039922 4.07753 4.39592 -4.16897122188 -4.47473840295 0.764129447979
-113.168 37.7601 -0.000190005770177 -0.000503783834245 -0.00034491570392 -0.000830984546698 4.08517 4.58974 -3.84609542429 -2.66712181886 0.437482207113
-121.786 39.2291 1.30729040292e-05 -0.000797645410261 -0.000486861827192 0.000557740903624 4.04056 4.06842 -2.92033301837 -4.08613251089 0.350983960432
-119.709 37.0069 -3.79459505641e-05 -8.30218536102e-05 0.000133758818679 -0.000982748552514 4.14323 4.12941 -2.08690230895 -0.502713342749 0.072731834904
-115.22 37.2408 -7.96780734285e-05 -0.000295325852658 -0.000590166073156 0.000296664367759 4.06085 3.99637 -2.50246488598 -1.51720085579 0.225707319858
-114.715 36.7256 -1.55405653687e-05 -0.000215517542355 -0.000817673873848 0.000552512887439 3.94775 3.88106 -2.91931263701 -0.977826413522 0.127868947473
-113.907 37.0195 -0.00035338342296 -0.000475343852311 0.00151642040744 0.000854456656272 4.06406 3.92821 -0.320413653724 -3.01299098846 0.564786613943
-113.084 37.0615 -0.000733750752479 -0.00040526006672 -0.00109504742541 0.000409376426081 3.85227 3.6959 -3.70979803106 -3.73308620145 0.83570346362
-112.382 37.0183 -0.000134103871672 -0.000273940079301 -0.00207196735912 -0.000553210515235 3.96466 3.97074 -3.66849938488 -1.50359570601 0.264705636989
-120.12 36.3356 1.88689196615e-05 -5.27679485827e-05 0.000129744479268 -0.000516678643178 4.0291 4.03101 -0.619463301826 -0.204639693579 0.00893209633613
-115.383 36.423 -1.48201241443e-05 -0.000112847885433 -0.00114434269687 -0.000450840615118 3.94777 3.93449 -2.33166188507 -0.534813669513 0.072089555789
-114.539 36.4321 -0.000104993329885 -8.83211555578e-05 -0.000531329878334 -0.00102990926853 4.01915 3.97082 -5.91807034062 -0.653446006343 0.134698936415
-113.965 36.4151 -0.000224096329579 -5.81872100998e-05 0.000368498504251 0.000967400455488 4.01287 3.96048 -1.8005641693 -0.874333585109 0.218569292742
-113.18 36.4182 -0.000286472614038 -0.00041045386309 0.000621500248177 0.000526450602724 4.09579 4.08253 -1.78986200656 -2.50042205981 0.469072452265
-114.851 35.7266 2.86262401456e-05 -2.6052518679e-05 -0.000528813693975 -0.00142411584453 4.0562 4.03974 -2.50054379535 -0.0363495084675 -0.0107049744913
-113.984 35.8522 -7.7487469698e-05 -5.15254804501e-05 0.000223535684067 -0.0021790050208 4.16166 4.12868 -5.76984051852 -0.415995810368 0.0927989860628
-113.105 35.6339 -0.00015341307216 -6.15218990414e-05 -0.00118793571934 -0.000603001377315 3.9859 3.94724 -3.98498990012 -0.658405783982 0.16274934754
-113.885 35.099 -9.03292204561e-05 3.04182364509e-05 -0.000400194637963 -0.000640938865682 4.00164 3.98718 -2.04954001349 -0.114149927237 0.0597401293165
-113.083 35.2127 -7.43434327132e-05 9.66987580347e-05 -0.00110496470686 -4.07076849923e-05 3.85191 3.83111 -3.34146998664 0.206994273512 0.0113263171756
-112.267 35.1787 9.56065674957e-06 -8.2720282946e-05 -8.60974728706e-05 -0.00061799826536 3.98401 3.98275 -1.88235779514 -0.304051794938 0.0390172978261
-112.891 34.4692 -2.73514515903e-05 -5.99607111671e-05 -0.0018488631418 -0.00124113161492 3.85525 3.85767 -3.0415103558 -0.31669810402 0.0550333608331
-112.237 34.4866 -5.02402324211e-05 -4.5581030842e-05 -0.00127692779451 2.68443373628e-05 3.86762 3.86617 -1.87162917499 -0.316215588567 0.0671373213644
