-112.228 32.7006 -0.000242511353445 0.000978189927241 -0.00299857704733 0.00206883512947 4.50799 4.46986 -2.61856964323 -2.38103525588 0.516695349483
-111.704 32.5618 -0.00113339375224 0.00126504626519 0.00188523637045 -4.55632031174e-05 3.96939 3.96858 -9.99032240875 -1.45187351992 -0.131680897993
-110.739 32.5716 -0.00107384856742 0.00210635357818 0.000869019405129 -0.00087361758792 3.79794 3.83131 -12.9602709591 -5.28334073322 0.29888716816
-109.97 32.6399 -0.000493578555212 0.00210919966185 0.000173445879075 -0.00336065920671 3.51114 3.61717 -7.21739675223 -6.1175201412 0.97268829641
-109.303 32.7663 0.000310254499068 0.00162780921269 0.00430984509076 -0.00211158700885 3.69377 3.7207 -5.55235143107 -6.74724564231 1.30800206859
-111.457 32.0022 -0.000401729465865 0.000404009484341 0.00214218642028 0.00408771390028 4.15215 4.14174 -5.57944477642 -0.136819363915 -0.0261862303458
-110.816 31.7748 -0.00137957291473 0.000645910963146 0.000674806981693 0.00566620057201 4.01087 4.04426 -10.8049571809 1.48600388355 -0.712186571908
-110.046 31.9737 -0.000716616295329 0.0019812333755 0.00191022909625 0.0034115738079 3.58579 3.64176 -16.2480709871 -6.26235762009 0.417867988127
-109.259 31.9989 0.000271660303277 0.001556665637 0.0032200494772 0.00213431391901 3.8699 3.89919 -9.03778861381 -6.65565028404 1.17984003243
-109.991 31.439 -0.00084931241086 0.000838238882984 0.00568501601104 0.000164641796085 3.40175 3.43086 -12.971449662 -0.958142190417 -0.215361339973
-109.281 31.3757 0.000658137504538 0.00104579233608 0.00248108302016 0.000228219849272 3.83234 3.85776 -7.01309972461 -5.91501475783 1.18200196077
-122.707 48.7197 -6.37465870729e-05 -9.46886889061e-05 0.00261160350356 0.00031707627032 3.65541 3.65143 -2.47779287011 0.310140453978 -0.09880604394
-122.085 48.9983 -0.000458958426838 -0.000303901059165 0.000732944531448 0.000146448407471 3.60542 3.6045 -4.38920686739 1.27994505094 -0.54225012061
-121.48 49.0983 0.000517062034139 0.000178253718873 0.00248446151379 0.000596802515065 3.42095 3.44241 -6.58524352137 -0.991444515001 0.546501069227
-120.384 49.048 0.00165771923157 4.8080115714e-05 0.000606844423538 0.00164106760161 3.79126 3.7822 -5.26952802808 -1.97553862194 1.54675450345
-119.272 48.9534 0.00127594912019 0.000102544165304 -0.000938389440311 0.00187981482078 4.05977 4.00874 -4.75481609437 -1.78715898278 1.21010961732
-118.585 48.9752 0.000112549533872 7.30577962196e-05 -0.000119864626182 0.00275865170789 4.17011 4.08266 -4.80697910206 -0.335638598219 0.132393981025
-117.559 48.9813 -0.000626671531245 0.000262569059484 -0.000552889007871 0.00369886567552 4.13309 4.0881 -5.76787112818 0.00239380084176 -0.475963162091
-116.363 48.958 -0.000850831613472 0.000364201640816 0.00153232842923 0.0015615263146 3.76258 3.73065 -3.85695664299 0.0892655328173 -0.617990547789
-115.653 48.9339 -0.00125765097 -0.00107259943268 -0.00106254023491 0.00164912914933 4.1239 4.06764 -2.75181871157 4.83557197746 -1.6019625392
-114.413 48.933 -0.00253717762428 -0.00121950037287 -0.000439059921343 0.00350022653619 4.09563 4.17048 -5.99776529256 6.92108710479 -2.81235204655
-113.422 48.9725 -0.00296260247855 -0.0012522242262 0.000890068440834 0.005204609936 3.98263 4.12588 -8.79163849235 7.35374213455 -3.21352164315
-112.733 48.9777 -0.00148616071789 -0.00107637396986 -0.000291532623139 0.00472179283523 4.3423 4.45839 -5.43244021109 5.35100029914 -1.79538057244
-123.504 48.0575 9.71834241392e-05 0.000301783519094 0.000336312975849 -0.00253105796518 3.60579 3.60227 1.16202431907 -0.842540319456 0.238276826157
-122.096 48.2641 4.93595773033e-05 -9.2896854859e-05 0.000216947183753 0.00148676616909 3.76982 3.77644 -4.53797521158 0.178487824089 0.00578119195415
-121.484 48.5183 0.000368511053944 -0.000350679252325 0.000245808459427 0.00158722890002 3.65158 3.67694 -7.50303086646 0.543197863943 0.214844120877
-120.12 48.4607 0.00133355319471 0.000340288945462 0.000865673383626 0.00263601991927 3.99061 4.00298 -10.0063697295 -2.21938781313 1.37138831292
-119.333 48.3584 0.00071473216603 0.000763900890185 -0.00161588150892 0.00187961462174 4.46369 4.38794 -9.64243553126 -2.86334242556 0.930961646368
-118.149 48.4226 -0.000196715064654 0.00114105657548 -0.00064991130171 0.00215910471518 4.24932 4.1618 -7.45916295755 -3.00667700486 0.244420989382
-117.225 48.2995 -0.0010048895975 0.00155744905351 0.00182159985173 0.00136686030887 3.85654 3.8322 -8.89839975655 -3.42561932796 -0.384987655345
-116.367 48.4366 0.000515683797962 0.000974928662551 0.000505109585996 -8.15545740386e-05 3.91091 3.86506 -3.72525201735 -3.4914460557 0.889826082273
-115.589 48.4694 -0.000473951060151 2.16111505609e-05 -0.00151227039291 0.000990603374391 4.25068 4.15612 -3.45176863324 0.611575250533 -0.415546465844
-114.468 48.3739 -0.00148550531609 -0.00212011961761 9.75515528766e-05 2.63431622121e-05 4.13564 4.07796 -3.57172013932 8.42942381626 -2.27419923837
-113.273 48.3609 -0.00239988472404 -0.0027827847125 0.000529787521548 -0.000252549939231 4.06501 4.07408 -5.57172813894 11.8979890023 -3.34209054066
-112.562 48.3129 -0.00285861794617 -0.00299082597383 0.000347076217202 -0.00042286867438 3.98076 4.05841 -5.63239268354 13.3793426748 -3.84932801047
-111.707 48.4128 -0.000505186525507 -0.00163837141379 -0.000642208560125 0.00367946460689 4.21652 4.32054 -6.06883075826 5.89742660794 -1.13621528291
-124.566 47.9475 -2.98214985418e-05 0.000260295984693 0.00329047860326 -0.00189095918758 3.73078 3.73251 0.674073682016 -0.556638211022 0.106828951774
-122.972 47.7172 -2.00026619964e-05 -4.94037790598e-05 -0.00265248271781 -2.05372321197e-05 3.90594 3.9121 3.36757059049 0.145158594049 -0.044065571108
-121.689 47.6947 0.000336671481586 -2.46011676715e-05 0.00122727063606 0.000458419353811 3.80171 3.81349 -2.70402754716 -0.386269649214 0.28659830283
-120.061 47.6902 0.00085722663546 0.000755049219707 -6.2554934589e-05 -0.000352312769361 4.23991 4.24159 -6.06295266925 -3.09576979913 1.09279187141
-119.045 47.7849 2.20018813702e-05 0.00128617997507 -0.0019050870848 -0.000224921634042 4.48919 4.43651 -7.10290101682 -3.60695425764 0.529054603903
-118.274 47.8006 -0.000727337672472 0.00218338838075 0.000493777700896 -0.00100487377155 4.01197 3.99636 -8.22830741434 -5.37875386782 0.152221641897
-117.308 47.8192 -0.000532481807754 0.00231351673288 0.00196634117372 -0.00230177976049 3.69167 3.72033 -6.24368313424 -5.93828157801 0.465289953935
-116.256 47.8397 0.00108074769506 0.00165838555622 -0.000478964472692 -0.000865245292889 3.93402 3.94998 -2.84733244908 -6.32257988695 1.72851014226
-115.475 47.7092 0.00131295481805 0.00077237675473 -0.000598439336903 -0.000950312067141 4.0495 3.9804 -1.6081029479 -4.29711019344 1.52296309947
-114.574 47.6795 2.67394981007e-05 -0.000339467908084 -0.000501761820719 -0.000715329452134 4.08991 3.98641 -1.3660069381 0.936763359621 -0.144852567746
-113.747 47.7687 -0.00141843456446 -0.00116951900983 0.000634932050202 -7.78628830682e-05 4.02137 3.94989 -3.33894697789 5.71697421405 -1.79944263315
-112.607 47.775 -0.00196307227364 -0.00238767065883 0.00034021919305 0.000468426915659 4.08769 4.06735 -3.97819852519 10.4112702144 -2.8376618534
-111.746 47.8012 -0.000738889019138 -0.00267601761963 -0.000961235845571 -0.00107038493628 4.1424 4.18819 -2.15085702994 9.43933251046 -1.94855226794
-123.771 47.1161 0.00040749625445 0.000435266363299 0.0017253820318 0.0010257116448 3.72256 3.71887 2.36191556336 -1.62630731707 0.580853743914
-122.803 47.1109 0.000249496224017 -9.51601709081e-06 -0.000913979623694 -0.000901767255781 3.80263 3.79821 5.28499188921 -0.400354009926 0.194229847589
-121.989 47.1881 0.00015980571438 -0.000224421972238 -0.000765282110562 -0.00108083887599 3.82627 3.83896 4.68779450442 0.251887507041 -0.00263982352281
-120.844 47.1935 9.5120108543e-05 5.08062079692e-05 0.00219221321103 -0.00112774131654 3.80922 3.8283 0.395256868518 -0.274877970111 0.107624782534
-119.973 47.1936 0.00066510282604 0.000605563208103 -0.00157766491624 -0.000381647432244 4.26389 4.26674 0.322346891732 -2.59800643763 0.883985678465
-118.921 47.0573 -0.000729944327936 0.00128762150836 -0.000822394498417 0.000129329925023 4.46345 4.40808 -2.71918349605 -2.38661587878 -0.0169153034121
-118.309 47.0615 -0.00131518185624 0.00171909324794 -0.000352224197649 -4.2567492829e-05 4.05662 4.0764 -5.98981985114 -3.05914389345 -0.441459402949
-117.276 47.0547 -0.000908643860449 0.0022215825241 0.00260154230638 0.000875019172416 3.6301 3.68557 -9.51293080247 -5.46155478889 -0.00171166774829
-116.335 47.0477 0.00160514183259 0.00223678363705 -0.000961596734209 0.000158659172678 3.94612 3.97626 -5.10689653226 -8.83447038973 2.43893031645
-115.353 47.0528 0.00198719993848 0.00192820953401 0.000306122710274 4.88694970569e-05 4.04529 3.99924 -3.10759907437 -8.76522637079 2.67004233624
-114.459 47.0943 0.000522559181149 0.00092736423401 -0.00107350904821 0.000100882197771 4.183 4.07682 -0.891065110798 -3.58244743305 0.925813932383
-113.506 47.0816 -0.000330008249746 -0.000134640779307 0.000319002427038 9.75218754551e-05 4.07389 3.99474 -2.60514994879 0.958305103433 -0.353568309187
-112.52 47.0418 -0.000870297866202 -0.00122570768456 0.0010251034727 -0.00111752801443 3.92776 3.89082 -2.22992340761 5.23029955515 -1.36658753394
-111.549 47.0308 -0.000567020382288 -0.00169145030452 -0.000601315175242 0.000223559134765 4.15848 4.13486 -3.78015591507 6.24900292225 -1.3075567919
-123.563 46.5459 0.000700564713174 0.00129828209162 0.000207602189939 -0.00266411981176 3.56464 3.60897 7.28577658725 -4.06424566449 1.36914854212
-122.72 46.5934 0.00123307340817 -0.000313309758103 -0.00033412778909 -0.000813671313008 3.78698 3.82136 4.5823338946 -1.40542839951 0.796960401993
-121.761 46.5605 0.000210143634839 -0.000661213190602 -0.000197007099028 -0.000776634567294 3.76957 3.76982 6.05653367318 1.13279025018 -0.246674201969
-120.979 46.5433 -0.000165442760339 -0.000717496208327 0.00156432765909 -0.0010190162635 3.72902 3.7396 5.09101336412 1.99502133414 -0.568112279707
-119.855 46.5585 -0.000161247230407 0.000622471037247 -0.00126894991952 0.000106688926818 4.24538 4.21398 6.04078041248 -1.18139878473 0.260645241119
-119.06 46.4911 -0.00105826314348 0.00146759169334 -0.00182289460631 0.000584496068072 4.29079 4.27894 3.9152955197 -1.71511764668 0.0201269922739
-118.146 46.5139 -0.00197864491725 0.00223386568348 0.000411449387452 0.00148425691142 3.93648 3.95851 -1.95907668794 -2.90385251448 -0.568482164743
-117.11 46.485 -0.000115180063961 0.00201550757984 0.00188783309357 0.00238939237223 3.74088 3.81337 -6.75996654758 -5.70027890277 0.774880604485
-116.209 46.3559 0.00105976372821 0.00266488219922 -0.000285278482431 0.00205905398959 3.9881 4.11146 -7.4828718297 -9.43854073244 2.09916061076
-115.571 46.4151 0.00264410938776 0.00266082785906 0.000714287840901 0.00135962722929 3.93816 4.06129 -6.23098518978 -11.8833521756 3.55508812536
-114.188 46.4423 0.0015170214857 0.00133605486827 -0.000944532997615 -0.000330780812595 4.10909 4.04747 -0.637982603169 -6.63885030537 1.99588088523
-113.493 46.4162 0.000337607431584 0.00078861490699 0.000639725340055 -0.000565495468101 3.96279 3.88115 -1.30973885011 -2.94370365428 0.701413139413
-112.641 46.4246 -0.000114171399685 -3.19259087594e-05 0.000151887054017 0.000415909724006 4.09122 4.0021 -3.09700135822 0.298427009969 -0.114855735666
-111.676 46.5336 -0.000562085363632 -0.000100340492704 -0.00193227449239 0.00207987706421 4.26977 4.20175 -2.55422428737 1.3299981038 -0.535312870186
-120.728 40.6183 -7.82731686507e-05 -0.000428280654296 -0.00171754592541 -0.000726358506148 3.77669 3.80304 0.45833915004 1.26259698266 -0.342627849968
-123.559 45.9306 0.000176523900802 -0.00381385988936 -0.00262974409819 -0.000465190316285 4.10777 4.22018 3.54055185732 8.35810401671 -2.16110702826
-122.419 45.9325 0.00165852074219 -0.00138572408024 -0.000266231835721 -0.000469110806094 3.94248 3.958 3.10378800945 0.361375480659 0.505330718217
-121.459 45.8839 -2.67580151911e-05 -0.00117737112028 0.00115942768687 -0.0011069494422 3.78 3.73954 3.37259702007 2.86044794669 -0.728260440274
-120.782 45.7664 -0.00144193693124 -0.000990183951757 -0.00040896028806 -0.000767225393512 3.92224 3.92798 5.83252324002 5.10815854223 -1.74241614871
-119.928 45.8951 -0.00182116963725 -0.000149831279566 -0.00172672330543 -0.000415740776066 3.99628 4.06766 9.74916419485 4.18405366995 -1.42996015076
-118.777 45.7971 -0.00210934203103 -3.37502339197e-05 -0.000339463250494 -0.00207270427766 3.59939 3.72111 10.9014192658 4.75728728391 -1.52800743425
-117.909 45.7087 -0.00125881783175 0.000128220388749 0.00154526046464 -0.00265549312557 3.36653 3.52983 9.17258299669 2.46349149091 -0.834563937769
-117.228 45.9734 -0.000169181826691 0.00112619151246 0.000116250889374 -0.00274633627256 3.55126 3.70243 6.03432495551 -2.48338187599 0.584084120916
-116.155 45.8883 0.00148481157174 0.00118929387094 0.000351683863504 -0.00117455442337 3.64449 3.81048 0.189106026744 -6.03880739193 1.89523193523
-115.255 45.7565 0.00270556943034 0.00165414151008 0.000295067187063 -0.000665611774393 3.86081 3.96327 -0.857687535484 -9.70875596476 3.17012407767
-114.332 45.7893 0.00219655147602 0.00210911975357 0.000657592785781 -0.000318330492411 3.99693 3.98342 -1.78238858099 -10.1978477268 2.98040753773
-113.37 45.8122 0.00110214778848 0.00189852126478 -0.000968026111207 0.000294766917824 4.20305 4.0904 -0.308887692628 -7.70192129208 1.96713555364
-112.493 45.8409 -0.000249123716601 0.00182729088377 -0.000973820319802 0.00156324806565 4.22162 4.13333 -3.60338632565 -5.18569987554 0.705536370622
-123.281 45.3153 -9.75796306052e-05 -0.00379630949615 -0.00138738798519 0.00155961892968 4.24343 4.24296 -4.34719723877 9.66748271833 -1.99732731458
-122.478 45.2059 -0.00053135726905 -0.00203110825349 6.49459542228e-05 0.00116617373928 4.05273 4.04499 -2.7851849506 5.9413582064 -1.52497225895
-121.317 45.2422 -0.000574866625073 -0.00114146331114 0.000839660869515 0.00109359511455 3.88933 3.8508 -3.15494810435 3.86748451393 -1.08539185684
-120.635 45.2357 -0.00157589117322 -0.00137380517066 -0.000496287609901 0.000350958131018 3.92948 3.88979 1.36500406337 6.27462645406 -2.08205927642
-119.669 45.2664 -0.00239966531456 -0.00163577312258 0.000105708210549 -0.00154553173896 3.7036 3.72747 5.98992960047 8.79930163672 -2.88749005767
-118.96 45.2904 -0.0019603244866 -0.00291132504789 -0.000855562530223 -0.00025718802156 3.75064 3.84154 7.81663016946 11.0653674279 -3.4077209666
-117.78 45.2781 -0.00214743683546 -0.00401092383955 0.00136459446607 0.00087770338946 3.60727 3.81116 4.52962588291 14.5835209819 -4.19033059648
-117.12 45.2925 -7.65192678465e-05 -0.0026694289446 -0.00132298961424 -0.00102869380834 3.74167 3.90765 10.0266105278 6.48010374898 -1.92213341063
-116.268 45.3997 0.00092365994968 -0.00192957618876 -1.09723977129e-05 -0.000777102916982 3.75719 3.88438 6.11263440713 2.92640785988 -0.545087306744
-115.326 45.1285 0.0010083664847 -0.000784836174728 0.00106671147472 -0.000932343092499 3.95024 4.03024 2.54935811404 0.0541056684463 0.3289552589
-114.233 45.0931 0.00100790378146 0.00117870099924 -0.000932853514644 0.000295508953758 4.39448 4.43818 -1.56778509759 -5.3891418713 1.48851203114
-113.46 45.2432 0.000592202457296 0.00277320596798 -0.000972418166893 -0.000793899363885 4.14392 4.12399 -1.26070546507 -9.36670826247 2.01798285504
-112.489 45.166 -0.000242805265791 0.00327251778129 -0.000524569084823 -0.0024203420037 3.86664 3.85967 0.200796104445 -9.18694623328 1.67532838643
-111.805 45.2285 -0.000160483113634 0.00237275783124 0.00231524893002 -0.00146446813217 3.65525 3.66933 -1.1737826414 -6.8987584002 1.17731106016
-124 44.6764 0.00133046921391 -0.000859683917034 0.000675939217154 0.00265960745621 4.13539 4.08492 -3.80655995757 0.0730306697229 0.673803891148
-123.292 44.6765 5.77710300827e-05 -0.000854838960283 -0.00081041904674 0.000750557116717 4.15579 4.05112 -2.40340923942 2.01169648639 -0.420527292281
-122.186 44.6837 -0.000865876838929 -0.00107882610336 -0.000394986593937 0.00192407398139 4.08668 4.02597 -3.85052860178 4.13985710297 -1.30333525579
-121.227 44.6473 -0.000708532230942 -0.000687667953731 0.00122748812531 0.00147910565068 3.85994 3.84028 -6.40524366173 2.91157753319 -0.953433471877
-120.335 44.7344 -0.00110846711544 -0.000672915450172 0.000760727235535 0.000883099709344 3.78893 3.77099 -2.19663079962 3.66091906898 -1.29607612305
-119.565 44.5913 -0.000795653472981 -0.00194254265206 -0.000780719547509 0.00167334142778 3.98108 3.972 -0.439482252967 6.53360898016 -1.76612655408
-118.67 44.5191 -0.00123254469947 -0.00241663648448 -4.28149680704e-05 0.00101428879294 3.92317 3.89704 1.75362052088 8.68533396777 -2.44416345676
-117.664 44.6653 -0.00129403491844 -0.00326496286537 0.000994718325582 0.00102713508957 3.89256 3.85759 0.493704454116 11.2695661888 -2.95817836429
-116.747 44.589 -0.000972061814094 -0.0027652713273 -0.000628478401699 0.000807922733458 4.16352 4.17859 3.05338084618 9.34632904186 -2.47991475769
-116.013 44.7035 -0.00101941879823 -0.00240047460705 2.66949928389e-05 -0.000274170673814 4.09268 4.15915 5.45815936836 8.48312341232 -2.33749921114
-114.855 44.5494 7.84402161689e-05 -0.000711633554507 -0.000104173368274 0.00105019673874 4.49725 4.51101 1.2122911223 1.8336653785 -0.361819699585
-114.255 44.5642 -0.000368312108828 0.000159578151817 -0.00157421966587 0.00102159761682 4.62386 4.61539 0.0325531817734 0.296040307196 -0.207399750861
-113.367 44.6165 -0.000861722028448 0.00185983846396 -0.000522378070004 0.00205303577362 4.44626 4.47848 -4.26109505416 -4.1157134476 0.224081198196
-112.644 44.6173 -0.00155777932212 0.0024726600507 0.00129079468171 0.00249458689822 3.96112 4.04443 -5.45277330472 -4.95865915181 -0.113754248709
-111.248 44.7038 0.000707087369522 0.00128868732762 0.00206447668844 -0.00280551446271 3.53099 3.56178 3.41661223973 -5.38601646527 1.3588952302
-119.023 36.6801 0.000378474717754 0.00114150985548 0.00550706020581 0.00306633699858 3.70876 3.70825 -11.1325146903 -4.39542911743 0.95344501465
-123.83 44.0035 0.000602167526429 -0.000121135593318 0.00120502175688 -0.00195491868441 3.94984 3.94611 -1.30156996342 -0.742660082685 0.419651978178
-123.278 43.9726 0.000516223935842 -8.96286503703e-05 -0.0010557849996 -0.00183437486695 4.01557 3.99161 -0.0620834206095 -0.708746173468 0.360146070344
-122.411 43.7941 -0.00058895804205 -0.000350137908494 -0.00178653540461 -0.00127094099952 4.03886 4.00749 -0.519565609383 1.93185207226 -0.681808867673
-121.268 44.1626 -0.000815423244536 -0.000629665762233 0.00198929213356 -0.000745129550301 3.67966 3.6828 -4.07908488976 3.00641367716 -1.02545493505
-120.211 43.9437 -0.00012709237583 -0.000880774805656 0.000532489287379 -0.000503609323047 3.65566 3.67466 -3.12062204377 2.57148868082 -0.590155063555
-119.504 44.082 6.25359280351e-05 -0.00115648774832 -0.000360831026963 -0.000757344034039 3.8497 3.8101 0.0243385680501 2.89261723166 -0.632840837471
-118.569 43.9104 -0.000636659970297 -0.00169279870394 -0.000552514827106 -0.000544243500429 3.89003 3.85144 1.81398555971 5.68909385246 -1.54700083242
-117.741 43.9733 -0.0012313833983 -0.00204784485627 0.000374792857957 -0.000112299421951 3.94396 3.93118 1.28870115565 7.95132184363 -2.2240854072
-116.803 44.086 -0.000968488577796 -0.00184455136448 -0.000137648962266 0.000709998639333 4.12041 4.08935 1.84813596036 6.97632340231 -1.89740669393
-115.958 43.9121 -0.00129313578015 -0.00187342766429 0.00143034816856 0.000706344720263 4.11817 4.10366 3.09628158673 7.86852688756 -2.18807857365
-115.133 43.7945 -0.00141675573098 -0.000993787311775 -0.00202587563948 0.00194707047645 4.64775 4.62908 4.4387456235 5.92455580034 -1.72164721344
-114.117 43.9146 -0.00209420707681 0.000604580807703 -0.0027453250336 0.000534888099934 4.73078 4.70705 3.52345675511 3.14246730981 -1.22202687263
-113.452 43.9286 -0.00259258578641 0.00166389857738 0.00235697608519 0.000430538665111 3.8953 3.96257 -4.13905292345 -0.109486785982 -1.31053726357
-111.487 43.8756 0.00142037283226 0.00149678998961 0.00286216089692 -0.000790346700789 3.44461 3.49655 2.9396255671 -7.738665447 2.04739852392
-110.576 43.92 0.000674730789181 0.000402247189694 -0.00216291992333 -0.00205482346262 3.96092 3.97114 4.14999137389 -2.8404775826 0.774171311568
-123.575 43.3654 0.000622943887914 -0.000381341193846 0.00112252554233 -0.000110448669464 4.02289 4.00479 -3.24036373205 -0.118063376621 0.296835594888
-122.965 43.3717 6.23872509721e-05 8.13738814471e-05 -0.0019594096504 0.000116703372747 4.22614 4.18968 -0.186341537444 -0.313005059621 0.0990239006622
-122.109 43.2406 -0.000601013399458 5.89065296366e-05 -0.000122165749323 -0.000589443353073 3.84471 3.82174 -1.91747840122 0.946917673776 -0.452956938756
-121.236 43.2843 -0.000565837097373 -0.000350094064824 0.000542880001523 -0.00053642590106 3.68075 3.67444 -4.13052312296 1.91369666833 -0.665107100661
-120.153 43.2515 0.000139792564468 -0.000895410003356 0.0010376097098 -0.000218353562771 3.69106 3.68236 -5.0093323589 2.20660751028 -0.362285599708
-119.311 43.3736 0.000275460511877 -0.000572249434034 -0.000633689955965 -0.000294579797353 3.90365 3.86216 -0.824462365095 0.978072465648 -0.117459100731
-118.474 43.358 -0.000534969401698 -0.00101136264215 -0.000536723197138 -0.000313322297344 3.95712 3.88226 0.84987289422 3.76501716582 -1.04412782708
-117.754 43.3471 -0.0012704919678 -0.00116073851473 0.000605331872156 -8.26618825292e-05 3.93095 3.89327 0.44195037751 5.74431574677 -1.71467958416
-116.767 43.4275 -0.00103558489945 -0.00121643670043 -0.000108223260989 -0.000977714089147 4.00595 3.97945 3.58186885677 5.50885546214 -1.57759118568
-115.828 43.4151 -0.00158263589286 -0.00122133860396 -0.00037263003698 -0.000278263582131 4.08333 4.04048 5.02614262636 6.90165433234 -1.9934832183
-115.098 43.25 -0.00256239296981 -0.000803958597516 -0.000429030644705 -0.00102347782091 3.99757 3.96558 6.62115518417 8.3943574573 -2.40704970554
-114.174 43.3979 -0.00312441894756 0.000532650156258 -0.00203786966134 0.000399181024711 4.34111 4.35381 6.92216605395 6.4414500298 -1.88422487111
-113.518 43.3234 -0.00321625443549 0.00117198581986 0.00287508666998 -0.00271585391586 3.53979 3.62372 3.30083495633 4.35329653006 -1.69377342855
-111.612 43.2741 0.000797310832682 0.000248133136919 0.00326137862124 -0.00186944401715 3.62367 3.67175 -0.363858080166 -2.56317439805 0.787287531861
-124.469 42.8088 0.000278843084366 -0.000137696949594 0.00189410807941 0.00254226628013 4.02033 4.00786 -5.23957977254 -0.118510642361 0.156098973787
-123.49 42.7667 -4.62519995815e-05 0.000171077464917 0.000166613807691 0.0025087882897 4.11704 4.09196 -8.59487818307 -0.382095953411 0.0457377438075
-121.731 42.6133 5.33735144138e-05 0.000690266351792 7.01697431402e-05 0.000462592782297 3.82488 3.80048 -3.72595017408 -1.90059080835 0.438249699381
-120.893 42.7258 -0.000143972268984 1.02077535298e-05 -7.98771555081e-05 0.00101989983828 3.798 3.77286 -4.70456674692 0.229731692338 -0.114297243649
-120.251 42.7991 -0.000188218679818 -5.75998718641e-05 0.000522209299692 0.00174491366044 3.80427 3.78079 -6.80354734664 0.480039427347 -0.190756590235
-119.247 42.6912 0.000273107779221 0.000201694148341 0.00061711115073 0.000653472714465 3.8529 3.823 -4.23644052272 -1.06719899089 0.339173188876
-118.486 42.7308 -9.62009767019e-05 -1.51961008618e-05 -0.00091142510205 0.000298810470188 3.97476 3.90489 -0.648100669691 0.238379325829 -0.0856993646607
-117.725 42.6996 -0.000969828850879 -0.000308340130336 0.000333779969399 4.88494534041e-05 3.90222 3.85208 -0.419097963392 2.87041824625 -0.956845217458
-116.87 42.7779 -0.000988142872782 -0.000530925217583 0.000162980273162 0.00121868273434 3.98868 3.95092 0.391446995497 3.58394810819 -1.1048930438
-116.032 42.7713 -0.0014201619674 -0.000431804045796 -5.27934956848e-05 -0.000449246028698 3.95393 3.90672 3.66998323907 4.47301102283 -1.35048193809
-114.903 42.636 -0.00250577282865 -0.000445629255938 -0.00161247981777 -0.00126867733567 3.8717 3.85867 8.00024273039 7.64048460137 -2.06417501051
-114.084 42.6493 -0.00378410419398 -0.000343021421646 0.001075919544 -0.00242834325436 3.57418 3.64413 6.16725871462 10.5680328515 -2.95970501409
-113.176 42.5452 0.000832977916146 0.00164335009296 0.00286021791584 0.00235460330201 3.94353 4.16653 -3.19010223828 -6.82598949679 1.62140664978
-123.602 42.156 -0.00051604665484 0.000496093842138 0.000829204534973 0.000190234717176 3.92012 3.91595 -4.57571965182 -0.340623738337 -0.137801718945
-121.891 42.175 3.51011970748e-06 0.0013973674039 0.000291001579482 4.76290539548e-05 3.75864 3.75737 -2.7349497327 -3.60623915005 0.833832463623
-120.834 42.0472 0.00016424483991 0.000630419480442 -0.000444653446997 9.63710608485e-05 3.76157 3.75497 -2.81537374067 -1.98446816496 0.506328424158
-119.34 42.0187 0.000162519351912 0.000800521732142 0.00174788158676 0.00052505065888 3.75284 3.7434 -4.47821493016 -2.53896644347 0.587929183907
-118.344 42.1901 4.31089787746e-05 0.000623163788921 -0.000178801885323 -0.000118443840555 3.88531 3.84721 -0.754556954848 -1.77712320135 0.417112738649
-117.667 42.0192 -0.000383133997931 0.000455246121289 -0.00173102038892 0.00029125900991 4.04179 3.99432 0.48841226044 -0.381089908584 -0.00782450670036
-116.471 42.0773 -0.00114867768445 -2.16851295231e-05 0.00189528601147 -9.98981576723e-05 3.69195 3.66071 -0.674454776908 2.57751215398 -0.918646975603
-115.754 42.1669 -0.00176608960691 0.00052074064586 -0.000911136570706 0.000207506332382 3.87479 3.85911 2.34706863185 2.74036812505 -0.995278104428
-115.016 42.146 -0.00177937176633 -0.000864274567956 0.000698067972158 0.000104177382768 3.69803 3.71408 2.24523436549 6.6262419262 -1.91229276572
-113.944 42.0886 -0.00284348379754 -0.00229370364733 -0.000864707305375 0.000172865250377 3.68991 3.80601 3.76660999184 13.4366562242 -3.64688981948
-113.24 42.0343 -0.00282255752513 -0.00379549976552 0.000518007138755 0.000370099948315 3.69016 3.86599 -1.08879809416 17.8367344527 -4.54916627743
-112.386 42.0041 -0.00116831210199 -0.00204940385584 0.00166479774409 0.000708269727533 3.73593 3.81049 -1.75598937659 8.96212684719 -2.16352323574
-120.74 38.7552 -8.51580013224e-05 -0.000412774609882 0.00331527340516 0.00196880046061 4.01519 3.97277 -9.10611717348 1.3728451132 -0.302783599888
-124.122 41.8473 -0.000312505774174 9.6217268291e-05 0.000188014138052 -0.000213927731937 4.004 4.00477 -1.22148204226 0.375371242751 -0.18251232172
-122.854 41.392 -0.000846672822218 -0.000135917044401 0.00169479792875 -0.00216941577616 3.61015 3.63971 -2.5153100836 2.00993501566 -0.750846732016
-122.122 41.2742 -0.000128504110104 -0.000128663597177 -0.00021257201751 -0.00130626497031 3.65332 3.66788 -1.87653052473 0.588044291157 -0.180713183772
-121.839 41.7826 0.000104387574571 0.000721586815526 0.000385633211558 -0.000422002676873 3.66576 3.72015 -0.929153289052 -2.03023255185 0.533795722397
-121.146 41.3593 0.000304659329132 0.000279056534997 -0.00108670046619 -0.00151078375793 3.68665 3.69897 0.508100093464 -1.3577702969 0.412947509647
-120.477 41.2047 -5.3794484421e-05 0.000294552406101 -0.000390638982026 -0.000830608831376 3.71637 3.72591 -0.195821960152 -0.641459598831 0.148521433668
-119.171 41.3884 0.000124044334782 0.000736855412334 0.00178479886007 -0.00057816039988 3.64109 3.6703 -2.66434349359 -2.27373932925 0.544027022452
-118.379 41.4483 0.000236605819848 0.000665030916504 -0.00052493886473 -0.000444840712957 3.90281 3.88854 0.105507986373 -2.30624175611 0.607181198264
-117.45 41.423 -0.000659831085184 0.00101169546958 -0.00141649232326 -0.000938502681575 3.9151 3.91017 1.69511232411 -1.15234187991 0.171243530957
-116.54 41.522 -0.000850314988919 0.000612288199296 0.00177411840926 -0.000598021032058 3.61983 3.61076 -1.11207804667 0.163363911397 -0.28882726848
-115.791 41.4311 -0.000636720815911 -9.1639963714e-05 1.49885185444e-05 -0.000458522293716 3.67374 3.68551 1.01541092219 1.7607407179 -0.544188731061
-114.915 41.4157 -0.000511172865683 -0.000870639804478 -0.000135880067094 -0.000170697740746 3.72053 3.69608 2.27220791608 3.67053703539 -0.960442580152
-114.165 41.3602 -0.00123861508775 -0.00190411695628 0.000310370386631 1.72673789919e-05 3.81517 3.77202 1.71762132187 8.45380615043 -2.18500355676
-113.347 41.503 -0.00219613065679 -0.00214634417158 -0.00151833470074 -0.00117855403014 3.80293 3.79269 3.96788716289 11.6624361318 -3.07011920197
-112.448 41.4632 -0.00169087862684 -0.00313020945905 0.00246247204707 -2.54536639021e-05 3.69979 3.74063 -1.95680260973 13.5778170575 -3.24020904247
-123.306 40.822 -0.000477699581125 -0.000644802371632 0.00338913603046 -4.94320254499e-05 3.73648 3.74395 -3.58935901467 2.57642797765 -0.772734882425
-119.835 40.7484 -0.0003232579718 -0.000280539611324 0.000583752205829 -0.000132278616051 3.75405 3.77048 -1.86352084591 1.44828141547 -0.42773952873
-118.971 40.7797 -0.000147269097818 -0.000406592946897 0.000919768184025 0.000102774803848 3.79472 3.81019 -3.25865983351 1.44038170866 -0.363589702029
-118.134 40.7811 -0.000287567239083 0.000464204203398 -0.000639897358284 -0.000962636658382 3.8993 3.91271 -0.871617491942 -0.618894059359 0.074059760845
-117.524 40.852 -0.000648780844247 0.00064933223305 -0.000575931603347 0.000290847818422 3.91887 3.92183 -0.703308347659 -0.312042731195 -0.0864298477903
-115.736 40.8167 2.46625334047e-05 -0.000244712743866 0.00170779946933 -0.000150212517198 3.64211 3.63941 -2.56822882385 0.661481942024 -0.129594513344
-115.039 40.8522 0.000210110014014 -0.000675549207687 -0.00109979069616 -0.000696155082547 3.86741 3.81789 1.76265526112 1.35987534455 -0.293426177254
-114.204 40.8556 -0.000907797930126 -0.0008321022443 -0.000117429373111 -2.28855771389e-05 3.9285 3.85997 0.91303078097 4.63842699618 -1.23095218395
-113.187 40.8513 -0.00174184661863 -0.00156134454351 -0.000354321330485 0.000528572224073 3.88658 3.855 1.85632679317 8.96887781372 -2.33918859196
-112.52 40.8903 -0.00170446685844 -0.00216248843595 -0.000365215324529 0.00110805292369 3.85294 3.88219 -0.0558139806317 10.730141042 -2.69343649531
-111.437 40.8869 -0.000983811433722 -0.000874079610366 0.00297564904225 -0.000309881905647 3.51192 3.63192 -1.69007445374 5.13904850659 -1.31354109054
-110.834 40.9425 0.00046534926254 -0.000854004166013 -0.00462060729225 -0.00222010286569 4.00346 4.0219 6.33501421378 1.03102445281 -0.292032280251
-123.82 40.1398 -0.000322812664016 -0.000173219591183 0.00112080231123 0.000268113478909 3.88504 3.87627 -1.97957505521 1.1024011604 -0.357985614101
-122.788 40.1767 -0.000658694241986 -0.00034025776251 0.00214419642942 0.00104952903609 3.62419 3.62593 -5.31020316356 2.19619466261 -0.731210926439
-121.086 40.32 -0.000246659299164 -0.000666267640613 -0.000473619087899 0.000439828906045 3.80141 3.82206 -3.49551029963 2.29342286119 -0.604874591538
-120.918 39.962 -0.00019063698312 -0.000976254752816 0.000150256316992 0.000103432971958 3.93995 3.9557 -5.50843931483 3.07871051899 -0.733328644766
-119.827 40.165 -0.000287740174732 -0.000616433085306 0.000303245580586 -0.000740964738073 3.75548 3.75938 -0.627425454647 2.27802984238 -0.620863369928
-118.877 40.1614 -0.000521557784345 -0.000582789235864 -0.000342132634426 0.000482009970803 4.02506 4.00019 -3.81470602614 2.76195735977 -0.768552376247
-118.155 40.2903 -0.000768473583712 0.000247293328486 -0.000704131245238 0.00242278806802 4.15748 4.15365 -5.61420669876 0.872892538863 -0.482860612967
-117.19 40.1697 -0.000288821269209 0.000778219665306 0.000600468055872 0.00081989155306 3.78896 3.80136 -3.33709830696 -1.6021502823 0.247461799233
-116.5 40.2917 -6.95953834828e-05 0.000720123284558 0.000537171707183 0.000716561722407 3.74658 3.74293 -2.86860234772 -1.93480309435 0.387907138034
-115.657 40.1313 0.000305497926257 0.000547422270482 0.000364419941195 0.00169907737517 3.88196 3.86015 -3.71075529821 -2.32814160146 0.57425768031
-114.745 40.2679 -7.61529095714e-05 0.000271071556286 -0.00068630348152 0.00126040983057 4.01619 3.96708 -1.47216655695 -0.615498443409 0.112233525134
-113.981 40.1314 -0.000513281679405 8.61004599769e-05 -0.000502701205893 0.000233149694873 3.93015 3.88211 -0.226909995538 1.0339944098 -0.334293550502
-112.469 40.2807 -0.00169980196933 -0.00190011353768 0.000536768985508 -0.00203953847111 3.55339 3.55135 2.24314021047 10.0571817236 -2.53788785594
-111.502 40.2067 -0.00157411551579 -0.00314445386666 0.0012681093114 8.13055426397e-06 3.56462 3.63394 -2.78215443842 13.8462858295 -3.16924312192
-110.738 40.1948 -0.000356127793099 -0.00176183512731 0.00066235752375 -9.4275635911e-05 3.79234 3.83608 2.23979312715 6.24009401051 -1.45727858521
-110.008 40.2655 -0.00115883510872 -0.00107571481225 -0.00360150149561 -0.00109793599871 4.18998 4.21358 7.75880722473 6.49054630862 -1.57439288778
-109.124 40.2982 -0.000715731607727 0.000223382063157 0.00055324489931 -0.00305148340755 3.86829 3.91294 3.87996251072 1.41225917926 -0.356783481496
-120.608 39.3028 -0.000358540665826 -0.00137143827236 0.00229900891742 -0.000397415987434 4.00623 3.99424 -7.50027509644 4.63965656712 -1.08338899908
-119.898 39.6785 -0.000191873274916 -0.000961058483844 -0.00046461586428 -0.00045819566163 4.02622 4.02486 -2.47948475991 3.03016000928 -0.76051292491
-118.889 39.5399 -0.00104150405104 6.0225451067e-05 -0.00164558080408 0.00124243909128 4.17117 4.15831 -2.45505877101 2.2146856454 -0.76411664167
-118.08 39.6946 -0.0016263307627 0.000347221531959 -0.000201901707887 -0.000986081427189 3.9229 3.90565 -2.11368895194 2.79121869871 -1.03138796398
-117.14 39.5516 -0.000939143923285 0.00106381019145 0.000925861365892 1.92918819159e-05 3.58786 3.62025 -2.05247106836 -0.80883042179 -0.0431846417083
-116.464 39.6202 9.6278604754e-05 0.00104326724826 -0.00022796698079 0.000473995677486 3.72807 3.75736 -1.21992397068 -3.20321151 0.748882296434
-115.754 39.553 0.000419967596436 0.00122832478492 0.000558317953711 9.8233074152e-05 3.7569 3.77144 -0.798803048594 -4.56141179167 1.12003616982
-114.908 39.4731 0.000373241482665 0.00101136372694 -0.000825618026819 -0.000195575272209 3.8857 3.88307 -0.191387095099 -3.86917601069 0.948375781333
-114.016 39.455 0.000539832313588 0.00105328345197 0.000874103136934 -0.000126967492768 3.72475 3.70739 -2.11557618348 -4.51789283885 1.08533896945
-113.069 39.5906 0.00025768554885 -0.000464898042809 0.000789047410656 -0.00120244820956 3.64059 3.60133 -0.568775902066 0.730421807683 -0.107610267723
-112.279 39.5708 -0.000615361537171 -0.00151004096437 -0.000762125640325 0.000235333709784 3.79143 3.71842 -0.231096508246 6.1883810649 -1.45486274518
-111.66 39.6092 -0.00158565913204 -0.00194079393204 0.00104972749977 0.000247542249521 3.78997 3.71642 -1.78062957385 10.1411610175 -2.45679686342
-110.74 39.473 -0.00130290272142 -0.00238778175176 0.000493357688802 -0.0001415825572 3.86591 3.85265 -1.04022999643 10.9680992151 -2.53618849434
-110.246 39.6279 -0.0013266256023 -0.00185791506664 -0.001285861459 -0.000556287431192 3.91912 3.97628 4.52342511876 9.29837069176 -2.25550043922
-108.981 39.6333 -0.000783130370541 -0.00234162059486 -0.000407714351565 -0.00094668119166 3.77867 3.85983 5.30552005043 9.20935751116 -2.23448893719
-118.808 38.9383 -0.000515709331497 -0.000784819984129 -0.000808765066454 -0.00429189528295 3.54094 3.52611 -3.01711331482 3.39417093165 -0.898189904195
-117.932 38.8606 -0.00124670196318 -0.00100721450572 0.00182521427375 -0.00123295916472 3.69109 3.6209 -3.77869070642 5.79444565864 -1.60273027785
-117.182 38.834 -0.00328770035671 -0.000904227129558 -0.00171019295534 -0.00230054562318 3.59525 3.67793 2.20441238992 11.0848610794 -2.97116194735
-116.4 38.8247 -0.000313256559143 -0.000230964276307 0.000965015700741 -0.00156884538513 3.54918 3.64604 1.31002004306 1.45689715463 -0.38599830636
-115.654 38.8455 0.000198251047701 4.23807360246e-05 -0.00040779116107 -0.000938263603088 3.63955 3.72261 3.26824059628 -0.658588127199 0.169027480828
-114.83 39.04 0.000414504807559 0.000873368531636 -0.000939511266759 0.000492491090866 3.82957 3.86489 2.16382858426 -3.55500574455 0.905831929551
-114.02 38.9551 0.000806988347563 0.00134357085894 0.000645177815328 0.00122566451779 3.7156 3.75738 -1.48006862429 -6.09362349687 1.48637387087
-113.277 38.9882 0.00138564775851 0.00166350061047 0.000225730689515 0.00220682715478 3.79963 3.75716 -2.63776649074 -8.63320848926 2.12556435134
-112.379 38.9995 0.000150034032557 0.000543484523414 -4.1470941571e-05 0.00123009422873 3.80041 3.72915 -0.748752182459 -2.05628458098 0.470084997896
-111.172 38.9176 -0.000327129225386 -0.00153227521922 0.00105431243484 0.0014319090829 3.93129 3.86197 -3.45954544743 5.79998674144 -1.20711835652
-110.133 39.1025 -0.00110048670197 -0.00207247215406 0.000405271777836 0.000199474020948 3.9797 3.97346 -1.58546187351 9.59905351896 -2.17491277963
-109.263 38.9553 -0.000705958304785 -0.00241614022156 -0.00157066528387 0.000572482885174 4.10873 4.10665 1.14567245089 9.56983472846 -2.16011969148
-120.076 38.7028 -0.00085091385765 -0.00058632052534 -0.000843487910311 0.00158234260159 4.10622 4.04925 -11.2130721559 3.39068422401 -1.03236866051
-119.451 38.5226 -0.000759970099566 -0.000640193844058 0.0027648079005 0.000262718954088 3.7874 3.7681 -10.3567688339 3.44903320498 -0.986007374043
-119.047 38.089 -0.00102617041684 0.00028348637596 0.00135586127429 0.00411276855154 3.74535 3.70606 -14.0639582547 0.964799880704 -0.751250012463
-118.106 38.3489 -0.00164876881703 0.000304385406689 -0.00103546440075 0.00112398115656 3.75253 3.72669 -7.85755425418 2.63440770787 -1.16764419556
-117.072 38.2397 -0.00155393079147 -0.00244625509414 0.000217213893605 -7.44813610679e-05 3.72091 3.73314 -6.56262870842 10.984722516 -2.70640960623
-116.302 38.2886 -0.00074772224147 -0.00146473932127 7.7585524289e-05 -0.000744060651278 3.66168 3.72632 -1.05657529592 6.11221689837 -1.53519657508
-115.585 38.3489 -0.000287714033977 -0.00136512468475 -0.000428913873644 -0.00138301562153 3.75177 3.78578 2.96752148103 4.50163875293 -1.17919827957
-114.608 38.3281 -0.000802579056438 -0.000209778929125 -0.00251237064554 -0.00146025006069 3.72635 3.76183 7.05957663565 2.95675234624 -0.678470990963
-113.969 38.1802 -0.000647752550607 0.000426742393978 0.00087031965855 -0.000589963006031 3.51595 3.5814 2.17146743946 0.623432600107 -0.156841749263
-113.021 38.2987 0.00163333657377 0.00199546713833 0.00122289156973 -0.00200331741622 3.33309 3.4302 1.94781867427 -10.4153626584 2.56366712805
-112.277 38.2108 0.00233315506074 0.0015707254741 -0.00124594227601 -0.000871840884246 3.72614 3.73806 5.18118071502 -11.4398365402 2.73131966375
-111.483 38.2843 0.000790269270201 0.000718010304879 -0.000211636713359 0.000180196040912 3.93507 3.85684 1.45409164018 -4.42749519203 1.06730274242
-110.711 38.4187 -0.000180594113698 -0.000449916453146 0.000895323986222 0.00156235462529 4.00463 3.9412 -1.79560234667 1.9280112524 -0.429362769522
-109.894 38.3862 -0.000708058965065 -0.00073012782817 -0.000131025332664 0.00216056860726 4.20873 4.15767 -2.60632482573 4.31025117654 -1.01103307675
-120.33 37.346 -0.000129823655133 0.00196290245301 0.00115864070374 0.00397288682083 4.52477 4.47189 -9.87196533741 -5.61812343468 1.01926601919
-119.849 37.8817 -0.000154844385311 0.000885426577449 0.00410791983645 0.00223739482777 4.01765 3.97034 -14.7292318046 -2.53856294659 0.300093383274
-117.225 37.7243 -0.000640248646384 -0.000772351159735 0.00125246867941 0.003554668591 3.7932 3.73384 -10.6987404739 3.81706144567 -0.957919067136
-116.595 37.923 -0.00139979130828 -0.00147117541594 -0.00025897375339 0.00124519947201 3.80979 3.80963 -7.73362852028 7.75476455554 -1.99524799159
-115.747 37.6444 -0.000793742900216 -0.00138384365514 0.00137892762936 0.000661605746851 3.76271 3.72795 -6.94468969405 6.22634864293 -1.46270542126
-114.849 37.6083 -0.00125002920593 -0.00177727649467 -0.00105644314097 -0.00189113572521 3.68307 3.78293 -0.198514304809 8.58346780053 -2.12846974036
-113.86 37.5808 -0.00118179795486 -0.00244250247359 -7.03745074181e-05 -0.0016972331739 3.3773 3.4753 3.02834327897 10.3038456439 -2.58372964301
-113.168 37.7601 0.000441058636796 -0.000665207319726 -0.00116735946017 0.00205886124295 4.15019 4.37409 -0.651060028512 0.788987374318 -0.123632452629
-112.363 37.6761 0.00108778010411 0.000409163755087 0.000789022284097 -0.00114819808468 3.50984 3.58198 6.89892222853 -4.54434782094 1.01264001454
-111.596 37.7222 0.0017638084871 0.000894715312106 -0.00054336872237 -0.00153573637702 3.69217 3.72732 8.88144211757 -8.12995542886 1.79291979208
-110.802 37.6354 0.000776212914719 0.000690045307198 -0.00064424332873 -0.000891517381256 4.03276 4.00452 5.65079857789 -4.41272680127 1.03082182243
-109.995 37.6903 -6.43915334425e-05 0.000595049579159 0.000150356735736 -0.00113640463427 4.05217 4.02429 2.81673541449 -1.5874737099 0.380946841537
-109.137 37.7459 -2.4277230811e-05 -1.86437313484e-05 -0.000207532258682 0.000750152947785 4.12403 4.10767 -1.05368601653 0.130758955535 -0.030527342599
-119.709 37.0069 -0.000203505161498 0.00256415919676 0.00455856144548 0.000499918512986 3.95444 3.91406 -9.95945488159 -7.38546535524 1.3081989751
-115.22 37.2408 -0.00053883279959 -0.00142015559418 0.00196319625271 0.000359984774911 3.78846 3.76635 -9.7202772112 5.90316054679 -1.24361063545
-114.715 36.7256 -0.00027440288471 -0.000754644254896 0.000229845701889 0.00334254410552 3.82043 3.72514 -12.2552645232 3.19359430666 -0.633191606244
-113.907 37.0195 -0.00119385916943 -0.00242368814909 -0.00100080468099 0.000542709811272 3.73329 3.71033 -4.96012487428 10.7947467567 -2.45226589272
-113.084 37.0615 -0.000900537817162 -0.00237147054694 0.000779295158967 -0.00131294563101 3.58608 3.63967 -3.95052013649 9.9420812699 -2.21027127421
-112.382 37.0183 0.000942120938191 -0.00212172037566 0.00053724057794 0.00044344724575 3.9188 3.9751 1.52057065956 3.45935057544 -0.843380567851
-111.506 36.9839 0.000270348412665 -0.000833528702836 -0.00156149119311 -0.000854074004884 4.06119 4.08073 7.97794639885 1.29848450825 -0.485813241132
-110.804 36.9969 5.78153123684e-05 -3.85825565918e-05 0.000794248061235 -0.000335785110794 3.97473 3.91707 7.42456867236 -0.0887777573591 0.00639093414648
-109.874 37.1364 6.16004976911e-05 0.000330470417569 -0.000653535008962 -0.000622261357786 4.10473 4.10812 5.82695078531 -1.14115168866 0.290438997749
-109.025 36.8299 -9.70203094612e-05 0.00083907510445 -0.00376790129133 0.000952593633475 4.26566 4.20197 3.47414610061 -2.2147187738 0.548223969503
-120.783 36.3627 -0.000984100265676 0.00228332921521 -0.0025696677486 -0.00435359473741 4.19302 4.30269 5.33873670456 -2.43658944517 1.16973257963
-120.12 36.3356 0.00069518356279 0.00309365010809 -0.000840653685858 -0.00557621632155 3.5767 3.72315 3.28042292979 -9.57448763918 2.79511774917
-116.33 36.4193 0.000305406364807 -0.000226590235598 0.00303115976967 0.00393441087265 3.9821 3.95276 -7.5115100336 -0.0217761823116 0.105022617011
-115.383 36.423 4.705632385e-05 4.94042035754e-05 0.000907359998398 0.00256284366362 3.90546 3.85039 -13.5059929806 -0.26977502583 0.0658495613775
-114.539 36.4321 -8.36568629207e-05 0.000402316662935 0.000174762844658 0.000648520183467 3.72557 3.68249 -11.9407494711 -1.20454198273 0.146502364774
-113.965 36.4151 -0.000206692444911 -0.00059770958705 0.000222536637784 0.00098635564625 3.79918 3.73774 -9.51655736063 2.51760725577 -0.512037422907
-113.18 36.4182 -0.000485581554232 -0.001705498829 0.000254054754849 0.00116826381345 3.81337 3.78958 -7.91478430975 6.95484961697 -1.40420710555
-112.291 36.428 -0.000124573194213 -0.00175561239215 0.0011590685602 0.00077540394001 3.93453 3.93667 -4.00674769566 6.03041660284 -1.22942711825
-111.13 36.1428 -0.000672989478971 -0.00112524909231 -0.00129660698179 -0.000668629340471 4.06889 4.06016 3.80775385802 5.4357166587 -1.28734506999
-110.662 36.5996 4.67413219654e-05 -0.000568732802393 -0.000106484701713 0.000281871372151 4.12439 4.13222 6.32429781731 1.42139083401 -0.407372448114
-109.87 36.4199 -0.000403667133247 0.000602510168957 -0.00223793886578 0.00108528981783 4.29666 4.34295 5.81425884101 -0.353285650874 0.199952167242
-121.236 36.0214 -0.000203662927068 0.000866936509197 0.00305455009506 -0.00623013750104 3.68078 3.69567 2.37117971883 -1.5455821166 0.519461418799
-119.903 35.8667 0.000533757783883 0.00011457486185 -0.00179950077625 -0.0035554075325 3.71051 3.72679 3.84402676721 -1.83961089683 0.43000653219
-115.43 35.8384 -0.00041666988538 0.000872471372663 0.00281144888804 0.00201251481119 3.90514 3.9369 -8.69340199449 -1.84943324953 0.185622929615
-114.851 35.7266 0.000313279259493 0.00119065767154 0.00138496829798 0.000156311694452 3.62997 3.65567 -13.5643933326 -4.87106579889 0.892547806085
-113.984 35.8522 0.000616558003593 0.000493319273883 0.000378533108274 0.000513576342104 3.72686 3.7241 -10.0540221874 -3.16851537099 0.787984511468
-113.105 35.6339 0.000585291070298 -0.00107700610219 0.000547179930943 1.61576785645e-05 3.76257 3.73206 -8.93234655022 2.23135646834 -0.162754147998
-112.173 35.8191 3.22182201899e-06 -0.00140394128931 0.000898632506364 -0.000574698661074 3.92997 3.89737 -4.93774726106 4.62637835142 -0.897148663801
-109.933 35.7113 -0.00174056242101 -0.000730383379474 -0.000690913242335 -0.000954511112243 3.87484 3.91735 6.61767015541 8.0796996709 -1.65922011387
-109.046 35.7147 -0.000155789094828 -0.000166695481719 -0.00105050222949 -0.00241534306618 3.69091 3.72046 6.72289480245 1.01841590011 -0.227511703611
-114.87 35.301 0.000340371467533 0.000215096748319 0.00340326664066 -0.000144737402545 3.53923 3.55623 -6.32325170314 -1.59334943788 0.399581568672
-113.885 35.099 0.00127949502226 0.000965146078578 0.000365448336722 -0.000200048334386 3.74363 3.73321 -10.034731039 -6.49934862918 1.60222650118
-113.083 35.2127 0.00116695831746 0.000151948570971 0.000498802157472 0.000186312608808 3.81052 3.74013 -9.47779287413 -3.46839499711 1.03364575925
-112.267 35.1787 0.000543140388723 -0.000500444359465 0.000739378014002 0.00021610708713 3.95174 3.88926 -8.1797784264 0.306273428417 0.130310304588
-111.532 35.0951 -0.000587495396879 -0.00072367112936 3.157858752e-05 0.000650888343053 4.03447 3.96729 -5.0367663253 4.09901292478 -0.916106912242
-110.713 35.0789 -0.001684377111 -0.000944601605547 -0.000281577049666 -0.000245200399704 4.02482 4.00547 -1.70871430204 8.21425385305 -1.87176558217
-109.736 35.1181 -0.00232472352355 -0.00128749037979 7.35720154019e-05 -0.000637739127831 3.85248 3.97982 2.53045430822 11.6641018271 -2.51791388381
-109.388 35.1118 -0.0010932480959 -0.00114125517171 -0.000951789963685 -0.00117635111348 3.83062 3.91604 5.82555812513 7.111483381 -1.57516879751
-113.83 34.5935 0.00118115990777 0.000874731580877 0.00113489915429 0.000265619241353 3.82632 3.85323 -8.11493183092 -6.07932200812 1.46930321319
-112.891 34.4692 0.00160786422662 0.000678275344596 0.000435738431023 0.000445642612598 3.93724 3.92533 -9.54416193976 -6.55057617919 1.69581104544
-112.237 34.4866 0.000913659696636 0.000615626296839 0.000460417501669 0.000616231385572 4.03453 3.97725 -10.2684047064 -4.54672140788 1.10122535293
-111.441 34.4178 0.000138661614948 0.000745885861415 -6.35861583456e-05 0.000799883272105 4.09339 3.93078 -8.11635023273 -3.00717672559 0.566438004068
-110.806 34.3371 -0.00112937053804 0.000212832085119 -9.66197539704e-05 0.000783963192275 4.0289 3.9176 -6.14898768714 2.51332573332 -0.732785857735
-109.95 34.5293 -0.00177671091384 -0.000585754626798 0.00011513519194 5.41233671869e-05 3.86117 3.8264 -4.10287151418 7.34396847245 -1.71884757569
-109.29 34.4275 -0.00103638152546 -0.00113334081801 0.00186654776541 -0.000512809782895 3.74694 3.73549 -0.964782643963 7.05182560186 -1.53376734727
-114.524 33.7503 0.000387096647863 0.00031144756481 0.00116377897 -0.000617421545087 3.91389 3.99739 -1.95796678752 -2.13180606186 0.493932233361
-113.829 33.8142 0.0016764324568 0.000290473764766 0.000616311391696 -0.000169097803813 3.84711 3.877 -4.88735609508 -5.81620799576 1.44187607734
-113.005 33.9383 0.00150117633733 0.000911841152634 -0.0003228589359 -0.000239760608654 4.07732 4.06051 -6.9069865342 -7.29724759297 1.73781673991
-112.333 33.9535 0.000735449864352 0.00109955570127 -0.000250164924497 0.000511870899104 4.11806 4.03599 -9.77336112298 -5.863909842 1.24623636271
-111.478 33.8798 0.000224994497336 0.00211850538201 0.000909664173672 0.000270821922715 3.99973 4.09224 -11.1856455157 -8.37601747626 1.40341615199
-110.844 33.6953 2.19309983815e-05 0.00174443383532 -0.000582472163144 0.000299744570836 3.97845 3.96627 -8.59463220115 -6.33942230971 1.08620373297
-110.034 33.7776 -0.000851476096658 0.000999368183539 -0.000105875930021 0.00177663477271 3.97264 3.98955 -8.09442347119 -1.19921592772 -0.0530994929702
-109.254 33.9571 -0.000992932832583 0.000220720408259 0.00242072305585 0.00199261731415 3.94337 3.91312 -5.89901200156 2.17992476037 -0.61771129116
-112.946 33.3627 0.00088333072531 0.000767831259357 -0.000776656893008 0.000713899389652 4.17575 4.15978 -4.69551796621 -5.16925995333 1.17010193366
-112.158 33.2893 -3.86510012927e-05 0.00117799024924 -2.60304586721e-05 -0.00010412522976 4.19937 4.20188 -8.50905305492 -4.04899246056 0.701431146101
-111.427 33.341 -6.86916805498e-05 0.00197573340853 0.000784340712768 4.14206345363e-05 3.98298 3.92556 -11.6096500514 -7.16402384801 1.0810229206
-110.472 33.2969 -0.000591969827838 0.00212535258584 -0.000836428711811 0.000370766319475 4.04427 3.98309 -8.6388317436 -6.0402489905 0.842096289748
-110.036 33.0851 -0.00136042262673 0.00317565559544 -0.000377864142476 -3.23746698639e-05 3.78333 3.73896 -10.1570173957 -8.09519424696 0.800411610705
-109.266 33.2921 -0.000434539187109 0.00182057612012 0.00482551852332 -0.000907869534327 3.65862 3.66778 -6.39944461788 -5.21752947524 0.839866102137
