-122.707 48.7197 0.00170477890116 -0.000501647141159 0.00538515012263 0.00354865318698 3.65687 3.6657 -6.74793760704 -2.01507804419 1.31592724098
-122.085 48.9983 0.00111878703471 0.0023325245486 0.00580148902688 0.00150358789525 3.44867 3.44897 -4.26037206988 -17.9347188844 2.09734748322
-121.48 49.0983 -0.00177355803498 3.037807184e-05 -0.00383098623587 -0.00372498865981 3.91276 3.9109 6.00333581193 7.63615449748 -1.35705838504
-120.384 49.048 -0.00199446838202 0.0013065458632 -0.00849322478736 -0.0172663536148 3.8055 3.81954 22.9856733819 6.69773841693 -0.00150348333107
-119.272 48.9534 0.000938787496605 0.00643759367415 -0.0139864113139 0.00159435230631 4.68936 4.74807 9.87559307397 -37.4510891363 5.16790017634
-118.585 48.9752 0.00279240481998 0.00268866140403 0.00556805893084 0.0024078784883 3.36791 3.3775 -7.30981233556 -26.2917683181 3.718325225
-117.559 48.9813 0.000257989679463 0.000430999139353 0.00343502153119 0.0043051023568 3.40385 3.40547 -10.437342155 -3.60557242845 0.415748113366
-116.363 48.958 0.00597146034124 0.00308483017466 0.0023933915207 0.00582283180587 3.54151 3.54485 -11.2033052955 -38.7150086025 6.71513025436
-115.653 48.9339 0.00286175633627 0.00180458130551 0.00320154789591 0.00141780961869 3.39326 3.38008 -6.93108887591 -21.8657895133 3.37957519283
-114.413 48.933 0.00130316818989 0.00150533099966 0.00266688296305 -0.000913887484596 3.51358 3.5021 -3.43378963177 -14.6315478652 1.92024085258
-123.504 48.0575 -0.00298231498595 -0.00462625714893 0.00897507422711 0.00135552370675 3.27381 3.2823 -3.86702115321 37.9303007113 -4.83108623491
-122.096 48.2641 0.00281324843023 0.000233219713793 0.00550722341506 0.00329931206434 3.38761 3.38742 -9.2109593872 -9.45328405922 2.6664128105
-121.484 48.5183 -0.000871905396236 -0.00186867867393 0.00378504989903 0.00258050293712 3.49561 3.48737 -7.1562516009 14.4478537786 -1.60721603364
-120.12 48.4607 -0.00265969998502 -0.00217340420462 -0.00469566914727 -0.00551023109509 3.64489 3.64196 6.19985123203 23.9699255553 -3.4341590082
-119.333 48.3584 -0.00155756942993 -0.00117762309683 0.00754337163417 0.0133174960048 3.43154 3.45054 -19.7200120609 11.0007843142 -1.8080675542
-118.149 48.4226 0.0031421680975 0.00265074077244 0.00434094640388 -0.0122462332595 3.31581 3.33113 4.13978008443 -29.1789822391 4.11057304273
-117.225 48.2995 0.000400011091084 0.000766952004118 0.00176713025764 0.00261242750352 3.64808 3.63901 -9.80301727657 -6.29587843838 0.696059866756
-116.367 48.4366 -0.000279049946753 0.00172176067079 0.00491282529044 0.00859458205012 3.25845 3.26826 -15.140009957 -11.0238847218 0.360559745387
-115.589 48.4694 0.00334672810403 0.00487494687534 0.00506057524433 0.00101895377699 3.16844 3.17795 -8.56843259161 -43.299016035 5.25032402445
-114.468 48.3739 0.000697122036803 0.00517630895941 0.00101369160166 0.00173242002799 3.84551 3.85995 -6.05161641918 -35.5920826898 3.28714813892
-122.173 37.1311 -0.000160379071286 -0.000976997500662 0.0024586588524 0.00592162141467 3.70208 3.70334 -8.84145846996 7.20586566525 -0.604249983531
-124.566 47.9475 -0.000192945237819 -0.00117126453841 0.000875436419426 0.000786314249251 3.6193 3.61822 -2.09696018277 7.61889520199 -0.749439497451
-122.972 47.7172 -0.00250545482367 -0.00341638698527 0.0105013587957 0.00307854577335 3.29511 3.30228 -10.2383038028 28.6739536381 -3.62713644961
-121.689 47.6947 0.00226821534608 0.00364630248832 0.00561896799658 0.00326203735043 3.45282 3.46575 -10.8652764729 -29.8700549383 3.50041483501
-120.894 47.923 -0.000681916691558 -0.00126128254257 0.000983967251256 0.00518388362846 3.72113 3.7251 -8.78504556179 10.1367387631 -1.15319690505
-120.061 47.6902 0.00374763663333 0.00356817811276 -0.00100700361168 -0.000388174307168 3.87724 3.88844 3.56099125942 -36.591390693 5.15035359222
-119.045 47.7849 -0.00107366285613 -0.00396009785021 -0.00224739837602 -0.00638290033822 3.79567 3.79005 9.02499800491 25.8852390231 -3.52452735744
-118.274 47.8006 -0.00214403768224 -6.28124683321e-05 -0.0100089358581 -0.0157489632192 3.64437 3.64869 16.1720021707 12.4656807814 -1.38081802631
-117.308 47.8192 0.00304195895208 0.00427490755489 0.0118134711343 0.0113503357139 3.58973 3.59634 -24.8763806126 -34.9314376301 3.8075376438
-114.574 47.6795 0.000903048774303 -9.04363571794e-05 0.00455565268116 0.00901815472311 3.85638 3.86717 -20.4763265209 -1.33740028164 0.836660588938
-113.747 47.7687 0.000597818837113 0.00504546389432 0.00657403642433 0.0121285904239 3.59994 3.61383 -14.4768506808 -36.601729095 2.56149984982
-123.771 47.1161 -0.000115596333171 -0.0016134129209 0.00297933460537 2.54691847873e-05 3.51499 3.51149 -6.63499997472 10.4256246335 -0.812660436593
-122.803 47.1109 -0.00109124398083 -0.000158403898028 0.00287760449094 0.00150612946484 3.39062 3.38546 -11.1573088952 3.90344160353 -1.07083113054
-121.989 47.1881 -0.00392997755405 -0.00469111086491 0.00305507391852 0.00133268291325 3.37136 3.3956 -7.22797885242 41.9924052579 -5.60604661249
-120.844 47.1935 -0.000972802272896 -0.00163775637396 0.00151496792475 -0.000629203512817 3.52755 3.53963 -2.51317978932 13.5793639139 -1.68884751528
-119.973 47.1936 -1.17025859013e-05 0.000247062307972 0.00564356996695 0.0021622900297 3.41498 3.43504 -10.59909693 -1.58550789848 0.0903126937355
-118.921 47.0573 0.00553500921604 0.00248619195817 -0.00100453551669 -0.00522677760766 3.55965 3.53089 7.15960841785 -40.4501158969 5.75999754654
-118.309 47.0615 -0.00129345065286 -0.000378025354694 -0.00328819811632 -0.00322895015257 3.7305 3.72099 7.96026945013 8.50915754654 -1.19684216921
-117.276 47.0547 0.00294400759966 -0.00107785284482 -0.000329361105571 -0.00655920753966 3.49601 3.51123 5.50301961496 -8.51455723426 1.47799964832
-116.335 47.0477 0.00318302602983 0.00259906464257 -0.00491872883734 -0.00549183920215 3.82039 3.83495 5.256992079 -30.1278710223 4.1044235568
-115.353 47.0528 0.004219565634 6.0613713541e-05 0.00394597692746 0.012028252228 3.60258 3.59891 -13.4269795842 -13.1957091963 3.88231111694
-114.459 47.0943 -0.00164833956468 -0.000124332661411 0.00439943614727 0.00783366701882 3.62963 3.62633 -17.8201258027 5.12159328636 -1.59152016878
-113.506 47.0816 0.00116560838338 -0.00190159027102 0.00823160638539 -0.0130047596266 3.06905 3.08073 2.66166686264 5.08242112451 -0.368269198009
-112.52 47.0418 0.00233933899112 0.00295454331387 0.00428769721487 0.00553392148583 3.7922 3.79923 -6.29974040258 -28.6703846735 3.56295190084
-123.563 46.5459 -0.00114866849686 -0.00149043208422 0.000863916526461 0.000942497028735 3.75381 3.75171 -9.22489662113 12.7876397274 -1.65289921898
-122.72 46.5934 -0.00166464145441 0.000196432763086 0.00254993157431 0.00209257226252 3.29439 3.29515 -14.9201338588 2.42271280888 -1.51550498276
-121.761 46.5605 0.00179177985775 -0.000964911628535 0.00232654682397 0.00255898397123 3.42008 3.40764 -10.3992606056 1.18403631095 1.25531863186
-120.979 46.5433 -0.00173875628141 -0.0022041514247 -0.000127434353528 0.00177024571689 3.75994 3.75971 -6.7623064285 19.7646837329 -2.56354079022
-119.855 46.5585 0.00086510385969 -0.000843483466996 0.00184668700221 0.00231881885607 3.3626 3.36903 -15.2550487686 3.62297308192 0.528619958144
-119.06 46.4911 0.0015202631024 -0.000798635091918 0.00402664507726 0.00567321128792 3.72669 3.73762 -10.8399509411 0.66860601865 1.04861040501
-118.146 46.5139 0.00294942155272 0.00460402125016 -0.00403976585444 -0.00393141364777 3.82633 3.83121 9.15588757962 -39.1917585738 5.34381002382
-117.11 46.485 -0.00221828319079 -0.0029525744777 -0.00511559951511 -0.00352098333592 3.58271 3.5683 11.6903162342 26.8233322505 -3.67986231765
-116.209 46.3559 -0.00301217617666 -0.00499522195675 0.0069597303177 0.00107774681071 3.35598 3.36885 -3.67354834335 43.5460926098 -5.26507196071
-114.188 46.4423 -0.0012929625105 0.00447477415602 0.0147831714697 0.00674138772171 3.26896 3.27608 -14.7215560378 -27.248260011 0.594431026048
-113.493 46.4162 0.00579145560695 -0.00113077391093 -0.010673094768 -0.0174549280998 3.24624 3.24234 20.8110914853 -33.6385850951 1.97739738886
-112.641 46.4246 0.00184673560103 -0.000439917111214 0.0110470295958 0.00793005658124 3.51376 3.50227 -9.68375087809 -4.00763044457 1.39410903715
-120.728 40.6183 0.000414190515402 0.000479949595319 0.00283678791865 -0.004236523567 3.28989 3.28614 0.990545019148 -4.78748960558 0.621158770601
-123.559 45.9306 -0.00119244715763 5.96643792879e-05 0.00065708779971 0.00252287480057 3.88432 3.88051 -8.40677529215 3.15282401966 -1.05638194619
-122.419 45.9325 -0.001630603894 0.00103198333233 0.00107399039432 0.0043873012938 3.31472 3.31384 -14.4197250574 -3.04731029248 -1.19274335513
-121.459 45.8839 0.000405482476846 -0.000124598660962 0.00524001909187 0.00197205315714 3.33731 3.33772 -14.5710689978 -0.147983016127 0.3389978438
-120.782 45.7664 0.000757255494914 0.000775479489038 0.000476209319747 0.00384866777152 3.53416 3.5284 -14.2250776751 -7.16959926613 0.981825881732
-119.928 45.8951 -0.00035118799919 -0.00190300614476 -0.000159044265156 0.000981201408161 3.66184 3.65404 -6.29602521594 13.341996612 -1.22844661569
-118.777 45.7971 -0.00216704632286 -0.00322323658302 0.00126807498572 0.00332411742834 3.48474 3.48638 -13.8739939755 27.9307684123 -3.21749386947
-117.909 45.7087 -0.00069394289525 -0.000151654301116 0.00840060064985 0.00388582646856 3.30948 3.31979 -12.6076678993 3.10157137848 -0.696175135151
-117.228 45.9734 0.0010184733234 0.00342018230979 -0.00708487086275 -0.00828209851514 3.56258 3.56215 12.2035794185 -22.4282556863 3.24600487725
-116.155 45.8883 -0.00255915086453 -0.00433270847815 0.00295030205632 0.0034855965405 3.47149 3.45893 -0.831122421454 37.5737799442 -4.63235910096
-115.255 45.7565 -0.000847812050521 -0.000126199465827 -0.00280899019032 -0.00197555266222 3.8667 3.86892 3.34317102147 4.94260268941 -0.721475890033
-114.332 45.7893 -2.94134998671e-05 -0.00115758976353 -0.00349694740864 -0.00819451179028 3.61744 3.63265 6.18882494788 6.45453267824 -0.832089170789
-113.37 45.8122 -0.000518648162897 0.00376211422078 0.00866056940339 -0.0166834686979 2.98929 3.00269 5.60919577603 -17.8515368192 2.26278190914
-112.493 45.8409 0.00065782674054 0.00157165212722 0.00814258040187 0.0105556080514 3.73039 3.747 -14.9233462573 -13.16877564 1.24755220595
-123.281 45.3153 -0.00239715618299 0.000634212028042 0.000576482369005 -0.000950882630574 3.82103 3.82301 -5.25633423139 4.14676085412 -1.80523917491
-122.478 45.2059 -0.00169564479859 0.00224820613817 -0.00193322828887 -0.004386117704 3.21208 3.21672 -9.73780709118 -9.61937900426 -0.613668210999
-121.317 45.2422 0.000201925159864 0.000851570950261 0.00143531235098 0.00331171135608 3.75167 3.74639 -10.2612585104 -6.2019418712 0.536905801167
-120.635 45.2357 -0.00136472297091 0.00192536715399 -0.000573489545701 0.00394783479363 3.53889 3.53423 -16.7724245358 -10.1589839681 -0.689278073314
-119.669 45.2664 0.0017157528166 0.00143378169997 0.00145181073815 0.00355768709463 3.55469 3.55103 -11.0318500598 -14.7829764425 2.15669646586
-118.96 45.2904 -0.00141017999939 -0.000400918245165 0.000731460848642 0.00220910301389 3.59155 3.57944 -9.52902799242 7.27530779273 -1.44114295376
-117.78 45.2781 -0.00114586400664 -0.000845824561655 0.000549073779372 0.00527234737713 3.58044 3.58332 -17.8655768752 8.70520078543 -1.35686221804
-117.12 45.2925 0.000398940855156 -0.0003808056855 0.00717808128454 0.010909710126 3.40439 3.41204 -16.71765851 1.64201788329 0.242623521034
-116.268 45.3997 0.00110573525676 0.00164966479947 -0.00593081372413 -0.0119669081432 3.49741 3.49304 11.4611250783 -14.4492450512 1.96970659066
-114.233 45.0931 -0.00237566622683 -0.00785548379904 0.00125676256432 -0.00274642248234 3.58341 3.59976 0.47929663871 58.3451063127 -6.79277447826
-113.46 45.2432 -0.000921991241142 -0.0014674493906 0.00151291390264 -0.0207544007549 3.25103 3.26629 8.43993100717 12.9024593097 -1.70409359638
-112.489 45.166 0.00123354333126 -0.00407719555818 0.00383383121249 -0.0054851556758 3.42506 3.44165 2.10859028813 17.3558752695 -1.78367786576
-124 44.6764 0.00148626432903 0.00096065824831 0.00445323624723 -0.000956099977162 3.57381 3.56968 -7.22421785108 -10.7749477398 1.75836079085
-123.292 44.6765 -0.000899787063466 -0.00021558568978 0.00247501270152 -0.00210127886059 3.4914 3.48893 -4.4926221128 4.49509117349 -0.889399506888
-122.186 44.6837 -0.00270697514719 -0.00162458605092 -0.00260377372388 -0.00157287430935 3.40486 3.41269 -8.13586055459 19.1475517812 -3.14699183793
-121.227 44.6473 0.000866130515163 0.0023529576654 -6.02043593994e-05 -0.00281854560492 3.49985 3.50751 -4.31118649007 -17.9142186177 1.94665951671
-120.335 44.7344 -0.000540678293623 0.00058086906612 0.00250546984307 -0.00070579149243 3.34155 3.34822 -7.17501782708 -1.86849095415 -0.200859652609
-119.565 44.5913 0.00126596596525 0.00264332356581 -0.00067469525368 -0.00114629718678 3.39667 3.40555 -11.3511843784 -21.6194511543 2.25011022484
-118.67 44.5191 0.00170091843321 0.00294813570557 0.000296258094316 0.00116315641762 3.59033 3.59892 -6.98141909905 -25.3208784114 2.92961604294
-117.664 44.6653 -0.00153601069248 -7.0444975856e-05 0.00161740489788 0.00129755266911 3.63608 3.62877 -8.48860818123 5.93658239142 -1.38483703339
-116.747 44.589 -0.000856962497424 -0.0034223200697 0.00212073586247 0.00587302906964 3.42138 3.42498 -14.2136043232 26.3253166925 -2.13411449151
-116.013 44.7035 0.00159398570333 0.00139630787684 0.0043427788314 0.0117562635415 3.50728 3.51319 -17.0303550328 -14.2001923099 1.98461358971
-114.855 44.5494 0.0029411045109 0.000250000287155 0.00483085508155 0.00297243978311 3.3183 3.29433 -7.49876268487 -13.2404160044 2.6523100068
-114.255 44.5642 -0.00267707726073 -0.00283780811521 0.0013061693944 -8.14509494727e-05 3.58832 3.55626 -3.46166754363 29.796845216 -3.82390945794
-121.551 36.3887 -0.000646591014561 -0.00143281474846 0.00234091919821 0.00330388553146 3.81271 3.81044 -9.84386220627 12.223228622 -1.23960296715
-121.461 40.8161 0.00219907027961 0.00200166561997 -0.00333601460711 -0.00455004602264 3.52773 3.53459 1.81102966602 -21.9900967416 2.96557542822
-119.023 36.6801 -0.00267166629499 -0.00254965528285 -0.000214712823731 0.00138784873612 3.76061 3.77324 -1.53989822954 28.9675600352 -3.66848163206
-123.83 44.0035 0.00242922774761 0.000555005633787 0.00576827492763 0.00164434746425 3.46792 3.46164 -11.2175001602 -10.3572092934 2.45485175789
-123.278 43.9726 0.000397958348938 0.00106919775527 0.00126972845252 0.00369922432233 3.62018 3.60848 -10.6172351601 -8.17283530838 0.793281400047
-122.411 43.7941 -0.00185907483702 0.000324971543403 0.00172122630505 0.00126674590873 3.37262 3.37371 -8.61645406944 3.8198018974 -1.52574707619
-121.268 44.1626 -0.00123217793469 -0.000700240250685 0.0017751067151 -0.000164957496682 3.31679 3.32603 -7.88583226468 8.66305158629 -1.41610755201
-120.211 43.9437 -0.000378494849274 -0.00146815825306 0.00161017629262 -0.00120294823892 3.48933 3.49663 -4.42525660024 10.7019481372 -1.08768952204
-119.504 44.082 -0.00152020271834 -0.00207981226518 0.000894281286718 -0.00149786538279 3.49413 3.51183 -3.30234727008 19.0696746497 -2.40476780426
-118.569 43.9104 0.000104036785334 -0.00118063720262 -0.00210384056963 -0.00577045986141 3.51798 3.54114 5.32482126794 6.04964192628 -0.712369057912
-117.741 43.9733 0.00208097146009 0.00175901193505 0.0013771547718 -0.00175226502747 3.42401 3.42969 -5.48976892157 -19.503310883 2.69391180403
-116.803 44.086 0.0010718018344 0.00025163508162 0.00158391296792 -0.00167815856908 3.42644 3.41365 -4.86195250829 -5.99484340202 1.03821520933
-115.958 43.9121 -0.00297392344255 -0.000228769235658 0.00656409256077 0.000668155604188 3.51852 3.52029 -6.01778328036 13.5400898242 -2.64366402557
-114.117 43.9146 0.0018366769647 0.0057855268622 0.00439203538547 0.00505833508904 3.87103 3.87323 -6.10638227633 -45.4959443102 4.68166940349
-123.575 43.3654 -6.49527340903e-05 4.52464628346e-05 -0.000945015265818 0.00049427714938 3.7573 3.7523 -6.01551516724 -0.0647553128032 -0.0356997783212
-122.965 43.3717 -0.00142950345233 0.000867747557544 0.00374927811957 0.00104208080625 3.27214 3.27414 -11.0945466831 -1.62277947291 -0.963747807537
-122.109 43.2406 0.000387708367415 0.000372387433325 -0.00189730645959 0.00188416153007 3.29344 3.29121 -9.8766006532 -3.66518639089 0.509475953769
-121.236 43.2843 0.000966669345711 -0.000432876806181 0.00286482196736 0.00185084124193 3.46093 3.45615 -6.55464536575 -0.65887204168 0.635969601054
-120.153 43.2515 9.74745682622e-05 -0.00299585628381 0.00157288594526 0.000773510033432 3.32409 3.31878 -8.58972803736 19.4045472298 -1.29641264317
-119.311 43.3736 0.000197410145785 -0.001330103918 0.00182684191599 -0.000181127592483 3.41773 3.41235 -4.35282223841 7.63681452673 -0.539739163775
-118.474 43.358 -0.00319807010125 -0.00475029330295 -0.000944785145443 0.000329360426154 3.4731 3.4645 -3.91927263427 43.1119522139 -5.26805867824
-117.754 43.3471 -0.00210957214175 -0.00153020350814 0.000394200792535 -8.01433010288e-05 3.26535 3.27052 -5.34833038081 18.2904114001 -2.59960665355
-116.767 43.4275 0.000257374312763 0.00152519963163 -0.000620113356364 -0.00212673108313 3.38161 3.38213 -0.878279649915 -10.4960276404 1.12073688326
-115.828 43.4151 -0.0024692118856 0.000985336942198 0.00223173257063 -0.000153296578689 3.48744 3.48529 -2.84097778817 4.81855441968 -1.44283172243
-115.098 43.25 -0.00302096652396 -0.00104228485013 0.00473853779373 0.00615996404157 3.59437 3.60547 -7.90920388774 18.9156098622 -3.12934572367
-114.174 43.3979 0.00408803754892 0.00516624934082 -0.0048934980273 -0.0161694476498 3.25663 3.28199 14.8757656461 -49.5007918975 6.58268794894
-124.469 42.8088 0.00306900617755 0.00230806319136 0.00412110289705 -0.000608458597291 3.54361 3.5442 -6.60913321867 -24.8380831095 3.78822693039
-123.49 42.7667 0.00099996009955 0.00028402408923 0.00221982250701 -0.00185881788925 3.52513 3.52004 -4.53059589526 -5.40648843239 1.00760977414
-121.731 42.6133 -3.76918386478e-05 -0.000182275744559 0.00209361056048 -0.000967882533884 3.26757 3.27267 -9.04633993364 1.32531991436 -0.115013368401
-120.893 42.7258 0.00211086172742 0.00160788964783 0.00101593884173 -0.00126109171123 3.14872 3.14609 -5.97609481481 -18.1354628525 2.63153097445
-120.251 42.7991 0.00099974405382 -0.000312432604255 0.00186886976643 0.000131128493829 3.3642 3.35333 -6.99734073272 -1.60053271212 0.720412629087
-119.247 42.6912 0.000424055537719 -8.54458981345e-05 0.000331209109907 0.000649266113588 3.3737 3.36481 -7.0248783675 -1.02201488106 0.326042261955
-118.486 42.7308 -0.000981005916374 0.000329907887207 0.00090321656282 -0.000240653825375 3.39013 3.37566 -3.65776093733 2.00672550642 -0.637009247546
-117.725 42.6996 -0.0031967320994 -0.00174907487719 0.000215688767982 -9.72857874201e-05 3.39377 3.39185 -4.56871511851 24.4305886733 -3.63407251705
-116.87 42.7779 -0.00216220419272 -0.000195026737633 0.00152929745557 0.00152454148131 3.36328 3.36872 -6.98199029948 9.80235594434 -1.9555314837
-116.032 42.7713 -0.00141944318205 0.000350887649655 -0.0027527837032 0.000398062375356 3.62763 3.63442 -1.13488870917 4.46591726882 -0.919095803394
-114.903 42.636 0.000312059272533 -0.00122477963312 -0.00117701662356 -0.00378893321866 3.484 3.48861 2.98635836836 5.49078397308 -0.585704945913
-114.084 42.6493 -0.00275080719634 -0.00570949030306 0.00283140757565 0.0012342507727 3.45778 3.47649 0.122475178489 48.3873083926 -5.75206797092
-113.176 42.5452 0.00133065347991 0.00152881089146 -0.00581560381429 -0.00359426804064 3.8982 3.90511 6.63699068711 -15.9888182629 2.02486030588
-123.602 42.156 0.00160437053917 0.00294311297876 0.00419842855955 0.00316431719777 3.59325 3.59209 -6.15045744666 -24.362711692 2.81889683194
-121.891 42.175 0.00025406385329 -0.00291038911908 0.00478468259108 -0.00205888490872 3.25178 3.24873 -6.0264312695 17.7592356082 -1.21570859174
-120.834 42.0472 6.56453993154e-05 -0.000520649503262 -0.000263941361719 0.00115131332747 3.34186 3.33979 -10.0862236079 3.27414799221 -0.169866834103
-119.34 42.0187 -0.000426111066377 0.00271434195056 0.00501480412397 -0.000256404713556 3.36826 3.3679 -6.43358834177 -16.0608711107 1.00862811068
-118.344 42.1901 -0.000441682312878 0.000229930167351 0.00116540173878 -0.00226430147412 3.45464 3.45613 -0.885652456259 0.589299212725 -0.218755305731
-117.667 42.0192 0.000122085744173 0.000796354369149 0.00238330528458 0.000492614920894 3.4734 3.46979 -5.6693415648 -5.67621198813 0.525981955701
-116.471 42.0773 -0.000328106013201 -0.00142681236127 -0.00112132362289 -0.00303675577046 3.56509 3.57312 2.36600095297 10.0413253259 -1.17842796469
-115.754 42.1669 0.00102297734815 -0.00246485640357 0.00191477819466 -0.000111117648199 3.4248 3.42782 -6.98724149988 12.1644390256 -0.421621387967
-115.016 42.146 -0.000761808656219 -0.00217928661632 0.00079075800792 -0.000906079039941 3.4683 3.46641 -2.54385981366 17.2816551704 -1.90754358426
-113.944 42.0886 -0.000100259145794 -0.000572902086852 0.00213975669523 -0.00327021409905 3.43476 3.42029 1.44590323409 3.93954974542 -0.451497910924
-120.74 38.7552 0.00157917529019 -0.000974890700479 -0.0024604656031 0.00212760549622 3.84009 3.82543 -10.669024728 1.26784645858 0.975786323415
-124.122 41.8473 0.000154106750908 0.00156064523957 0.0057324987455 -0.000224049854243 3.47182 3.47209 -4.8275039171 -10.3738509609 0.910209101428
-122.854 41.392 0.00259127321047 0.00398508223535 0.00319917565751 -0.0079963336344 3.15944 3.16718 1.62175804975 -34.9369774857 4.46917309578
-122.122 41.2742 0.00179801565544 0.000689321450515 -0.00371250905693 -0.0095985852193 3.36275 3.39869 5.58489792414 -12.6679502256 1.80460428016
-121.839 41.7826 0.00148681344364 0.00376254456972 0.00592820980689 0.00419871745294 3.36275 3.33925 -7.57245486614 -29.7825411674 3.0881239321
-121.146 41.3593 0.00399940790276 0.00342984569539 0.00476604097478 -0.000875678817243 3.27397 3.28548 -4.09441103252 -37.6684572883 5.21124747663
-120.477 41.2047 9.8648460197e-05 0.00275994625668 0.000960429366947 0.00196727949447 3.60696 3.609 -4.52067075243 -18.027907671 1.54977309899
-119.171 41.3884 -0.00201896450135 0.00125492276704 0.00165078556005 0.0019192880515 3.42986 3.42639 -13.7746307027 -2.66520978664 -1.35457967974
-118.379 41.4483 0.00108428999818 0.000292142351949 -0.00102795689841 -0.000132908215022 3.4629 3.46724 -11.262671169 -5.68646980806 1.10159272953
-117.45 41.423 0.000329130993038 0.00302603704021 0.00384429554017 0.000464428084527 3.49619 3.50336 -4.48731606924 -20.9016646094 1.94495345907
-116.54 41.522 0.00106790555019 -0.00150797297125 -0.00115270739238 -0.000158280435206 3.48834 3.48991 -4.55516175273 5.11437976878 0.0467339683582
-115.791 41.4311 -0.000422387015874 -0.00056743054212 0.00199555032395 0.000886878306493 3.43929 3.4363 -7.38893725934 5.51937744894 -0.656235002618
-114.915 41.4157 -0.00126657571724 0.000332135520685 0.00164318724436 0.00283092609692 3.43498 3.43804 -8.7771176815 2.80893297385 -0.923332494534
-114.165 41.3602 -0.00188326827569 -9.07680586121e-05 0.00078776032727 0.000613683897153 3.59436 3.592 -4.45000076092 9.21028276021 -1.59161295409
-113.347 41.503 -4.77413404097e-05 -0.000458853118515 8.84914330439e-05 0.000819815674684 3.70255 3.70287 -2.37821851026 3.13583377711 -0.317924923233
-112.448 41.4632 -0.000674668520138 -0.000736797824103 0.00088116145874 -0.000408934480087 3.73799 3.73788 -0.511141571281 8.03224703612 -0.990322668753
-123.306 40.822 -0.00249481201536 0.00270371321296 -0.00453872098096 -0.0199810762217 3.44177 3.44974 12.8530988423 0.4610905269 0.357479569725
-119.835 40.7484 0.00304541254048 0.00287261330267 -2.8236185781e-05 0.000356587463868 3.49951 3.51048 -2.84821595822 -31.127056508 4.13357466433
-118.971 40.7797 -0.000419730906754 0.000886523931572 0.00303966074886 0.00473185352084 3.39496 3.40083 -10.5255986075 -4.6043413994 0.0273165784255
-118.134 40.7811 -0.000201264292989 0.00215164586238 0.000307623423875 0.00462676649497 3.40055 3.39905 -13.7040443731 -14.5328223314 0.69664548579
-117.524 40.852 0.000473835319883 0.000722148557591 0.000325428217851 0.00493260814984 3.56072 3.55638 -11.8213339283 -6.65451285997 0.744778144829
-116.508 40.7186 0.000442678757068 -0.000870428150218 0.002418568909 -0.00100025244863 3.62225 3.59427 -8.97273924736 4.20955470124 -0.0463663581533
-115.736 40.8167 -0.00146138089833 0.000362839670146 -0.00186175728828 -0.00113478328763 3.57313 3.56329 -5.10730572229 4.04885869474 -1.01077332869
-115.039 40.8522 -0.00063282996315 -0.00186430425132 0.00668179929344 -0.00317233336149 3.24486 3.24268 -3.82190156492 14.9399925515 -1.59794617882
-114.204 40.8556 -0.00072811820917 -0.000229343458912 0.00228383743065 0.00228109689457 3.63451 3.6361 -8.84272962268 4.55330655232 -0.742564628421
-123.82 40.1398 -0.00115840285066 -0.00202584129309 0.00796272826331 0.00561763815457 3.55427 3.55867 -8.25312850172 17.2103347938 -1.95584100432
-122.788 40.1767 -0.00195386920479 0.00104077679061 0.013472578676 0.0131980651165 3.29794 3.29926 -13.7877505962 -1.70930743687 -1.41889117669
-122.032 39.9971 -0.00880418904884 -0.00323792430588 0.0115424639557 0.0118828463267 3.50743 3.52929 -20.1154787824 41.7970370303 -9.35762199133
-121.086 40.32 0.00289477426579 0.00253950001861 -0.00206583794223 0.00308673057659 4.11549 4.12686 -0.46004358492 -28.4065678649 3.83553091764
-120.918 39.962 0.00454196899895 0.00266436250033 0.00188465176303 -0.000960972170302 3.53306 3.55318 0.281507526941 -36.9385055189 5.22991083057
-119.827 40.165 -0.000367530160589 -0.00120198864363 -0.000514889790131 -0.0040045531798 3.49554 3.48868 3.6020165832 8.79976133637 -1.06414854398
-118.877 40.1614 -0.00175457690553 -0.00340038959372 0.00120018702636 -0.00105356836812 3.39825 3.41357 -0.462545161224 29.0921517414 -3.45411975575
-118.155 40.2903 0.00292867233007 0.00418759732022 0.0025890952433 0.00303610582207 3.41458 3.42935 -11.7107767076 -39.1905911188 4.4798989399
-117.19 40.1697 0.00165042255615 0.00264802514019 0.00182256766796 0.00216041394141 3.46146 3.45869 -7.25526641264 -24.4329421316 2.78399568124
-116.5 40.2917 0.00115116240055 0.00414547285723 0.00247957434558 0.00597066667045 3.53771 3.5211 -15.8980531295 -33.5739432853 2.67200375175
-115.657 40.1313 0.000420323639665 0.00285353880695 0.00403782976677 0.00277928608502 3.47228 3.46516 -8.93326117636 -21.2355050747 1.80199490087
-114.745 40.2679 -0.00146186403855 0.000748924393357 0.0018721966975 0.00342224410601 3.65251 3.64791 -6.98530316875 1.2595007927 -0.827143561245
-123.338 39.469 -0.00209470183296 -0.00239918981197 0.00135018834485 0.00543053145461 3.92264 3.92542 -3.73136057765 23.4668424665 -3.05017319804
-120.608 39.3028 -0.00340215445184 -0.00761625543053 0.0107752579034 0.0109956058046 3.7081 3.71232 -21.0154013564 63.2775336978 -5.38477756924
-119.898 39.6785 0.00300170754298 0.00780857500891 -0.00340883633766 -0.00986741950914 3.21531 3.20138 10.2766822009 -57.4608056048 7.79223962348
-118.889 39.5399 0.00120388832554 0.00423199254407 0.00511739652733 -0.00560363887078 3.22556 3.22333 1.0959905513 -31.4114566583 3.59706349333
-118.08 39.6946 -0.000281040815822 0.0013958621284 0.00340791594431 -0.00764419363815 3.05579 3.05715 -0.176462618999 -7.23173005421 0.638260533643
-117.14 39.5516 -0.000761479444435 0.00476398039927 1.83272634936e-05 -0.00488888598886 3.39962 3.4069 0.0116174069717 -25.5461173205 2.38301631373
-116.464 39.6202 0.000253978537761 0.00190302471397 -0.00351272343034 -0.00180821119951 3.73507 3.75539 -1.51171699741 -13.183849006 1.35894837625
-115.754 39.553 -0.00054041245487 0.00464456508088 0.00804860265868 0.00451516456193 3.35133 3.36024 -14.9860172411 -31.9520475194 1.42149161804
-114.908 39.4731 0.00111310711187 -0.000521397448808 0.00139874458961 -0.000227135057706 3.56731 3.56546 -1.05837762891 -2.31852659927 0.543037184815
-122.015 38.6333 -0.00196445718117 -0.00103225278844 0.00844717676435 0.00693754715592 3.57886 3.57906 -11.1191976406 13.5405338134 -2.21765566229
-121.377 38.839 0.000427021915621 -0.0022024445588 0.00506783540246 0.0093789001814 3.06072 3.06416 -17.3677697923 14.7544251401 -0.335885088035
-118.808 38.9383 -0.0021482565621 -0.00676777491095 0.0151768527176 0.0209726813919 3.39415 3.41552 -28.743110696 54.8557482419 -3.21690964963
-117.932 38.8606 0.00285608669208 0.00247029050908 -0.00177314037019 -0.00221032806128 3.51958 3.52867 2.35554657429 -29.4147849008 3.77618405069
-117.182 38.834 0.00614871159917 -0.00256841739192 0.000747567702392 -0.00825516959802 3.22981 3.23504 2.31705380685 -16.7449666057 2.93886750826
-116.4 38.8247 0.00206621478961 0.000920127518428 0.00274005771379 -0.00293754780288 3.30566 3.29782 -4.08914011735 -15.4864062124 2.21943823511
-115.654 38.8455 -0.00263799487885 -9.02583320799e-05 0.00450003856477 -0.00520979561814 3.16307 3.16087 -2.73587370073 13.2660427287 -2.16615190727
-114.83 39.04 0.00262925877129 0.0020142605588 0.00524593186685 -0.00194362044925 3.41634 3.41406 -0.391165898044 -26.029729336 3.31004478238
-120.936 38.2571 0.000501410926977 -0.000748082068765 0.00611365271723 0.00412725075629 3.49078 3.48114 -22.5048790053 4.58541182408 0.293427009904
-120.076 38.7028 -0.00171284974663 -0.00333783750998 0.00426284483098 0.00708080060994 3.33365 3.32253 -13.5975358814 28.9787189805 -2.9212559579
-119.451 38.5226 -0.00244838494254 -0.00394885192028 0.00805664579305 0.012894864522 3.41861 3.43202 -14.7661906298 35.7880853444 -3.80293411638
-119.047 38.089 -0.00186984438418 0.00248317639182 0.0130889666912 0.00263680804173 3.23503 3.22715 -7.90520200128 -9.424954018 -0.361810658705
-118.106 38.3489 0.0038618904244 0.0016454586209 0.00925966873382 -0.000162602255025 3.36801 3.38046 -2.44539091449 -28.4640207581 4.08979051648
-117.072 38.2397 0.000162191611982 0.000761285638041 -0.00216080230989 -0.00354177269628 3.57406 3.57318 3.23356325979 -5.36113517998 0.632154774405
-116.302 38.2886 0.000633551609648 -0.000477689202046 0.0137168715492 0.0114447337167 3.42812 3.42447 -18.8938965641 1.81056473816 0.426255491134
-114.608 38.3281 -0.000484769171185 0.00124453498206 0.000701994683025 0.00275836925319 3.65935 3.66219 -4.30255025598 -5.89485884397 0.336005022335
-121.328 37.5049 0.00100830914337 -0.000711993898355 0.00554552577164 0.00485448100311 3.60884 3.60633 -15.2318424358 2.15973429428 0.665538791415
-120.33 37.346 -0.00188530675745 -0.000363230855396 0.00698524809766 0.00771894827291 3.81599 3.80826 -13.8782074403 8.57549786169 -1.87026665047
-119.849 37.8817 -0.00109037798398 -0.000201596163441 0.0119300673595 0.00993224836722 3.52318 3.52226 -20.4749300248 4.05203065929 -1.10069546028
-118.171 37.4993 0.00128190310536 -0.00119094820708 0.0102272298981 0.000275790136709 3.43977 3.45001 -4.60038854854 2.11564722532 0.392443794973
-117.225 37.7243 -0.00197848210261 -0.00176485487448 0.0158812816645 0.00927394306629 3.21457 3.2237 -16.0232174864 19.1925196532 -2.51204336321
-116.595 37.923 0.00193816184227 -0.00115235621228 0.00153722990676 -0.00330321737978 3.34022 3.35696 -0.606248092142 -2.51957715696 0.790817541195
-115.747 37.6444 0.00074037519651 0.0011656489206 0.000999579186728 -0.00264572644022 3.45105 3.45214 -0.620353049366 -11.1151573597 1.31025834531
-114.849 37.6083 -0.00273080319603 0.000741821625787 0.00166896810516 -0.000453880509894 3.59549 3.61549 -2.61023636647 8.80857170935 -1.71105618656
-113.86 37.5808 0.000125100525735 0.0031716169327 -0.000808900149371 0.00328415777079 3.94418 3.95705 -2.12422499993 -21.0749773316 2.07407700928
-113.168 37.7601 0.00183411904132 0.00186595301733 0.00789954489278 -0.000677058143048 3.39856 3.40865 -3.93574600897 -21.4530939358 2.58784047311
-121.786 39.2291 0.000483278341645 -0.00210494374699 0.0112973448734 0.01404078817 3.47348 3.47786 -20.0563125649 14.2505912327 -0.13787108758
-120.674 36.8953 -0.000631361284311 0.000857080069362 0.00372185458542 -0.00160165553531 3.5698 3.56956 -14.7449400974 -4.22850910471 -0.244745508996
-119.709 37.0069 -0.00410446704065 -0.000800180578394 0.00647224179569 0.00798860039326 3.79376 3.79757 -12.8047244095 19.5650139945 -4.05085805025
-115.22 37.2408 -0.000343811332074 -0.000903989423457 0.0116849163381 0.0155007020767 3.82728 3.82209 -17.7375648896 7.89868663924 -0.662161513704
-114.715 36.7256 -0.00150898176658 -0.0030347890661 0.0145535586202 0.0162323591398 3.68041 3.65367 -22.2747326703 27.642510985 -2.38086720624
-113.907 37.0195 -0.00133897604994 -0.00151972364056 0.00440398809991 -0.00710500664226 3.23677 3.24556 -0.127167123926 16.7580682039 -2.00582916598
-113.084 37.0615 3.52480504549e-05 -0.00136899552027 0.0121693314464 0.00693532845546 2.95039 2.95387 -12.7206590938 9.8865118325 -0.620363182121
-112.382 37.0183 -0.000493852491514 -0.000385999915261 -0.000227762245272 0.000388717364531 3.60322 3.60525 -2.73207017184 5.11058149552 -0.626756956408
-120.783 36.3627 -0.00292569518876 -0.00113902872546 0.000970035324904 0.00220872878381 3.64741 3.65106 -16.0539592432 16.848019836 -3.13942224234
-120.12 36.3356 -0.00208279333808 0.0015620871126 0.00156737363851 -0.00199095232085 3.48834 3.49853 -15.0646311461 -4.87411421237 -1.30087261455
-116.33 36.4193 0.00320081790257 -0.00252725771972 0.00906775954422 -0.00294247687954 3.16326 3.16532 -3.62640088585 1.22003405965 1.0909650567
-115.383 36.423 0.00185441117993 0.00215641420305 0.00686117373799 0.0161757581327 3.45456 3.46382 -19.58281907 -21.955727368 2.49572727179
-114.539 36.4321 -0.00346983333729 0.00220966502067 0.00740073816858 0.0107591575818 3.83352 3.83249 -15.9575287383 -4.64505343167 -2.23225484346
-121.236 36.0214 -0.00116344186555 -0.00143412992554 0.00200076806954 0.00419519473472 3.86107 3.85883 -6.71836502 14.3353689669 -1.73724045917
-120.87 35.636 -0.00174042065424 -0.000505002851233 0.00302076798424 0.00147870351761 3.71473 3.71489 -3.58870396597 11.062664223 -1.7202904584
-119.903 35.8667 -0.00190628328575 -0.0010788013825 0.0106862279382 0.00191915850182 3.22612 3.22881 -11.7073799807 14.4621227392 -2.18779078194
-115.43 35.8384 -0.000783986413026 -0.00597968658595 -0.0043192637587 -0.00436079881061 3.66672 3.68395 4.44514620229 39.6020948368 -4.76863530351
-114.851 35.7266 0.00271743251364 -0.00067319826198 0.00662604209733 0.00642630082333 3.64806 3.65355 -9.80990389644 -6.75447179868 1.98931836579
