-114.58 32.5356 -0.000835019216179 4.1974803806e-05 0.00623803486478 0.00159990015628 3.78958 3.96587 -9.82042922866 6.93669786374 -0.647797162979
-113.767 32.7683 -0.000901577852869 -2.1021643025e-05 0.00415307649706 0.0091012201396 2.9465 3.04794 -27.9702349924 4.79192014975 -0.857893106707
-112.883 32.7513 0.00355374724817 0.00243294490502 0.000151587532589 0.00257970945385 3.40019 3.75427 -26.74305939 -54.0210557082 4.19903251092
-112.228 32.7006 0.0047095406621 0.00272706964371 -0.000951910219541 0.00266977349584 4.2347 4.16203 -13.3300324051 -75.3641891749 5.41572096993
-111.704 32.5618 0.00371440337786 0.00344183132125 -0.000391953092423 0.00255335374883 4.23171 3.46431 -7.21713165299 -76.836610758 5.06373868396
-110.739 32.5716 0.00209036906318 0.00259636413784 0.000322019233772 0.000980280826272 4.1514 3.84117 -0.4429404201 -49.9203259464 3.33294278556
-109.97 32.6399 0.00062902786278 0.00207533128113 -0.000186044314761 -0.00109626506112 3.95356 3.93072 4.33288009744 -25.7213062803 2.07382943725
-109.303 32.7663 -0.000652868376786 0.000716263599011 -0.000202602180119 -0.0012597331975 3.89868 3.6512 4.11820700405 2.38150249589 0.24289227996
-108.633 32.5466 -0.000633266429462 -0.00047373798783 0.000976349365052 -0.000803505112484 3.95798 3.49429 1.21571783796 12.1801853176 -0.752654976903
-107.785 32.5324 -0.00127177196527 -0.00141248330681 0.00013155506001 0.00109574466738 4.31339 3.80474 0.338189419821 28.6302302899 -1.88685774472
-107.001 32.6995 -0.00269557163081 -0.00164295112104 -0.000278268806402 0.0038919753943 4.70168 4.25226 3.0241072875 48.8684433421 -2.80281408918
-105.454 32.7001 -0.00517379354546 0.00211340573735 -0.00560391768508 -0.00194444795575 4.66606 4.49383 -320.907321592 83.8823132528 2.72304278164
-104.657 32.6588 -0.00238155153803 0.00056414123697 -0.0264959061746 -0.0290595907887 2.91902 3.00697 -319.806220471 38.082092494 0.934878168528
-112.812 31.9559 0.00106981128812 -0.000159546321895 0.011742615609 0.0101280662567 3.03819 3.141 -29.1897965126 -2.89937323057 0.962759023672
-111.457 32.0022 0.00342073708947 0.00224040531376 -0.00257916101153 -0.00399582221894 3.73023 4.01891 -1.93080553146 -61.7148043608 3.96156042428
-110.816 31.7748 0.00320940469925 0.00164467197078 3.91947221812e-05 -0.0041396423255 3.90435 4.04136 2.16616802991 -54.4101443286 3.26382935247
-110.046 31.9737 0.00207832442938 0.00134439448361 0.00157042365131 -0.00154525051467 3.92527 3.85023 1.78075922129 -37.9640109029 2.32399098056
-109.259 31.9989 0.000835257285917 0.000807101938512 -0.000329971636018 -0.00119644635 4.08605 4.01095 4.63044581997 -17.5852737372 1.13222638064
-108.527 31.9041 -8.13892106236e-05 0.000295123879784 -0.000998032055395 0.00155873917031 4.52708 4.24307 2.34544658929 -1.54739114638 0.197166753391
-107.778 32.0094 -0.00109164506882 -5.13984668138e-05 -0.00136448535341 0.0037689896448 4.68331 4.43404 1.92461635988 14.4984535976 -0.650699705655
-107.101 32.1046 -0.00320467623929 8.22611264562e-06 -0.00143930412986 0.00420662302946 4.70682 4.63811 2.35603269598 41.9321513965 -1.71219054042
-105.523 32.076 -0.00546809884372 0.00091923611187 0.00134054919357 -0.000404142682606 2.88879 3.1231 25.2661565038 82.8283337303 0.208972049469
-109.281 31.3757 0.000702434935843 0.000727332085333 -0.00196892886148 0.00354813707542 4.61426 4.54893 3.03050894841 -15.3667131813 0.999134964235
-108.528 31.3369 0.000148868581608 0.000720808272758 -0.00310050062662 0.00176939866114 4.49263 4.44606 3.63513388026 -8.11506855169 0.682764575861
-105.483 31.4425 -0.00262454757511 -0.00266200529037 0.00610766420442 -0.0130826723386 3.11732 3.09969 -0.387099178534 57.3173352868 -3.66712090983
-104.971 31.3711 -0.001581113826 -0.000361144989228 -0.0176051369453 -0.0146790472121 3.66028 3.66301 28.5922361087 25.1540944805 -0.463639514196
-104.029 30.6689 -0.00112847234128 0.00213187788134 -0.0539975639872 0.00720965572867 4.67281 4.63471 -284.093798114 36.3672090005 2.31205786886
-102.685 30.7263 0.00139400342171 0.000544829752132 0.0131869063577 -0.0281986418087 2.76137 2.81092 3.44504026627 -23.6909603469 1.10037273486
-104.09 30.0609 -0.00360021818505 0.00528871584819 -0.0744183653741 -0.0178499381687 2.67634 2.75931 -297.976066005 91.5347155039 6.38082832787
-103.612 30.1456 -0.000743396356145 2.37568738892e-05 0.0258092050544 0.0327280627463 5.89088 9.82837 -56.5864026595 0.0807056539478 -0.741916678409
-104.133 29.554 -0.00158115308305 -0.000602397227834 -0.0394773262884 0.0445753542557 24.1508 -nan 31.7046648507 25.2857777051 -0.620936779962
-103.389 29.4528 -0.00909356063174 -0.000798959086273 0.136062426887 -0.01752565912 1.68365 1.95445 -32.3329477856 75.8372942002 -8.50468435841
-102.888 29.4862 0.00685051142961 -0.000847711963199 0.044452274196 -0.000294704460353 2.90379 3.11985 -18.8551321666 -60.9681375833 4.65125296884
-122.085 48.9983 -1.16284910042e-05 -4.54670833191e-05 -0.0024006336494 2.87630365561e-05 4.20696 4.22291 3.32971982023 0.505922485174 -0.0423323314674
-121.48 49.0983 0.000183258851492 3.39303602577e-05 -0.000731568736823 -8.71295548017e-05 4.28595 4.28028 7.24047143448 -2.24939906355 0.133703923275
-120.384 49.048 -0.000147962108737 -0.000240311240015 4.59773929456e-05 0.000130561501474 4.2591 4.18817 6.87290144359 3.45022866332 -0.281827485813
-119.272 48.9534 -0.0010435897115 -0.000425360018302 -0.000109169246635 0.000593747312322 4.41185 4.29691 9.48487292583 14.9506623107 -0.90051245884
-118.585 48.9752 -0.00199219806981 -0.000394058111463 -0.000287550964081 0.000329632208307 4.40092 4.30649 10.5040762669 25.9902434278 -1.31354281858
-117.559 48.9813 -0.00275060306681 -0.000425308160398 -0.000895408068319 -5.63149917821e-05 4.47148 4.4996 14.6296723826 36.2695584072 -1.50299144592
-116.363 48.958 -0.003385634499 -6.95473441922e-05 0.00114254426338 -0.00475863478996 4.23804 4.69665 25.3853463977 45.0993335183 -0.764149658187
-115.653 48.9339 -0.00217269489913 0.000397788898164 -0.00290893873808 -0.00471925030741 4.17272 4.69883 29.7280082391 28.677349095 0.139235805335
-114.413 48.933 -0.000300237176393 0.000744310693527 -0.000275942059991 -1.80142751837e-05 4.40546 4.68386 26.5924438621 2.54138949758 0.691447636343
-113.422 48.9725 0.00156858487853 0.000825551917564 -0.000288206627532 -0.000432943251867 4.40737 4.4996 17.7581226581 -23.7569309451 1.23192653702
-112.733 48.9777 0.00165361996299 0.000806733205173 -0.000806586565206 -0.000406063472334 4.16749 4.17439 9.52852749124 -25.1941123826 1.40401768169
-111.597 48.9482 0.00153053397095 0.0003582538541 0.00179521575116 -0.00144701241315 3.97101 3.93635 2.72654059328 -20.7682045656 1.06086098036
-110.699 48.9448 0.00132693936812 0.000119780424214 -0.000331477897796 0.00045158842233 4.19099 4.11969 2.68896093152 -16.8898485793 0.734473414567
-109.846 48.9198 0.000458092717512 -6.88991075289e-05 -0.00142093285399 0.000859878204723 4.18537 4.1339 1.6209771833 -5.11585324812 0.157280763268
-121.484 48.5183 9.03911675011e-05 -0.000346851509727 -0.000930398918051 -0.000446655814182 4.15965 4.17088 5.55011399252 1.84384497324 -0.221273569442
-120.12 48.4607 -0.000146442682065 -0.000180240348523 -0.00037045071788 -0.000824021695852 4.17699 4.15009 9.54302300045 2.94674943241 -0.230398264289
-119.333 48.3584 -0.00100480901732 -0.000408592898727 -0.000882004512987 -0.00104843253295 4.13506 4.03993 10.9422535858 14.4815181194 -0.852813536881
-118.149 48.4226 -0.00216454324492 -0.000614028979434 -0.000191689982801 -0.000643586449636 4.1981 4.14212 12.6682179321 29.8715474244 -1.52114895399
-117.225 48.2995 -0.00291486959184 -0.00110889462462 0.000249982081028 -0.00115127439194 4.04206 4.08264 15.334257456 42.2943711817 -2.1634689432
-116.367 48.4366 -0.003571321451 -0.00134947634216 0.00121488253541 -0.000478161901389 3.90892 4.19573 20.3927257221 51.8136241583 -2.33784044645
-115.589 48.4694 -0.00277812845302 -0.00120470872216 -0.00190584344429 -0.000562118773203 3.70292 3.98926 30.1699584916 39.4677684162 -1.50806951963
-114.468 48.3739 -0.00101645463844 -0.000122233396882 -0.00125661501019 -0.00434621546947 3.36433 3.52513 32.2592144506 13.9838773788 -0.177828919551
-113.273 48.3609 0.000937519280917 0.00115005477503 -0.000540933503026 -0.00188034630893 3.71902 3.91183 21.4029462696 -16.0361013524 1.32785554625
-112.562 48.3129 0.00219589397035 0.00110929429537 0.00110779887019 -0.00183218026769 3.82461 3.99038 13.5360284455 -33.6291624487 1.78683719264
-111.707 48.4128 0.00214145073891 0.000987459199928 0.000361633753615 -0.000484064054063 4.08584 4.03671 7.9582301752 -32.535833228 1.78274158871
-110.799 48.2921 0.00144876567328 0.000766959765481 -0.000808739776015 0.000480290313806 4.28656 4.13203 3.96265090404 -22.6933350089 1.34709196406
-109.777 48.3943 0.000358215413398 0.000562373763987 -0.000462090327086 0.000178092955021 4.12852 4.02968 0.582697699982 -8.17026906789 0.665885065263
-120.894 47.923 -2.69683408484e-05 -0.000313833272312 -0.000299827660591 -0.000403953887435 4.02427 3.98215 5.64538141427 2.8145593521 -0.267437404744
-120.061 47.6902 -0.000318846693718 -0.000451473983252 0.000143200975489 -8.21394477545e-05 4.07778 4.02394 7.99664135865 6.95606189868 -0.552510857592
-119.045 47.7849 -0.000993636323329 -0.000433374209404 -0.00105544296129 -0.000641785250219 4.12075 4.04572 11.7412168938 14.6058015708 -0.85881218411
-118.274 47.8006 -0.00172753879408 -0.000756007332196 0.000496473666378 -0.000592005551342 4.05436 4.00475 11.7433247388 25.5080328403 -1.478661115
-117.308 47.8192 -0.00231682817135 -0.00116623729392 -4.18387251753e-05 -0.00121406024972 3.87946 3.85657 14.341316419 35.2729267083 -2.0182466028
-116.256 47.8397 -0.00322027209348 -0.00180999968172 -0.000376206774286 0.000817396387146 3.98245 4.07362 18.2407357142 49.6814234822 -2.77365921934
-115.475 47.7092 -0.00335469426394 -0.00160871487241 0.00104015904508 -0.000387190621129 3.82138 4.04502 20.7598544268 50.2684401976 -2.47142189238
-114.574 47.6795 -0.00255430340933 -0.000805637269521 -0.0006867295656 -0.000405783766762 3.71808 3.96466 29.9250955978 36.0596687576 -1.06238429524
-113.747 47.7687 -0.000117196231 0.000269812481995 -0.000486048491699 -0.000887792636447 3.60109 3.79508 31.4850495667 1.39405139778 0.262493884891
-112.607 47.775 0.00160932826624 0.00104599098308 -0.000443876851031 0.00116471121885 4.06154 4.27513 21.0789685038 -24.8416690123 1.36916783705
-111.746 47.8012 0.00195965642827 0.00161325480756 -4.01627218742e-05 0.00142057637482 4.30605 4.30331 11.5887850804 -33.3530566554 2.20825480805
-110.763 47.6327 0.00136985815276 0.00155053898038 -0.000707786573661 -0.00010353180839 4.26661 4.15562 5.04753744896 -26.6695708321 1.99867608888
-122.803 47.1109 0.000206732761678 8.9114914626e-05 -0.000847615614814 0.00078408282318 4.05509 4.04601 0.424333364567 -2.81520506933 0.208190638066
-121.989 47.1881 0.000162671599068 4.49472060778e-05 0.00018147569732 0.000424159369198 4.09367 4.07689 2.2708765991 -2.03459042138 0.141624786142
-120.844 47.1935 0.000255210875313 -6.48753251111e-05 0.000565564007308 -0.000451894986959 3.98848 3.93748 4.7437243479 -2.17653954092 0.105800231432
-119.973 47.1936 -0.000204154775098 -0.000364780902306 -0.000731378369269 0.000402537063708 4.20871 4.11016 7.82703132685 5.04981046982 -0.416602538116
-118.921 47.0573 -0.000738078201827 -0.000481545633176 -0.000718041152579 0.00107643717919 4.27037 4.14241 9.28275616779 11.9787733486 -0.795934662088
-118.309 47.0615 -0.00140135896696 -0.000753028488481 0.000548417916039 0.000827386612114 4.12653 4.07486 8.8839477955 21.6515819023 -1.37009852275
-117.276 47.0547 -0.00179346320977 -0.00103623105279 0.000737993902861 0.00086548201439 4.15701 4.11112 10.2754594701 28.324450921 -1.77033079678
-116.335 47.0477 -0.00259034278349 -0.00150417748109 -0.0022942246023 -0.000315360570432 4.11336 4.09428 17.0350794325 40.5763441993 -2.33039759609
-115.353 47.0528 -0.00373978807473 -0.0017765851491 0.00121681025035 0.00153796247982 4.13033 4.32283 18.0928158856 56.6243442922 -2.88706975351
-114.459 47.0943 -0.00323303763228 -0.0016618818177 -0.000858424140543 0.00235918132957 4.06464 4.5095 27.4291148589 47.5200169462 -2.11963980722
-113.506 47.0816 -0.001215844819 0.000336706698475 -0.000396855015244 0.00131303554162 3.75961 3.9922 31.1384669548 16.4997835823 0.257532110471
-112.52 47.0418 0.000488148289737 0.00199738138564 -0.00143995214144 -5.10672897263e-05 3.83022 4.01535 27.1292682106 -9.9348322037 2.04033401405
-111.549 47.0308 0.00208372887825 0.00270415217625 0.000230411128798 0.00101834470021 4.19849 4.40311 17.1861153223 -38.0300995652 3.16186738804
-110.687 47.1523 0.00222486225814 0.00195188890549 -0.000627388347962 0.00121958817216 4.23873 4.23032 7.21182856096 -39.5343437176 2.69682772885
-109.802 47.1961 0.00075103482773 0.00104024495785 0.000317224962939 0.000368431398067 4.11055 4.04691 -0.0906975083404 -16.4580646002 1.27784374103
-123.563 46.5459 -9.34846657292e-06 0.000123352472027 -0.000629521498264 0.000505854499284 4.06253 4.05797 0.289704535471 -1.09009058168 0.0798598805712
-120.979 46.5433 0.000327211443504 0.000143151581298 0.00112947336947 0.00045248174495 4.04105 4.01182 2.09176631915 -4.61371666891 0.322751238001
-119.855 46.5585 -2.84513263943e-05 -7.27844073436e-05 -0.00173374801039 -0.000486739939002 4.10941 4.03394 9.08379581911 0.861543803871 -0.0765799246105
-119.06 46.4911 -0.000552595732971 -0.000393527541639 -7.48917743544e-05 -0.000308909445139 4.08509 4.01715 9.9614594513 9.22682076866 -0.622678931878
-118.146 46.5139 -0.00104538609238 -0.000743619242738 0.000865762612378 -0.000220246383849 3.98348 3.93436 9.16179067402 17.5005188843 -1.17562452105
-117.11 46.485 -0.00159300355067 -0.00119153522359 -0.00021845263365 0.000629787787021 4.1855 4.14833 10.8808094684 27.0148120092 -1.8022944831
-116.209 46.3559 -0.00217829385763 -0.00140000816506 -0.000899875980967 4.19585054606e-05 4.20928 4.11359 11.7969522229 35.4841266219 -2.22069368398
-114.188 46.4423 -0.00443201166051 -0.0017562296759 0.000349668657074 -0.00209311129206 3.64476 3.81977 22.7833316509 65.4125949005 -2.71317713671
-113.493 46.4162 -0.00338597950558 -0.000844950107447 0.000619296167704 -0.00030436849293 3.44371 3.96037 26.3205995234 48.3343557823 -1.35129238876
-112.641 46.4246 -0.000625942314319 0.000856617369187 -5.6028014693e-05 -0.000437966748505 3.25054 3.66356 29.7992139723 7.80194047196 0.806927782057
-111.676 46.5336 0.00195207214304 0.00199368465997 0.00123362607592 -0.00247167645109 3.43996 3.76881 25.4345924975 -30.7065649666 2.23301464872
-110.858 46.462 0.0029767666477 0.00208652451459 -0.00131143490276 -0.001361204218 3.72844 3.74748 18.0886480199 -47.5528538329 2.7442894422
-109.914 46.5663 0.00115063465211 0.00158797228173 -0.0015233095976 -0.000678093498503 4.0164 3.97254 4.73335937651 -24.3476203727 1.93292372509
-123.559 45.9306 2.26564988918e-06 0.000136757008078 -0.00182318860274 -7.5283487768e-06 4.11992 4.11836 1.69463471686 -1.30634933202 0.0994397350181
-122.419 45.9325 0.000208413819315 0.000549720758433 0.000665427394359 0.00107104269902 4.04877 4.07897 -1.35041820772 -7.30853721164 0.53090843311
-120.782 45.7664 0.000586020174428 0.000118164380558 0.00111071150936 0.000269114216723 3.8576 3.87116 0.684323954377 -6.96300859761 0.483353035577
-119.928 45.8951 0.000331930770811 -6.93116595533e-05 -0.000223396134731 6.97248201476e-06 3.99437 3.96176 6.06738643332 -3.09481780319 0.140230299083
-118.777 45.7971 -0.000151896817576 -0.000566280112128 -0.000590428811276 -0.0013284507627 3.95196 3.87858 10.1386790191 5.78240076462 -0.563687674741
-117.909 45.7087 -0.000824894039097 -0.000862627702435 1.23902716122e-05 -0.000929220063854 4.09512 3.98743 10.372715754 15.7567345096 -1.15880084215
-117.228 45.9734 -0.00137142761316 -0.000989536155602 -0.00065888326192 -0.000740520875942 4.10093 4.0126 12.2281224581 23.0287744492 -1.50639492746
-116.155 45.8883 -0.00221984767361 -0.000908434326954 -0.00126169610419 0.0011449620432 4.27242 4.2 11.8647177641 33.0935721314 -1.80044892328
-115.255 45.7565 -0.00304549345317 -0.00138650860169 0.00159414933004 -0.00112368504804 3.93632 3.97092 11.631398145 46.4610580573 -2.56974281245
-114.332 45.7893 -0.00351162168321 -0.00228715410749 -0.0011446771807 -0.000751075710406 3.85325 4.02928 16.8695471101 56.7159722211 -3.32445265165
-113.37 45.8122 -0.00391896760381 -0.00329754629179 0.00108848726286 -0.00289671996437 3.477 3.88032 20.310356245 64.7408043375 -4.19378228222
-112.493 45.8409 -0.00217621267411 -0.0020723620172 0.000732151902304 -0.00223144630703 3.30065 3.56253 28.2892431721 33.3021252141 -2.28531289935
-111.626 45.7843 0.000706463014126 3.75390651815e-05 0.00184392941162 -0.00129052634599 3.40608 3.69422 32.7968144468 -9.92753038653 0.0428791650416
-110.659 45.9054 0.00242502051477 0.0017512521936 -0.00308037526713 -0.00298293492718 3.5351 3.76774 26.6796885442 -36.2988330292 1.97123572774
-109.716 45.9046 0.00127024626761 0.00116259364425 -0.00432433582735 0.000998178026543 4.24153 4.20808 8.63318956178 -22.8199739947 1.5581553959
-122.478 45.2059 0.000284957145607 0.00023033655943 0.000439511861875 -0.000382956333358 3.88608 3.92524 0.342487573486 -4.94291019428 0.364290457437
-121.317 45.2422 0.000821287452989 9.31696124136e-05 0.000418439747377 -0.000619763838465 3.81882 3.85244 -0.621913834561 -8.85282775356 0.64340655216
-120.635 45.2357 0.000763842062906 -0.000150049477538 0.000558572126432 -8.19105575321e-05 3.91682 3.91478 1.34431379771 -6.38695324533 0.399294758463
-119.669 45.2664 0.000588862082338 -0.000269650508767 6.47148798858e-05 -0.000361582175448 3.98628 3.9589 4.44825643285 -4.10698257181 0.148355401923
-118.96 45.2904 7.0413765419e-05 -0.000365893341089 -0.000754865501004 0.000308942221331 4.19313 4.10163 7.93547979129 1.97685040762 -0.265800697107
-117.78 45.2781 -0.000795354901077 -0.000601608545181 -0.000123821052967 0.00161110252092 4.26472 4.12648 8.93769738479 13.6988028129 -0.927528947926
-117.12 45.2925 -0.0016147660126 -0.000821380539117 0.000105988161266 0.000515644972222 4.10781 4.02729 11.2611770841 25.0629758045 -1.48878133488
-116.268 45.3997 -0.00203534335109 -0.000971068597285 -0.000716461662421 -0.0011908458407 3.87288 3.88942 14.1777697904 31.2742521166 -1.72543030312
-115.326 45.1285 -0.0021111361044 -0.00168409305673 0.000967898031694 -7.53767361321e-05 3.96646 3.98255 12.393174742 36.6353478079 -2.42430943518
-114.233 45.0931 -0.00236324874786 -0.00216637733296 -0.00158589232561 0.00108595025208 4.21889 4.1659 14.6444483601 41.9735769565 -2.88972892656
-113.46 45.2432 -0.00326433779454 -0.00338257326863 0.000215608889362 0.00528568086565 4.61368 4.58181 11.0701999733 61.2835267999 -4.43088256745
-112.489 45.166 -0.00379366949145 -0.0017257556546 0.00276279433045 0.00248343341864 4.18422 4.45144 20.5900557228 57.6310659119 -2.58547822081
-111.805 45.2285 -0.00148277727735 -0.000928099039986 -0.000224646233284 0.00145303456678 3.93006 4.28532 33.0086491167 21.0418798995 -0.944946626557
-110.74 45.3212 0.00115068199837 0.000630448987306 -0.00537978725602 0.00459608473344 4.07921 4.28156 -326.909150943 -16.1473952832 0.61644818333
-109.563 45.3171 0.00106840285843 0.00116470733931 -0.00560618143397 -0.000935903873861 3.71133 3.74624 12.0890542254 -19.6843572275 1.44837298986
-122.186 44.6837 0.000452914376146 -0.000233393457347 0.00108001143347 -0.0011955024879 3.83933 3.86978 0.0734014537912 -2.10362213334 0.156000367563
-120.335 44.7344 0.000741790401031 1.22737081299e-05 0.00111023048317 0.0003087008388 3.94583 3.91487 0.25550445752 -7.56003025067 0.514638442311
-119.565 44.5913 0.000476056836198 -0.000230450522404 -0.000885303698578 0.000571806346718 4.22034 4.16163 4.45874941261 -3.20897787238 0.111747274308
-118.67 44.5191 9.04517256765e-05 -0.000436408035097 -0.000380162006948 0.00123315503054 4.19331 4.11791 6.42066739871 2.45105213891 -0.304745649734
-117.664 44.6653 -0.0006111786914 -0.000693062288822 -3.70107140712e-05 -0.000902817976098 3.90714 3.86993 8.72266626896 12.2588254287 -0.910836671794
-116.747 44.589 -0.00122143727694 -0.00111459917939 0.000635366990955 -0.000393220436803 3.91725 3.89692 9.0063760656 22.516712891 -1.57997958756
-116.013 44.7035 -0.0016943563289 -0.00148656876547 -0.000553766095088 -0.000566214986786 4.01934 4.01688 12.7761264044 30.2980506749 -2.07641786509
-114.855 44.5494 -0.00197092667319 -0.00138030779562 0.00109769609818 0.00048628630029 4.14591 4.14977 13.5935723867 33.0777483208 -2.0585109387
-114.255 44.5642 -0.0022131378711 -0.00124730328666 -0.00225663261641 0.000940509780507 4.29424 4.13963 18.871384212 34.9471916062 -1.86578430066
-113.367 44.6165 -0.00343383760879 -0.00113885612839 -0.00286687855231 -0.00115666366531 4.0029 3.67569 17.4561398879 50.9290285359 -2.15681584874
-112.644 44.6173 -0.00540111604418 -0.000668568253182 0.00514444523787 -3.65962634536e-05 3.74729 3.7884 11.4045396233 73.6615278141 -2.76488156885
-111.248 44.7038 -0.000677384174851 -0.000678497416001 -0.000685052892703 0.00207135112419 3.64471 3.84414 -324.896116881 9.27671107891 -0.656094204364
-110.576 44.3951 0.00018946606111 0.000886684923897 -0.0103477002049 -0.00361421141288 3.46388 3.24194 24.9926262758 -4.3376541737 0.903948275231
-120.211 43.9437 0.000790521862104 2.56822317191e-05 -0.000980967921097 0.000259828653504 4.06064 4.09807 1.79596191759 -8.37827090124 0.544724654025
-119.504 44.082 0.000922287181547 -0.000168791112905 -0.000470955704128 0.000741749811632 4.18971 4.15979 2.13518820907 -8.17121991783 0.470922368736
-118.569 43.9104 0.000387929508586 -0.000390165584832 0.000728826148921 -0.00145284225601 3.81883 3.77071 5.30729461499 -1.11545325161 -0.0834887872899
-117.741 43.9733 -0.000253715041762 -0.000840837427682 0.000579046624653 -0.00109192991023 3.88968 3.8215 7.435911333 9.38935787165 -0.841679989436
-116.803 44.086 -0.000782205675662 -0.00110605594322 -0.000337802207568 -0.00063870253369 4.03985 3.95214 10.5320031158 17.0655315874 -1.34717208353
-115.958 43.9121 -0.00146177141716 -0.00120042154419 -0.00141871020798 0.000636084014073 4.24745 4.10431 11.6290064706 25.9200412246 -1.73693386927
-115.133 43.7945 -0.00230197540593 -0.00110906562953 0.000204504895836 0.000555167666533 4.06444 4.023 10.956618767 35.9328781719 -2.03583312319
-114.117 43.9146 -0.00294655731253 -0.00121012377991 0.000101463129831 -0.00176020082862 3.74735 3.78699 14.3420072192 44.9307058544 -2.24635601908
-113.452 43.9286 -0.00351388064338 -0.00108385853077 0.00019778294169 -0.00294999651919 3.3953 3.49375 13.2846389662 51.7255343628 -2.36175611393
-112.485 43.9997 -0.00446158113856 -0.00312265826065 0.00361516458916 -0.000399701976279 3.49463 3.8143 16.5928512654 73.9672085914 -4.36990019543
-111.487 43.8756 -0.00282934135823 -0.00126802466884 0.00141441410863 -0.00466507361304 3.40983 3.82343 26.3890874519 42.2697925875 -1.62564632323
-110.576 43.92 -0.00120699511288 0.00398671817324 -0.00513962438518 -0.00320844902992 3.41145 4.02795 -325.566178761 18.8447974629 4.01972062147
-109.817 43.7013 0.000702825421802 0.00137570499786 -0.0128176665707 -0.00333757783954 3.55801 3.65798 22.4916387398 -13.1765151711 1.47281621553
-120.153 43.2515 0.000563552886344 -0.00030982256264 -0.00211137721441 -0.000523199692727 4.12637 4.12993 2.03641729755 -2.97395960474 0.143475036196
-119.311 43.3736 0.000929097726034 1.46501261188e-05 0.00112158676783 -0.00106323753429 3.86077 3.82458 1.29377710195 -9.79807521971 0.626482003523
-118.474 43.358 0.000605603770726 -0.000273131570179 0.00078241287302 -0.00028090313885 3.92697 3.8133 2.67579482202 -4.12955431098 0.171379903751
-117.754 43.3471 -5.39480934402e-06 -0.000434431887912 -0.00045911126638 0.00102178927822 4.19609 4.04834 5.93083710954 3.56034945787 -0.358094256218
-116.767 43.4275 -0.000702188983972 -0.000667885168954 -0.000522000438677 0.00102179557259 4.21513 4.07717 8.7960049152 13.2689149215 -0.93516227226
-115.828 43.4151 -0.00160615151922 -0.000714367710859 -0.00146040398929 -0.000123249107505 4.07508 3.99338 12.820481562 24.7059745623 -1.3496558869
-115.098 43.25 -0.00190161151423 -0.00117086322414 0.000544984475741 -0.000901206898658 3.80215 3.79652 10.9667722519 31.4339495929 -1.9125868533
-114.174 43.3979 -0.00235450107295 -0.00169775269911 0.000774693983597 -0.000196758895056 3.80255 3.83238 10.8279398166 40.5112766335 -2.56598363558
-113.518 43.3234 -0.00261519155171 -0.00188273175294 -0.000131698459411 0.00112696785462 3.93002 3.90048 10.7087921672 45.0203671917 -2.83174845148
-112.433 43.3998 -0.00364241171752 -0.00278718492838 -0.000224483343977 -0.000484896933695 3.97266 3.88971 13.2548358504 62.896221167 -3.9454903733
-111.612 43.2741 -0.00588621448385 -0.00320055621387 -0.00161260134662 0.00317375222017 4.04135 4.18392 17.8358140381 93.5581935048 -4.73608251855
-110.712 43.3629 -0.00521614122473 -0.00193529607271 0.00589661056471 0.00186483538682 3.56052 4.3668 30.8380141519 75.72974804 -2.14781722854
-110.02 43.2112 0.000796316441521 0.000772544018829 -0.0109517679137 0.0028638423941 3.79083 4.5533 -324.811931581 -10.8879228329 0.733491166831
-119.247 42.6912 0.00076220473446 0.000408550395071 0.000842303885431 6.39300814227e-05 4.01811 3.97939 -0.444702473964 -11.6314756763 0.820965521559
-118.486 42.7308 0.00076724670088 0.000337124917953 -0.000446358109176 0.00116902744608 4.20176 4.07375 1.31777068374 -11.1954933504 0.757147397278
-117.725 42.6996 0.000127144460139 0.000140069506927 -0.000126687641371 0.000202607890066 4.0878 3.96808 4.7430465269 -2.60377699268 0.188278818755
-116.87 42.7779 -0.000531997845575 -0.000228329769863 -0.000349470396177 -0.000225919607426 4.06549 3.99149 7.13302451451 8.01723515371 -0.482985383486
-116.032 42.7713 -0.00101226075913 -0.000618320853893 0.000396187964435 -0.00121968368496 3.75571 3.72105 9.58846677336 16.7313660641 -1.04101247674
-114.903 42.636 -0.00138633911686 -0.00125047262894 -0.000778970040141 -0.000325501994336 3.92271 3.86955 11.8503496028 25.5023509121 -1.73751328785
-114.084 42.6493 -0.00196466177605 -0.0012868496078 -0.000244660126843 0.00171620403416 4.10565 4.01267 10.3894235569 33.1998304827 -2.03890721138
-113.176 42.5452 -0.00291630601169 -0.00106230115738 0.0003284570503 0.00153937883448 4.23537 4.15681 9.56039987211 43.9845590518 -2.26541120922
-112.531 42.6852 -0.00328894384784 -0.00133354525286 -0.00117365328342 0.00203256575633 4.23926 4.12959 13.0373748601 50.7187370408 -2.49408252422
-111.588 42.8321 -0.00385101073567 -0.00228942087258 -7.73885847466e-05 -0.00102478838711 3.91534 3.86301 15.3842250874 62.8408861077 -3.4220309126
-110.92 42.7507 -0.00471591319424 -0.00347398661797 0.00125566953841 -0.000533608829678 3.93157 4.46152 20.8088564336 77.149105056 -4.43914508714
-110.042 42.6372 -0.00335040903694 -0.00173942854323 -0.00402244375197 0.000309309710889 3.47124 3.89863 -320.417682552 44.9385551617 -1.32670929303
-108.847 42.8247 -0.000636579656892 -8.31113068456e-05 -0.00863443623116 -0.003729688896 4.34064 4.59476 -322.878114165 9.02178354756 -0.017068681433
-108.342 42.6579 -0.000117013421571 0.000746470681073 0.0151328949149 0.00389463210967 3.58395 3.60352 2.54594002709 -3.60079030297 0.603184030373
-119.34 42.0187 0.000604351407582 0.000891289943244 0.00237511037013 0.00184030289186 4.07854 4.07645 -6.16608104186 -14.9802629265 1.03770345542
-118.344 42.1901 0.000789504797663 0.000730127873378 -0.000510522082624 -0.00106267236439 3.90058 3.86869 1.09220232522 -15.0875638474 1.06946608315
-117.667 42.0192 0.000610608653152 0.000197829448311 0.000253043361572 -0.00111232958255 3.86347 3.81066 3.27993246079 -8.47178697807 0.534328687197
-116.471 42.0773 -0.000125164763984 -0.000599507513885 -4.00669708084e-05 -0.000801376728582 3.83985 3.7935 5.93186133233 6.25417852647 -0.565305256047
-115.754 42.1669 -0.000676843301504 -0.000846439337726 0.000542118907055 0.000698027679165 4.04185 3.96002 7.60411255513 14.4879260618 -1.07629271798
-115.016 42.146 -0.00127093877377 -0.000868438726497 -0.00133445171292 0.000371374198 4.18733 4.05283 11.7748627426 21.7004917809 -1.34981307731
-113.944 42.0886 -0.0022895642002 -0.000157850351985 -0.00024047958582 -0.00461419815996 3.66288 3.51991 14.861913279 31.0316059309 -1.02760714263
-113.24 42.0343 -0.00285639740474 -0.00092137818477 -0.00186986473668 0.000260330935538 4.10723 4.09049 13.1465322186 42.7528239441 -1.98757694022
-112.386 42.0041 -0.00295151682695 -0.00101055289338 0.00216926973047 -0.00126087323231 3.78794 3.77858 9.48395658389 44.4279441985 -2.21310512171
-111.432 42.0149 -0.00401069053305 -0.00114979380903 0.000843827431553 -0.00151557838795 3.87922 3.89115 12.9788527542 59.804245705 -2.54958790469
-110.873 42.0995 -0.00413794387378 -0.0018578633985 0.000761676195996 -0.00241083214708 3.84321 3.91818 18.9710728776 64.5775538564 -2.86436630764
-110.036 41.9243 -0.00389852233113 -0.00197801179104 -0.000826854196709 -0.00369709276817 3.65332 3.81877 27.6641793825 58.8718651445 -2.33449259175
-109.357 42.1012 -0.00319272664925 -0.00144279993017 -0.00609598663956 -0.00314362636851 3.38601 3.56736 -323.552404803 44.5635327604 -1.19908804166
-108.34 42.0073 -0.00113661736612 -3.32906979284e-05 0.0142209125984 -0.00546584390004 2.95 3.05395 8.17252083599 15.4278794474 -0.470775725108
-107.369 41.9641 -0.000233612300357 0.00698970648879 -0.00278467634016 -0.00223653329284 3.90784 4.56597 4.64513602328 -40.2231330923 6.22862783236
-106.434 42.031 0.00313499615693 -0.000222656189276 -0.0502029826385 0.00834476329751 4.83425 5.06387 -310.554520451 -43.9847750454 -1.32416427974
-119.171 41.3884 0.000754516663758 0.0012696492822 0.00523224962523 -0.00128139605015 3.62472 3.6741 -7.12851018483 -20.5267671224 1.38769860375
-118.379 41.4483 0.00146222474157 0.000657170953965 -9.49208721539e-05 -0.00188509369973 3.81266 3.80992 -1.12008654602 -21.2780832187 1.48697586418
-117.45 41.423 0.00109931769039 0.000242312889745 0.00017444610897 -0.000562943882647 4.05666 3.97419 1.74362108391 -14.1181555189 0.892266751537
-116.54 41.522 0.000193725947045 -0.000239685626944 5.91532795441e-05 -0.000209958884225 4.14831 4.02534 4.87527490374 -0.238180976245 -0.0809505447052
-115.791 41.4311 -0.000518720125279 -0.000335353385143 -0.00362211535921 0.000193547836684 4.29859 4.12278 9.68749062211 8.78497386563 -0.55091774587
-114.915 41.4157 -0.00219168213202 -0.000644619203897 0.00364553583681 0.00101288090183 3.89824 4.17889 0.789909269101 30.3079996003 -1.86094121572
-114.165 41.3602 0.000517016414656 0.0010574868481 -0.00151608779481 -0.00238556404132 3.94451 4.38671 2.40808241434 -14.8609541593 1.16040285176
-113.347 41.503 -0.00161590179623 -0.00165548256238 -0.00725168400782 0.000626754777972 4.31404 4.1881 20.8417923954 28.9335193748 -2.04207641064
-112.448 41.4632 -0.00304947467708 -0.00122883385876 0.0054428008222 -0.000613316885761 3.71916 3.76919 7.14937314178 47.0096318644 -2.55142725472
-111.63 41.3146 -0.00320006739504 -0.00146923670362 -0.00168560814365 -0.000693100778248 4.18804 4.34922 14.2888289509 50.8054989948 -2.51536501295
-110.666 41.4729 -0.00348922076659 -0.00158641490232 0.000300297662372 0.00358341897552 4.70954 4.86101 13.052914224 55.4351397275 -2.72903328564
-110.067 41.4272 -0.00325285656239 -0.00156948218229 -0.00236414125809 0.00512132928698 4.68493 5.06722 25.9025843109 49.7805900497 -1.97564961033
-109.157 41.5047 0.00114560133183 0.000755028774946 -0.00474028667646 -0.00400557103518 3.98905 4.34054 7.00709474748 -19.7650811306 1.17051804844
-108.187 41.4906 -0.00162874212522 -0.00205518720713 -0.00654744838249 0.00603788926202 4.2565 4.55909 -321.576809631 19.6996411335 -1.82740275053
-107.364 41.6067 0.000875512959681 0.00548560951553 -0.00752069255078 0.0986832174727 2.58607 2.86986 -151.880904519 15.330195044 -5.51053687697
-106.596 41.4033 0.000699345135441 -0.000341996738158 0.0188925747012 -0.00271472172997 3.19407 3.31644 1.42780168963 -6.76333434756 0.0214031646707
-119.835 40.7484 0.000154877524671 0.000472999673753 0.00327706849239 0.00138647517569 3.83827 3.89802 -7.30546131185 -6.58212796909 0.413511839562
-118.971 40.7797 0.00162612864885 0.000944120752349 0.00312151711121 0.000404549892491 3.66873 3.76038 -12.2209231604 -23.8960488796 1.87591786534
-118.134 40.7811 0.00170048558067 0.000508411686024 -0.00120040002542 0.00242212769403 4.24422 4.29836 -5.00481222101 -21.5071648226 1.60150277741
-116.508 40.7186 0.000295140679438 0.000313537623035 0.000427706968677 0.00133663739911 4.16509 3.94657 0.0262963034054 -6.10980808062 0.430274181092
-115.736 40.8167 -0.000307293227469 0.000167361107451 -0.000685176766225 -0.000524549700853 4.16846 4.01821 6.10958363207 2.29894361852 -0.0334548445746
-115.039 40.8522 -0.000903079242244 -0.000169542572603 -0.000719439450138 -0.000948437654947 4.0728 4.02878 8.67475040083 12.3659811896 -0.606797113986
-114.204 40.8556 -0.00131540083442 -0.00174359450397 0.00136139921199 0.00357735925869 4.58668 4.7208 2.5070195112 30.0086696428 -2.18371226827
-113.187 40.8513 -0.00201275897274 -0.000996872901386 -0.0027365615674 -0.00202585294636 3.97122 3.86641 11.9392016207 32.3920643163 -1.76195387095
-112.52 40.8903 -0.00373869478006 -0.00155189159393 0.00405401277146 -0.0005160567769 3.87399 3.85711 6.40000186441 58.0048934435 -3.21624438347
-111.437 40.8869 -0.00321399524727 -0.00155894368049 -0.00340233442443 0.00230210423527 4.69939 4.7495 20.2380363022 50.8840812411 -2.33582637969
-110.834 40.9425 -0.00329120493219 -0.00108425460155 -0.000430731185105 0.00177404879164 4.46819 4.58377 18.3486951426 50.3178504834 -1.95479337388
-109.673 40.9763 -0.00223379821348 -0.00089681841744 0.00265651331872 -0.00252121591406 4.01498 4.10121 21.6178239832 34.5179937072 -1.32167646868
-109.177 40.8936 -0.00227986658316 -0.000806093115161 -0.00259460091663 0.000154308464656 4.35648 4.33477 23.5964350109 34.7329438643 -1.14864487861
-108.263 40.8338 -0.00233893689269 -0.0015907054062 -0.000710545152303 -0.00159288181183 4.20337 4.34412 27.2344211353 35.8843612066 -1.75609175439
-107.52 40.76 -0.000331355283318 -0.00455792569557 -0.00183411206219 -0.0192415856005 3.04008 3.15388 27.4208041951 8.46826709625 -4.56915329243
-106.454 40.8023 0.000540297870573 -0.000593864247195 -0.00265787886682 0.000121515244287 3.76904 3.81305 10.3386952894 -4.71474993014 -0.387898460277
-118.877 40.1614 0.000472104475261 0.00046896793465 0.00377759690683 0.0055839732764 4.32003 4.3857 -14.2885371967 -9.17198390809 0.648296686007
-116.5 40.2917 0.000436156601425 0.0011545112872 0.000389171881477 -0.000774637012362 4.10701 3.99332 0.953802180859 -15.435519933 1.16234898924
-115.657 40.1313 1.56210510629e-05 0.000284917194312 0.000130773540517 0.000288737447811 4.07316 3.98959 2.65547594384 -2.6832069104 0.234749658379
-114.745 40.2679 -0.000527533761027 -0.00027236264601 6.62703498609e-05 -0.0014488127583 3.97528 3.8786 6.43237557235 8.50452221653 -0.515273492532
-113.981 40.1314 -0.00104546372726 -0.000696941231811 -0.000977618491742 -0.00207708952125 3.94145 3.77596 8.40926934669 18.1160644247 -1.1275974975
-112.469 40.2807 -0.00245063456122 -0.00107142066794 -0.00018162481645 0.000838449229673 4.22077 4.1424 10.0336353195 38.7553945265 -2.05779727134
-111.502 40.2067 -0.00338596382959 -0.00104884379356 -0.00243961265997 -0.00108083555319 4.03873 4.03684 17.539337416 51.6253470167 -2.04770332662
-110.738 40.1948 -0.00413169640068 -0.00077231817157 0.00140126608451 -0.00273378916624 3.72784 3.85429 12.6517149668 60.1585948481 -2.2675049255
-110.008 40.2655 -0.00335938515401 -0.000445403611935 0.00377497181087 -0.00188012317867 3.89067 4.11512 13.6225618238 48.3873668916 -1.57665971746
-109.124 40.2982 -0.0016216068504 0.000440559872067 -0.00663522272718 0.000758903449049 4.20923 4.33459 -322.915534389 24.2133697683 0.563102152567
-108.242 40.1348 -0.00103356641593 0.000292407068906 0.00367620408507 0.00323319919766 4.41716 4.38876 20.7384638588 14.12352383 0.0905955412539
-107.47 40.2149 -0.000513784328084 -0.00124060498619 -0.00523922407057 0.00938674140207 4.4603 3.92822 19.9681654144 10.8537110107 -1.31456969561
-116.464 39.6202 0.000766647989981 0.00132441046685 0.00162538425791 -0.000381365496714 3.95209 3.98946 -2.31348056574 -21.1130880524 1.48576325452
-115.754 39.553 0.000730465044696 0.000774136774775 -0.000246931859695 -0.000878142286011 4.01637 3.94502 1.81654856256 -15.1905850689 1.06136759919
-114.908 39.4731 0.000183318624808 -9.32444587736e-05 -0.000224620773355 0.000388955826179 4.11892 3.94639 3.77767501741 -1.34352753951 0.0329157535202
-114.016 39.455 -0.000808581396823 -0.000301181353603 0.000162446070705 0.000634856225895 4.16275 3.99157 4.8599157455 12.160461319 -0.702544510293
-113.069 39.5906 -0.00181181232971 -0.00035433059684 -0.00122206196675 -9.96626944245e-05 4.14698 4.02402 9.55245979919 25.6505848818 -1.16900828438
-112.279 39.5708 -0.00274922760698 -0.000758854929249 -4.96518544739e-06 0.000306100242546 4.05954 4.0286 10.149451879 40.7902470435 -1.91364574503
-111.66 39.6092 -0.00326062949446 -0.00106468133103 0.000167741545008 5.24803634849e-05 3.84462 3.87571 11.2555227548 49.7700732022 -2.33651638757
-110.74 39.473 -0.00402179887484 -0.00115483915207 1.51338859395e-05 0.000203086668838 3.90047 4.04538 17.9381598677 61.3717683388 -2.28897787765
-110.246 39.6279 -0.00355718174038 -0.00141343699225 0.000341148079384 0.00191766526211 4.3173 4.71239 16.9349076832 56.0390708387 -2.41613466195
-108.981 39.6333 -0.00340081727578 0.000228184150949 -0.00259021475386 -0.0015526142741 3.82419 4.14386 32.2533190677 50.0864288122 0.192340389782
-108.391 39.4998 -0.00131545480375 0.00048657370217 0.00175174138886 -0.000662621800752 3.88872 4.15078 29.206390441 19.0395117616 0.417374234852
-107.449 39.524 0.00037746667414 0.000165941740054 -0.00340249527123 -0.00102759491781 3.97301 4.05212 14.3589701071 -6.06340457598 0.267099542062
-117.182 38.834 0.00105191314191 0.00165224349923 0.00450800626497 -0.00139771404251 3.52966 3.55085 -8.75218804772 -28.0095108012 1.85088652447
-116.4 38.8247 0.00195932753564 0.00147306735605 -0.00154943218336 -3.0865881662e-06 4.00663 4.03398 -2.50262386104 -35.0507615244 2.42382126648
-115.654 38.8455 0.0014345319584 0.000763172804837 -0.000263934496467 0.000954642037392 4.21524 4.12073 -0.724221466651 -22.8209517215 1.5256190992
-114.83 39.04 0.000352958056278 0.000511069238715 -0.000359148706254 0.000348898648016 4.24581 4.0433 1.61489980569 -8.61405014095 0.619703761118
-114.02 38.9551 -0.000670622783771 0.000348705546779 -0.000206497763948 0.00113630876226 4.25879 4.08803 2.65729837436 4.81429936526 -0.119357124015
-112.379 38.9995 -0.00210759759746 -0.0010526094076 -0.00019847766225 -0.00105048669938 3.81491 3.77192 9.31997586212 34.4542686441 -1.91797366227
-111.172 38.9176 -0.00325748168782 -0.00126046230259 -0.000581376021782 -0.00052138983858 3.89625 3.91401 12.75069667 51.3097408146 -2.43919050558
-110.133 39.1025 -0.0040212938659 -0.00114622961816 -0.000321050254815 1.49051655404e-05 3.96551 4.0731 19.4000690736 61.6020210485 -2.15659061501
-109.263 38.9553 -0.00417098482096 -0.000543513514262 0.000606724383851 0.00139726930609 3.97022 4.3214 24.4017417062 62.1776549698 -1.1996733186
-108.296 38.9541 -0.00144950890476 -0.00101576572942 0.00154831329511 -0.00174904216086 3.63279 3.85438 29.3485890958 22.2614457134 -1.090220756
-107.574 38.8347 -0.000413992130573 -5.45649231165e-05 -0.00404117773979 -0.00278783617885 3.86726 3.98539 30.4812232304 6.17300137931 -0.0619171075072
-106.91 38.8627 6.82671017754e-05 0.000364783189915 -0.00784846786852 0.000928761626874 4.68321 4.71438 11.5619360201 -2.73900292697 0.367058760514
-119.451 38.5226 -4.20405404853e-05 0.000164027785044 -0.00308515132556 0.00250427093855 4.30743 4.33092 -3.037253272 -1.35438389131 0.0772561610836
-118.106 38.3489 0.00029725914445 0.000353776710388 0.00608878374469 0.00249463424586 3.35213 3.35942 -12.3979326152 -6.59295978023 0.443135934402
-117.072 38.2397 0.00144876326472 0.00183229547169 0.0029513244113 0.000722690198762 3.66126 3.82474 -13.6443572539 -33.5825024195 2.21703422152
-116.302 38.2886 0.00244754336711 0.00134551849041 -0.00216723556647 -0.000342158943228 4.09305 4.08142 -4.24472629827 -38.530416102 2.70045896331
-115.585 38.3489 0.00154447273258 0.00115521857235 -0.000269735558319 -0.000528869880079 4.21569 4.03722 -0.710264760165 -27.8685699033 1.89221810474
-114.608 38.3281 0.000279984823957 0.000956679868099 -0.000969624929062 0.000127815070758 4.17251 4.01629 1.71536740276 -11.8704910604 0.922864504819
-113.969 38.1802 -0.000356188615649 0.000814667372308 3.79071691743e-05 0.000295187795823 3.98971 3.92804 1.74269990075 -3.19405808284 0.424799195861
-113.021 38.2987 -0.000368635284828 -0.000397668411245 0.00135003478866 -0.000392048096966 3.76406 3.72041 3.49500114521 7.76701867686 -0.537094241009
-112.277 38.2108 -0.00124770777093 -0.00104045488518 0.000190665158663 -0.000603491392616 3.8476 3.70411 6.28401989093 23.625815707 -1.5373070843
-111.483 38.2843 -0.00323031780741 -0.000970336100131 -0.00167589301179 0.000608562543341 4.21567 4.09671 11.0566085771 49.1267612827 -2.26865119914
-110.711 38.4187 -0.0040539884611 -0.00107694595971 -0.00031213106259 -0.000665434480027 3.97956 4.04717 15.2305860971 61.6577488139 -2.42086011918
-109.894 38.3862 -0.00460800848971 -0.00109962378011 0.000310455887629 -0.002182928867 3.66096 3.89105 19.3623138326 70.1289099159 -2.2738008771
-109.261 38.2916 -0.00402462295171 -0.00115103147939 0.00171999150955 -0.00195737948979 3.62399 3.96939 22.6624468157 61.9522635854 -1.91281607232
-108.379 38.1888 -0.00166162179961 -0.00110747489265 -0.000113000505646 -0.00116010790298 3.74796 3.93179 32.5201102988 24.8555760946 -1.11693687033
-107.55 38.3685 -0.000679301758749 -0.000256186415629 -0.00645758678955 0.00527294271566 4.14559 4.30599 -326.698711074 10.0273292185 -0.237175734424
-106.756 38.2289 -0.000206625716852 -0.000136597385717 -0.00545457000634 -0.00429201561439 3.74798 3.78779 14.0566320389 3.55107749484 -0.190226985802
-117.225 37.7243 0.00105078768744 0.000899570724961 0.0049009354885 0.0048217048939 3.73181 3.87938 -17.2932289317 -18.7741019013 1.35612370683
-116.595 37.923 0.00279712885405 0.00142343222699 -0.000982006190622 0.00323565281897 4.09853 4.39548 -11.9459446105 -40.2650259563 3.10493689758
-115.747 37.6444 0.00161240416429 0.00187817800659 -0.000491963165398 0.00189028640374 4.26793 4.19899 -5.82285751752 -36.0253965442 2.45642016409
-114.849 37.6083 0.000813369184734 0.0017291822418 0.000192747636577 -0.000335861484078 3.95024 3.88233 -2.12689077687 -25.9373021453 1.81887114368
-113.86 37.5808 0.000770120859328 0.000412129855067 0.000381918904396 -0.00195030501665 3.66606 3.68819 2.18048323763 -12.641776775 0.796552638322
-113.168 37.7601 0.000388646814996 -0.00027282190181 0.00199209211291 -0.00225687829877 3.73888 3.66792 2.46235223765 -2.21419047904 0.0113082008697
-112.363 37.6761 -0.00104249267017 -0.000579435306849 -0.00181743936005 -0.000735861778791 4.14322 3.84842 6.91323685485 17.5781308011 -1.03443431516
-111.596 37.7222 -0.00305760978267 -0.000551143442148 -0.0019905819441 0.00114608123737 4.38799 4.18753 9.70372511128 43.894355238 -1.8942884943
-110.802 37.6354 -0.00361694503243 -0.00100449490572 0.00208401415214 0.00149566099327 4.03503 4.1243 5.24141434176 53.687581009 -2.71944392126
-109.995 37.6903 -0.00397324055763 -0.0016666625115 0.00122951933437 -0.000583212447945 3.85568 4.05509 11.8075372797 64.064298327 -3.10324872986
-109.137 37.7459 -0.00367222492472 -0.00213928260994 -0.00101917519377 0.000244205762175 3.85955 4.12216 25.4818607145 58.8747465526 -2.66147436209
-107.792 37.662 -0.00113449542131 -0.000610980965788 -0.0114723438853 -0.00326307129407 3.50612 3.56995 31.686622618 17.1037681747 -0.62470457562
-115.22 37.2408 0.00141307520884 0.00239347026105 0.00191776298308 0.000294121599504 3.84453 3.85815 -6.49308770382 -39.8458561898 2.65093437605
-114.715 36.7256 0.00247340913082 0.00190270374687 0.00160958968169 -0.0005179491879 3.65856 3.77758 -4.68485942188 -45.3694066169 3.10077869309
-113.907 37.0195 0.00133040391257 0.000518969834361 -0.000369598636312 7.51539489462e-05 3.99726 3.8854 0.0784300328433 -19.8976641883 1.25398215769
-113.084 37.0615 0.00088256591793 0.000370119956598 0.000155087102486 0.00202911770047 4.28467 4.10584 0.544489682772 -13.586275692 0.840307338768
-112.382 37.0183 -0.000782698287494 0.000632926788534 -0.000717653004562 0.00196402728103 4.41124 4.08127 2.43466325332 3.87658327019 0.0526858878615
-111.506 36.9839 -0.00284501159238 -0.000329502191954 -0.00147133678384 -0.00093003333559 4.12896 4.05149 9.65932049387 39.6909779032 -1.61449594033
-110.804 36.9969 -0.00278741541379 -0.00140478426017 0.00298017952573 -0.00127338691926 3.71897 3.74707 5.87967191103 46.3725693203 -2.62886972305
-109.874 37.1364 -0.00318862845929 -0.00182508431994 0.000189105497798 0.00098392534358 4.19649 4.28401 10.2910205625 54.6464821752 -3.00143811548
-109.025 36.8299 -0.00338810100247 -0.00148849904306 -0.00269161977374 0.00154181411452 4.17043 4.23815 15.471627341 55.3044607325 -2.50696531384
-116.33 36.4193 0.000213421324928 0.00132920903809 0.00419198939149 0.00460348404911 4.01998 4.15313 -13.6352723379 -17.9935955342 0.904178648502
-115.383 36.423 0.00237678371811 0.00297602588507 0.00313457374274 -0.00246431575376 3.37095 3.60644 -12.8419011124 -55.8035048754 3.65259305485
-114.539 36.4321 0.003131859862 0.00173710951784 -0.000679499436157 0.000748780225404 4.04483 4.11112 -5.76760788445 -50.1720973457 3.47564992353
-113.965 36.4151 0.00188382246784 0.00154444340076 -0.000764848823053 0.00166670103137 4.36314 4.05757 -2.40086726779 -35.8973575841 2.41436537745
-113.18 36.4182 0.000426088866693 0.00125615838566 -0.000846578474875 0.000753617409929 4.28826 4.04679 0.557637502797 -16.6378509557 1.24327603151
-112.291 36.428 -0.000584115902387 0.00136237711053 0.000855523561894 4.65162732786e-05 4.07132 3.969 1.11628179074 -5.4447622238 0.724859386752
-111.13 36.1428 -0.00125550216528 -0.000461319425519 0.000328568333971 -0.00169953550873 4.00349 3.89608 5.06744863984 19.5469850109 -1.06132155556
-110.662 36.5996 -0.0023160177559 -0.00129168108245 0.00151068943907 0.000401009157003 3.98443 3.93176 5.3302298055 39.5754145504 -2.30536755403
-109.87 36.4199 -0.00324010685815 -0.00142465079711 -0.00215260784468 0.000776641890569 4.32259 4.18422 12.4269558007 53.0596009286 -2.58843429256
-109.208 36.2925 -0.00445509898053 -0.00127934177256 0.000213462567695 0.00156416710625 4.03721 4.17844 11.899181867 69.1768952338 -2.92057395699
-108.52 36.3758 -0.003884606839 -0.00141688358908 0.00020853052143 0.000866864855529 3.56654 3.85272 11.6811556381 62.2382855994 -2.78686402336
-115.43 35.8384 0.00166950311428 0.000939600204578 0.00831090548783 0.00427621925233 3.54459 3.68977 -14.7437354002 -24.9082709117 1.91267722297
-114.851 35.7266 0.00289864349717 0.00244015265895 -0.000144601700249 0.000505095972857 4.05109 4.22914 -11.3742114597 -54.4611367956 3.78185946474
-113.984 35.8522 0.00209484538619 0.0024284203849 -0.00209967834873 -0.000431574758455 4.12368 4.0813 -2.60330348291 -47.2764603047 3.20329950152
-113.105 35.6339 0.00131385309487 0.00183042909974 0.00194899049376 -0.000693723833576 3.81202 3.71375 -1.92408253976 -32.7600304692 2.23938684768
-112.173 35.8191 0.000143628025506 0.000496254192365 0.000783120206968 -0.00298292525375 3.75012 3.65428 4.01272286027 -5.98925831435 0.48933265526
-110.794 35.6218 -0.00113211156854 -0.000142951437704 -0.00166892877798 0.00170823241971 4.40751 4.19234 5.18489173688 15.5365539926 -0.723009650442
-109.933 35.7113 -0.00284629184252 -0.000691132498352 -0.00162424419585 0.000184989086136 4.09308 3.99602 8.6750839583 42.8032688884 -1.927656518
-109.046 35.7147 -0.0040772519213 -0.00216887736068 0.00220151142354 -0.0011964067226 3.61635 3.68966 7.51651081593 69.7237296844 -3.80878608133
-108.466 35.7992 -0.00484403902898 -0.00253159788473 0.000351226821033 -0.00308237904522 3.52289 3.7473 10.8986899585 82.4169313506 -4.24606312121
-107.638 35.8054 -0.004062560894 -0.00132175392547 -0.0040637679483 -0.00942184608088 3.44828 3.64698 19.2803151116 64.6025636706 -2.26080446564
-114.87 35.301 0.00175579001524 0.00176125847923 0.00271834754732 0.00189141836406 3.92795 4.04862 -13.2106581681 -36.2086919249 2.44417530013
-113.885 35.099 0.00228221552173 0.00345878766172 3.46645388134e-06 -0.000854573093366 3.86493 3.90891 -6.7596907208 -60.9927833908 4.00874096044
-113.083 35.2127 0.00214560246462 0.00234773003049 0.00203832232506 -0.000423938186923 3.82683 3.75632 -4.19002365984 -47.3838405578 3.17837396211
-112.267 35.1787 0.000951150440818 0.00124527678538 -0.000368802489885 0.00204898626106 4.29547 4.06571 -0.519111844872 -22.8799696154 1.56546475564
-111.532 35.0951 -0.000118003973368 0.000689532040857 -0.00209676339954 0.00291394984225 4.53076 4.29616 3.13836569214 -4.55337883626 0.493754314121
-110.713 35.0789 -0.000970814812448 0.000488112796885 0.0018718459073 -0.000588521276803 3.98423 3.87403 2.60696701871 7.78052752731 -0.155703553756
-109.736 35.1181 -0.00167504360138 -0.00106321871101 0.00149329487468 -0.00248374098526 3.82014 3.68301 7.92935983532 29.9148962434 -1.73138635039
-109.388 35.1118 -0.0026177247156 -0.00148112542256 -0.00280486588617 -0.00275527958586 3.94248 3.79366 12.0228540028 45.2987164631 -2.41276799697
-108.5 35.1259 -0.00407681789423 -0.00235167033317 0.00427014506929 -0.000170806219314 3.87416 3.89765 2.42566942879 71.385220258 -4.16605595703
-107.648 35.117 -0.0052512198355 -0.00343398630785 -0.00247847963234 0.00173440135604 4.25469 4.76604 13.6612741083 92.9886137207 -5.02040169225
-106.867 35.0719 -0.00292495540164 -0.00107803769194 -0.00685685260151 -0.00031032095143 4.33758 4.43427 15.5716757749 47.5175840067 -1.88841587144
-113.83 34.5935 0.00219854411154 0.00359172987751 0.00279141406213 0.000613182645326 3.92952 4.1024 -12.6316623516 -62.6850100817 3.88355410365
-112.891 34.4692 0.00262477370626 0.00298855195103 -0.000447403758666 0.00169647557676 4.13359 4.02177 -4.61119675021 -59.5268034858 3.96841553478
-112.237 34.4866 0.0015355445063 0.00252921848658 -0.00223490022772 0.00133209964058 4.33022 4.13153 -0.368163027374 -42.1526842948 2.92342246451
-111.441 34.4178 0.000380842847433 0.00114612881051 0.00107570746765 -0.000498731873016 3.79781 3.68849 -0.263410141788 -15.3627311523 1.1295374785
-110.806 34.3371 -0.000116624352519 0.000201294360537 0.00136007108433 -0.00196619451285 3.71891 3.65407 2.1507266976 -0.360649053989 0.0944145210443
-109.95 34.5293 -0.000521272756754 -0.000328647420624 0.000119730860659 0.000647609160282 4.20038 3.99225 2.9128659682 9.33540487868 -0.564031669011
-109.29 34.4275 -0.00185428973525 -0.000992121993087 -0.000937153991649 0.0014288807797 4.40437 4.11042 4.03091584294 31.8923741063 -1.82634473
-108.498 34.5421 -0.00333439231305 -0.0012986077989 -0.000483786595327 0.00415200258678 4.71963 4.39363 3.72042816996 53.6694870117 -2.8439193119
-107.786 34.4457 -0.00475828714068 -0.00201952735735 0.000383816865285 0.00501899386429 4.51127 4.64512 5.19970383065 78.5448946568 -4.07358705442
-107.01 34.5058 -0.00400690164401 -0.00114543570187 -0.00275687064904 0.0021031402958 3.9649 4.35738 9.00586599075 63.1628968873 -2.68418919765
-114.524 33.7503 -0.0017403587382 0.00168865234306 0.00607416536876 0.00627459584351 4.56307 4.76148 -28.940213944 -15.9112553219 -1.12920991088
-113.829 33.8142 0.00237266175748 0.00422517648476 0.000218268017586 0.000680117683442 3.30906 3.50711 -26.2031227512 -72.0079879795 3.76659647034
-113.005 33.9383 0.00325902054851 0.00437670357051 0.000284868675376 -0.000159378959542 3.80773 3.94173 -9.33428263133 -81.9193960352 5.30135708752
-112.333 33.9535 0.00301527214022 0.00319205993283 -0.000212860369753 -0.00255133373444 3.68584 3.6732 -0.445608037065 -65.8203139268 4.38618775101
-111.478 33.8798 0.00205153708152 0.00153717251636 0.00127161240781 -0.00412355038583 3.52811 3.39218 3.93033265271 -38.7660308134 2.4402280571
-110.844 33.6953 0.000757062027579 0.000528707780111 -0.00186018753298 0.000675515365873 4.39568 4.12782 5.15718055744 -14.0125453769 0.858298144055
-109.254 33.9571 -0.00146659391915 1.16389927059e-05 -0.0023684468426 0.00117098780257 4.56321 4.28519 6.18823329336 19.2308005918 -0.728194857648
-108.377 33.9085 -0.00313804027598 -0.000484426589008 0.000324009049999 -0.00171735445576 3.9742 3.94336 6.89867381134 45.7473267766 -1.9192414648
-107.674 34.0087 -0.00432357034334 -0.000898126192484 0.00204843837384 -0.00355146025342 3.53537 3.59074 5.49498066655 64.6812111629 -2.8720391439
-106.921 34.0739 -0.00307502557755 -0.00367921251999 -0.00167118526773 -0.00364096817375 3.33722 3.55686 8.12692816966 66.7689646105 -4.63761245257
-113.657 33.1999 0.00080128247061 0.00276003034464 0.00660873624944 -0.00403348618984 3.03305 3.38213 -25.238753575 -43.0061900251 1.794518504
-112.946 33.3627 0.00463061416192 0.00447894579307 0.000652910812254 -0.00171986473669 3.3767 3.90995 -15.9592308643 -94.5803802545 6.31597093538
-112.158 33.2893 0.00449504349452 0.00327952472399 0.000812272471827 -0.000278442833606 3.76367 4.06846 -5.14356297131 -83.0772019699 5.5062547943
-111.427 33.341 0.0027569289178 0.0021047195363 -0.000680409902664 0.00279767146404 4.38107 4.09055 -0.0324998933317 -52.6018604689 3.3786571802
-110.472 33.2969 0.000920430104573 0.00108587823225 -0.00130231297113 0.00102193258518 4.44452 4.27453 3.96238377188 -20.9206192648 1.41604039641
-110.036 33.0851 -0.000167918399269 0.000996782869736 -4.85665494489e-05 0.000862260637422 4.1829 3.84142 2.94818665146 -6.64091722135 0.719858293669
-109.266 33.2921 -0.00147714627206 0.000488971799637 -0.00112242075395 -0.000871813447318 4.05001 3.92502 4.8112739799 15.191424368 -0.369329452302
-108.592 33.1132 -0.00215716326671 -0.000436073521116 0.00167200073349 -0.00197338052961 3.67618 3.84392 2.43991592291 31.2855047553 -1.55873667472
-107.671 33.3086 -0.00208653578833 -0.00193199747138 0.00266463046959 -0.0017901571244 3.62026 3.63754 2.58162402792 43.0132881276 -2.74654622655
