-114.58 32.5356 -0.00190193993118 0.000117555584819 0.0194920809036 -0.00678558427104 3.08984 3.17891 -8.07956007253 16.2589119286 -1.42470970525
-113.767 32.7683 -0.00522535018339 -0.0041198939582 0.0251428155908 -0.0325589767327 2.53129 4.09994 0.750689360855 100.147117201 -6.55785029084
-112.883 32.7513 0.00165086780599 -0.00476742812817 -0.00713110247866 -0.0079975265947 3.59382 15.4698 8.58565172917 18.5014716528 -3.09094485191
-112.228 32.7006 0.000285009073593 -0.00128494024988 0.00223448277388 -0.00453784393746 4.64566 7.8893 -3.07047680483 10.4461988501 -0.725913242889
-111.704 32.5618 4.97187197451e-05 0.00114953940315 -0.00768687547102 0.00303306267538 6.38898 7.80033 -9.01810767644 -13.788108192 0.785442879373
-110.739 32.5716 0.000162844373081 0.003294278721 0.00282989113004 0.0138336615073 4.96227 7.06853 -29.7179446713 -47.8764707035 1.3364381373
-109.97 32.6399 -0.00108158844507 0.00262156367229 0.00616581946025 0.00583344821399 4.01388 4.35944 -19.8874504995 -25.3327696283 0.468051155335
-109.303 32.7663 -0.00220551179194 0.00147107642081 -0.00059498727152 0.00525312059268 3.9031 4.71768 2.60987050353 15.0140907349 -0.0435774674498
-108.633 32.5466 -0.00119611257995 0.000661680135743 -0.00712438043656 0.00957840795224 4.75265 5.46004 6.85929949779 10.9638251659 -0.0172884508827
-107.785 32.5324 0.000152594307983 -0.000662045573926 0.00735595260023 0.0010249536943 3.44226 3.46889 -5.42632929889 4.90897396168 -0.40093705161
-107.001 32.6995 -0.00042845958604 -0.00139176385483 0.00727048633823 0.000282309962696 3.65351 7.62872 2.58010590895 16.9613785982 -1.40934898324
-105.454 32.7001 2.23144404623e-05 0.00110700007398 -0.00868385131058 0.00150315683085 5.2961 -nan 29.8052068124 -1.05247687584 1.10698494345
-104.657 32.6588 0.000303582856408 0.000856814265085 -0.0158877029734 0.00385355112726 5.06717 -nan 21.7821560596 -6.83049477523 0.894561101367
-112.812 31.9559 -0.000579576460309 -0.00113203881868 0.00246678278824 0.00208057896859 4.0346 3.58903 -3.88404397026 18.5147245163 -1.20285332698
-111.457 32.0022 -0.00685267425767 0.000335319498886 -0.0021393603284 0.00479848696934 6.49084 -nan 35.8422835516 104.011434039 -0.22200607701
-110.816 31.7748 -0.000481620437221 -0.00128076423751 -0.0390101608087 -0.000119462420604 5.14761 8.09752 -314.929686357 5.57686151658 -1.23175616773
-110.046 31.9737 0.00153266652635 0.00205155298483 0.0260368418889 0.000298449908102 2.74634 2.92489 -17.9888100284 -39.3028473518 2.40677131768
-109.259 31.9989 -0.00030353051781 0.000337008297772 -0.0153367361689 0.00193285261353 4.29418 4.30685 16.0472088965 2.43002250717 0.201067754104
-108.527 31.9041 0.000259307649673 -0.00076688472861 -0.00171790175431 0.00261877187316 3.60592 3.81757 3.97883871767 3.06637533057 -0.50353857856
-107.778 32.0094 0.000828798892686 -0.000322931585196 0.00762750087665 0.00391766321062 3.50334 3.41905 -9.23810593767 -5.54302153669 0.357831629868
-107.101 32.1046 -0.000711582224154 -6.40869993679e-05 0.00121626291205 0.00533672565423 4.71837 3.42509 -0.800210237323 9.56483344734 -0.46632063742
-105.523 32.076 -0.000725722376464 0.00326698975026 -0.0123959491479 0.012163854119 8.82361 5.34696 21.757404727 1.48878064541 3.07101337918
-109.281 31.3757 0.00136552371738 3.99151433016e-05 0.00751681249806 -0.00462583599007 3.38154 3.36843 -2.50530879054 -16.4222399496 0.920651857397
-108.528 31.3369 -0.000251275312174 -0.000844591338915 -0.0086196115665 -0.0217314790559 3.19615 3.10293 18.3572207628 7.93100148407 -0.880462407233
-105.483 31.4425 -0.00161394751834 0.00221607642481 -0.0190986096328 -0.00502877909133 3.94279 7.96479 -317.574143103 30.6408359837 2.45021632262
-104.971 31.3711 0.00386419349692 -0.00067503493375 0.0179136882042 0.00159196707553 3.4497 3.75522 -13.0752532027 -35.0597157281 2.27811156777
-104.029 30.6689 0.00284032903503 0.00223415930219 -0.00254532478721 0.0175194459974 5.43658 6.11928 -19.2356366479 -55.8201424244 3.61301813008
-102.685 30.7263 0.000949334565005 0.00191715092194 0.00813809992523 -0.0299170852919 2.7651 2.89472 4.29540041609 -26.5773190552 2.13884055863
-104.09 30.0609 -0.00256042364129 0.0019214666152 -0.048492391511 0.0204481480711 7.1689 7.74306 -268.370596803 46.856477572 3.18026146874
-103.612 30.1456 -0.00246146639558 -0.00351207920314 -0.0103489985257 0.0118648230722 5.04729 19.8071 -311.143089947 20.3365358264 -2.5995450032
-104.133 29.554 -0.00149633650599 -0.000600490510528 -0.0242590952332 -0.00785701418614 4.33728 4.59901 25.3378179588 24.8165795325 -0.77936215068
-103.389 29.4528 -0.0122634683893 -0.000410439257436 0.037335659532 -0.00746829518384 2.9821 -nan -13.1832205131 144.219861138 -8.89175217614
-102.888 29.4862 0.00948050915904 -0.000819178689819 0.0143587977032 -0.00828813612599 3.36139 5.5046 -2.54061624869 -119.83883743 4.49146639378
-122.085 48.9983 -0.000114006249949 0.000148702664214 -0.00526113486566 0.00172827866199 4.53289 4.52914 5.42835095167 -0.0150381088145 0.0475512792664
-121.48 49.0983 -0.000397693096156 0.000200080876547 -0.00364460726845 0.00263047910756 4.89073 4.79571 9.72673419201 2.99922399283 -0.0477488068424
-120.384 49.048 -0.000397654769088 5.88182059507e-05 0.00192139924863 -0.0024527251901 3.98054 3.93149 4.026592832 3.73974396194 -0.195102998724
-119.272 48.9534 -0.000881413360448 -2.0007810621e-05 -6.19893011837e-05 0.00233687923725 4.28724 4.25548 0.188057657848 9.21313659867 -0.583769722319
-118.585 48.9752 -0.000651589450917 3.91091428169e-05 0.00130033624007 0.00242266771502 4.22729 4.42829 1.6792793582 6.58893362446 -0.369755586466
-117.559 48.9813 -0.000188023350235 4.1554275273e-05 -0.000958887474785 -0.00193875775139 4.15084 4.19315 6.98133129978 1.86946617964 -0.0629466272787
-116.363 48.958 -0.00138956302302 0.000190770492333 -0.00130067795868 -0.00112568712158 4.27049 4.0588 7.45933014641 15.0594757924 -0.524820794199
-115.653 48.9339 -0.00205128005967 -0.000322486351918 0.00191825537777 0.00339165549316 4.51048 4.33488 2.97219350654 25.6546326376 -1.4015436068
-114.413 48.933 -0.00196849585751 -6.18985825393e-05 -0.00116459253915 0.000891430941762 4.59132 4.66461 10.7427423843 24.8006571074 -0.869356433113
-113.422 48.9725 -0.0018528040321 8.5318994805e-05 -0.00162577159342 0.0031653398888 4.73101 4.86677 14.7875213725 23.5403007395 -0.529977044021
-112.733 48.9777 -0.00143204921158 0.00021074061311 0.00159658275088 0.00736870446502 4.76418 4.70537 7.09483492765 16.3401750502 -0.44233146889
-111.597 48.9482 -0.00143340818741 0.00035999498904 0.000285322216842 -0.0024513312305 4.20605 4.20013 17.6395116122 17.8678682266 -0.00671827270646
-110.699 48.9448 -0.00102970634732 0.00025482458789 -0.00284425133703 -0.00473602702193 3.84526 3.93967 18.4538812259 13.0949625856 0.025339021352
-109.846 48.9198 -0.000522589305468 0.000401105527221 -0.000204121104795 0.00137069572517 4.11737 4.25642 3.00719914862 3.91620949593 0.119969734116
-121.484 48.5183 -0.000128193684528 0.000488197799436 -0.00110600540067 -0.00154509945854 4.20573 4.2051 4.21845168238 -2.7288741814 0.301534083188
-120.12 48.4607 -0.000196898818643 4.29786032136e-05 9.80186554273e-05 -0.000264792219134 4.11845 4.13052 6.30905339069 1.82969316823 -0.0781228457292
-119.333 48.3584 -0.000471276338749 -7.97456453614e-05 -0.00102586329118 -0.000767414927916 4.19105 4.34721 5.97895440095 5.83129411205 -0.33365955493
-118.149 48.4226 -0.000576475817678 -0.000385869501836 0.00229382479735 -0.000629586278604 4.00203 4.14214 1.73020536024 9.35691461902 -0.65760403208
-117.225 48.2995 -0.000745629268126 -0.000153119193683 -0.000915473877967 -0.000137646286991 4.37026 4.57112 5.67517231092 9.6350971875 -0.532200970889
-116.367 48.4366 -0.000976992027688 0.000166193524091 -0.000817227212017 0.000721831750282 4.63183 4.60021 8.15172253495 10.4802639203 -0.333211297782
-115.589 48.4694 -0.00130047233366 0.00010655367702 -0.000335021789281 -0.00176597816939 4.31894 4.25492 8.97978730863 15.0335728611 -0.508415486721
-114.468 48.3739 -0.0019389873783 3.95098769765e-05 0.000105754656613 -0.000696194957229 4.31629 4.29735 9.20881240074 23.5757042356 -0.820506783059
-113.273 48.3609 -0.00227390128717 0.000413902459898 -0.00164166125462 -0.00653926843715 3.6811 3.85957 19.1133392354 28.711232527 -0.187711115547
-112.562 48.3129 -0.00218229897607 0.000938691487972 -0.0012834273573 -0.00362425040907 3.66901 4.16228 16.4843719514 25.0266649524 0.266735618829
-111.707 48.4128 -0.00144209399305 0.000357204097441 0.00378062097252 0.00172688143426 3.74115 4.05299 8.74321896189 16.2661527311 -0.249291102638
-110.799 48.2921 -0.000922631722963 -2.90597193788e-05 -0.0012637559971 -0.00229648748478 3.39648 3.56655 16.4484357505 12.4481346259 -0.265021559349
-109.777 48.3943 -0.00025702083471 -0.000329967862652 -0.00835777784573 -0.00204494577069 3.4698 3.55582 15.0996172534 4.63051216286 -0.385321318511
-120.894 47.923 -1.7290248269e-05 3.89362693018e-05 -0.00035606082817 -0.000664129616528 4.04072 4.16542 3.69339334824 -0.146248585425 0.0195390548588
-120.061 47.6902 0.000224962138923 -0.000275003908712 -0.000486910088038 0.000748627039552 4.16833 4.21055 4.1448326817 -0.146531993216 -0.0810327942216
-119.045 47.7849 -0.000208744272177 -0.00100929202142 0.000475166216221 -0.00029818649074 4.01177 3.8938 4.79531869244 10.275409956 -0.940878105396
-118.274 47.8006 -0.000364448493803 -0.000832605152633 0.0011012327926 0.000447624870141 4.23732 4.14084 3.74263957002 10.6399789038 -0.887787565631
-117.308 47.8192 -0.000869575179018 -0.00102564376609 -0.00248652037059 0.0018736652798 4.97685 4.87014 5.56783741818 17.5416449437 -1.33419829449
-116.256 47.8397 -0.00187140174482 -0.000308325005706 0.000829020737049 0.000702014934983 4.38463 4.40774 2.58871251761 23.3555197133 -1.32539564533
-115.475 47.7092 -0.00205358245087 -9.47034581117e-05 0.00294266826354 -0.000967315586822 4.13137 4.24455 2.08650770907 23.8804066371 -1.24636577067
-114.574 47.6795 -0.00184570787552 -7.18071564006e-05 -0.00534809537388 0.00183613889008 4.65633 4.72372 8.51638031483 23.0033859349 -0.909574027264
-113.747 47.7687 -0.00289622374548 -0.000159772985036 0.00536660882192 0.00216596933611 3.78759 4.09986 0.030691216685 34.0102084174 -1.78444328572
-112.607 47.775 -0.00164246576047 -0.000447975449867 -0.00179870658339 -0.0040872005401 3.10493 3.40597 19.0905021626 23.5273577595 -0.844263226064
-111.746 47.8012 -0.000517621112509 -0.000942078756276 0.00165464978931 -0.00558226366198 3.17671 3.40248 17.6892718066 10.2844354314 -1.04347149196
-110.763 47.6327 -0.000407580952672 -0.00130763905479 -0.0045207954065 0.00205634707002 3.76045 4.02877 17.1533675129 10.0064915585 -1.3678874903
-122.803 47.1109 5.91261851142e-05 3.99991778941e-05 0.00358321032113 -0.00120160563781 3.73064 3.76174 -2.07258477027 -0.932663862861 0.0704853338348
-121.989 47.1881 0.000435039183362 -8.89947050423e-05 -0.00064965719767 -0.00017684836238 4.05848 4.08648 1.67468958766 -3.52550967596 0.226319164136
-120.844 47.1935 0.00040768614434 -0.00066552918935 -0.00142694762106 0.000621029393459 4.28344 4.31602 3.54295409228 1.40388108914 -0.258682121242
-119.973 47.1936 0.000792154911814 -0.000364495657823 0.00107708392669 -0.000440945517992 4.05143 3.91751 3.98419641382 -5.44725542967 0.197565644252
-118.921 47.0573 -0.000447424393034 0.000394093319165 -0.000612426745243 -0.0015320914242 4.04594 3.44447 6.30382407599 1.98781880996 0.0720386722052
-118.309 47.0615 -0.00171434516605 1.72666589933e-05 0.000278337821344 -0.000650396834978 4.35034 4.13195 8.25364660872 19.7248400208 -0.889562623219
-117.276 47.0547 -0.000890383945419 8.04454031253e-05 -0.00277698434965 0.000485229293591 4.58541 4.11244 6.79401590962 9.72080752506 -0.40623902267
-116.335 47.0477 -0.00241198059269 -0.000168871635623 0.00317868608473 -0.00109501606413 4.04649 4.09011 2.91376340178 28.4265547522 -1.52359746166
-115.353 47.0528 -0.00180370404904 -0.000650088616922 -0.00138510587995 0.00204761894406 4.66866 4.99026 5.91106026536 25.8973299139 -1.48585023938
-114.459 47.0943 -0.00182891155673 -0.000519330921392 -0.00319620691415 -0.00165355465798 3.99564 4.22311 8.19187325899 25.6855550834 -1.30999437356
-113.506 47.0816 -0.00184466689407 -0.00165369964362 0.0060970083153 0.00181875352916 3.55886 3.86986 -6.51034043111 34.3031330479 -2.46010105735
-112.52 47.0418 -0.00112649680517 -0.00202584152501 0.00259977901184 0.00147063419641 4.03196 4.47263 0.89094552288 28.4158905174 -2.31293626584
-111.549 47.0308 -0.000706052863897 -0.00188069104389 -0.00395020005103 0.000427715918437 4.32076 4.58055 20.1143751278 15.2916267079 -1.98910898758
-110.687 47.1523 -0.000839210337323 -0.00182431327239 -0.00136779771581 -0.00182792427508 4.01488 4.09441 18.2569495412 17.2803876295 -1.96887895443
-109.802 47.1961 -0.000391507784579 -0.000993184572738 -0.00159329083464 -0.00218929310637 3.69785 3.7222 11.1367102447 9.7890260984 -1.06687067398
-123.563 46.5459 1.75063577893e-05 -0.000566900613311 0.00118632230603 -0.00314651840067 3.79168 3.81381 2.16610953383 5.06632216884 -0.398588299649
-120.979 46.5433 0.000205193853358 -0.000447030388923 -0.00135173723227 -0.000820905197067 4.1308 3.98776 0.722358130021 2.02762907011 -0.191862777158
-119.855 46.5585 -0.00072466059904 -7.3011934492e-05 0.00196717741549 -0.00119681529433 3.94373 3.88579 -0.469221857039 7.94348294515 -0.542549825977
-119.06 46.4911 -0.000389076578704 0.00142973125188 0.000626248960362 -0.00103014773318 4.28616 4.42346 6.01343675815 -6.87366609523 0.945862595102
-118.146 46.5139 -7.36619521406e-05 0.000441136339153 -0.00297676021042 -0.00136269773192 4.64843 4.6437 12.2004626147 -1.93765807374 0.355205061601
-117.11 46.485 -0.000776330563484 0.00139346708846 -5.63100648813e-05 -0.00153042797258 4.14343 4.15319 7.8447155857 -0.79260998691 0.789851617883
-116.209 46.3559 -0.00104956727488 0.000273998493822 0.00103062564775 0.00032439331474 4.27005 4.24986 1.43813573748 9.35060779112 -0.407191619555
-114.188 46.4423 -0.00102125169986 -0.00116533121229 0.000481450843071 -0.000461867810998 3.8928 3.94524 3.46928457181 20.6265255644 -1.53108051995
-113.493 46.4162 -0.000954568192106 -0.00188236980949 -0.000133321002749 -0.0028307273707 3.96112 3.97843 5.15415031942 24.5700311373 -2.1075910527
-112.641 46.4246 -0.00110296046418 -0.00219423743303 0.00160494784688 0.00188681301287 4.77539 4.74778 0.152960739113 29.8534128756 -2.43600889435
-111.676 46.5336 -0.000809231433612 -0.00146782325186 -0.00196975488943 0.00347860162982 5.1662 4.95171 8.07439746439 18.8980682847 -1.67212521982
-110.858 46.462 -0.00124414145383 -0.000904437330851 0.000586771549354 0.00357247218645 4.78792 3.78251 9.93459352942 20.929059373 -1.30669258062
-109.914 46.5663 -0.00108918849332 -0.000167742331077 -0.00515127374042 0.0002995661263 4.4608 4.30088 10.5689803223 15.1585748333 -0.536546883488
-123.559 45.9306 2.30976117448e-05 -0.000320426497362 0.0013055283252 0.00106206900011 4.00877 3.96733 -0.901001604136 2.93409748476 -0.202043496614
-122.419 45.9325 0.000223396048135 -6.93804711557e-06 -0.000952038735744 0.000989085027624 4.40589 4.28945 1.12713218739 -2.11616721831 0.149390782321
-120.782 45.7664 7.46732879288e-05 0.00035649771651 0.000107974851552 0.00116588181996 4.38589 4.1828 -2.70327338208 -4.19345006077 0.301572676787
-119.928 45.8951 -0.000480792553014 7.11448290721e-05 0.000718874436295 0.00199597151144 4.55442 4.40069 -2.40228090347 3.9808433422 -0.287564441881
-118.777 45.7971 -0.000628378482624 0.000156867649603 -0.000609782065707 0.00340189732196 4.81161 4.74499 -0.376017700038 5.02866208938 -0.29882926378
-117.909 45.7087 -0.000661073482159 -1.07487668216e-05 0.000262408232158 0.00179326755265 4.63239 4.58792 1.41448262104 7.18177918093 -0.422754649486
-117.228 45.9734 -0.000737430391567 0.000392706806397 -0.00252515090101 0.000476167397262 4.43499 4.47624 9.22661230214 6.06516779029 -0.0309146677295
-116.155 45.8883 -0.00107919623453 -1.99147460737e-05 0.000769908724305 0.00103557638763 4.24337 4.31931 1.72377851417 12.159888324 -0.658405290916
-115.255 45.7565 -0.000639258866048 -0.000684979297082 0.000816183095385 -0.00108702548094 3.86033 3.9502 3.88929634848 12.6499514863 -0.92384516415
-114.332 45.7893 1.09507458141e-05 -0.000839655158633 -0.00121050858048 0.000402721477003 4.16251 3.99973 4.76240253965 5.98435072416 -0.710017370022
-113.37 45.8122 -0.00055367537361 -0.00098533837858 0.00197623755722 0.00674194561656 4.63148 3.91803 -2.20447717671 14.5044424498 -1.1190466305
-112.493 45.8409 -0.00132191225919 -0.00107242580828 -0.00217515756138 0.000756289447872 4.83328 4.11981 9.54674273294 23.089902054 -1.5260238925
-111.626 45.7843 -0.00256764608692 -0.00100940873574 -0.000339123359233 0.00172669020873 4.8555 4.55144 6.16892348393 38.5703236264 -2.06702577679
-110.659 45.9054 -0.0021303086801 0.00447018821989 -0.000157240544204 -0.00446826033205 4.18133 5.91575 12.4462767672 7.11510121434 3.49522906071
-109.716 45.9046 -0.000882330862943 0.000553558212104 -0.00529022255487 0.0066727089242 5.06755 5.31959 5.52540896617 7.88800493901 0.120726660406
-122.478 45.2059 0.000746652370593 0.000283781035054 0.00119676606002 0.00201149341922 4.32261 4.24588 -2.43305984992 -9.66544781616 0.743041572478
-121.317 45.2422 -0.000322055693516 0.00036024273805 -0.00195305131693 0.00142663315922 4.4744 4.19779 3.36767249596 0.131236397039 0.0634822531192
-120.635 45.2357 -0.0014694668945 0.000622289391038 1.24052946861e-06 0.00157078761925 4.60369 4.41211 0.865509474322 9.07364002709 -0.532710435582
-119.669 45.2664 -0.00028477651588 0.000661297789226 0.00133448490097 0.000395135428508 4.28382 4.2153 -1.40538280848 -3.44101594887 0.281356628647
-118.96 45.2904 -0.000660597939725 0.00055169626078 -0.00141872257762 0.000689542545234 4.5334 4.41947 3.61486683562 2.50277555525 0.0292519587492
-117.78 45.2781 -0.000603332260765 0.00016046100919 -0.000142085742522 0.000258708788432 4.26763 4.1738 3.99896297896 5.40374675662 -0.227678347262
-117.12 45.2925 -0.000838075068312 0.00034155058156 0.00128143900028 0.000269123065748 4.08234 4.12387 2.61622284782 6.4275840448 -0.230778967986
-116.268 45.3997 -0.000651466045812 -0.000188470445855 -0.000263154606997 -0.00198299465407 3.89282 4.00303 6.29111222698 9.03497552436 -0.507402698814
-115.326 45.1285 -0.00051496035049 -0.00100048271708 -0.00150188735581 -0.000781258724965 4.18558 4.11813 3.32751663984 13.7950027053 -1.11658528817
-114.233 45.0931 -0.00080459216652 -0.000733705731145 0.00288141486063 -0.00100976659477 4.0895 4.02479 1.09727742685 15.1253495372 -1.06404305487
-113.46 45.2432 -0.00063007459947 0.000754129755688 0.000609389060099 -0.00913949347534 3.35443 3.23799 13.3973275728 4.19602460237 0.461027235365
-112.489 45.166 -0.000809992015948 0.000262548998259 -0.00335237759474 0.00265686713363 4.52614 3.76416 14.875565203 9.49561741722 -0.0243090363205
-111.805 45.2285 -0.0034108378402 5.92013073896e-05 -0.00211812263838 0.000148176068379 4.17871 4.42295 7.97418745671 42.9511094685 -1.42513663189
-110.74 45.3212 -0.000111679406839 -0.00133270318852 0.0684054573546 0.0633049489794 2.87016 3.18652 -51.4517002685 18.8888176611 -0.253864207332
-109.563 45.3171 0.00246416234088 0.000496882907904 -0.0064142759122 -0.0136436806003 3.07374 3.31576 12.327964766 -35.3475648451 1.26054456118
-122.186 44.6837 0.00024442345144 0.000112923959372 -0.000517433540437 -0.000365985592815 4.17158 4.15835 0.960601936181 -3.45884355298 0.251367291901
-120.335 44.7344 -0.000283202688906 0.000621948319193 0.00113752058194 -0.00123599269814 3.97343 4.01013 2.52238600349 -2.61949357566 0.286761923986
-119.565 44.5913 -0.000303974499218 0.00114301429177 -0.000523532792996 0.00200083337838 4.34904 4.38555 0.292587750766 -7.47074040878 0.642661147391
-118.67 44.5191 -0.000105469489913 0.000597575433696 0.000416097099989 -0.00141270818403 3.92973 4.09044 3.97068550946 -3.88542616569 0.40909084592
-117.664 44.6653 -0.000737204024405 0.000331123289095 -4.15545667648e-06 -0.000168556405797 3.98837 4.10151 5.17045504823 5.69587901666 -0.155169161397
-116.747 44.589 1.47993488545e-05 -0.000729195228199 0.00126762993354 0.00124986699296 4.09866 4.38654 4.53512232246 5.64240692535 -0.589329483768
-116.013 44.7035 0.000574233028612 -0.000588134335432 0.00126983305628 -0.00145424105987 4.05075 4.06774 4.54886959772 -2.03923507301 -0.16554925874
-114.855 44.5494 -0.000471541134383 -0.000402147997732 -0.0077973938028 0.000487286084886 4.75347 4.0132 9.86551988509 8.46480668698 -0.574599161503
-114.255 44.5642 -0.00184451461906 -0.000491012456768 0.00792458514828 0.00028779280763 3.65252 3.54131 -11.9630240083 22.2752535113 -1.70962414083
-113.367 44.6165 -0.00110669169142 5.8298748396e-05 0.00951902435908 -0.00286126614186 3.50306 3.89725 -4.69476561655 11.332668315 -0.672853208105
-112.644 44.6173 0.000119622870751 0.00102322966198 -0.0173410572573 -0.00584278775712 3.73351 3.98465 -319.509217881 -0.268469908959 1.00663566168
-111.248 44.7038 -0.00108539183243 -0.000817707901816 0.00125696842162 0.000355372125172 4.28034 4.32738 5.78093089548 18.9822369303 -1.22606535963
-110.576 44.3951 -0.00249131936385 -0.00113585933693 0.00946867423186 -0.000900290070242 3.60666 2.91977 -2.47049904449 38.2814189408 -2.36082079349
-120.211 43.9437 -0.000279793041445 0.000368496576893 -0.00157734572256 -0.000781949416239 3.99723 4.07048 6.73103832821 0.0530918743118 0.12799221444
-119.504 44.082 2.03564319857e-05 0.000258942898091 0.000311977423306 -0.00364102782188 3.67086 3.96791 7.86124705208 -2.27246500014 0.224260449819
-118.569 43.9104 0.00031742836941 -0.00083520379302 -0.000233807091238 -0.0002495888196 3.92102 4.14233 5.02844806626 3.39883386819 -0.479738301881
-117.741 43.9733 0.000514268861213 -0.000855196664775 0.00111473964118 -0.0014500955956 3.82087 3.92524 6.32133512379 0.844138834819 -0.41343093181
-116.803 44.086 0.000287057377719 -0.00129301107246 0.00150352296362 -0.00307341451311 3.81241 3.7549 7.32047269667 6.29871759297 -0.93729958767
-115.958 43.9121 -0.000366762199477 -0.000136095453991 -0.0017542663823 0.00379781996039 5.06914 4.61217 2.30606705972 5.26380003072 -0.327954640559
-115.133 43.7945 -0.000859719001725 7.17788272119e-06 0.0010516853825 -0.000514213398019 4.1564 3.90752 6.12539495786 10.2105251835 -0.448555286558
-114.117 43.9146 -0.000888713392379 -0.000187819248151 -0.00643533002524 0.00327365197202 5.1613 4.73385 7.91758139015 12.252030338 -0.59444925455
-113.452 43.9286 -0.00207702718833 -0.00044732255331 0.0099537165558 0.0146575254654 4.58638 4.41031 -26.7105669753 19.0389753436 -2.05194274375
-112.485 43.9997 -0.00151540979164 0.000219536553152 -0.00200555445007 -0.0014282990074 4.06299 4.38057 3.52140349329 16.7013943019 -0.603302258001
-111.487 43.8756 -0.00162104756431 0.00142437335542 -0.0156332426317 -0.00475517254624 3.95857 -nan 26.5720180961 20.3062033206 1.20688202806
-110.576 43.92 -0.00153451701911 0.00301753347188 0.0187976877602 -0.00259584408687 2.81838 3.34132 -12.6073843046 -15.277694467 1.02635783319
-109.817 43.7013 0.0019635652016 0.00242372712025 0.00786221465748 0.00210019891062 3.80573 4.53682 -7.00576711138 -43.691617923 3.11930128897
-120.153 43.2515 0.000306041620972 -5.93758813942e-05 0.00897884686132 -0.00163919160739 3.44132 3.46228 -3.13619384464 -2.29769273046 0.182732254643
-119.311 43.3736 0.000823063540477 -0.000253728682108 -0.00356463256718 -0.00200666292264 4.10856 4.01916 9.40525907738 -7.60490505731 0.240934551427
-118.474 43.358 0.000719190420373 -0.000681793467269 -0.00145982000314 -0.000349505582492 4.26151 3.78095 6.43579192207 -2.6494070338 -0.138018567172
-117.754 43.3471 -0.000331184696199 -0.000598041618649 0.00436836703577 -0.000907628825497 3.95094 3.67596 0.646225719601 8.94377701866 -0.669873174196
-116.767 43.4275 -0.000466015925967 -0.000202704311218 -0.0050653521403 0.0010823773032 4.8822 4.54651 13.5212188904 7.11299884016 -0.389358193304
-115.828 43.4151 -0.000530919582 0.00038786758458 0.000861522961601 0.000599090917912 4.53404 4.45541 4.62888574726 3.08404244674 0.0204370009515
-115.098 43.25 -0.000631653190318 0.000466176915711 0.00312251071814 -0.00061124120051 4.13249 4.04041 -0.131229843448 2.90096545023 -0.0269585510838
-114.174 43.3979 -0.001335242808 0.000444944671613 -0.00631278641205 -0.000989876709633 4.45963 4.17882 13.0926625383 14.6821860323 -0.138261180679
-113.518 43.3234 -0.0019108009414 0.00062943056143 0.00268190728895 -0.00647552241395 3.52873 3.553 3.34442939231 17.8297112759 -0.516463298302
-112.433 43.3998 -0.00206627171286 -0.000743641317071 0.00469430037367 0.00670053495728 4.60844 4.44238 -14.5424864888 27.0854138212 -2.05710770443
-111.612 43.2741 -0.00313980520965 -0.00557117312178 -0.00370374751345 0.00239098970559 4.73123 4.56228 3.15909217503 79.5056538819 -6.39215005354
-110.712 43.3629 -0.00149947176845 -0.00166563722312 0.00136671277473 -0.00188066332235 3.7146 5.16635 4.36640027139 30.2956340462 -2.18220449848
-110.02 43.2112 0.00142093404991 -0.00184327808179 0.00319908859569 0.0106858317056 5.94425 -nan -22.2310003616 9.79404219338 0.0933889640453
-119.247 42.6912 0.000603741771538 0.000804497729102 -0.00448236072793 0.00342660766048 4.83074 4.69804 0.319720966233 -13.7955452647 1.00062718226
-118.486 42.7308 0.000595619425296 0.000593476270024 0.000691186809104 0.000698996906582 4.45625 4.09072 1.67088409789 -11.7230111179 0.838158478887
-117.725 42.6996 4.17849664063e-05 0.00049516397429 0.000375231556121 0.00284711456044 4.78751 4.33297 -0.539112582844 -5.07886412481 0.396199446214
-116.87 42.7779 -0.000495236592143 0.000194948192231 -0.00130797625957 0.00270262991498 4.95245 4.6506 2.72333287134 3.83225451353 -0.148796222797
-116.032 42.7713 -0.000798966361212 0.00018024638298 0.000727555453608 -0.00349735111365 3.86773 3.7703 8.43071462919 8.33980561126 -0.258316884418
-114.903 42.636 -0.000935316490838 0.000652149815909 -0.00173630492863 0.00297149329048 4.62066 4.5556 4.78322615467 5.94134427322 0.0265128847938
-114.084 42.6493 -0.00112577646311 0.000701085540504 4.12092911755e-05 -0.000554898719862 3.80994 3.79983 4.17747807852 7.92703029787 -0.0304967404594
-113.176 42.5452 -0.00102256791859 5.8236005114e-05 0.00157496779461 -0.00334001320637 3.5481 3.69226 4.77375079383 11.9884929357 -0.486984686107
-112.531 42.6852 0.000749385714185 -0.000487713494562 0.00061920815331 -0.00335321452147 3.92943 3.88721 5.46496468272 -5.76007086796 -0.0453412481791
-111.588 42.8321 -0.00102027875095 -0.0016793605669 -0.00181209214868 0.000203969329137 4.33559 3.40083 2.73931248783 25.0746345276 -1.96494217274
-110.92 42.7507 -0.00348876175561 -0.00292223832013 0.00146816766191 0.000790199390264 4.46644 4.63679 0.309931470274 64.9250674998 -4.36009937154
-110.042 42.6372 -0.00132787124531 -0.00078554658264 -0.00336479493494 -0.00887921400316 4.42882 3.76742 11.8692680288 21.9103583748 -1.20675387014
-108.847 42.8247 -0.00110069511198 -0.000292950591869 -0.00384661761266 0.0177246549412 7.93082 7.54263 3.44542132437 16.0388194805 -0.771926550374
-108.342 42.6579 -0.00130392645564 0.000105275252959 0.0161470810173 0.0129836386285 4.58852 4.60713 -15.2762938874 12.0336648192 -0.863898317005
-119.34 42.0187 0.000606527807535 0.000651135017573 -0.00336553958081 -0.0019504609451 4.62825 4.77431 1.87151245044 -12.3963070754 0.889607784452
-118.344 42.1901 0.000804914615148 0.000704439331317 -0.000298065542595 0.000431250436846 4.62773 4.53683 1.6556392679 -15.0119439641 1.05886763619
-117.667 42.0192 3.29591758067e-05 0.000909841269619 -0.000192869150524 -0.000748273972054 4.44264 4.22028 1.54269599556 -8.61717456231 0.716801947012
-116.471 42.0773 -0.000519435465404 0.000653597762902 0.000426789462469 0.000973489700969 4.2366 4.0128 1.31387880822 -0.115391617441 0.180549918868
-115.754 42.1669 -0.00103484011355 0.000734055531717 0.000222028565439 0.00266049324747 4.2496 4.14586 4.36196137764 6.00379249142 0.00439864010168
-115.016 42.146 -0.00110626901995 0.000455773594275 -0.00203066452633 -0.00130030597241 3.89897 4.01134 9.2670034719 10.5133794061 -0.1466792408
-113.944 42.0886 -0.00103337811928 0.000372512690842 0.00234158716109 -0.00164149621423 3.54671 3.71326 2.89575180522 9.11858288255 -0.280580970124
-113.24 42.0343 -0.000470758782113 -0.000358025706995 0.000681477945888 -0.00273452589716 3.7429 3.77662 6.24630906078 8.40798997711 -0.547384963229
-112.386 42.0041 -0.000438799634324 -0.000245482134285 -0.000821093231883 -0.00180043749178 4.08472 3.86189 9.79265648273 7.20864187979 -0.412876538482
-111.432 42.0149 -0.000977059344454 0.0013784853571 -0.0023522789183 -0.00350218801402 4.4876 4.30406 11.8129494198 5.26428641413 0.891221059953
-110.873 42.0995 -0.00106305115862 9.67651599179e-05 0.00266711684685 0.00454153975056 5.22129 4.32621 3.21487082409 12.4647665039 -0.460153755098
-110.036 41.9243 -0.00100837251396 0.000691647633981 0.0015493983325 0.0119396994456 6.06436 5.1757 -0.641281793556 6.59490966585 0.0163500102528
-109.357 42.1012 -0.00169881223364 0.000256998522198 -0.00908979897756 0.00385905575347 6.13231 5.70403 10.8432123322 21.5819444204 -0.377646154035
-108.34 42.0073 -0.000695027686507 0.000569457703561 0.00968830138839 -0.00597381874652 3.77116 3.55452 -2.43842251048 3.88164981643 0.0929605832332
-107.369 41.9641 -0.000237692076852 0.00678590895378 -0.00802250865084 -0.0125524345795 3.54508 3.48474 11.7504670685 -27.340679287 6.37913379744
-106.434 42.031 -0.00300296256189 0.00190121480473 -0.0233349021617 0.00193799468586 5.33618 6.83214 -314.635037053 50.0517900617 2.68700531049
-119.171 41.3884 0.000386058894655 0.000126990802384 -0.000682425776604 0.00187819913962 4.67082 4.56107 -5.51915659471 -4.89989284359 0.375032483579
-118.379 41.4483 0.000213674917576 0.000775962381492 -0.000766512634527 -0.000744697238714 4.41763 4.3735 1.65237265051 -9.45705423281 0.725301168528
-117.45 41.423 -6.43019896362e-05 0.000876968302824 3.87741332096e-05 -0.000130109801266 4.22996 4.2074 1.54637290186 -7.31347251059 0.62833543345
-116.54 41.522 -0.000489738504517 0.00108154711043 -0.00051098160872 -0.000807361073036 4.03171 3.8994 3.55782500729 -3.72684665001 0.566442513669
-115.791 41.4311 -0.000799648055299 0.000499236724118 0.000579931950241 -0.00106599691907 3.67519 3.77006 4.09176720822 5.07030735289 -0.063294484056
-114.915 41.4157 -0.000609715837951 0.000126643189325 0.000428345212552 -0.00235727152734 3.58695 3.70924 6.10004904469 6.33617453746 -0.224312154861
-113.347 41.503 -0.00017098344259 0.0004204982939 0.00216478800205 0.00460778690496 4.66814 4.47455 -4.23772761534 -2.14670989062 0.202639693583
-112.448 41.4632 -0.00112725807011 -9.14606022732e-05 -0.00162836194035 0.00101504359552 4.7615 4.66341 6.83457042908 14.8104559289 -0.630870434122
-111.63 41.3146 -0.0014780429645 -0.00023192335046 0.00346656455322 0.00147935103924 5.22346 6.59598 2.82674395677 19.8424480487 -0.987603273559
-110.666 41.4729 -0.00115724038927 0.000363964333122 -0.00277127976571 -0.00904088745265 3.52951 3.52462 20.5543064162 15.0822488116 0.0848814955765
-110.067 41.4272 -0.00212233739381 0.00205840489734 -0.00168024505976 -0.00779602241728 3.69502 3.72731 19.747567931 22.9520902566 1.50339685459
-109.157 41.5047 0.000898728401297 0.00136679757225 -0.00385343437766 0.00445129443967 4.52111 4.76357 1.378110986 -21.4220090058 1.63420532792
-108.187 41.4906 -0.00132824723651 0.000755776006242 0.00390451246702 0.00376244495004 4.38918 4.39403 0.845421032939 11.2255193247 -0.0136185775807
-107.364 41.6067 -0.00204169856783 0.00833491993176 -0.00268121403856 0.0183144457993 11.1399 -nan -98.1005780645 -114.390451743 -6.74320299148
-106.596 41.4033 -0.00034820737995 -0.000337361332332 0.0101211811794 0.00280878367102 3.76878 4.75235 -5.96808761437 7.02521714113 -0.476123475279
-119.835 40.7484 1.38075837958e-05 0.000142041739945 -0.000633722627594 0.00340282627508 4.33142 4.34354 -3.56561953129 -1.61910050872 0.104957483108
-118.971 40.7797 0.000434991218008 0.000942970740109 0.000308301953795 -0.00250841080539 4.2324 4.24271 -3.69920563204 -13.9540084719 0.958391816207
-118.134 40.7811 0.000189873581195 0.000634805729291 -0.000707902453733 -0.00109523673914 4.083 4.0881 -0.635874359345 -8.13536582465 0.591428509029
-116.508 40.7186 2.51676357401e-05 0.000639912099212 0.00208047734644 -0.000539077504122 3.59208 3.90655 0.689832306084 -6.18552920492 0.503724707022
-115.736 40.8167 4.91674781218e-05 -0.000157821229462 0.00188031706343 -0.00249418317784 3.65538 3.67143 2.15455023997 0.835598133169 -0.0940576526872
-115.039 40.8522 -0.000294121640188 -0.000371016575549 0.000414268899979 -0.000581058813205 4.29959 4.05208 5.92480371936 6.44599026135 -0.47168384697
-114.204 40.8556 -0.000933548773022 8.29345518574e-05 -0.00465208962464 0.000841320884846 4.70141 4.64332 12.9275360189 11.5963889643 -0.327008724083
-113.187 40.8513 -0.000419062772172 0.000583184114108 0.000582147585551 0.000985493736036 4.88295 4.94451 2.76471020127 0.217625983633 0.243301286688
-112.52 40.8903 0.000175235232116 0.00025110379883 0.00648760930757 0.00306324404113 4.46386 4.22175 -4.86975501395 -4.29892006068 0.304278299626
-111.437 40.8869 0.000354308890024 -0.00132048840837 -0.0231134130473 -0.000646189848169 4.76556 4.85507 24.9730917651 -1.65751805706 -1.23661264896
-110.834 40.9425 0.00159723154313 -7.60459346769e-05 -0.0169638739054 0.00992938540855 5.49288 4.79031 11.1831679304 -20.8841644682 0.561223720268
-109.673 40.9763 -0.00197433162134 0.00228612758142 0.000200997224536 -0.025690415949 2.48444 2.53144 27.882966166 25.6718054667 2.09914391557
-109.177 40.8936 -0.00113992843865 0.00128743925685 -0.0096756802443 -0.00903933494208 3.34556 4.01688 26.0748234997 14.4524777141 1.1521447929
-108.263 40.8338 -0.00135551895298 0.00023594961414 0.00748467134892 0.00570913821867 4.58046 5.19808 0.270871256559 15.2220053715 -0.498607760509
-107.52 40.76 3.9537133383e-06 -0.000153987842611 0.00243163208172 -0.00980469547657 3.20412 3.55171 11.8959176644 0.667168305847 -0.144674434527
-106.454 40.8023 0.000249917167193 -0.00129267807987 0.00170196756562 -0.00358128830806 3.68773 3.73209 1.0532934181 5.72366797005 -1.02261082956
-118.877 40.1614 7.20944051209e-05 0.00067786800423 0.000951115162517 0.0047917678486 4.59461 4.75849 -8.83237425891 -8.26595478229 0.467528990301
-116.5 40.2917 0.000242422313524 -0.000457569187718 0.00275022279127 -0.000312248926151 3.9382 4.12783 -1.05731387839 1.84498959423 -0.17487672395
-115.657 40.1313 5.93697559017e-05 0.000219840507606 -0.00207319179844 0.00342367155382 4.84345 4.57846 0.764883025643 -2.67083215319 0.207111458839
-114.745 40.2679 -0.000867353940887 0.000208954867879 -0.00180841798052 0.00339161599656 5.05519 4.67557 1.11836424322 7.94676036772 -0.372504791139
-113.981 40.1314 -0.00104039958417 0.000572452015072 -8.43786288515e-05 -0.000710970660087 4.45757 4.39383 3.67691597452 7.60422703459 -0.125063736716
-112.469 40.2807 -0.000820529269986 0.00100101059915 0.0026804770798 -0.00212276981609 4.05961 3.98968 7.09406969523 3.17055103388 0.464596436244
-111.502 40.2067 -0.00216197633864 0.00115558309208 -0.0176086450519 0.000336222828871 4.33015 3.94122 21.2693629747 26.3380903381 0.583834393013
-110.738 40.1948 -0.00336375191763 0.000986655798642 0.0310072798614 0.00340696834573 2.46865 2.54407 -27.9492059147 9.76158702182 -2.53487760238
-110.008 40.2655 -0.000926042610413 -0.000383976102124 0.0273515290327 -0.00684875130342 2.87661 3.20828 -13.5467994796 13.3135337249 -0.94122341849
-109.124 40.2982 0.00144872975561 0.000101278021878 -0.0506723901605 0.000227426497678 2.60589 2.72733 -283.830869425 -14.4035890131 -0.923073562256
-108.242 40.1348 -0.000332586123936 -0.000503586101603 0.0166374620729 -0.00936782411773 3.13524 3.13154 9.33189626082 7.3506703252 -0.592256742096
-107.47 40.2149 -0.00085917350646 -0.00128368059809 0.00986974100047 -0.00350132937318 3.22774 3.28591 0.0263755407779 20.5606009619 -1.54237914035
-116.464 39.6202 0.000150207312216 0.000207787827131 0.00138563807813 0.000383144768604 4.36166 3.97786 -2.88139523835 -3.62815456424 0.253493580196
-115.754 39.553 -4.40410123457e-05 0.000931965736701 -0.00236909301641 -0.000274696845633 4.87776 4.59979 5.08140422887 -7.33039809952 0.730389177283
-114.908 39.4731 -0.000747889217952 0.000726652081496 -0.000966074052577 0.000449485191008 4.73297 4.38158 1.13529051712 1.84021356124 0.0974651457903
-114.016 39.455 -0.00135790721484 0.000600655382474 0.00218624851836 0.000496059647567 4.19532 4.04312 -1.27659060415 9.41360492822 -0.418106021732
-113.069 39.5906 -0.00140630287937 0.000589749670136 0.000512086267117 -0.00135693123826 3.98955 4.05752 4.17654946289 12.287564056 -0.286980599358
-112.279 39.5708 -0.00106082028951 0.00115701172946 0.00163576653459 -0.00463488654994 3.53508 3.7379 6.69390430191 4.89612054147 0.467223007532
-111.66 39.6092 -0.000983359221201 0.00059351703433 -0.00662314025481 0.00178500299097 3.92142 4.16552 11.2378774598 9.38870232191 0.124892104115
-110.74 39.473 -0.00040524975763 -0.000743481037163 -0.00306627060751 -0.00808751481909 3.3317 3.50232 11.5210442748 9.80895166829 -0.843487943032
-110.246 39.6279 -0.000467060872899 -0.00275254722221 0.0129419909647 0.0165014073628 5.79635 7.57438 -38.0367711783 40.5927142057 -1.2756752923
-108.981 39.6333 -0.000492813697281 -0.000920869330416 -0.0078964188723 -0.00527170817389 4.03965 4.07429 16.9484761534 10.7056961591 -1.02068189888
-108.391 39.4998 -0.00110725373061 -0.000346705612954 0.00256278108132 -0.00548784187115 3.96014 3.91597 12.283606779 17.1304764468 -0.703041028494
-107.449 39.524 -0.000553703270999 -0.000194455005989 -0.00445514186142 0.00150313810737 5.07112 4.75793 12.1890168938 8.6958851204 -0.362624822004
-117.182 38.834 0.000968294609306 9.94160599317e-05 -0.00371468296386 -0.000444692481544 4.47847 4.4981 1.45643436348 -11.3919141104 0.714589883371
-116.4 38.8247 -5.51915650221e-06 0.000641888839067 -0.000844512758059 0.00109014771464 4.78257 4.34588 -1.85819464483 -6.35426893038 0.459225664134
-115.654 38.8455 -0.000661780920991 0.00068593372483 -0.00021285065933 0.000303445950012 4.61744 4.38789 -2.19391234083 0.156251698562 0.0449450352676
-114.83 39.04 -0.000549393108817 0.00149377336116 -0.000699225172652 -0.000200457134687 4.18302 4.03506 4.05865170088 -6.29764734487 0.884746799105
-114.02 38.9551 -0.000922816205456 0.00112398008154 0.000605637896524 -0.00151635311168 3.88346 3.90482 1.97374544462 0.791616862894 0.336306562823
-112.379 38.9995 -0.000922165060909 -0.00160642348928 0.00076533771011 0.0123184778005 5.09594 5.9096 -15.9373289782 26.9007860941 -1.70043156707
-111.172 38.9176 3.55969324008e-05 -0.000485048201942 0.00517205404548 -0.00899473688372 3.30901 3.344 6.12345275283 3.08554385538 -0.403371291969
-110.133 39.1025 -0.000424537094639 -0.00103454622547 -0.00209458628726 -0.00726928385162 4.19172 3.73022 11.5929685202 11.7022742463 -1.11819706015
-109.263 38.9553 -0.00153289240667 -0.000834874165195 -0.000914711783568 0.00421594035968 5.42239 5.02566 11.6946629599 25.636687924 -1.34549089695
-108.296 38.9541 -0.00172061172673 -9.08247482257e-05 -0.00103458239803 0.00906273724555 6.74119 6.81846 10.2898896302 24.1617787683 -0.730346859908
-107.574 38.8347 -0.00190325851872 0.000417141453417 0.00221943983579 0.00676716474034 6.19986 7.58766 5.59080334623 22.7593275157 -0.456407937013
-106.91 38.8627 -0.000272298084211 -9.84563563196e-05 -0.00765331561627 0.00915996777354 6.76232 7.29125 -0.698614887748 4.22977752849 -0.225719576391
-119.451 38.5226 -0.000222661013326 0.000293435847053 0.00281205670729 0.00135103158164 3.91668 3.98052 -5.72417558181 -1.26897085128 0.010557206786
-118.106 38.3489 0.00109505413696 0.00013218880104 0.0057808076676 0.00271559550097 3.50584 3.53213 -11.0322218952 -10.5471719221 0.974078367291
-117.072 38.2397 0.000703457053966 0.00051899172732 -0.00302997212028 0.00247837167395 5.01508 4.59805 -5.69340334871 -12.3261603842 0.871063255113
-116.302 38.2886 -0.000125323061657 0.00124804505901 -0.00133747386707 0.000841044662092 4.72391 4.25018 0.309634795385 -10.7020205679 0.845961242497
-115.585 38.3489 -0.000781496719641 0.00102290534807 0.00022748953362 -0.000527563406819 4.30899 4.06994 -1.93896461827 -1.91684238963 0.209143725342
-114.608 38.3281 -0.0013876638142 0.00126284627111 0.00117140972164 -0.0026343237452 3.43578 3.49805 2.75051332981 4.84513313978 0.157600695869
-113.969 38.1802 -0.000441113461546 0.00103357596809 0.00359852477926 0.000662227277987 3.71353 4.08569 -2.05964161003 -5.22101163672 0.479212045286
-113.021 38.2987 0.00254314297142 7.23947905949e-05 -0.00891425685483 -0.00417298847838 4.01786 4.41126 29.5828049798 -36.9958688717 0.462231665946
-112.277 38.2108 0.000261607002481 -0.00120304088278 -0.00142546340706 -0.00521570110202 3.29564 3.01207 9.53478653518 4.92594774833 -0.938609899554
-111.483 38.2843 -0.00277343021737 -4.44607699553e-05 0.0117759735601 0.00207334262739 3.3643 3.3132 -14.1580495342 26.3647024717 -2.17627630403
-110.711 38.4187 -0.00078335073452 0.000715704186461 -0.00446214136078 0.00192941412512 4.96587 4.91346 11.5372191645 6.25253068382 0.334054821385
-109.894 38.3862 -0.00053069545683 0.000387767206678 -0.000611566880786 0.00645988672782 6.18741 5.4072 6.4375782197 4.21524817304 0.0911142948441
-109.261 38.2916 -0.00115792253771 0.00010925830648 -0.00171156038377 0.00483708252327 6.13865 5.30442 7.33419503633 14.6557015898 -0.419996865544
-108.379 38.1888 -0.00179071235484 0.000391399872739 0.00425918550212 -0.00278403817608 4.24282 4.28599 12.9744789024 23.1137548814 -0.240621751744
-107.55 38.3685 -0.00104663896755 7.59562252548e-05 -0.00502208387267 -0.0029770892588 4.41812 4.63535 25.3810723037 15.3997712675 -0.0398109180711
-106.756 38.2289 -0.000383644190464 -0.000281085962394 -0.00647799425715 -0.00408207307979 4.227 4.30162 10.5078816904 6.84596329735 -0.396517089983
-117.225 37.7243 0.000409888543367 0.00125494212055 -0.0035974249429 0.00522291230585 4.87081 4.58272 -5.90478052445 -17.6426932653 1.12777147348
-116.595 37.923 -0.000501087224497 0.00154139442739 -0.00326673076862 0.00373524403186 4.72107 4.37562 -3.91734730246 -11.2419376428 0.694603340322
-115.747 37.6444 -0.000617895435401 0.00208629642115 0.00748191217349 0.000963352438947 3.4166 3.4313 -11.9223034191 -19.2148038244 0.732227536006
-114.849 37.6083 0.000215388963154 0.00072578121492 -0.000742093049803 -0.00264913786632 3.79332 3.87748 0.978394408979 -9.22330509844 0.694731719629
-113.86 37.5808 0.000311399297582 -0.000145414058651 -0.00125884939897 -0.000254175646869 3.7862 4.48582 4.56241605541 -2.50067233161 0.0609158583983
-113.168 37.7601 0.00201750341239 -0.000535294148156 0.00139321394265 0.000383229939717 4.21698 4.67052 1.05792844662 -18.5902854234 0.814820267517
-112.363 37.6761 6.17304821416e-05 0.000448347663151 -0.00317269790793 -0.0188438600059 2.65775 2.38647 19.7640375066 -2.93306301249 0.445155709917
-111.596 37.7222 -0.00302971084199 0.000312804757485 0.00228808900055 -0.00147021677335 4.60688 4.0298 3.94779846587 34.9941824464 -1.39278182431
-110.802 37.6354 -0.00139064964169 0.00215147670426 -0.000259116718717 0.013072963884 8.58534 13.6373 9.17924593944 3.91510065366 1.28703955406
-109.995 37.6903 -0.000940125583625 0.000872989333354 -0.0106494854259 0.0030863961333 4.56167 4.39142 6.54522297636 6.06602321255 0.316878124981
-109.137 37.7459 -0.00156309615849 0.000743984452672 0.00444020902092 -0.00267123857866 3.87174 3.72623 5.33057939106 15.1119740954 -0.0980952485732
-107.792 37.662 -0.00126389259651 0.000394760795098 -0.0035684720685 -0.00246197075529 3.76253 3.78167 14.3215139984 16.1662033888 -0.0165221985626
-115.22 37.2408 0.000102258891942 0.00162713019073 0.00642555376344 0.00395063900343 3.75098 3.8937 -15.2988996321 -20.7411179589 0.97524906033
-114.715 36.7256 0.00112673795799 0.000860730547783 0.00443861646895 0.0021308561355 3.75127 3.87107 -9.40389696494 -20.2778496756 1.41707782486
-113.907 37.0195 0.000684093248007 -5.58053341404e-05 -0.0054113295811 -0.00142094965673 4.16389 4.17193 3.82160987185 -7.62122167396 0.360653233253
-113.084 37.0615 0.00195115728938 0.000415812301859 0.00541222206404 0.00334325704942 4.10746 4.07502 -9.52949204896 -23.6114144139 1.74075612605
-112.382 37.0183 0.000136317918221 0.00176658031192 0.00318556960216 0.0147308659768 5.40945 4.27039 -8.16184530186 -20.3755778123 1.31373625851
-111.506 36.9839 -0.00383127896187 0.000983582310556 -0.0151734911146 0.00240176903367 5.46541 6.61041 -322.170225888 57.027747759 1.01456159825
-110.804 36.9969 0.000323110930871 0.00109602339599 0.0184470878346 -0.0210456649149 2.77152 3.03364 -0.932796722057 -13.7417041141 1.06666243126
-109.874 37.1364 0.000690003428369 0.00161366876994 0.00229388325805 -0.00766468296309 3.08322 3.04339 10.8862229656 -19.3286219486 1.75458607139
-109.025 36.8299 -0.000482988274099 0.00138228503117 -0.00368573787799 -0.00534698766924 3.28411 3.40008 13.8614885313 -0.489162735204 1.12500488648
-116.33 36.4193 -2.04673689562e-05 0.00104639059146 -0.00175703488802 -0.0028833165492 3.97915 4.1641 -1.04246489995 -10.480918461 0.734137852424
-115.383 36.423 0.00119875448265 0.000869383175996 0.00407685419807 -0.00334126243198 3.3891 3.55707 -7.20978588608 -21.1419705418 1.47603294795
-114.539 36.4321 0.00149042061602 0.000849210544085 0.00066662288107 0.00126660715765 4.25636 4.23537 -7.57595541042 -23.8694397739 1.68100742207
-113.965 36.4151 0.000771625865417 0.000466567651465 -0.00333756393222 0.00445495564691 5.41292 4.58432 -3.8302357758 -12.9589485691 0.873389780213
-113.18 36.4182 -0.000238289577293 0.000992632342949 0.000765534787762 0.000782996247358 4.76279 4.23763 -2.7624465844 -7.32018035929 0.571517137277
-112.291 36.428 -0.000871319431413 0.00348256182178 -0.000697075529307 -0.000660628636381 5.23394 5.54032 -6.5869108525 -27.6146516654 1.83454336228
-111.13 36.1428 -0.0006036624256 0.000323475035153 0.000120761460472 -0.00178594613702 3.74097 3.7843 6.56912898435 5.27021617047 -0.0316533949991
-110.662 36.5996 -0.00112630193981 -0.00287506523177 0.00655449108831 0.00369585662732 3.45932 4.1163 7.19680854159 35.7131359708 -3.05795566268
-109.87 36.4199 -0.0011641406554 -0.000290059136479 -0.00494902123597 0.00270985696509 4.4044 5.51618 2.22014200252 16.9563496556 -0.883953575671
-109.208 36.2925 -0.000950163929765 0.000659273033096 0.00449495159634 0.00129434191683 3.70563 4.07546 6.24639141351 7.77494913185 0.122236481788
-108.52 36.3758 -1.06419076068e-05 0.00039993803736 -0.00218478481102 -0.00213873419837 3.53002 3.80223 13.5675850637 -1.95467958159 0.371016275054
-115.43 35.8384 0.00105969848968 0.000379581596546 0.00710400017989 -0.000424914683078 3.62031 3.59569 -6.47474274303 -14.4414541058 1.04961610985
-114.851 35.7266 0.00103390290761 0.00145787753403 -0.00286804210108 5.38993616626e-05 4.83918 4.38552 -3.56103154815 -26.0728875772 1.75865198253
-113.984 35.8522 0.000332146804342 0.00127547515202 -0.0028950451004 8.41373690787e-05 4.67515 4.2559 -1.18690640585 -16.3287224388 1.1683934779
-113.105 35.6339 -0.000445561705224 0.00302362306211 0.00322615373373 -0.00169225235794 4.16478 3.9444 -8.7328424683 -29.4993220879 1.65571594568
-112.173 35.8191 -0.00068800081045 0.000972502441768 -0.00207684840949 -0.00429951666616 3.8241 4.06325 2.06064880312 -0.471984997947 0.366597327137
-110.794 35.6218 -2.09300332635e-05 -0.000331672147661 0.00413021651171 0.00224339724249 3.48808 3.71319 -1.53825977456 3.36790777324 -0.271454858739
-109.933 35.7113 -0.000847076508566 -0.00187498815725 -0.00167733527258 -0.00976879127431 2.77973 2.7572 13.6737766499 22.5834911143 -2.05643690569
-109.046 35.7147 -0.00108752226097 -0.000443497291662 0.00212392822093 0.00728652927919 4.7621 4.94993 2.48484780501 17.4411370619 -0.95933956913
-108.466 35.7992 0.000164747297447 -0.0004155075931 -0.00136985446492 -0.000164955600044 4.29876 4.39499 16.3872910806 -0.440293966404 -0.344794726679
-107.638 35.8054 -0.000392942991959 0.000338366609739 -0.0056390199654 0.00145732407265 4.87641 4.58945 9.57731049348 3.40131202011 0.152478102022
-114.87 35.301 0.000733426189882 0.0019582713454 -0.00302245082993 2.04782732621e-05 4.9022 4.77283 -10.1768849127 -29.6152856352 1.77365983802
-113.885 35.099 -0.000206433786486 0.00195167963281 -0.000800661725514 -0.00618162095945 4.01393 3.982 -0.184352411867 -16.9510878112 1.3245464663
-113.083 35.2127 -0.000275867534589 0.00317563285654 -0.000162305435816 0.000867623950138 4.22275 4.59222 -3.73841252263 -29.9888577595 2.09031504113
-112.267 35.1787 0.000310722384315 0.000474368715443 0.00096708962441 0.0062248688086 4.04237 4.12874 -10.3433590185 -8.42467701789 0.54376587483
-111.532 35.0951 -2.61641602458e-05 -0.00177312874727 -0.00508566164191 -0.00123780445653 3.38905 3.57628 2.79504199375 15.8729791757 -1.45454249757
-110.713 35.0789 0.00126555149594 -0.002849328328 0.0115496433711 -0.00533914237106 2.93799 2.99149 -5.82027037546 15.6096677469 -1.20280040751
-109.736 35.1181 -0.0024019068227 -0.000156158195841 0.00324220830906 0.0018216582946 5.21877 2.52995 17.4465533492 35.1220309857 -0.923797712128
-109.388 35.1118 -0.00791296246728 -0.000240904023271 -0.0189126236635 -0.00246991107242 3.61601 3.98858 -277.392500624 79.4096541368 5.59806911918
-108.5 35.1259 -0.000704490335369 0.000189587074612 0.0249644254842 -0.000283627871135 3.75484 4.02953 -12.7593624743 5.10637291225 -0.391110530915
-107.648 35.117 -0.00268456099648 0.00182017296128 -0.0196599324256 0.0017556164057 5.56582 4.86814 -323.74893426 42.097076571 1.94135190125
-106.867 35.0719 -0.00152506662468 0.0018656317605 -0.00113419608655 0.00198104369198 4.95998 4.96172 3.6181942717 6.55087155485 0.89208545246
-113.83 34.5935 -0.000222758759534 0.00236977183484 0.00709535254641 0.0107688775633 4.54012 5.5032 -34.0153138351 -33.4375686902 0.37335989024
-112.891 34.4692 0.00190127278892 0.00209865193717 -0.00330507968653 -0.00813333161225 3.13356 3.60512 3.98616561887 -41.6453415573 2.8183139409
-112.237 34.4866 0.0034884509841 0.00142992330007 0.00110111086604 -0.00540037803305 3.09479 3.15645 -1.87553813699 -53.4660788506 3.38671459703
-111.441 34.4178 0.00339895663733 0.000452615188894 0.00739607701061 -0.00148678991031 3.57656 2.74079 -3.26274060977 -42.6091069881 2.61507379484
-110.806 34.3371 0.000468909654736 -0.000112488452883 -0.0144750609511 0.00698956794381 5.23825 3.53905 7.69487616757 -5.25440937264 0.140463581023
-109.95 34.5293 -0.00335459769448 0.00208509073686 -0.000628195831334 0.0136713550338 8.83961 8.896 -6.88563728169 14.806923194 -0.818048420488
-109.29 34.4275 -0.00188566241808 0.0031459699928 -0.000626448598539 0.00321700340749 6.41688 5.18404 -4.57965382545 -9.49191315591 1.15302093135
-108.498 34.5421 -0.00199570713637 0.00210239273162 0.00411906288043 0.0063284772147 5.40092 4.70607 -3.93022084738 3.46807765806 0.377715100814
-107.786 34.4457 -0.00323202705865 0.00297911333972 -0.00056419826698 0.00211858173189 4.21796 4.5534 14.103651327 30.7283367467 1.68671355038
-107.01 34.5058 -0.00212174593683 0.0033776649399 -0.00979291222161 -0.00520243530769 3.88281 4.56798 19.366578432 19.2312415684 2.77488802455
-114.524 33.7503 0.000121871161525 0.00152631497699 -0.0395148598212 0.00875958136736 8.60956 9.46588 -301.775116518 4.25552150401 1.44027879429
-113.829 33.8142 0.0010906840531 0.000794234514104 0.00919013483476 0.0184643005464 4.07037 3.51694 -22.0717434065 -17.8419991305 1.32775726672
-113.005 33.9383 0.00098802826339 0.00173331786294 0.0187884629187 0.00070770496959 2.28816 2.35013 -23.2903663264 -29.9175279263 1.64121909836
-112.333 33.9535 0.00299030131529 0.00219103996257 -0.00959420447998 -0.00517611431237 3.69709 4.02027 11.4328244308 -55.4004540333 3.36061639594
-111.478 33.8798 0.0026558749609 0.00431472700845 0.00269149502233 0.000240186401207 4.28376 4.57735 -2.28439236212 -73.3515238272 4.99094379205
-110.844 33.6953 0.000408755406923 0.00547420003015 -0.00473195231659 -0.00280652977395 5.30149 4.8092 3.34266558853 -53.0176283759 4.70679774167
-109.254 33.9571 -0.00283124203388 0.00313647755438 -0.00111914525054 0.00668322853206 6.99825 -nan 13.2096156307 20.8341057165 1.76734275221
-108.377 33.9085 -0.00139607349102 0.00243060896819 0.0130638526776 0.00145243281901 3.44676 3.55038 -12.697345581 -13.3481054427 0.588463056067
-107.674 34.0087 -0.00367133928507 0.00286832791843 0.00209110980838 -0.00338103629931 3.21111 3.46417 6.36065917918 29.0746627792 0.811368813435
-106.921 34.0739 -0.00102916395403 0.000775441083579 -0.0141553500771 -0.00165284917494 3.13488 3.52824 23.5056754156 13.5507690181 0.589205829546
-113.657 33.1999 0.000472993627467 0.00452964300239 0.00985435595319 -0.0191036208922 1.91745 2.10598 8.33921941144 -44.0082129318 4.02075549878
-112.946 33.3627 0.00149457007661 0.000270883796601 0.0126858838285 0.00978928986083 2.90506 3.21397 -30.679529268 -10.8383318548 1.50527239067
-112.158 33.2893 0.00149615588164 0.00183125198979 -0.00150213675079 0.00499568724031 4.63819 5.15792 -15.5417486637 -35.6466472538 2.26432416532
-111.427 33.341 0.00136116572414 0.00263834610786 -0.00415066677313 0.000482552070544 5.23288 5.65479 0.693736722057 -41.2046091287 2.90860602564
-110.472 33.2969 0.000217855217608 0.00271418777748 0.0030675392346 -0.00744116449236 4.08801 4.34745 -1.19401423218 -28.906109345 2.23078306818
-110.036 33.0851 0.00123378867223 0.00245787978138 -0.000848002454197 0.0024070358189 4.19035 3.78766 -0.911583813877 -38.2511796615 2.68772814034
-109.266 33.2921 -0.0025676877462 5.19433687818e-06 -0.00599759826334 -0.0201396779193 2.79817 2.56692 25.2385313407 38.476346195 -0.512072055777
-108.592 33.1132 -0.00244847828458 0.00131526332612 -0.00541486218177 -0.0116949343958 3.14241 3.39377 13.9971816641 27.236255151 0.297075103278
-107.671 33.3086 -0.0012108355454 -0.000381399672682 0.0126770384409 0.00197878233118 3.13792 3.36261 -4.45091715205 18.1474126133 -1.06108944214
