-114.58 32.5356 0.000324762498941 0.000177108404994 0.00923135835587 -0.00174167941635 4.2138 4.30125 -10.2514158126 -2.49439708207 0.0330515876323
-113.767 32.7683 -0.000405576260475 -4.09387530966e-05 -0.00148435800904 -0.00239514728739 3.65502 3.56594 -2.57784117743 3.53197461427 0.178007131321
-112.883 32.7513 -0.000748319287526 0.00020848397351 -0.00194717831268 -0.000333973071249 3.84431 3.49397 3.43172250682 7.7882186323 0.626835588534
-112.228 32.7006 -0.000320866318953 0.000100969998717 0.00251748540244 -0.00124320905413 3.91925 3.48876 -1.52216769879 3.49918805641 0.262003225193
-111.704 32.5618 -0.00126372843952 9.74853661587e-05 -0.00444548976978 -0.000683821621436 3.67589 3.44858 6.05624382162 10.9221973929 0.912063817265
-110.739 32.5716 -0.0026556501154 0.000252908469093 0.00721469165397 0.00230635704678 4.68697 5.30032 -7.79697553284 26.4499300881 1.48382230276
-109.97 32.6399 0.000747786557547 0.00356505784792 -0.00279762940553 -0.00228944557138 2.9434 4.32856 -3.95119213967 13.876012907 2.59739630646
-109.303 32.7663 0.0025016365337 0.000452309195087 -0.00276022724746 -0.00149250977819 3.70878 3.41448 2.149541227 -17.6407135248 -1.22944917988
-108.633 32.5466 9.42992165219e-05 0.00025820411847 0.000863612925723 0.000128424988058 4.16474 3.56003 -2.50943443081 0.751128649867 0.157689664256
-107.785 32.5324 -0.00104649805999 -0.000243505443906 0.00057663380944 0.00250769811767 4.59195 4.06673 0.893076446796 7.02161287714 0.466728172163
-107.001 32.6995 -0.00139539066879 0.000180809853878 0.00124316597376 -0.00462454925507 3.88218 3.7285 -5.16304878775 13.3467552818 0.916235212975
-106.262 32.6349 -0.00100744591669 0.000360849527263 -0.00173342408565 2.8018525141e-05 3.79694 3.78159 4.15695027883 10.3238222249 0.951044618079
-105.454 32.7001 0.000332910459876 0.00102129224383 -0.00158300447982 -0.00324705611844 3.71151 3.42935 -0.420772063874 3.99484452467 0.585754639015
-104.657 32.6588 0.000642839615527 0.000759546103943 0.0010195014505 -0.000723844108176 4.26005 3.84719 -1.69238626016 -0.388350596508 0.201166947481
-104.02 32.6462 0.000153406523158 0.000319045765336 0.000160680637443 -0.00211571015317 4.09281 3.4863 -2.72322945705 0.747639308273 0.160109663196
-103.357 32.6764 -0.000315053139705 -0.000366746933943 0.00044665506859 0.00147920139834 4.55092 4.12803 4.55995533701 -0.38547311352 -0.0357792433821
-112.812 31.9559 -0.000350718522554 5.78590503215e-05 -0.00373151197942 -0.00161654144949 3.8642 3.89057 3.15900679149 3.40891842684 0.261794614025
-111.457 32.0022 -0.0010874564521 0.000161194245258 0.00127457471423 0.000269954336525 3.98843 4.07404 1.00050398983 10.5054393642 0.779816266991
-110.816 31.7748 -0.000597593603091 -0.000331528523824 -0.00328094500327 0.00191861761499 3.96447 4.03189 3.36115367111 2.70964826389 0.124595720341
-110.046 31.9737 0.000548389754416 -0.0023144006243 0.00299026094592 0.0111932263405 5.4285 6.80096 5.31015394707 -21.0687916454 -2.0882488487
-109.259 31.9989 0.000203979373433 8.26446393874e-05 -0.000895725347811 -0.00150391812524 3.86268 3.96012 -0.922654428302 -1.24363435256 -0.0536885929572
-108.527 31.9041 -0.00013480071151 0.00101285715761 -0.0034904941456 0.000985688873083 3.87706 3.90941 4.98921550346 8.38906623665 0.837456803376
-107.778 32.0094 -0.000540391615653 3.80407030605e-05 0.000872618071852 0.00144140636826 4.33479 4.16178 -1.50903062785 4.86704395236 0.351858172423
-107.101 32.1046 -0.00138307949459 0.000100993673279 0.00136597127371 0.00577693259679 4.81984 4.72424 -0.721238366862 12.2589953663 0.925009755946
-106.428 32.0062 -0.00101018401567 -0.000609509803018 0.00130256719196 0.00189340962197 4.3012 4.77943 -0.411378509547 4.3706736939 0.14928634171
-105.523 32.076 -0.000602217411502 0.000284179694418 -0.00218814624351 0.00220780244913 3.96347 4.64891 6.55219238679 6.55014102086 0.630094188068
-104.823 32.1101 0.000554389447594 6.3024342593e-05 -5.97460668985e-05 -0.000969706634687 3.93949 4.39115 -0.226507172743 -4.05761043183 -0.303901782088
-104.101 32.0618 0.000649309544124 0.00045153220917 0.00161744470523 -8.85620529197e-05 4.34648 4.58924 -1.47654359097 -2.34572079288 -0.0529593304188
-103.292 32.012 0.000393019361014 -2.86839629343e-05 -0.00217397580366 -0.00114154830001 4.09101 4.16723 3.36938072994 -3.14285029337 -0.29347509979
-109.991 31.439 9.11361522948e-06 -0.000276190772447 0.0036962900825 -0.00596506240371 4.02095 3.85628 -6.57556608918 -1.5854500592 -0.243473093868
-109.281 31.3757 -0.000573485341422 0.000525494580419 0.000109119713527 0.00471145544183 4.41594 4.36003 2.26068750668 8.37988506457 0.770058125554
-108.528 31.3369 -0.00018893145666 0.000251680704295 -0.00336149032073 -0.00136971394567 3.79192 3.88051 0.845808067502 3.27249720188 0.314590385792
-105.483 31.4425 0.000163802083807 -0.000874909524647 0.000220912838516 -0.00137474764901 4.23152 4.34397 -0.648819358845 -7.12905066295 -0.785081670868
-104.971 31.3711 0.000468639625059 -0.000648306913561 0.00119063324592 -0.00160899557859 4.02708 3.9301 -1.14026952996 -8.11718590641 -0.79908868914
-103.979 31.3165 0.00012666830679 -1.42127938798e-05 -0.0036279466683 0.00327223689537 4.03219 4.03644 10.0364154601 -0.963027245809 -0.106502290163
-103.492 31.3691 0.000484419342278 -5.0422603194e-05 0.000568931839802 0.00217193801221 4.60865 4.36338 3.75943672041 -3.9911797864 -0.37423043821
-102.81 31.3818 0.000242773346882 -4.26885718344e-05 0.00474396145777 -0.00112516615689 4.40141 4.12164 -3.26237689888 -2.27128078193 -0.18202595059
-104.986 30.7862 -5.58682316225e-05 -6.11673572693e-05 -0.00205936031056 0.000310697707684 4.17172 4.14762 5.35346405722 -0.0403338557708 -0.00368426815861
-104.029 30.6689 0.000172747620511 1.6286251056e-05 -0.00531430416865 -0.00408881655142 3.57803 3.69675 4.64866205505 -1.16864113869 -0.110372606114
-103.402 30.8498 0.000401494611444 0.000213357025988 0.00281930428545 0.0010558268251 4.66714 5.21087 1.07076983095 -1.65847510702 -0.107421758825
-102.685 30.7263 2.93673925227e-05 0.000486371789048 0.00633904432512 0.00220617774529 5.07564 5.1536 2.03471672921 3.24333358211 0.335541237873
-104.09 30.0609 -0.000449212295538 -3.87823360423e-05 -0.00340233104015 -0.000865522096523 3.96679 3.61319 10.9839927589 2.65996874677 0.325917534402
-103.612 30.1456 -0.000246289418531 0.000111662240636 -0.00528781718557 -0.00225763037604 3.60234 3.23682 11.241254573 2.53547249365 0.262537038739
-102.788 30.1615 0.00040554615044 0.000108003803323 0.00706492670391 0.00107529521669 5.17513 5.3804 5.18070070179 -2.13366108844 -0.217569152871
-104.133 29.554 4.22630591109e-05 -0.000117690133592 -0.00142856612417 0.0141506953448 4.68368 4.87445 17.3292817477 -1.29802368863 -0.0987758218043
-103.389 29.4528 0.000484909469017 -0.000272527440093 -5.28920136152e-05 0.00111550172633 3.94249 3.95309 4.75405914243 -5.66592381592 -0.536677931754
-102.888 29.4862 0.000112397252299 -0.000382968527421 -0.00104892301723 0.00100492871101 4.13658 4.1307 2.65081916949 -3.65039559629 -0.354875644959
-117.559 48.9813 -0.000122153762869 -4.58525463303e-05 -0.00134292433023 -0.000525997366628 3.94813 3.92868 1.5844618534 0.742695028482 0.0278419978983
-116.363 48.958 -0.000196652408811 0.000177390789631 -0.000496366619367 -0.000620628378019 4.03534 4.06284 -0.084583610855 2.48292129096 0.254743910604
-115.653 48.9339 -0.00015852871547 -1.84674714073e-06 0.00154240825402 -0.000214157417453 4.19191 4.2245 -2.78076294877 1.29615080631 0.0773856172118
-114.413 48.933 -0.000150886152209 -7.67069336692e-06 -0.000864671667033 -0.000870770014599 4.00316 3.97345 -0.793274920188 1.15933717667 0.0751667133075
-113.422 48.9725 0.00014806222823 8.55554365076e-05 -0.000258450390683 0.00095209863278 4.11113 4.19332 -1.38531460367 -0.732932054414 -0.00844853687241
-112.733 48.9777 0.000173370768323 -1.21357294836e-05 0.000437498717398 0.00247768666644 4.35077 4.35583 -1.49551813672 -1.42140481867 -0.105147755361
-111.597 48.9482 -0.000107631223587 9.27804427955e-05 -0.000685001698551 -0.000801991494781 4.09635 4.0734 -2.69328659326 1.31254062967 0.136305284268
-110.699 48.9448 -0.000183704244706 0.00015139528612 0.00118050787781 -0.00286275878449 4.03487 4.03575 -6.89294221879 2.17573805393 0.221840106125
-109.846 48.9198 -0.000137007637168 0.000283319346495 0.000794969462739 -0.000359802146831 4.08706 4.1032 -2.39394467851 2.52538526758 0.311234206711
-118.149 48.4226 6.3281724099e-05 0.000101717249428 0.000538770500647 5.15139322832e-05 4.17329 4.18606 0.661695065421 -0.00712253914574 0.0536006064079
-117.225 48.2995 -0.000196521374775 0.000129641486424 -0.000917023354289 0.000682447734501 4.205 4.17219 3.22866790572 2.26299667797 0.21854321187
-116.367 48.4366 -0.000258345307101 -3.09255073451e-05 -0.000553887413235 -0.000161042541276 4.18329 4.26248 2.03699398363 1.8788665497 0.1195368976
-115.589 48.4694 9.68892198269e-06 -1.0132901362e-05 0.000631716773677 0.000175501675904 4.30426 4.37274 -0.259549181708 -0.12978397235 -0.0137485836887
-114.468 48.3739 -0.000158785386289 0.000276821535596 0.00080374717993 0.000463074672439 4.32626 4.46986 -1.17023505259 2.67994980143 0.31883264229
-113.273 48.3609 9.87344709507e-05 -0.00019354247762 -0.00156100267712 -0.00270221017974 3.79996 3.80662 -1.02084063357 -1.78387036973 -0.215975778556
-112.562 48.3129 3.09350081799e-05 -7.04516615906e-05 -0.00130549727834 0.000282148110322 4.0775 3.98239 -1.39476856485 -0.608988353716 -0.0758434568568
-111.707 48.4128 -0.000248804802013 5.62932377199e-05 0.00196469949754 0.000584934357567 4.40445 4.37217 -6.45374707203 2.29763208996 0.169689504678
-110.799 48.2921 -0.00031057515032 2.57847176067e-05 0.00100683491989 0.000706053674387 4.32026 4.37371 -3.22966826619 2.57196155477 0.189890435689
-109.777 48.3943 -0.000103583344646 0.00019251636993 -0.00147851172647 0.000679112743984 4.09176 4.1145 1.32257356519 1.86162989362 0.215441352213
-118.274 47.8006 -4.770556818e-05 1.59583489598e-05 0.000858278751706 0.00225624036963 4.65384 4.63945 4.12252938736 0.46823931389 0.040377331593
-117.308 47.8192 -1.95730018317e-05 0.000152198817268 -0.00107330111793 0.000756982559516 4.37745 4.33846 5.06325597776 1.02720802686 0.133967303988
-116.256 47.8397 -0.000157586866203 -8.90743703761e-05 0.000375375353112 0.00177075187292 4.44189 4.38198 2.34070037112 0.762975229201 0.0159714583611
-115.475 47.7092 -0.000692689273916 -6.96395523972e-05 -0.00093575528032 0.0011471039505 4.46273 4.50233 1.56729084399 5.11652479246 0.332929154983
-114.574 47.6795 -2.16873673002e-05 -0.00018875164193 0.00140714138221 0.000357824501278 4.68384 4.93006 -4.89289517351 -0.678762731666 -0.155565834369
-113.747 47.7687 0.000564548258515 -0.000108813103225 0.001802230113 0.000134635177628 4.40665 4.44244 -3.33392508494 -5.15522802009 -0.381189282178
-112.607 47.775 -0.000131007152423 1.69392011282e-05 -0.00328721411737 -0.00265742255609 3.71058 3.64806 -0.728626653774 1.11876511334 0.0873332906129
-111.746 47.8012 -0.000249411347233 -4.57092932274e-05 0.00109026266715 -0.000101020848141 4.25671 4.21913 -2.81762737157 1.75250072704 0.0955659091554
-110.763 47.6327 -0.000236405182279 -0.000239389574644 0.00205144843572 0.00090592185432 4.38972 4.34704 -2.60426923186 0.616704493218 -0.0696787090824
-118.921 47.0573 -9.11389530551e-05 7.50740409875e-05 -0.00193918069743 0.00174116180033 4.20385 4.23429 4.29800536984 1.15279155045 0.113543206173
-118.309 47.0615 -1.71470224989e-05 5.4911803181e-05 0.00178999949764 0.000165790713747 4.40578 4.36058 -1.65547476618 0.407289721214 0.0563256352568
-117.276 47.0547 -0.000108365247217 0.00020270884281 -0.000749844004745 0.000665662870976 4.36637 4.3082 1.88990158183 1.96603039218 0.228903134256
-115.353 47.0528 -7.71444900101e-06 0.000198294583187 -0.000156228375242 0.000859516421349 4.33515 4.2622 -0.0695349897414 1.09836881158 0.170965328808
-114.459 47.0943 -0.000184699084694 -0.000471279117203 0.000358555911161 0.000675762538312 4.49901 4.50881 -3.6977556463 -0.70568688825 -0.317607870596
-113.506 47.0816 -5.46499500926e-05 0.000172922329853 0.00273251010644 0.00232336498532 4.9465 4.87023 -4.74969041306 1.26793791497 0.177515688183
-112.52 47.0418 -3.72555724823e-05 0.000136810494989 -0.00184463504846 0.000168517665397 4.1534 4.11126 1.32921179976 1.05615013461 0.132489512156
-111.549 47.0308 -0.000124710433157 -3.16723031788e-05 -0.00151805235752 -0.000169800071416 4.09704 4.04062 0.0159361714181 0.790315032139 0.0465467508583
-110.687 47.1523 -0.000369184756376 0.000171940147839 0.0033722414699 -0.000879069685401 4.34305 4.18955 -6.681716212 3.83690745981 0.330849711142
-109.802 47.1961 -0.000457699527028 0.000353427498439 -0.00145848252187 -0.000666032415537 4.03209 4.03067 0.189740433207 5.43826852298 0.557261659475
-119.855 46.5585 -0.000192960227997 -3.17467630301e-05 -0.000321891216493 -0.00113056287923 3.97896 3.96299 0.251296822613 1.49728200539 0.0685754059762
-119.06 46.4911 -0.000342458711887 6.15295378006e-05 0.000662403345705 -0.00181477618236 4.04085 4.02459 -1.65139292725 3.25574478846 0.217644393404
-118.146 46.5139 -0.000193759344274 0.000250633583163 -0.000251555395392 -0.00108997536243 4.01784 4.00927 -0.44862426164 2.88648717013 0.314213367579
-117.11 46.485 -0.000268141977303 0.000427277944562 -0.000414300477253 -0.000695130896964 4.06004 4.06224 -0.307897359888 4.41106741508 0.504390546923
-115.571 46.4151 8.43738682634e-05 0.000700549818623 -0.000192241518077 -0.00129527453897 3.95415 4.00262 -2.71638202887 2.68777402562 0.565070872181
-114.188 46.4423 -2.77779064225e-05 0.00021396197576 0.00013276448835 0.00029044909022 4.29954 4.2125 -2.15498319269 1.30803140674 0.197027884504
-113.493 46.4162 -0.000222031397431 0.00026935758044 0.000916180832376 -3.97126896795e-05 4.43586 4.51978 -4.94995170053 3.13327954852 0.343374084995
-112.641 46.4246 5.73413478743e-05 0.000192651260819 2.59098901528e-05 0.00268356301869 4.71142 4.77188 0.930641155554 0.629040862835 0.123268936479
-111.676 46.5336 -0.000199168498789 9.77252028508e-05 -0.00110861775815 -0.000243685269784 4.1056 4.02261 -1.06606542486 2.09710955849 0.192904057857
-110.858 46.462 -0.000696950973512 0.000309886267751 0.00113625921303 0.00030783812704 4.37406 4.43102 -1.60336579424 7.14298120396 0.648645952053
-109.914 46.5663 -0.000375767203327 0.000326219635285 0.00150570136551 0.00040342955119 4.43425 4.47299 0.447414083826 4.69940058514 0.486641057516
-119.928 45.8951 -0.000198719714924 8.6704044e-05 0.000820430648624 0.00123514997166 4.29145 4.28105 0.190422494597 2.14454538718 0.173894345901
-117.909 45.7087 -0.000396636942082 0.000163452760699 -0.000127094418487 -0.000140938055613 4.13526 4.19631 -1.70895849092 4.21141637607 0.336565929176
-117.228 45.9734 -0.000440657978517 0.00027447012284 -0.000896123742063 -0.000569942693811 3.93179 4.00098 -0.974705516556 5.10458976882 0.460135134995
-116.155 45.8883 -0.000247390119495 0.000406017050223 0.000598510863838 0.000569898018584 4.19403 4.4793 -3.00411308603 4.05820835464 0.475118462785
-115.255 45.7565 0.000539272298815 0.000479217463896 0.000670325223492 -0.00133734239948 4.01944 4.19964 -3.38992645861 -2.28636981379 0.152079973823
-114.332 45.7893 0.000209024487158 6.54144236144e-05 -0.001379660429 -0.00112162009538 3.97693 3.99023 -1.34864771436 -1.38400224121 -0.0557957115167
-113.37 45.8122 1.59693469845e-06 -9.99750306552e-05 0.00121634995885 -0.000960268949436 4.16973 4.26735 -4.48069153097 -0.492895339204 -0.0876601342524
-112.493 45.8409 0.000160052497618 6.92332975889e-05 -0.000881294528321 -0.00144712791954 4.03943 4.03326 -2.29128032507 -0.944456998914 -0.0274813100749
-111.626 45.7843 -0.000297569332368 0.000146043619738 0.0004861260148 0.001041071512 4.33132 4.2229 -1.04839101396 3.15480890694 0.288307649519
-110.659 45.9054 -0.000551738479211 0.000362234704631 0.000242720606655 0.000617880771749 4.2785 4.21172 0.335850122794 6.30082398399 0.618715568592
-109.716 45.9046 -0.000347026735782 0.00026546948762 -0.00056749403151 0.00248054192809 4.44358 4.47265 4.06972510821 4.1512357419 0.427567672827
-120.635 45.2357 -8.33304715228e-05 1.86417430369e-05 0.000968777638439 0.00269039605482 4.3087 4.31429 0.484767404512 0.820145053948 0.0573094178973
-118.96 45.2904 -0.000388080017332 -7.21137223924e-05 0.000268753419163 0.000813892364183 4.28119 4.29074 -1.26618018666 3.03620882503 0.12496057814
-117.78 45.2781 -0.000518369954062 -0.000225692275587 -8.85963529077e-05 0.00061571057298 4.19659 4.31076 -1.07585663357 3.3349950886 0.0637605525903
-117.12 45.2925 -0.000486908210882 -1.08402495681e-05 -0.00016781234965 0.000118946922874 4.0807 4.20796 -1.10869342525 4.1002278712 0.23728198648
-116.268 45.3997 -0.000348521807097 -0.000465289840422 0.000644819999704 -0.00141701833305 3.92769 4.17886 -4.16111315375 0.882007587902 -0.24743606611
-115.326 45.1285 0.000393472640903 -0.000458936612665 -0.000539124473723 0.00135240843001 4.32972 4.53681 0.393907681105 -5.70997033061 -0.59944692013
-114.233 45.0931 0.000456560638726 -0.000283649349117 -8.70251102457e-05 9.72687565435e-05 4.17816 4.18073 -2.13963427992 -5.26354209716 -0.479978940301
-113.46 45.2432 -8.6053513707e-05 -0.000419723705461 0.00115618359981 -0.000103594165563 4.28055 4.23757 -4.08243479524 -1.31819617829 -0.320516422215
-112.489 45.166 -0.000117220491636 -5.80265214907e-05 0.000116368000436 -0.000693823636928 4.10118 4.06573 -2.16950792796 0.655965187878 0.0141898167928
-111.805 45.2285 -0.000389999206482 0.000238899943988 -0.00107161106007 -0.00144557893537 3.98089 3.90561 0.425243042148 4.41250876442 0.421355621431
-110.74 45.3212 -0.000721539072138 0.000534790290879 0.000375170220351 -0.000318948682328 4.16501 4.13204 0.169380966688 8.63627552891 0.857197705882
-109.563 45.3171 -0.000300434718393 0.000425169061939 -0.000563207066387 -0.00199512029832 4.04735 4.07402 0.68364092623 4.75143458365 0.520238113601
-118.67 44.5191 -0.000298274824931 -0.000130182627597 0.00100434869203 0.000228118117817 4.2932 4.2724 -2.92062676818 2.04982291206 0.0224380353959
-117.664 44.6653 -0.000412659739899 -0.00032629515362 0.000643776278527 -0.000810780901512 4.17282 4.17614 -4.37706747078 2.20881570003 -0.105358950064
-116.747 44.589 -0.000170430576065 -0.000575913854528 1.87551121575e-05 -0.000413430017665 4.09678 4.17509 -2.37530972019 -1.33747660926 -0.417915826698
-116.013 44.7035 5.61742165726e-05 -0.000536210794912 -0.000927518794832 0.000276035900821 4.00031 4.10145 0.643134355388 -3.35586895542 -0.480511868195
-114.855 44.5494 0.000265407995157 -0.000479998464044 -9.62688631738e-05 0.000694155684764 4.18129 4.15248 -0.387514274795 -4.76481281623 -0.547297610621
-114.255 44.5642 4.86898283597e-05 -0.00024893478082 5.19659625752e-06 0.000259628186833 4.21948 4.11111 -2.0247300829 -1.68860753935 -0.237705647836
-113.367 44.6165 -0.000222732024374 -0.000247954950436 0.0006889580297 0.000483689705948 4.3256 4.16812 -3.08616852466 0.617304261498 -0.0976129983703
-112.644 44.6173 -0.000625550725151 -0.000190434340725 0.000400243672491 0.00154061337418 4.42146 4.28676 -0.091331566024 3.97942770232 0.19764228678
-111.248 44.7038 -0.00076421442739 0.000591720241356 -0.000734316061311 -0.00117302937186 4.11977 4.08741 -0.233793719197 9.36235736349 0.924670868529
-110.576 44.3951 -0.000670958188972 0.000583766723631 0.000221509977958 -0.00134474232662 4.1617 3.74065 0.212036590864 8.58947225436 0.867403296308
-119.504 44.082 -9.56465806558e-05 -3.5200778534e-05 0.00164190512543 0.000494645624469 4.17535 4.16193 -1.84814082673 0.686301002683 0.013859667803
-117.741 43.9733 -0.000146915150909 -0.000304265081275 0.000960873616284 -0.000122161371698 4.27614 4.24374 -3.43244773859 -0.112480892627 -0.201232070324
-116.803 44.086 -0.000178859927116 -0.000433284853759 -0.00036770434926 0.000981940525066 4.29054 4.24402 0.13554152959 -0.770343148022 -0.273379701235
-115.958 43.9121 -5.56294095668e-05 -0.000317411092832 -0.00043876769399 0.000617111066497 4.18655 4.22957 0.736456915969 -1.26336684552 -0.235608401306
-115.133 43.7945 0.000195339790873 -0.000247953224443 -0.000381269834744 -0.00031674560192 4.07067 4.10222 -1.19914221828 -2.95111926652 -0.313612427458
-114.117 43.9146 0.000103351922127 -0.000199534612959 0.000645304276667 0.00111424529114 4.27637 4.17577 -1.65991528909 -1.91283256472 -0.224000982359
-113.452 43.9286 -0.000359667160377 -5.50693021914e-05 -0.000540157272711 0.00213864672371 4.28603 4.22776 -0.225144025151 2.64524063042 0.154496962308
-112.485 43.9997 -0.000793829310466 6.35129967517e-05 0.000530935882937 0.000552492511944 4.31633 4.12264 -0.493633128648 6.79400286566 0.498927625207
-111.487 43.8756 -0.00134275983215 0.000787171242246 0.000576436022253 0.00125342365647 4.33537 4.30733 0.654017055419 15.1505568777 1.42648107997
-110.576 43.92 -0.00088868836847 0.00272456351176 -0.000505896606805 0.0027704858599 4.3935 4.78949 5.00786037162 23.9300145721 2.63928893388
-109.817 43.7013 0.000362509618691 0.000433283434674 8.80340041517e-05 0.00156299652095 4.28503 4.31965 3.2675617854 -0.0152562862499 0.101240590216
-118.474 43.358 -4.37477656609e-05 -5.02808422535e-05 0.00123144562971 0.000725432766692 4.1862 4.17185 -1.74718091107 0.142465756283 -0.0229302943227
-117.754 43.3471 -0.000111326688166 -6.80701096975e-05 0.000426142642004 0.00116623095725 4.29287 4.25743 -2.29678557166 0.654498388089 -0.00601093787466
-116.767 43.4275 -0.000174054067327 -8.89529826539e-05 -0.000410156175282 -8.38620994762e-05 4.15608 4.14511 -0.662040839428 1.0362142208 0.0138119441456
-115.828 43.4151 1.8870422396e-06 -0.000313944866329 -0.000409673476605 5.6848133057e-05 4.12402 4.15614 -0.910101377242 -1.66051913853 -0.268608716287
-115.098 43.25 0.000197107546789 -0.000222626634938 0.000285563549831 -0.000800183644489 4.11736 4.13109 -2.16281306372 -2.83316823915 -0.292124107118
-114.174 43.3979 -8.59475736645e-05 -2.39741428716e-05 -0.00103532739146 -0.000934563165549 4.00712 3.91728 -0.971925765289 0.591910571667 0.026092696779
-113.518 43.3234 -0.000676790039928 -0.000355496252622 0.00141041907031 -0.00384091463002 3.80304 3.56831 -5.58303998713 4.22805851657 0.00949227979071
-112.433 43.3998 -0.00126068331559 0.000510278111991 -0.000349261962489 -0.000489975524846 4.08653 3.86227 -0.848345584295 13.1353906584 1.12653948666
-111.612 43.2741 -0.00324850688038 0.000958078012896 -0.000128159742808 0.000509219942671 4.23531 4.56998 2.9756021357 30.9423671983 2.76399058611
-110.712 43.3629 -0.0010014816964 0.00143549290229 0.000275408538208 -0.000390912937965 4.30784 6.33522 3.93571412646 16.5328707168 1.74385906591
-110.02 43.2112 0.00176649708547 0.000953276131906 -0.000732627449986 0.000414149829471 4.25036 4.73084 2.15565699554 -7.71046783458 -0.353651271857
-116.87 42.7779 -2.00200098137e-05 -0.000117820809686 0.000898861173395 -0.000373360396755 4.16569 4.17199 -2.14509075353 -0.412381371185 -0.0925929312718
-116.032 42.7713 7.92967730601e-05 -0.000214771662984 0.000174919530276 -0.0022135260904 3.94954 3.93634 -2.63545578204 -1.76724329149 -0.225873456534
-114.903 42.636 -0.000158821723034 -0.000128063591612 -0.00345549804686 -5.31342398916e-05 4.05218 4.06861 1.00238679787 0.6012925957 -0.0171149047927
-114.084 42.6493 0.000598841847788 0.000223145031454 0.0044624189173 1.03077020946e-05 4.61491 4.49383 -10.0891192136 -4.6054160536 -0.0345053087772
-113.176 42.5452 -0.00111886162552 0.000718023474143 0.00124395061555 -0.000497376901544 4.23056 3.74576 -0.51741817706 13.2671246151 1.21831077113
-112.531 42.6852 -0.0035010851837 0.000754637048144 -0.00498897370251 -0.000669716265181 3.52997 3.48244 11.0303620396 29.6699776349 3.03266355826
-111.588 42.8321 -0.0014368167244 0.000395029084283 0.00128628796434 -0.000864086708611 4.08463 4.48176 0.0457858463215 13.8384615691 1.15339494125
-110.92 42.7507 -0.000848675011484 -0.00161295112464 0.00042945175236 -0.00203488023055 3.83335 4.17255 -1.5065641312 -2.02859751922 -0.856019426259
-110.042 42.6372 -0.000993956946276 0.000519814326591 -0.00333328382001 -0.000968699952569 3.94147 4.22214 2.18597505541 10.8213009082 1.0256189755
-108.847 42.8247 -0.000602443221168 0.000645025411227 0.00151732716481 0.0032688850358 4.55547 4.79185 -1.9014250028 8.4248221609 0.874362884941
-108.342 42.6579 -4.69608027037e-05 0.000467072011888 0.00935359238972 0.00345818150824 4.81496 5.00122 -6.10993445919 2.75569596692 0.423402198215
-116.471 42.0773 -2.97720806864e-05 -0.000154111758894 0.00225607563642 0.00106138531626 4.38093 4.37575 -1.43924812342 -0.536345315452 -0.117564695539
-115.754 42.1669 6.33178228929e-06 6.64266291569e-07 -0.000127142009771 0.00202990522346 4.37615 4.30695 1.78111219522 -0.0492284087559 -0.00301654864918
-115.016 42.146 -0.000128297222628 0.000111566629993 -0.00166135187087 0.000797700137333 4.18822 4.05055 2.86126276112 1.71055390496 0.165572095205
-113.944 42.0886 -0.000623380010195 0.000374775333208 0.00140202153652 0.00162628687479 4.52836 4.22999 0.358728414741 7.30574774916 0.659703355272
-113.24 42.0343 -0.00116588447882 0.00230197564953 0.000306472053187 0.00476052157059 5.41079 5.30312 10.3755993177 24.5358325668 2.45815386457
-112.386 42.0041 -0.00141428755243 0.000439256774169 -0.00134614872931 0.000157220964718 4.23367 4.30771 2.41565884725 13.9144697412 1.20462236646
-111.432 42.0149 -0.00140592924157 0.000388868504281 0.00236458672235 0.000112415825046 4.3759 4.42361 -4.42567803082 13.9824537769 1.05691183083
-110.873 42.0995 -0.00117749600937 0.000468628679507 -0.000124262388517 -0.00083492188069 4.02835 3.73658 0.0473138169006 12.1840848104 1.06903128545
-110.036 41.9243 -0.000821043807806 0.000515021411897 -0.00105745941245 0.000351595465367 3.96755 4.05798 3.12554664309 9.50523237942 0.919333306826
-109.357 42.1012 -0.000476643511667 0.000797288102718 -0.00237463760447 -0.00320396257132 3.88435 3.97598 -1.45472579309 8.36095736377 0.92612101963
-108.34 42.0073 0.000498418531166 0.000257748693673 0.00409852867689 0.000962936418838 5.04378 4.90077 -6.5181774112 -2.89278960398 -0.0348307319865
-107.369 41.9641 -4.15534843965e-06 0.00145126356981 0.00378451095167 0.00144461270422 4.81091 4.10764 3.24168505104 9.36873682932 1.09321332386
-106.434 42.031 -0.000787208217486 0.000217175486143 -0.0144581076407 -0.00154496445327 3.31063 3.37152 9.59149399312 6.65543325776 0.731855574091
-116.54 41.522 -5.31123363472e-05 8.30788925747e-05 -0.00129576657661 0.000197801836 4.12777 4.06496 3.03329896107 0.932351194916 0.0985184968412
-115.791 41.4311 -0.000196452054556 0.000121172662169 -0.000105972711571 -0.000459286559567 4.06311 3.9665 0.328499506558 2.35462556977 0.208279460258
-114.915 41.4157 -0.000343257388128 0.000280670408511 -0.000294624476309 0.00126538615333 4.42722 4.20715 1.37626439975 4.4912880914 0.425612388265
-114.165 41.3602 -0.000768721726629 0.000283147392009 0.00103421556109 3.37593300604e-05 4.46085 4.25774 0.103057165199 8.0756035332 0.661901795951
-113.347 41.503 -0.00113817635688 0.000443971659924 -0.000375697994056 -0.00193420091906 4.14024 4.3277 -0.237402668815 12.0251836202 1.00312679852
-112.448 41.4632 -0.00136983027052 0.000407140576315 0.000335320784388 0.000819263856126 4.38478 4.45273 0.853400407622 13.5727122695 1.12807942365
-111.63 41.3146 -0.00120425378458 0.000132780645835 0.000101866592701 -0.000307396659215 4.33662 4.45765 1.13477886514 10.5027347242 0.82148227898
-110.666 41.4729 -0.00119338130756 0.000290126017926 -0.00101973933623 0.00331173154106 4.53561 4.62721 6.15662076321 10.7606469445 1.01480560045
-110.067 41.4272 -0.00136232601974 0.000489726288786 0.00118775730726 -0.00073623176765 4.03841 4.14242 -1.72957623178 13.9053507579 1.1761317877
-109.157 41.5047 -0.000427745599213 0.000569678327278 -0.00123419484198 0.000380532768195 4.17531 4.47814 3.66428904144 6.87182327125 0.710947403705
-108.187 41.4906 0.000168353915962 0.000169541076622 -0.00292082633404 -0.00040982055906 4.06547 4.18363 0.502618700281 -0.277577344095 0.0298906896873
-107.364 41.6067 -1.15877070001e-06 0.00386519842258 0.00308463638512 0.00478344328551 7.91505 7.35339 31.2663975244 35.3767720143 1.36674138737
-106.596 41.4033 0.000239947016942 -0.000441030293304 0.00846534251858 -0.00077068382834 4.43834 4.68587 -7.70902891526 -4.21688308825 -0.501683241274
-102.772 33.9696 0.00186700557943 -0.000247139821415 0.00894559131085 -0.00149059679872 4.32233 5.30632 -5.46176377765 -16.9586436891 -1.28227942613
-116.508 40.7186 -4.97848712321e-05 0.000606146452754 0.00562745530198 -0.000539220391225 4.47183 4.27636 -4.12896868433 3.37300456307 0.559095782192
-115.736 40.8167 -0.000215118535389 0.000460492424493 -8.08141402147e-05 -0.00178347906068 3.97314 3.8935 -0.359228597542 4.38297429363 0.504334864302
-115.039 40.8522 -0.000351126629563 0.000620046587862 -0.00370702598304 -0.000985980073379 3.82955 3.73391 5.63321687717 6.76152925044 0.703584391807
-114.204 40.8556 -0.00076991968018 0.000680043186479 0.00236802495454 0.000972532728948 4.38164 4.19863 -1.86630452443 10.3106676311 0.983105704566
-113.187 40.8513 -0.00112951126582 0.000558726688639 0.00037897021301 -0.000168733282578 4.17282 4.10325 -2.48981039597 12.7173694045 1.06943471241
-112.52 40.8903 -0.00118287648295 0.000366383610449 -0.00046337447074 -0.000403153509859 4.08156 4.08912 0.265097819292 11.9152234971 0.977839884766
-111.437 40.8869 -0.00119617459603 0.000130446560962 -0.00120172168208 0.000922193473837 4.15954 4.04297 3.73240910763 10.1533826611 0.856006065549
-110.834 40.9425 -0.00140738934925 0.000555635000351 0.00174587102624 -0.000869587222921 4.22321 4.32949 -1.85956838139 14.8021259439 1.24657413314
-109.673 40.9763 -0.000728890540111 0.000266956639809 0.000624807328225 0.000724492648942 4.14332 4.41356 2.0414048333 7.32951655633 0.663276350462
-109.177 40.8936 0.000251398731858 -0.000129540740236 -0.00237041071342 0.000676984371803 4.02657 4.43372 6.35337720892 -2.70217961197 -0.266557382984
-108.263 40.8338 5.51518408364e-05 2.53792160846e-06 -2.49087259388e-05 -8.07275007377e-05 4.21257 4.42205 -0.800358298539 -0.42288407196 -0.0308890664846
-107.52 40.76 0.000409281590948 -0.000164569193996 -0.000407591122988 -0.00602472351706 3.93701 3.96125 -4.28399615969 -4.26063031677 -0.363762270064
-106.454 40.8023 0.00015113131469 -0.000171945390837 0.00318877902591 0.00561450838577 4.70089 4.65188 2.145322621 -2.22325338735 -0.228912338024
-116.5 40.2917 -0.000114661548327 0.000862687230145 0.003319285929 0.000532675072296 4.36935 4.35884 -1.3403252423 5.57231167281 0.80044443319
-115.657 40.1313 -0.000357615109994 0.000367576936427 -0.000645716728372 0.00166671600585 4.39208 4.32569 1.74580513854 5.18676165739 0.50524285805
-114.745 40.2679 -0.000650015755458 0.000911992593972 -0.00240929678958 -0.00181362995703 3.89292 3.87385 0.434394264089 10.7404180687 1.11935621346
-113.981 40.1314 -0.000665353737197 0.000788907823449 0.00219957560895 -0.0016183096974 4.02549 4.01141 -5.41444545333 9.83032619031 1.01006866873
-112.469 40.2807 -0.000920719416985 0.000566566425358 -0.00105992993278 -0.00122667198199 3.92144 3.84256 -1.51975658561 10.974498878 0.978228580931
-111.502 40.2067 -0.00133096588156 0.00055349698135 0.000443144009384 -0.00063087333655 4.15474 4.09574 -0.740830212315 14.2601864664 1.21157732352
-110.738 40.1948 -0.00121933557055 0.000461378671631 0.00117979175423 -0.000989837439195 4.14553 4.26176 -1.55067527983 12.7720759149 1.06831485171
-110.008 40.2655 -0.000399654860368 0.000217547920532 -0.00148457925394 6.99348230838e-05 4.09211 4.26841 5.09800935579 4.45185850335 0.42755233955
-109.124 40.2982 -9.77431508226e-05 4.58449919233e-05 0.000184152854137 -0.000183356881882 4.07275 4.1393 1.31777107523 1.05029297228 0.0964869689464
-108.242 40.1348 8.76980773127e-05 -5.25576308115e-05 -0.000476599492444 -0.000249887257779 4.1306 4.1175 0.53119178306 -1.01031939298 -0.0954045800642
-107.47 40.2149 0.000104099857949 9.28482220251e-05 0.000405719924193 0.00316892640179 4.39381 4.24935 0.153233199143 -0.24388245686 0.00881216654197
-116.464 39.6202 0.000238213530011 0.000490967502533 0.00288132685924 0.00109821698528 4.43734 4.42645 -1.66229006214 0.447465889229 0.30290062381
-115.754 39.553 -0.000407405515984 0.000353324399031 -0.000624589229335 -0.000162990502684 4.24174 4.11672 -0.932693390825 5.52261973078 0.514451055836
-114.908 39.4731 -0.000922767826673 0.000624058917966 0.000308068911001 0.000822730929771 4.22997 4.36765 -2.70953428999 11.5015915653 1.00528195058
-113.069 39.5906 -0.000737051297325 0.00048490150217 0.00201379706045 -0.00115722880074 4.0092 4.04554 -3.58228818032 9.03178351621 0.793601664671
-112.279 39.5708 -0.000998061498651 0.00141178791225 -0.00547803520752 -9.15618593991e-05 3.56006 3.51348 7.57893778774 17.2486339168 1.71540618525
-111.66 39.6092 -0.00113245520775 0.000862433832068 0.00350612191427 -0.000193734945052 4.079 4.03084 -0.779993447149 14.4693004378 1.35203647561
-110.74 39.473 -0.000921518666908 0.000289742118455 -0.00116789376771 0.00131341424988 4.13381 4.25399 3.67155179168 9.08013448711 0.810029240068
-110.246 39.6279 -0.000684370084866 0.000255351762175 -0.000616746808496 0.00181562834796 4.3562 4.62048 4.13144862495 6.94265855377 0.63745110742
-108.981 39.6333 -4.29902784785e-05 2.94797055719e-05 0.000600869778951 -0.000950559792687 4.0841 4.11629 -1.06113886515 0.52316695681 0.0490972335837
-107.449 39.524 -7.84696273464e-05 0.000299725573713 -0.000336096957813 -0.0032340340168 3.86787 3.8717 -2.95028731464 2.35524360909 0.290503376409
-116.4 38.8247 8.68981090254e-05 0.000709719573215 0.000868357910611 -0.000363056294887 4.16271 4.07252 -1.36637908407 3.02167727062 0.565341994723
-115.654 38.8455 -0.000351110271855 0.000693346708042 0.000403598090015 0.000541457535824 4.34145 4.202 -3.08701328007 6.75848301068 0.77632039764
-114.83 39.04 -0.000783233847722 0.000125321815733 0.000173410361611 -0.000669315213324 4.25289 4.30721 -4.26700844697 7.74733229222 0.488412382092
-114.02 38.9551 -0.000508768579542 0.000283990299144 0.000663620063843 -0.000251275422794 4.19683 4.15126 -4.12948104544 6.03150155812 0.498201325402
-113.277 38.9882 -0.00145849135541 0.000325023547128 -0.000100752741049 0.00227049747052 4.45753 4.53565 3.70824379484 13.9254491276 1.15276976333
-112.379 38.9995 -0.00159317900596 0.000808159397266 -0.000427892854858 0.000346620123515 4.02793 4.39143 2.00454995241 18.0695401334 1.60157470003
-111.172 38.9176 -0.000474119286425 0.000580013585383 -0.000545151550989 -7.72542372332e-05 3.89524 4.0964 2.36602788297 7.46312757547 0.748941023617
-110.133 39.1025 -0.000330234741594 1.72212818354e-05 -8.81179301345e-05 -0.00135820631273 4.06148 4.19968 0.494188645316 2.78921015959 0.211391463151
-109.263 38.9553 0.000155840457488 0.000103771467123 0.0002706764223 -0.000210933050076 4.33812 4.33802 -0.927048743811 -0.661721105054 -0.00728524964538
-108.296 38.9541 -0.000105395474553 -5.9002963822e-06 0.00169178092858 -5.58791546492e-05 4.41113 4.25399 -2.05960324089 0.830563605763 0.0561995167231
-107.574 38.8347 -0.00087703332693 -4.61089088854e-05 0.00139101544631 0.000647846147795 4.29088 4.09382 0.960931276056 6.56534225367 0.514201358232
-106.91 38.8627 -0.000741113902234 0.000152686087855 -0.00583850219461 -0.000889288623249 3.70789 3.76995 5.03368831554 6.43745088038 0.619668482691
-116.302 38.2886 1.33173264014e-05 0.000660688004262 0.00114350380351 -0.00128637026609 4.06406 4.13147 -2.72982173155 3.30081193251 0.568498274987
-115.585 38.3489 -0.00011249951861 0.000608983963253 -0.000683116093412 -0.00120636074943 4.12508 4.13426 -2.14429380357 4.26124545696 0.581594771688
-114.608 38.3281 -0.000465538693376 0.000172511253527 0.000355001524754 0.000972277916595 4.44643 4.37884 -2.64625295897 5.09753354749 0.386064784799
-113.969 38.1802 -0.000703103601297 0.000236295034226 0.00132465688213 0.00158464671597 4.57923 4.49112 -1.259914717 7.50191747866 0.577262353168
-113.021 38.2987 -0.00104481592571 0.00023783901466 -0.00128419094812 -0.000211002031945 4.13237 4.07456 1.03716724198 10.251405351 0.799611657683
-112.277 38.2108 -0.0012841592881 -0.000164895760262 0.000762329347438 0.00100437441417 4.36604 4.48003 3.1937610949 9.39501671233 0.662314241529
-111.483 38.2843 -0.000848606246735 0.000154268425816 -0.000148258266908 -0.000592712206223 4.00601 4.23655 2.98249870678 7.82920232147 0.647874891468
-110.711 38.4187 -0.000183359529949 0.000247347882654 -0.00024505374387 -0.000934210214578 3.95681 4.07031 3.18211587285 3.05337199059 0.307598591487
-109.894 38.3862 -0.000123783070369 0.000133271272072 -0.000269352810452 0.00109774360712 4.14823 4.12509 3.57668448286 1.84063404447 0.181657730999
-109.261 38.2916 -4.84315219293e-05 0.000184397996611 0.000131417020316 0.00121826773384 4.3891 4.33096 3.38946513479 1.58753323498 0.172079375725
-108.379 38.1888 1.88129902632e-05 0.000316592837152 -0.000425848177444 0.00205436011259 4.4897 4.31659 2.38442220388 1.90627487057 0.231306516819
-107.55 38.3685 -0.000577046984146 0.000173360093725 0.000878950827867 0.00201742984713 4.79328 4.55226 3.19441215344 5.53003925234 0.509965330596
-106.756 38.2289 -0.000808956182643 7.75404944254e-06 -0.000757053034753 -0.00111803938995 4.15153 4.13308 -1.64950236018 6.55804404672 0.490236935955
-105.107 38.2315 -0.000271976613112 5.05210885036e-05 0.00217711300007 -0.00463334907737 3.87547 3.89354 -4.50960916005 2.50826319265 0.197066917618
-116.595 37.923 2.35412753748e-05 0.000279967911929 0.00285117253582 0.000773008591794 4.28989 4.32018 -2.23366758677 1.25536279825 0.231209944978
-115.747 37.6444 -3.48484518086e-05 0.000324228118896 5.66129196413e-05 0.00123832956384 4.32415 4.33129 -0.281610318583 2.14198322636 0.292564999333
-114.849 37.6083 -0.000403869988336 0.00019674561448 -0.00116978899707 9.36778850394e-05 4.28087 4.2053 0.277678649162 4.68381068336 0.386988812342
-113.86 37.5808 -0.000713644993308 0.000167211990786 0.00220364363099 -0.00100962110277 4.36853 4.27548 -4.14155472632 7.35711595711 0.499178080417
-113.168 37.7601 -0.000975272281025 0.00035728578478 -0.000470445177438 -0.00104898236884 4.03736 3.97129 0.116385412376 10.4870801696 0.846233210911
-112.363 37.6761 -0.00107421256138 0.000285908413539 -0.00190730595545 0.0015448641771 4.2414 4.16213 6.17247658554 10.3680903226 0.920801659631
-111.596 37.7222 -0.000884691993287 1.38672117426e-05 0.00244340042057 0.00170017342211 4.45734 4.48138 1.28484785037 7.4302024679 0.538998324258
-110.802 37.6354 -0.000536414798488 0.000230703049228 -0.000674916727067 0.000714185749131 4.04763 4.11043 5.27274471034 5.73141295552 0.526619437541
-109.995 37.6903 -0.00014726213718 0.000461346389511 -0.00112091148258 -0.000879202701406 3.91806 3.91862 3.31716080741 4.18787041788 0.449057163561
-109.137 37.7459 3.29115340052e-05 0.000381269494796 0.000262426326254 -0.000540849650806 4.20662 4.18151 0.332613342834 2.08981567753 0.283580831862
-107.792 37.662 -0.000305727959243 0.00059782126514 0.00139228678516 -0.00127517392744 4.40589 4.29982 -1.94454965353 6.06802843294 0.663679877756
-106.002 37.7059 -0.000633080833091 0.000102740260742 0.00107495349993 -0.00635791957721 3.6346 3.61857 -8.38650846388 6.00689201375 0.409677428662
-115.22 37.2408 -0.00017308418566 0.000303196853733 -0.000107952888778 0.00145242403776 4.45004 4.34983 0.639273381604 3.29800724319 0.34830740117
-114.715 36.7256 -0.000299513437161 0.000422855476269 0.00172844597824 -0.000248128431678 4.34537 4.17435 -4.90093278097 4.92337354948 0.514480820988
-113.907 37.0195 -0.000851435476991 0.000255611160905 0.00260336099445 -0.000230395668472 4.38149 4.21488 -5.398004815 9.16019340356 0.630631976217
-113.084 37.0615 -0.00130465328569 0.0005050130153 -0.00176397602446 0.00040838439214 4.07636 4.0306 4.16786649955 13.9899693104 1.20832770769
-112.382 37.0183 -0.000933623014626 0.000568499838911 -0.0020855345023 -0.000678692941475 3.81328 3.87594 4.43644795943 11.3116536312 1.03127615235
-111.506 36.9839 -0.000765651693672 0.00041013780543 0.00231878026228 -0.000343478451551 4.26738 4.23693 -0.212078730579 8.97159595018 0.776610102394
-110.804 36.9969 -0.000776607560416 0.000307640713649 -0.000478317567917 -0.000192296334861 4.10669 4.14534 2.6453953704 8.28756768358 0.724388878149
-109.874 37.1364 -0.000240175796965 0.000599918684204 -0.000311095384438 0.000124475199256 4.10446 4.14824 2.47501269274 5.8127455819 0.6175747476
-109.025 36.8299 -0.000182138957697 0.000765447839865 -0.000187708343272 -0.000178055354444 4.08502 4.17575 1.35227142357 6.3584557924 0.713242204698
-107.534 36.9914 -0.00015865187968 0.000854581651311 -0.00374320520993 0.00180347645689 4.34761 4.34019 2.22374593114 6.85546918832 0.755461367944
-106.903 37.0138 -0.000260755359349 0.000410435901949 0.00544017550643 0.00429828444623 5.59406 5.47159 -10.4920932382 4.289496151 0.484696340707
-106.037 37.0361 -0.000601394660595 0.000593781749922 0.000719352855852 0.00175377567554 4.43023 4.29891 -2.89309547219 8.44653528227 0.833771586378
-104.411 37.1388 -0.000334712996189 0.000298991273942 -0.0042181126136 0.000107249369369 3.93415 3.91065 2.93986921624 4.49178915686 0.446779491043
-116.33 36.4193 2.11337477978e-06 0.000154973846533 -0.00276019194186 0.000826934518782 4.01405 3.9969 3.25137306411 0.94574335704 0.124850675508
-115.383 36.423 -0.000124293512615 0.000384182899448 0.00102947922789 0.000386561478803 4.31614 4.2972 -1.95999061687 3.24148968496 0.393369479981
-114.539 36.4321 -0.000370785676042 0.000703135267592 0.00111782209573 0.00013121201398 4.28099 4.21576 -5.06188082081 7.01151840492 0.794862727309
-113.965 36.4151 -0.000885319175563 0.000687437214608 -0.000280330371192 0.000224500557919 4.22508 4.03956 -1.15129025386 11.8160742592 1.05685379707
-113.18 36.4182 -0.0012767302645 0.000538251333861 0.000179092052805 0.000828771101713 4.31025 4.27374 1.76599333647 14.2190545359 1.18765731622
-112.291 36.428 -0.00100484746548 0.000226897261613 -0.000496661977005 -0.00211905927516 3.82876 3.87969 0.544296965522 9.97200420584 0.768158179254
-111.13 36.1428 -0.000789105708706 0.000812912093716 -0.00115717917437 0.000309997908507 4.0054 4.04231 3.63544745267 11.7784188825 1.12893418866
-110.662 36.5996 -0.000638134782077 0.000484142822075 -0.000251926790368 0.000450992141711 4.02821 4.04998 3.10542440265 8.3245925573 0.778135087725
-109.87 36.4199 -0.000569752824816 0.00036373234189 -0.000424712224216 0.00154977004924 4.07191 4.12983 2.82344595601 6.96277965817 0.64239063863
-109.208 36.2925 -0.000187053078043 0.000280401053241 0.00110380717578 0.00224281033772 4.26037 4.62707 -1.93793061255 3.24945705139 0.336984001894
-108.52 36.3758 -5.6637772921e-05 0.00032964061634 -0.000293834604386 0.00303343623332 4.13411 5.52643 0.217217639194 2.53290710508 0.295858317178
-107.658 36.4277 -0.000143611477212 0.000614482629427 -0.00147822362919 0.000105334757014 3.94136 4.11297 -0.746546225461 4.97609269453 0.576633118729
-106.855 36.3773 -0.000570647550177 0.000128292931569 0.00136574861045 -0.000822214699911 4.00036 3.80332 -5.92495199009 5.62127254023 0.414363766421
-106.192 36.3289 -0.000957264512708 0.000823680086016 0.000937770356422 0.00551326221207 5.06703 4.85985 2.16092535851 12.8556500886 1.24943445695
-105.278 36.4093 -0.000492786931845 0.000860647228257 -0.00221277598878 0.00729568226495 4.70496 4.72131 6.61867574157 9.72829055204 0.952637561165
-104.408 36.3998 -0.000539666722091 0.000792344597166 0.00161501988292 0.00358184768527 4.84032 4.59211 0.624458308561 9.31528084588 0.953049906845
-103.744 36.3945 -0.00036126873487 0.000418775535825 0.00151099613221 -0.00375898228112 4.01811 4.01717 -4.64256111312 5.39397682552 0.550805556253
-115.43 35.8384 -8.48266083144e-05 0.00026668639493 -4.19991899647e-05 -0.00166141767384 3.91627 3.82815 -2.2794412745 2.23780056935 0.272667478257
-114.851 35.7266 -0.000481716052215 0.000310662887169 0.00129036112897 -0.000574953999901 4.15656 3.96482 -4.50042120173 6.11361847855 0.504411774794
-113.984 35.8522 -0.000878859123799 0.000822239166438 0.00106623138109 -0.00108268993424 4.2323 4.18705 -4.05971095224 12.4598138328 1.15042464346
-113.105 35.6339 -0.000829991766325 0.000767101246994 -0.00174489280528 -0.00109167997806 3.90991 3.88521 0.989447120732 11.8971533386 1.10630025669
-112.173 35.8191 -0.00100812613258 0.000420906294161 -0.000121820793503 0.00184204530741 4.24537 4.24307 4.39755247137 11.0316446901 0.965596994664
-110.794 35.6218 -0.000545245583502 0.000399442944674 0.000749253435192 -0.00110616929176 4.07282 4.25024 -0.125675574613 7.09228943701 0.642971433591
-109.933 35.7113 0.000220779322331 0.000409092930478 -0.000421624761185 -0.00371953475273 3.81577 3.89402 -3.47882502222 0.392940972836 0.222855037749
-109.046 35.7147 -6.11102985285e-05 -0.000825527940434 0.00118135598087 -0.00531203366435 3.67937 3.75531 -6.42607682427 -3.82075525789 -0.679418289357
-108.466 35.7992 -0.000323800239485 -0.00200987473867 -0.000464286410431 -0.0032749542478 3.45492 3.34284 -8.10011513857 -7.25465290252 -1.59457758853
-107.638 35.8054 -0.00033115246187 0.000125302357094 0.00160071567734 -0.00246104084336 3.92334 3.88572 -7.57543953897 3.59798192094 0.275344843947
-106.909 35.9138 -0.00051446885789 0.000446349790113 0.000550497368761 -0.00352654505405 3.56833 3.52327 -8.26095739048 6.86026177529 0.644090842344
-106.183 35.7452 -0.00121660182812 0.000773837647069 -0.00288778467281 -0.00537016375317 3.5514 3.61589 -0.378557957963 14.6707779476 1.36219417387
-105.272 35.7259 -0.000834241864366 0.000613221733944 -0.000490720163581 -0.00218892325244 4.0201 4.27298 1.31751129855 10.5098803432 1.00871504406
-104.616 35.8383 -0.000210650444444 0.00144299423589 0.00161981639353 -0.00191192973044 4.36318 4.76007 -6.65739986688 9.76640318548 1.32421617433
-103.786 35.7964 -9.56242881829e-05 0.000718929900733 0.00300967900302 0.00380693232565 4.92649 4.85496 -0.186663352915 5.40354928319 0.61199238228
-114.87 35.301 -0.000376867533796 0.000741712334159 0.00217592742632 0.000403412366209 4.10533 3.97304 -3.55209803674 7.46450341044 0.83093661865
-113.885 35.099 -0.000868844055902 0.000878246280345 0.000863641654474 0.00152017123393 4.5014 4.51189 0.578563742175 12.9888279449 1.21616895293
-113.083 35.2127 -0.000858805397186 0.000809170101545 -0.00152449348069 0.00163675317188 4.1243 4.12953 4.09564863409 12.524226502 1.16816733707
-112.267 35.1787 -0.000987361947601 0.00071161321624 -0.00061463838772 0.00129953397423 4.07507 4.09244 4.18895110312 12.8909503348 1.17559568081
-111.532 35.0951 -0.000815756276422 0.00028439642729 0.00141942920203 -0.00029306776544 4.0734 4.16024 -1.59222550381 8.84143787103 0.691097899073
-110.713 35.0789 -0.000257587991759 6.1424541257e-05 0.00138841248267 0.00169497399695 4.30206 4.30946 2.37801121701 2.52942480862 0.208123964729
-109.736 35.1181 0.000531105483082 0.00022039541053 -0.0109031321534 0.000203284834123 3.87592 7.0433 9.4549008366 -2.19742396786 -0.229690355745
-109.388 35.1118 0.00284345163445 -2.56085510953e-05 0.010295138059 0.000444027785771 4.91444 4.83427 -12.8016974188 -27.2803934917 -1.18179527054
-108.5 35.1259 -0.000215467144578 0.000322346767714 -0.000903500207157 -0.00333977789071 3.80671 3.09457 -1.16139489042 3.79386574909 0.387368584392
-107.648 35.117 -0.00283156321242 -1.75688218345e-05 -0.00233670078461 0.000676915501785 3.92205 3.63241 4.51275187547 21.5450986528 1.89733766632
-106.867 35.0719 -0.00115559270906 -0.000162252648496 0.00396596130207 3.75162175108e-05 4.18558 4.22266 -6.13549590947 9.19824913754 0.479484529908
-106.15 35.1605 -0.000959065828491 0.000236532690648 -0.00434444327568 0.000263581258216 3.7739 3.91356 5.28425210644 8.77098510494 0.837316276183
-105.408 35.2106 -0.000911143040138 0.000249768015022 0.00247094533841 -0.00275477539344 3.89394 4.05873 -5.68082206339 9.18037535329 0.712062840885
-104.461 35.2177 -0.000449708736879 0.000601219998817 -0.00164899785627 -0.0016695493705 3.70829 3.94396 -2.201535743 7.35996461883 0.750723424048
-103.766 35.0891 2.85315316429e-05 0.000990340888502 -0.00422822069341 0.000174821506347 4.06061 4.15347 2.22089942517 6.57009311157 0.711375123243
-103.063 35.0637 -0.00028283006929 0.001904719331 0.0118059485579 0.00253721105638 4.74249 4.64935 -10.1735132974 12.2280116306 1.78501800181
-113.83 34.5935 -0.000567564341371 0.000783606721595 0.00078747999788 0.000533316764881 4.29403 4.388 -0.108294668683 9.76120646714 0.966989180346
-112.891 34.4692 -0.000584149576554 0.000791091018155 0.000817853488558 -0.00136166731184 4.10881 4.12148 -2.80066158471 9.78476978752 0.980260455096
-112.237 34.4866 -0.000585603580514 0.000603151588563 0.000636012626715 -0.00364443051506 3.66853 3.66568 -3.3382768992 8.70159437013 0.821040028467
-111.441 34.4178 -0.000522052551313 0.000810940977664 -0.000258600794581 -0.000889455420917 3.76014 3.80467 3.66189053027 9.75764517845 0.958280966855
-110.806 34.3371 -0.000546500359093 0.00178492097367 -0.00353851476191 0.00101173050499 3.7291 3.82591 7.01804762631 17.1583136809 1.67789183956
-109.95 34.5293 0.000409114044661 8.25465328273e-05 0.00166731731319 0.00426941881905 4.85616 4.95773 2.67909164499 -2.7933014153 -0.194603674239
-109.29 34.4275 0.00027046468085 0.000976876307638 0.000911922530955 0.00290006843517 4.73865 4.66753 -0.44279926482 3.82387894367 0.624498852709
-108.498 34.5421 -0.000411087288497 0.00280108390817 -0.00220558709258 0.00777295679374 5.36091 5.03208 14.8297011421 25.8106934713 2.04002742901
-107.786 34.4457 -0.000205013863096 0.000845332033446 0.00260552513482 0.00349823435843 4.84347 4.50066 -4.06910024429 6.68254643336 0.816574650823
-107.01 34.5058 -0.000788044807967 0.00107133744391 0.00156932119859 0.000423324926584 4.86937 4.41195 3.14566529799 13.4994285402 1.32462384977
-106.188 34.581 -0.00155560546095 0.000249197380066 -0.00405368527864 0.00251229991207 4.10214 4.01912 8.18087948773 12.8443499618 1.30757148497
-105.435 34.5646 -0.000881249147861 0.000335250701687 0.00301504419832 -0.000248727476293 4.30317 4.361 -4.02985023605 9.39628195021 0.782242770576
-104.662 34.5271 -0.000804918130797 0.000319152727762 -0.000326588637156 -0.000648132952683 4.10636 4.1827 -0.928895248616 8.47792411419 0.753041174647
-103.81 34.5508 -0.00116162679663 0.000171510471783 -0.00265358044185 -0.00475111627056 3.61236 3.94606 -3.3561623987 10.5242745666 0.834111469525
-103.097 34.6469 -0.000281164177469 0.00131349978511 0.00125370727193 0.00152884157112 4.48897 5.53041 4.30905400296 11.4321126833 1.12832265974
-114.524 33.7503 -0.000167583063371 0.000640681098477 -0.0024661167737 -0.000665701455421 3.80487 3.7896 1.45424013093 5.4909189462 0.620436295143
-113.829 33.8142 -0.000543103802968 0.000621535582417 0.000307400652619 0.00234019082907 4.14942 3.96548 -0.778810559944 8.60255552133 0.817729454092
-113.005 33.9383 -0.000641177691774 0.000850742383523 0.00244873363498 0.00148733367429 4.4547 4.33337 -4.62321644746 10.5549818988 1.05737552863
-112.333 33.9535 -0.00073413006992 0.000705851861048 -1.84956660505e-05 0.0022577286309 4.18572 4.08796 1.27579154852 10.8288870058 1.00358599472
-111.478 33.8798 -0.00204867246259 0.000860237875362 -0.000945030697387 0.00118183678608 4.03682 4.17311 4.94755602435 22.6123379282 1.98553459236
-110.844 33.6953 0.000306355469011 0.00142653173916 -0.00154744477423 -0.00149253629561 3.55492 3.28692 2.16205777472 6.83725249191 0.932105348538
-110.034 33.7776 0.000981157898944 0.000483371010976 -0.000769366601219 0.00203541161697 4.0843 3.69015 1.64570628614 -5.02102104237 -0.22606860999
-109.254 33.9571 -3.28048697044e-05 0.00110073004194 0.00197746076631 -0.000709777683406 4.39681 4.09644 -5.97319000104 6.28415226485 0.96033210312
-108.377 33.9085 -0.000309873888233 0.000902524774105 -0.000285910550103 -0.00531224229266 4.05402 3.85418 -4.0936382597 7.94643236536 0.923940827637
-107.674 34.0087 -0.0010765966057 0.000925312511378 0.00173043051662 -0.00156718736444 4.0639 3.92953 -3.65524539328 14.7647565751 1.37100422432
-106.965 33.937 -0.000972367158086 0.000884494588131 -0.00213592350193 -0.00373554747544 3.74697 3.77245 -0.125139662011 13.6778780621 1.29658335951
-106.921 34.0739 -0.000875183163454 0.00271165726263 -0.00125453925749 0.00200542437548 4.54601 4.94641 8.4587702425 26.8442588329 2.49299242881
-106.055 33.9315 -0.000369220197688 0.000796698742547 -0.000746359414732 0.000898659863164 4.3808 4.20479 1.1673723723 8.25693764786 0.847302301164
-105.436 33.9257 -0.000872585185397 0.000457830391242 0.00254454375211 0.00146028151497 4.89513 4.71152 -2.3459522194 10.0606735311 0.890310998715
-104.693 33.9229 -0.000464877250575 0.000102363549301 0.000340377078412 0.00231106895086 4.89359 4.65861 4.66689385017 4.15970716027 0.398333925766
-103.825 33.9232 -0.00104790280193 -0.000301454086144 -0.00129987047153 0.00317034649418 4.3128 4.06267 6.7848232167 5.06340483915 0.56097303894
-103.163 33.8839 6.72685715662e-05 -0.00058777239429 -0.00326205716134 -0.00248498361023 3.72046 4.69107 1.35139678189 -4.5247239468 -0.482042667757
-113.657 33.1999 -0.000630484821228 -0.000424992476944 -0.00147986844079 -0.00358139634194 3.25392 3.87909 -5.51300112645 3.78364177831 -0.0692536649665
-112.946 33.3627 -0.000723071914402 0.000562511082606 0.00186915297995 -0.000214129604205 4.08969 5.50056 -1.77649184216 9.86805759807 0.865231137646
-112.158 33.2893 -0.000558774682912 0.000165448506248 -0.000996109161615 0.000283174693554 3.99688 4.61441 1.32421650114 5.89976791147 0.465608803604
-111.427 33.341 -0.00108683594069 8.98847744366e-05 0.00158104587099 0.000727931773776 4.13944 6.85603 1.06631763114 9.92504612032 0.722120327088
-110.472 33.2969 0.000700575118352 0.000944342369914 -0.0039398635344 -0.00357554735186 3.52442 4.26473 1.96379310871 0.364241187999 0.30824682813
-110.036 33.0851 5.49901488043e-05 0.00452476095314 -0.000375147686633 -0.00741966706306 3.19565 2.93774 -8.82623335359 21.9612415035 3.97970218395
-109.266 33.2921 -0.000278865426733 0.000668180970897 0.00252680256916 -0.000261190012904 4.22474 4.5468 -3.76769222091 6.36597486964 0.711706067967
-108.592 33.1132 -0.000455492181292 0.00016010250042 0.00151489012867 -0.000832663601524 4.12426 4.51015 -4.25299473296 4.96810214946 0.383271263548
-107.671 33.3086 -0.000683751015769 0.000613713043345 -0.00089324640201 -0.00106028273559 4.05136 4.72368 -0.413311259241 9.64410309852 0.90331967182
-106.964 33.2555 -0.000813071977085 0.000546894929397 -0.000710279339681 0.00391137616783 4.124 5.10028 1.41110900427 10.2256488522 0.940698001356
-106.232 33.2621 -0.000576212048855 0.00139317530017 0.000571182696674 -0.00344402422896 3.84159 4.62713 -3.45586991889 13.3366454774 1.46950396794
-105.365 33.3298 4.10016114055e-05 0.000805087706384 -0.00125772904545 0.00167327026093 4.18084 4.65211 6.51281797089 5.70697885966 0.531251846994
-104.717 33.2797 -0.000180227298362 -6.17364092083e-05 -3.14886594015e-05 0.000736667747731 4.48743 5.25093 1.96201402595 0.968701459214 0.0737642316795
-103.98 33.2716 -0.000581803786388 -4.25675730505e-05 0.00263809794265 0.0010523518622 4.87842 8.70453 -3.26145951185 4.53556718354 0.315230788699
-103.215 33.315 -0.000246331156342 -0.00106308159025 0.000657571111678 -0.000184559413326 4.31043 4.59243 -0.562527865737 -5.08261562277 -0.655550027797
