-112.228 32.7006 -0.000485105461019 -0.00207347698118 -0.00054532198778 0.00147210265413 3.57562 3.57189 1.15176778423 -9.50155534957 1.62351759569
-111.704 32.5618 -0.0035225744119 -0.000998529170945 -0.00257941600147 -0.00197619820197 3.6659 3.66223 -2.09692436525 -13.397633477 3.48476482543
-109.97 32.6399 -0.0018880738723 0.000356174393266 -0.0152379639509 0.011279561651 2.8904 2.89415 1.38896341658 -4.28795359428 1.23988616618
-109.303 32.7663 0.00267786686404 0.00492370019454 -0.00983828939768 2.07741484772e-05 3.30485 3.31825 -1.66863305789 25.755068185 -5.09880973013
-111.457 32.0022 -0.000865209886523 -0.00295974331269 0.000833183905773 -0.00037012360124 3.80191 3.80387 -0.282472253193 -13.8664806944 2.41592317386
-110.816 31.7748 -0.00132257922124 -0.000444233984575 -0.00513646092847 -0.00145899412232 3.53932 3.542 -4.21693343676 -5.04372715528 1.35794635937
-109.259 31.9989 -0.000336103785131 -0.00725809818092 0.00225422737373 -0.00981856729974 4.3308 4.37257 -7.87439185938 -29.5915431341 3.92979310896
-109.281 31.3757 0.000112061117961 -0.00479508489846 -0.00223874561344 -0.000631031422134 3.67961 3.68071 -1.48518425355 -17.37010723 2.72029787034
-122.707 48.7197 0.00233287274859 0.000901569737257 -0.00544828488386 -0.00126946129841 3.59115 3.59401 -5.75320587014 12.7772053135 -2.47472028402
-121.48 49.0983 -0.00048873202728 -1.01403134704e-05 -0.00563155717367 -0.00341125666143 3.55003 3.55331 -6.72196978363 -1.65551651572 0.428878277126
-120.384 49.048 0.00354110432892 0.00246429060299 -0.000758623960305 0.00505431517043 3.56763 3.57647 2.06835955524 27.0211750576 -4.29849691378
-119.272 48.9534 0.00455508898507 0.00353352279549 -0.00232525780966 0.00196932383079 3.64776 3.66398 -0.475217459299 35.9617046502 -5.76477125519
-118.585 48.9752 0.00191844734708 0.00172862200619 0.000896274269674 -0.0029069233497 3.81709 3.80879 -3.36513281559 16.145857961 -2.56843872351
-117.559 48.9813 0.000505891842307 0.000789011148948 -0.00462202305332 0.00156188533385 3.5277 3.52327 -1.47563478987 5.89906931936 -0.889761351912
-116.363 48.958 -0.00280585431786 0.00361880675715 -0.0059517991164 -0.00118604731122 3.58309 3.61452 -3.69471253572 7.03184552128 -0.0187776789658
-115.653 48.9339 0.00137867193894 -7.92304357748e-05 -0.00112435107616 0.00401153463946 3.46591 3.47471 1.44838041051 5.59508722644 -0.93847602431
-114.413 48.933 -0.000204183417661 0.000248004527363 -0.0063741275777 0.00640469977324 3.26527 3.25795 -0.566575047319 0.252695369476 -0.0209074738925
-113.422 48.9725 0.000808616343357 -0.000484328322901 -0.0108188680256 0.00158350450209 3.30398 3.30364 -6.54761371878 0.739604301112 -0.334415899499
-123.504 48.0575 -0.00140599899125 -6.36876376368e-05 -0.0105124625637 0.00184736726079 3.22093 3.2245 -3.23932721799 -5.13755212115 1.23952097637
-120.12 48.4607 -0.00394386956441 -0.0017434844491 -0.00264881899287 -0.00326911424987 3.73332 3.7267 -5.42182374191 -23.0471747722 4.26625850078
-119.333 48.3584 -0.00202891378329 -0.00214965825066 0.00147718046209 0.00245531161969 3.75303 3.7692 1.63972401738 -18.8559209643 2.93605797329
-118.149 48.4226 3.28790458761e-06 0.00159609891388 -0.000668842688382 0.000631973719938 3.65564 3.66303 -0.672404963814 7.86754461319 -1.00553362179
-117.225 48.2995 0.00129722716153 0.00349768130651 -0.0024117816541 -0.00097238905809 3.51 3.51333 -3.29696368918 22.3681985994 -3.14776690004
-116.367 48.4366 -0.00462588630738 -0.00311964406305 -0.00211481543938 -0.0106483961942 3.55715 3.58033 -19.6752564739 -28.7253777782 5.45312647496
-115.589 48.4694 0.00174666693282 0.00354963299627 -0.00878365544578 -0.000179877265334 3.28035 3.29804 -4.65632908727 23.9885678575 -3.55050063973
-114.468 48.3739 0.00327242759665 0.00356669297114 -0.00612065153652 0.00156926679229 3.40969 3.4176 -1.92774061804 29.610138325 -4.81423279401
-124.566 47.9475 -0.00338525626113 -0.0007073655027 0.00318105370414 0.00433105693442 3.79346 3.79496 4.99207192346 -17.6525218119 3.1023409477
-122.972 47.7172 0.00196676468167 0.00304528208188 0.00480228560114 0.00205647665176 3.94353 3.9634 2.98760433543 23.7273281456 -3.41292440811
-121.689 47.6947 0.00234079350073 0.00166930694623 -0.002751945015 -0.0017584086656 3.6777 3.69697 -6.71911714517 16.8258416535 -2.85643457597
-120.894 47.923 0.00122912708195 -0.00162038648148 -0.00528751774199 -0.00106361683061 3.54851 3.54343 -4.64113567031 -4.6753566926 -0.185527878551
-120.061 47.6902 0.001941837577 0.00317408765143 -0.00196173930283 -0.00268601782699 3.6057 3.60231 -9.14997474394 23.7272096521 -3.20962495164
-119.045 47.7849 -0.00242867377064 -0.00241178697485 -0.00191763936234 -0.00523087469007 3.76332 3.756 -7.14355176049 -21.0363224671 3.32712868185
-118.274 47.8006 -0.00179955898549 -0.000129407444479 -0.00289128680486 0.00245210915273 3.60467 3.60753 0.498652669693 -7.85006694223 1.4679984935
-117.308 47.8192 0.000769768988018 0.00131416788036 -0.00161688562077 0.00398250119909 3.49917 3.50358 1.58653456822 9.30910328207 -1.44935199446
-116.256 47.8397 -0.00101859398848 -0.000206292928327 0.000615360535308 0.00453845514848 3.68148 3.68263 2.58172230583 -5.27723252869 0.87753052482
-115.475 47.7092 -0.00149469863193 -0.000282329202299 -0.0104108393444 -0.00893078803154 3.4569 3.46465 -12.7717033382 -5.97955781715 1.44213569497
-114.574 47.6795 0.000494196894309 0.000123510387144 -0.0125711403839 -0.00126545868316 3.26808 3.27753 -6.55736183329 2.38387589591 -0.471084167671
-113.747 47.7687 0.00211566513256 0.0025254887283 -0.00390483223897 -0.00120324332039 3.57152 3.57537 -4.0914279371 19.8757114381 -3.24194449192
-112.607 47.775 -0.00113432504148 -0.000431866361702 -0.0100036238648 -0.00916585236704 3.2922 3.28915 -15.7164361555 -5.57318872889 1.2002300714
-111.746 47.8012 0.00249124501764 3.63230628072e-05 -0.000199124167206 -0.00175525908358 3.83003 3.83256 -1.6097389016 10.5010458439 -1.80332344653
-123.771 47.1161 0.000979005022096 0.000139563350065 -0.00211029270213 -0.000276554001965 3.65541 3.65343 -1.96290358278 4.14152503511 -0.908186699063
-122.803 47.1109 -0.00690987475586 -0.00813905481469 0.000850500775954 0.0206863186578 3.09872 3.12738 12.3347109807 -69.164264697 10.6617920884
-121.989 47.1881 0.002561488678 -0.00474052088648 -0.0122531688537 -0.00444240105707 3.38997 3.4174 -10.3618022656 -20.9062896979 -0.33869898858
-119.973 47.1936 0.000509643855813 0.000624268470802 -0.00236543173622 -0.00112013227355 3.65471 3.66909 -4.44062205541 5.08300110829 -0.76609253428
-118.921 47.0573 0.00491596447903 0.00422724245037 0.000812408901796 0.000162599477306 3.72256 3.70382 -1.46724711113 39.7026719654 -6.46742457741
-118.309 47.0615 -0.00116514376374 -0.000681679108269 -0.000213490901935 -0.00334958646224 3.81395 3.79539 -3.47951363031 -7.67049885889 1.34490939776
-117.276 47.0547 -0.00647054907486 -0.00491469805808 -0.00244950419525 -0.00409927936213 3.74468 3.76238 -6.14452649781 -47.4312717301 8.10965873777
-116.335 47.0477 -9.1819567755e-06 -0.000913242010566 0.0147949547967 0.0157857410003 3.76004 3.77413 15.2984070104 -3.16861069488 0.762811446973
-115.353 47.0528 0.001327823676 0.00113548128542 -0.00590654655546 0.0107548418253 3.27369 3.27569 0.870515799061 10.5266571001 -1.74591061363
-114.459 47.0943 -0.000357191356992 -0.00190403169227 -0.00736401573899 0.000905239087177 3.30112 3.30771 -5.49215724319 -10.4242644014 1.43740991186
-113.506 47.0816 0.00570729874188 0.00267068826218 -0.00654694404274 -0.0037697975007 3.41419 3.42408 -8.99857679085 32.516006289 -6.21104950821
-112.52 47.0418 0.000804546010757 0.00129102668562 -0.00354757275289 0.0041742120995 3.50068 3.49776 -1.49496291199 8.8131002631 -1.47117333455
-123.563 46.5459 -0.0018189361055 -0.000629964752682 -0.0047873442993 -0.00315731581321 3.64571 3.64773 -4.31918762954 -9.3544494214 1.89641831811
-122.72 46.5934 0.0010491022754 0.00333449413433 -0.000541098529495 0.00474018806467 3.40341 3.38659 2.26202971691 21.4273495602 -2.82288093299
-121.761 46.5605 2.71186994356e-06 0.00192471235988 -0.00337158902364 -0.00313781109515 3.39125 3.37897 -8.67760121303 11.0746296391 -0.857183325739
-120.979 46.5433 -0.00251946500638 0.00366489860137 -0.00450239387144 -0.00168343347212 3.32768 3.32877 -5.83237089643 12.2032214953 0.352053626141
-119.855 46.5585 0.000134684481904 -0.00169062734866 -0.0060757282845 -0.00687188294924 3.57825 3.5783 -12.685872723 -9.36249923314 0.571129949966
-119.06 46.4911 -0.00245717497651 -0.00262977624091 -0.00256996362908 -0.00806311473194 3.86442 3.8821 -7.05220363473 -21.9525817123 3.45416735654
-118.146 46.5139 0.00731694971417 0.00244704276042 -0.00140334629019 0.00532265632339 3.55164 3.57021 3.69965914305 41.70729581 -7.05777367511
-117.11 46.485 -0.00212528328412 -0.00137171252154 0.00669194941708 0.00487408857364 3.8542 3.83274 5.88170850005 -15.1844768162 2.46758165896
-116.209 46.3559 -0.00633451148946 -0.00438135545872 0.00825355001978 0.010852501955 3.68946 3.71375 10.8517135207 -46.6114961743 7.37691465187
-115.571 46.4151 0.00278897344764 -0.00311204110805 0.00748843885256 0.0131356395171 3.63984 3.67454 11.3530437608 1.95462747626 0.776865767364
-114.188 46.4423 0.00267680219917 0.00354091283548 -0.00557659365978 -0.00639622974251 3.67658 3.67328 -7.68301035722 26.4218269039 -4.22423959694
-113.493 46.4162 0.00200607875066 -0.000262546793513 -0.00180997484272 0.0100220841645 3.36453 3.34045 4.72625325276 7.80547453443 -1.14240713608
-112.641 46.4246 -0.00117045529769 -0.00354179328175 -0.0106846479779 -0.00833372234309 3.65265 3.63057 -17.8398639007 -21.6652730849 2.62902845675
-120.728 40.6183 0.00203995331721 0.00446587787409 -0.00104942050201 0.0127040968618 3.3048 3.32447 9.04210059943 28.0547900964 -4.49446554508
-123.559 45.9306 -0.000570913571008 -0.0025601114607 0.000978728460064 0.0045778006854 3.70869 3.68396 4.29681123894 -15.4724292072 2.00503720299
-122.419 45.9325 -0.00846034566612 -0.00669189167506 0.000523723393938 0.0196084093113 3.07391 3.09424 18.1652574093 -69.246187958 10.4711290421
-121.459 45.8839 0.00397545892376 0.00119006624414 6.216411983e-05 -0.00221464398006 3.77651 3.77411 -2.76653751796 19.8677519348 -3.99786416101
-120.782 45.7664 -0.00364678922048 5.34657094907e-05 -0.00433182140936 -0.00562312673768 3.57644 3.58939 -8.40202725065 -10.202624689 3.21967406741
-119.928 45.8951 0.00412090404623 0.00297401130834 -0.0035897827438 -0.00404549140605 3.63989 3.66296 -7.05488002557 28.8900392579 -5.05052849363
-118.777 45.7971 0.000777875291449 -0.00230234401099 -0.00638635573846 -0.00266335945701 3.36739 3.3602 -9.98220419975 -10.3827935494 0.377721429458
-117.909 45.7087 -0.00150366557843 0.00276585786607 -0.00666633655059 -0.00129282942725 3.30543 3.30343 -7.17567921826 9.70145614945 -0.149204497673
-116.155 45.8883 -0.00548634180322 -0.00198053966022 -0.00426061401518 0.0131340344785 3.23902 3.23704 5.40326830932 -32.0224259504 5.24781407309
-115.255 45.7565 0.00309691353854 0.000633462124181 -0.00479167285464 0.00257630412601 3.5087 3.51954 0.360733269658 15.0867027737 -2.73757715257
-114.332 45.7893 0.00203496474972 0.0045168280971 -0.0229744726573 -0.0236493611289 3.12258 3.12819 -24.486038503 29.1150638061 -3.31247381873
-113.37 45.8122 0.00286804696118 0.00506102455038 -0.00642201820219 -0.00607372771431 3.33209 3.34593 -10.8600870959 34.0601235251 -5.1323972593
-112.493 45.8409 -0.00117069225033 0.00231607518058 -0.00202840460876 -0.00197987567695 3.64996 3.66074 -6.06434202836 6.38769731703 -0.509781793223
-123.281 45.3153 0.00214364916738 0.00720535415645 -0.00162998276764 0.0062879152787 3.42422 3.43231 3.45186454232 45.5329679199 -5.99969075765
-122.478 45.2059 -0.000994811824001 0.000605930123852 0.000453360825419 0.00232519923982 3.50214 3.49787 2.97187656021 -0.681625510191 0.437214444665
-121.317 45.2422 -0.00100633915553 -0.00118260687924 -9.68457543927e-05 0.00443530519207 3.48805 3.49186 4.42642921538 -9.78913605838 1.5273208566
-120.635 45.2357 -0.00165401066015 -0.00165825232407 0.00243750916866 0.00415522195046 3.67387 3.67082 3.86896185137 -14.5940866405 2.33028208335
-119.669 45.2664 0.00109983017435 -0.00606952299247 -0.00432887171297 0.00147435907431 3.17585 3.18327 -9.90677197663 -30.6420704452 1.72426574342
-118.96 45.2904 0.00160339630563 0.00110539385305 -0.00600808951297 -0.00686187323048 3.48829 3.48377 -10.7785544611 10.4838028699 -1.92745206182
-117.78 45.2781 0.000496218483152 0.000792989712899 -0.00380017896354 -0.00864877078115 3.53726 3.54815 -13.5736747286 5.64580036279 -0.782561650438
-117.12 45.2925 0.00127839833715 -0.00144176900221 -0.00705802466268 -0.00359947474744 3.53408 3.53281 -6.58075963292 -3.21443542885 -0.306243322936
-116.268 45.3997 -0.00273001847283 0.00173780266429 -0.00307318065033 0.00466310973436 3.37654 3.3753 2.03656334825 -3.20423486319 0.867311975248
-114.233 45.0931 -0.000186388284368 0.000863316856923 -0.000418889107443 0.00972342790535 3.40926 3.42105 3.9817162553 2.73607251264 -0.490141503894
-113.46 45.2432 -0.000357566352428 -0.00234096779092 -0.00954054621874 0.00163651070148 3.34151 3.35769 -3.45823410896 -11.8621195131 1.76121403517
-112.489 45.166 0.000436215365302 -0.00312348796877 -0.00148283941117 0.0140502024569 3.09723 3.10713 7.55012121758 -9.26971376962 2.16828931284
-124 44.6764 0.00498598218724 0.000420015595227 -0.00746280840996 0.0102745071297 3.15036 3.15248 -1.54760089348 18.5885492904 -4.51432395032
-123.292 44.6765 -0.00415863377667 -0.00387790111824 -0.00143912680207 0.000119565329224 3.61785 3.64172 -3.31551342251 -34.6639279918 5.52353418363
-122.186 44.6837 0.000240114169362 0.00266155501171 0.00257727982596 0.00686860180491 3.59293 3.60166 6.02233938155 13.9346259348 -1.88348146035
-121.227 44.6473 -0.000911544679235 -0.00164139916316 -0.00224499930549 0.00446677196975 3.48932 3.49046 2.40077541424 -11.6457219854 1.71503508361
-120.335 44.7344 0.00354602142552 0.00374583767905 -0.0042835944624 0.000238765524449 3.37995 3.37204 -4.55049908896 31.2678313514 -4.96658965771
-119.565 44.5913 0.000610596223061 0.00154734231743 -0.000312206022496 -0.00602014731105 3.84165 3.81673 -7.18427289066 10.1458355757 -1.28338855376
-118.67 44.5191 -0.0022645979765 -0.00279781891022 -0.00129706916768 -0.00412008665186 3.43483 3.4342 -11.0475220827 -21.3512525051 3.26038729865
-117.664 44.6653 -0.00205846866407 -0.000746078928958 -0.0125218599677 -0.00347504274625 3.32908 3.33205 -12.5402590355 -9.42093368939 2.17894947852
-116.747 44.589 0.00250208078382 0.00392905847345 0.00174181565785 0.0101140150788 3.46071 3.46901 7.21925151198 27.0300843188 -4.56771999002
-116.013 44.7035 -0.00532163328612 -0.00125915615137 0.00196218229344 0.00180860576815 3.73261 3.73393 0.69909492981 -26.2033799779 4.86387426426
-114.855 44.5494 0.00151421916244 -0.00251035879225 0.00437265475132 -0.00325068408074 4.25027 4.15282 1.63282419915 -4.82695148649 0.58307613348
-114.255 44.5642 -0.0124466122009 -0.00546714407131 0.0263360899797 0.030914953162 3.26462 3.28851 37.6268590884 -77.1180350631 7.70064084379
-113.367 44.6165 -0.00110582296844 -0.000649573984555 -0.00562521277233 0.00115149621211 3.44708 3.45679 -3.4171473126 -6.93701781 1.26767864134
-112.644 44.6173 0.00470095556101 0.00292027720244 -0.0146590532103 0.0095447661789 2.99801 3.00005 -0.442445974911 30.5938172596 -5.43140534139
-111.248 44.7038 0.00236973157473 0.0042928414768 0.000583300937593 0.00132969240359 3.77393 3.78001 1.21636460478 26.490505871 -4.73754584815
-119.023 36.6801 -0.000110627355954 -0.00169523610832 0.00155950842567 0.00750286883154 3.70288 3.70043 4.83577968592 -8.02819938825 1.09810330533
-123.83 44.0035 -0.00302240906916 -0.0083049119107 -0.023953269867 0.0170827143645 2.75556 2.7751 3.70911614547 -54.50016584 7.27629034608
-123.278 43.9726 0.00248520433899 -0.00523641695915 -0.0261925742331 -0.0248157094121 3.14005 3.1435 -27.459664343 -31.8677883695 -2.0428294889
-122.411 43.7941 -0.000582527911957 -0.00185256189473 -0.00466667100514 -0.00834720043907 3.772 3.78113 -8.36494703777 -12.117790926 1.30001197629
-121.268 44.1626 0.00137903561399 0.000192986811358 0.00194356201639 0.0106067343566 3.4457 3.44621 6.25896374977 6.497642013 -1.17406683898
-120.211 43.9437 0.000493178723632 -0.000845013535319 -0.00331786490246 0.0042722921146 3.40559 3.41304 -0.410031404274 -2.54348732829 0.0760781440193
-119.504 44.082 -0.00370773153952 -0.00385207028086 -0.00150287525051 0.0101846440161 3.32214 3.34184 5.54335844633 -32.6570233141 5.32905803206
-118.569 43.9104 0.00176033727028 0.00213681296607 -0.00319201401288 -0.000679676558331 3.52824 3.54004 -4.77580616845 16.5835642199 -2.62473125307
-117.741 43.9733 -0.00246303313456 -0.00353828036568 0.00243043924759 0.00253447371073 3.54246 3.538 -13.6762010191 -25.3706942669 3.68693429462
-116.803 44.086 -0.00382942311796 -0.00493046132842 -0.00675727563382 -0.00373589568768 3.5406 3.56848 -8.79617855384 -36.7325048208 5.77512565715
-115.958 43.9121 -0.000441664395503 0.00138162643828 -0.00610222085006 -0.00345752656563 3.65716 3.65834 -6.04358203057 5.35349693611 -0.391041922213
-114.117 43.9146 -0.00131781118349 -0.000765911265985 -0.00552485287708 0.00429639332073 3.26854 3.24639 -1.08513045066 -8.27842421172 1.5005959368
-113.452 43.9286 -0.00666476834743 -0.00596502110592 -0.0135424114867 -0.00274273311662 3.00084 3.01064 -14.3770966314 -47.9735587552 8.6735417778
-112.485 43.9997 -0.000219915773361 -0.00181759497129 0.00178985957657 0.0107465760333 3.20681 3.22075 6.05179467531 -7.68100900378 1.51985372143
-111.487 43.8756 0.00194131141514 0.000137115338533 -0.000184948797062 0.000133144679978 3.65376 3.66923 1.60085489059 8.33652951413 -1.45198872916
-123.575 43.3654 0.000551692607152 0.00160997712359 0.0043592450497 0.0155644488279 3.39199 3.37987 10.8109636261 9.89903767764 -1.49316805594
-122.965 43.3717 -0.00497164642667 -0.00159773630461 -0.00974912204597 0.0101121272588 2.71445 2.7117 -0.00998395861974 -25.1980625063 5.0591601592
-122.109 43.2406 -0.00473726720848 -0.00373982070052 0.00792759525882 0.00545645130871 3.90051 3.92431 6.26871577328 -36.7313221899 6.03483224129
-121.236 43.2843 0.0063712740079 0.00167973335603 0.00567029760531 0.021371647158 3.5144 3.53005 12.4846736493 35.609421818 -5.61897737307
-120.153 43.2515 -4.7674061004e-05 -0.00317138789568 0.0015552710602 0.0104833478242 3.33222 3.3195 11.3457797288 -13.6194402411 2.3199332208
-119.311 43.3736 0.00127254744373 -0.00100946087364 -0.00103137624876 0.00245378743318 3.53547 3.53239 2.37352096973 -0.0604289658811 -0.379323668678
-118.474 43.358 -0.00310398304018 -0.00254121784564 0.000716723249978 0.0067608805635 3.48658 3.50009 4.69462193578 -23.7373552329 4.00932257976
-117.754 43.3471 0.00182988193211 0.00339250431972 -0.00535191456252 -0.00343738552425 3.56066 3.56045 -7.92218567635 22.93780981 -3.2565851718
-116.767 43.4275 -0.000483290886484 -0.000155643256851 -0.000215139901644 -0.000513919688055 3.35185 3.33768 -13.4815305871 -2.0278601948 0.503996384805
-115.828 43.4151 -0.00290191210968 -0.00216089665599 -0.00564600568647 -0.00489600846317 3.67131 3.6968 -9.46994579092 -19.3496937226 3.59196023376
-115.098 43.25 -0.00100558923626 0.00317203839919 -0.0020249613925 0.000806475594089 3.59831 3.61922 0.455799103306 10.196846008 -1.28855657671
-114.174 43.3979 0.00397074302616 0.00481860635555 -0.00528096621916 0.00342428016146 3.40822 3.42429 -0.721474692146 35.7736364257 -6.14422131654
-113.518 43.3234 0.00163479484834 -0.00082287872705 0.000424907476991 -0.00496568566406 3.98383 3.96717 -5.48377358761 1.70596571866 -0.8344624427
-112.433 43.3998 -0.00281608409199 -0.001719389439 -0.0170840389295 -0.0116975392787 3.31605 3.3204 -15.8244348134 -15.8152229374 3.28989688624
-111.612 43.2741 -0.000219372181497 -0.00297394603455 -0.000210131668736 0.00306874034875 3.32503 3.33025 1.96954695737 -12.4450022367 2.28022117651
-124.469 42.8088 0.00266383665021 0.000330747928391 0.00240780618468 0.00361412875568 3.83537 3.83615 3.07437537567 11.1367212993 -2.40306619041
-123.49 42.7667 -0.000567468901311 0.0012917946665 -0.00344375967868 0.00643121604834 3.43905 3.43546 3.49597542572 4.6383566558 -0.272258252124
-121.731 42.6133 2.55305017456e-05 0.00229792316152 -0.000486799768912 0.00823732513678 3.71107 3.69588 5.79588614148 11.1636485742 -1.45689797
-120.893 42.7258 0.00242856611221 0.000355900821158 0.00680794099804 0.0247877946947 3.68145 3.67779 28.4859199749 14.1689109336 -1.44529615537
-120.251 42.7991 0.00193728058137 0.00201271520612 0.00304866830673 0.00690332496651 3.6404 3.62507 10.5067286542 16.9851637146 -2.79301898189
-119.247 42.6912 -0.000411600674606 -0.00158497456715 0.000499886807342 0.0141546818835 3.31465 3.31082 10.2507234877 -8.42660263314 1.42056963297
-118.486 42.7308 -0.0012018991613 -0.00220534585429 0.00287490323884 0.0109531419515 3.38076 3.381 12.3898230688 -14.0689191218 2.44838107596
-117.725 42.6996 -0.00125560418103 0.000310628136645 0.00173645098861 0.000496683141831 3.8077 3.8203 0.932905504757 -3.09756221384 0.801471678286
-116.87 42.7779 0.00180297311281 0.00295386757564 -0.00682291524756 -0.00474473252744 3.55096 3.54575 -9.26505476817 20.2405018768 -2.9949146358
-116.032 42.7713 -0.00461079585813 -0.00765926359094 -0.0171156132559 -0.0133018564377 3.45552 3.46206 -19.2429204366 -50.8014093292 6.89421751618
-114.903 42.636 -0.00389504287997 6.6224962336e-05 -0.00592625385138 0.00635363553482 3.43542 3.46559 1.98576801439 -14.5497046626 2.86253002648
-114.084 42.6493 0.00454799013565 -0.00120731425341 -0.0084455282758 2.97552961632e-05 3.41989 3.44027 -4.66250023112 9.60213614882 -2.9722754199
-112.531 42.6852 0.000502866593155 -0.00102755990164 -0.0105073017544 -0.00562558478497 3.49978 3.49572 -9.42617245395 -3.28909345256 0.135785306679
-111.588 42.8321 -0.000232684197704 -0.00236998646583 -0.011816061177 -0.00229532183693 3.4115 3.40896 -7.50136809249 -11.3695880765 1.5795049324
-123.602 42.156 0.000874108309673 0.001320283768 -7.93002037062e-05 0.00609344079382 3.58016 3.58725 4.92332128104 9.927418398 -1.48145634353
-121.891 42.175 0.00184072428924 0.00846666898615 -0.00259793374532 -0.0130864531192 3.98176 4.01591 -12.1541096335 52.8036470629 -4.67026825423
-120.834 42.0472 -0.000135942974308 0.00102527563791 0.000703769775748 0.00532887027165 3.68893 3.69072 2.07874601997 4.5895728969 -0.484942431513
-119.34 42.0187 -0.000828994270496 -0.00189199668902 0.000512640721751 0.00999265338071 3.23903 3.23654 9.88067759538 -11.5063476626 1.92070232616
-118.344 42.1901 -0.000683466739353 -0.000766004573253 0.00437166350368 0.0108762535308 3.57375 3.56729 9.61501540731 -6.05770495835 1.02546005622
-117.667 42.0192 -0.00338237631843 -0.0042642167767 0.00735022125041 0.00933708901219 3.55919 3.56054 13.5707818855 -31.2214839136 5.44097956717
-116.471 42.0773 0.00177155006978 0.00142965139842 -0.00312176584003 -0.00126624916325 3.61243 3.59928 -5.12628719477 12.4873293972 -2.26292135806
-115.754 42.1669 -0.0027710266432 -0.00100391515061 -0.00997267130904 -0.00983984895431 3.40675 3.39282 -16.0735077479 -11.4140652245 2.94428231063
-115.016 42.146 0.000990248851477 0.00068617700137 -0.0121568802434 0.000322430461339 3.21495 3.21239 -5.86048554754 6.36760121793 -1.20446575352
-113.944 42.0886 0.00022587787136 0.00387637885148 0.0122953268542 0.00901763039148 3.96818 3.93628 13.0810005967 13.9795813459 -3.25059641888
-113.24 42.0343 -0.00277792854112 0.000347236549883 0.00181224288747 -0.00659588514521 4.48148 4.48116 -6.92998711219 -7.10465742832 2.10191038463
-112.386 42.0041 0.00397991063655 -0.00182229872794 -0.00984956657554 0.00962934020918 3.11713 3.12012 0.149498523351 7.30233252735 -1.72422551014
-111.432 42.0149 0.00112166466533 -0.000789160440717 -0.0036272104833 -0.00528332406448 3.87295 3.87246 -7.30103966955 0.0886378217825 -0.447958705644
-120.74 38.7552 -0.00185415929266 -0.00534858944488 0.00383180111432 -0.00132548991875 4.19799 4.2176 -0.422224138768 -32.5190119501 4.34802615411
-124.122 41.8473 -0.00151749224985 -0.00264769130298 -0.00134019402943 -0.00198600092316 3.76591 3.76682 -1.54846235169 -19.2052913411 2.60239413644
-122.854 41.392 -0.00240986668317 -0.000298561314072 -0.00222820708805 0.00489947109487 3.51263 3.52496 2.08464343611 -9.70134152084 2.17939920257
-122.122 41.2742 -6.7176308553e-05 -0.000174125381984 0.00517780545804 0.00918501337632 3.70327 3.67384 9.2503579341 -1.07368224278 0.164946347832
-121.839 41.7826 0.000628912438221 -0.00285157131233 0.00112962309501 0.0141176592199 3.24959 3.28587 10.2525656935 -10.2613366595 1.46614265626
-121.146 41.3593 -0.0013212001143 0.000536553608235 -0.00256249684654 0.00593456458172 3.2803 3.26753 3.84554270423 -2.15745468339 0.741338509987
-120.477 41.2047 -0.000362302464743 0.00313096719107 -0.0054793659186 -0.00558654258028 3.6019 3.60121 -6.66702180152 15.8182551846 -1.0782220637
-119.171 41.3884 0.00165072980661 -0.00034577315924 0.00537328864589 0.0113778852709 3.55439 3.55198 12.5045713003 5.7715950416 -0.869041476062
-118.379 41.4483 -0.00294678053732 -0.00248253503148 0.00538129832271 0.00991548262626 3.62734 3.62776 13.661072193 -22.609283253 3.80552537265
-117.45 41.423 0.000445712335746 0.00181735027407 0.00134395272837 0.0113037707582 3.41449 3.42581 8.82952842773 9.26678762636 -1.60372942363
-116.54 41.522 -0.00319604488517 -0.00393370701247 0.00401055909699 0.00737523669922 3.76317 3.78159 8.55653383469 -28.9339279586 5.04920981409
-115.791 41.4311 0.00373331371752 0.00571791819054 -0.00599919240575 -0.000440481724037 3.47617 3.49951 -7.3374980205 38.8472986227 -6.13120515637
-114.915 41.4157 0.000858176739875 0.000117944708811 -0.00635985925751 -0.00418674392999 3.31503 3.29369 -11.971058027 2.78799213395 -0.818172241348
-114.165 41.3602 0.000758353988434 -0.00249812639272 0.00196858367171 2.31307680913e-05 3.94687 3.94146 -0.242091898778 -8.07170614436 1.0032464425
-112.448 41.4632 0.000204347265283 -0.00212259335114 0.00124069533428 -0.00729818487685 4.21839 4.2163 -3.93181324139 -8.51974912172 1.13656518721
-111.63 41.3146 0.00107064091435 -0.00152230173664 -0.000186178868899 -0.00125199062483 3.97327 3.92716 -3.77574257679 -2.81665412855 0.115120922399
-123.306 40.822 0.00029799776838 0.000932315966792 -0.00023020292043 0.00737348647995 3.5657 3.57151 5.11959717941 5.75788172616 -0.784142281705
-119.835 40.7484 -0.00064212505678 0.000632163859631 -0.000628939015847 0.0191549217621 3.34416 3.35871 12.074248355 -0.105395294883 -0.00370167671946
-118.971 40.7797 -0.000874241212694 3.81124206925e-05 0.00863834317197 0.0163527395524 3.29641 3.30134 29.8298405925 -4.52431149855 0.344838804046
-118.134 40.7811 0.00491161516725 0.00153211829182 0.000861172594362 0.00672442317087 3.57034 3.57097 11.1918252671 26.8168637313 -4.49304373768
-117.524 40.852 -0.00481125743857 -0.00311979842461 0.00363808214601 0.0134481053237 3.47536 3.4603 14.9544669608 -32.9045597095 5.45553010518
-116.508 40.7186 0.000476102696314 -0.00068468831911 0.00495035100272 0.00803632572433 3.70127 3.71937 12.6830763037 -0.465053732264 0.212367301656
-115.736 40.8167 -0.00317286137653 -0.00378178710635 0.00427063629405 0.010107176516 3.52583 3.54316 11.4021715732 -27.5282912108 4.93593082897
-115.039 40.8522 0.00628728101334 0.00740919187344 -0.0157171636521 -0.0181407625739 3.21442 3.24437 -25.1928050101 48.5119917445 -7.82214517249
-114.204 40.8556 -0.00317244846029 -0.00258221934179 -0.0105500006807 0.00707773571066 3.16877 3.16531 -1.08901227087 -22.1562430839 4.09003696056
-113.187 40.8513 0.00135607223279 -0.000931316454901 -0.000500432037535 -0.00557137566472 4.0743 4.06762 -4.56945584011 0.21933936534 -0.553092192628
-111.437 40.8869 -0.000685385844732 0.00682398052676 -0.0024640382682 -0.00946110712089 3.8557 3.8793 -9.54599900847 28.8267503484 -3.12358470927
-110.834 40.9425 -0.00165460445659 0.00364046795044 -0.0113513159151 -0.00904909741991 3.13766 3.14499 -14.0183322322 12.7053606641 -0.322283094539
-109.177 40.8936 0.00177480921988 0.000204326841862 -0.00189104386695 0.00182741941235 3.62307 3.61761 0.350363702433 7.35887339928 -1.39402932855
-123.82 40.1398 -0.00138671690579 -0.00198646565125 -0.00264602775036 -0.00228721801953 3.74358 3.74639 -3.01859143352 -14.8059147457 2.12744618455
-122.788 40.1767 -0.00543453779111 -0.00312095904162 -0.00284134297498 -0.0058583886472 3.87628 3.89713 -6.00398978927 -31.0823976202 6.23922379222
-121.086 40.32 0.00012151957705 -0.00874719474877 -0.00461289204866 0.000504392398297 3.52433 3.51896 -1.88849670377 -44.8772976358 4.30316541416
-120.918 39.962 0.00161423791062 0.00366281770442 -0.00111823267966 -0.00182586455623 3.65958 3.63905 -1.29973109844 23.6591931551 -3.26152929465
-119.827 40.165 -0.00503153021743 -0.00742651807223 -0.00808669286071 -0.0038363326877 3.27617 3.29036 -10.7167563648 -51.7506374742 7.49339571178
-118.877 40.1614 0.000140493786745 0.00273407528416 0.0123882660559 0.0141377035026 3.72785 3.73935 16.549965917 10.7102973187 -2.20520395763
-118.155 40.2903 4.14777027143e-05 0.000976413706897 0.00579446421562 0.0131103584123 3.23647 3.24096 27.2729582959 2.84097590074 -0.883287738098
-117.19 40.1697 0.00106437596865 0.00278059688894 0.00217920255774 0.0114098869025 3.6174 3.60395 9.73586671943 15.4378794551 -2.7308659796
-116.5 40.2917 -0.00357316906323 -0.00319197651612 0.00144324408744 0.00576731406633 3.44475 3.44346 18.4439016728 -26.9480297375 4.66307035322
-115.657 40.1313 -0.000207991126982 0.00100814368955 0.00532163834058 0.0121878243792 3.39796 3.39474 13.8277359293 2.62833968528 -0.6553391053
-114.745 40.2679 -0.00533994955906 0.000646438253116 -0.00450248001505 0.000202564586136 3.59567 3.61701 -0.400922998875 -15.4067214379 3.80954780226
-113.981 40.1314 0.00702185803871 0.00300676602363 -0.0122939153962 -0.0112165272006 3.48053 3.49062 -14.3337860842 31.1154492957 -7.63553430649
-112.469 40.2807 -0.00361111048579 0.00157786527055 -0.00309979332174 0.00301068908224 3.57505 3.57789 0.711516035457 -6.55333167873 1.65582206378
-111.502 40.2067 0.000460932389161 -0.001393382867 -0.0103698667663 -0.0172263230443 3.88861 3.90372 -14.0190391024 -5.41972714535 0.242905299008
-110.738 40.1948 -0.00289247661383 -0.000842952461387 -0.0233697184097 -0.0122318153632 3.16647 3.17691 -17.6360544116 -10.4999302507 2.97726407517
-110.008 40.2655 0.00341484399965 0.00542869658626 -0.0128425200522 -0.00636704071921 3.16795 3.18331 -11.2569072069 33.6060164574 -5.78751972705
-109.124 40.2982 0.00108292222856 0.00315572111641 -0.00305479502423 -0.00020921485623 3.61656 3.62141 -2.37209990203 15.9007490526 -2.92264000769
-120.608 39.3028 0.00145841121691 0.00531927243287 -0.00135969613872 0.00931704792072 3.27944 3.30355 6.34588341712 29.9293521386 -4.44169306569
-119.898 39.6785 -0.00231689178971 0.00441421743256 -0.00315864348608 0.000162632668067 3.37803 3.34436 -5.49820745925 16.7409718631 0.0277435351237
-118.889 39.5399 -0.00367200603597 -0.00456043154747 -0.00491158191302 -0.00881503274966 3.60592 3.63642 -8.90756456777 -32.8587701431 5.24839733412
-118.08 39.6946 0.000728508014382 -0.000555189148718 0.0113453748336 0.0214858024202 3.53365 3.55036 16.6943612853 1.27372020711 -0.0215467676945
-117.14 39.5516 0.00688011034259 0.00459126725025 0.00357439775728 0.0147896275415 3.44954 3.47444 15.2459604563 46.6012291701 -7.90928854474
-116.464 39.6202 -0.000139749469555 0.00122901784079 0.00357887124326 0.00900746516643 3.63867 3.60918 11.0616922046 4.10819333238 -0.807988065888
-115.754 39.553 -0.00174437615583 -0.000580614281908 0.00489129581638 0.0140972015307 3.49401 3.50156 10.6466734663 -9.34164983096 1.60601598993
-114.908 39.4731 0.000237055178248 -0.000796626348751 -0.0106867709783 -0.0199942051359 3.60268 3.61973 -19.74815453 -3.76682656373 0.0201068866865
-114.016 39.455 0.00574975278089 0.00351727721481 -0.0117850988261 -0.00155512965384 3.46007 3.48209 -3.90718149032 33.5396043923 -6.7293065173
-113.069 39.5906 -0.00314682550392 0.00274252870922 0.00800238897965 -0.0122761903305 4.58882 4.58596 -7.25555859462 3.36238728947 1.18244163017
-112.279 39.5708 0.00510221977034 -4.52051922052e-05 0.0213031341765 0.00700622786189 4.4012 4.38957 21.1305182052 23.8413111635 -2.37921682161
-111.66 39.6092 -0.00399588368201 -0.00225309095482 -0.000666241337671 -0.00504872100706 4.17939 4.12975 1.3049937347 -23.1006706231 4.46685942724
-110.74 39.473 0.00196539878129 -0.00214145051205 -0.0131230090616 -0.0138501823292 3.5147 3.49459 -16.8526221298 -5.71724163483 -0.859518201129
-110.246 39.6279 -0.00406504220129 -9.85648375677e-05 -0.00837639871775 -0.00853234306141 3.58084 3.58302 -8.3532922605 -12.4123350873 3.40567540655
-108.981 39.6333 0.00299470451997 0.00207484104463 -0.00349958388629 -0.0219103231364 4.38241 4.40342 -13.6144201668 16.9881635688 -3.63426581375
-122.015 38.6333 -0.00364661572856 -0.00122760099498 0.00362449717028 -0.00133367489561 4.12535 4.14016 0.430750798479 -17.3768875496 3.76284519732
-121.377 38.839 0.00503122527082 -0.00209002646235 -0.00910555979586 -0.0139951034741 3.62858 3.61063 -14.0284514181 -3.17175621525 -4.2052483048
-118.808 38.9383 0.000965563463631 -0.00183691128585 -0.000484028649791 0.0139142948384 3.34148 3.33468 10.6447553113 -3.71846955871 0.584403766656
-117.932 38.8606 -0.00137165022867 -0.00200159987253 0.00426776475631 0.0132213336287 3.5149 3.50044 15.4551773268 -13.2790614024 2.41371393519
-117.182 38.834 -0.00398687818178 0.00156061027816 0.00714325175311 0.0269747217347 3.52311 3.52073 23.0528102608 -14.3535684677 0.788016321695
-116.4 38.8247 -0.000888314885849 -0.00285451475734 0.00335455885611 0.013132125842 3.59831 3.57585 11.5005596924 -14.405876571 2.69891143211
-115.654 38.8455 -0.00176369237622 -0.00152713658694 0.00523625881281 0.00843486234982 3.40541 3.37997 14.7624779871 -12.847155994 2.29475444999
-114.83 39.04 -0.00339252215755 -0.00237134299036 0.00894518233145 0.0177036459895 3.42928 3.44502 15.7184316081 -22.6152741466 3.93077353041
-114.02 38.9551 0.00140036019254 -0.00117251399151 -0.0130600621983 -0.00830444908241 3.20687 3.21232 -13.1112395027 -2.51697581484 -0.768755035205
-113.277 38.9882 -0.00218145663879 -0.000432905628201 -0.000942372315221 -0.00824156766146 3.95595 3.96172 -9.12664604231 -7.84621881163 2.10610708474
-111.172 38.9176 0.00113935151147 0.00438351069569 -0.00464428859135 -0.00814354611384 3.83719 3.84321 -8.71245964232 22.4481952009 -3.32249936586
-110.133 39.1025 -0.000666363750681 -0.00237124025999 -0.0133343869862 -0.00853739851883 3.43905 3.42928 -14.9487455506 -12.4319470596 1.69144201557
-109.263 38.9553 -0.00145591494768 -0.0026670597973 -0.00772292488177 -0.016325076959 3.95977 3.96229 -16.9636555147 -15.4664747218 2.49438891991
-120.936 38.2571 5.43194599702e-05 0.00081122541294 -0.00706593540182 -0.0106310920416 3.73711 3.72922 -15.0298140255 4.65642675947 -0.27514083154
-120.076 38.7028 0.00815724013947 0.00381936088959 0.00609968365156 0.0092678144627 3.77692 3.82892 11.8447941974 48.938280802 -8.52505644012
-119.451 38.5226 0.00162417125999 0.00300261317659 -0.00539585095073 0.0043941799716 3.46697 3.46028 2.65288410787 19.5346060156 -3.05800994024
-119.047 38.089 -0.00252884774058 -0.00179546361626 0.00473618593387 0.00684749279371 3.7323 3.73109 4.15635687923 -16.8504102358 3.10045231401
-118.106 38.3489 -0.00111459326207 0.000506789465122 0.00411098833178 0.0119387598923 3.3113 3.31169 12.8311770672 -2.60530923285 0.398447926845
-117.072 38.2397 -0.000976023639263 0.00109823689549 -0.0111048010257 -0.0102642151216 3.44474 3.45252 -11.1973291112 3.44719609299 0.457866082463
-116.302 38.2886 4.50052269133e-05 0.00210404694741 0.0150050567816 0.0255524508607 3.34524 3.35047 27.3947920797 5.51825194267 -1.89300276213
-115.585 38.3489 0.000228718171587 0.00393521286779 0.00408248291465 0.0088775392635 3.5748 3.58156 11.6497366032 15.3719044319 -3.07264319303
-114.608 38.3281 0.00319068517185 0.00241432377849 -0.0012849558703 0.00609754304116 3.49588 3.49846 2.9757796288 21.0921557262 -3.99535852362
-113.969 38.1802 -0.00100281093414 -0.00241423130068 0.00427406844521 0.0126563970633 3.43623 3.43347 10.1347380144 -12.6348569335 2.46400503347
-113.021 38.2987 1.44994615482e-05 0.00170733297001 -0.00528892691714 0.000212180654306 3.52343 3.53086 -1.30803103672 7.20802438859 -1.05252767855
-112.277 38.2108 -0.00044144637545 0.000761022119512 0.0108771994577 0.00513032016835 3.94698 3.95409 11.2132427341 0.72473828216 -0.311177262304
-111.483 38.2843 0.000509819277054 -0.00107210801973 -0.000702060712812 0.00237581808902 3.73091 3.74271 1.71075986305 -2.33870928617 0.343427945678
-110.711 38.4187 0.00323928367114 0.00109212372496 -0.0221417619655 -0.0139998071294 3.22724 3.22742 -19.0366887349 11.5606792586 -3.41083631674
-109.894 38.3862 0.00107813897455 0.00235627616757 -0.00599311965134 -0.0104884881686 3.51694 3.5061 -15.6424036275 13.1816593179 -2.02310243286
-109.261 38.2916 -0.0013443541892 0.000492415723017 -0.00278012822342 -0.00981704877871 3.98214 3.9703 -10.7993358402 -1.51631829009 0.87438229614
-119.849 37.8817 0.0021469401187 0.000650652094597 -0.00790857012744 -0.00646553855307 3.33137 3.33047 -8.72669883328 8.27704099807 -2.23042206962
-118.171 37.4993 -0.00359600986529 -0.000225101978447 0.000742898374605 0.012582862232 3.43125 3.43194 5.66105767323 -13.6024449494 2.94562033885
-117.225 37.7243 -0.00115958772592 -0.00221044066464 0.00988151884185 0.0101582127979 3.91664 3.93723 12.1408280586 -13.1306931835 2.39923671818
-116.595 37.923 0.00165525837291 -0.00134814152543 -0.00849292988891 -0.0139776103249 3.53313 3.54638 -13.7077391588 -3.62929096929 -1.05518903941
-115.747 37.6444 -0.000646218711978 -0.00176225466865 -0.00905131891517 -0.00421016179074 3.33796 3.34714 -8.73875695157 -10.1391207257 1.3722665314
-114.849 37.6083 0.00373805493166 0.00241954030683 0.00220998550943 0.010331624264 3.63495 3.64709 8.7565555812 23.4114679402 -4.35035675347
-113.86 37.5808 -0.000814408758805 0.00021295961147 0.00861397967758 0.012149180229 3.39211 3.37717 15.988525248 -2.79663221614 0.313723551102
-113.168 37.7601 -0.00294005586551 -0.000743666471961 0.00236691484725 0.00661030246197 3.79726 3.80154 4.14422751862 -13.3409071944 2.67054642691
-112.363 37.6761 -0.000344371914457 -0.000273883019235 -0.00651446382976 0.00322984839893 3.43775 3.44506 0.0373598216402 -2.23676904282 0.439973496301
-111.596 37.7222 -0.00097680657129 -0.00195449406838 0.00704312603638 0.0137563832771 3.58262 3.58548 10.9709604398 -10.2550729171 2.13346194372
-110.802 37.6354 0.00229947516592 0.00503366574102 0.00197439648468 -0.00444096561212 3.9758 3.98745 -1.49151770332 27.263447835 -4.96882316363
-109.995 37.6903 -0.000590278051203 0.000927556868303 -0.0152480766406 -0.00706030386398 3.00613 3.00693 -17.7645618606 3.06397795208 0.161966149816
-109.137 37.7459 -0.00118398216983 0.00149794520626 0.00420929206563 -0.0003756642284 3.75623 3.7572 -0.954378768682 1.63048495948 -0.116817372547
-119.709 37.0069 0.00179198168238 -0.00437379451925 0.00623898300459 -0.00406298751638 4.34193 4.35842 0.173515872985 -15.9180103584 0.753763243442
-115.22 37.2408 -0.00242974493543 0.00246815047993 -0.00515822257494 -0.00510836858623 3.67731 3.70046 -7.95529300631 5.62220169614 0.994100207886
-114.715 36.7256 -0.00152029889544 -0.00523372172493 0.0104743913827 0.00263751415253 4.08362 4.0751 5.39302629337 -26.1687428035 4.59947664731
-113.907 37.0195 0.00155153319 0.00360184824965 0.0105325131794 0.0150831732319 3.57248 3.56223 17.6507949059 17.6358639222 -3.83572454041
-113.084 37.0615 -0.00341938960514 -0.00211874945398 0.0075741622957 0.0120845940735 3.70977 3.69808 15.1617223742 -20.8778535364 3.74799588915
-112.382 37.0183 -0.000771772645067 -0.00301831372202 -0.00387307110662 -0.010993198195 4.11658 4.12813 -10.6448102019 -15.6190918528 2.09797256881
-110.804 36.9969 0.000399645913916 -0.00134038223027 -0.000419231486805 -0.00332158462035 3.81635 3.82559 -1.07344907149 -3.96227725398 0.53900203671
-109.874 37.1364 -0.000676236749157 -0.00437069962988 -0.0115939989156 -0.00504285958732 3.38928 3.40151 -13.5476714036 -20.8763452048 2.64543461101
-109.025 36.8299 -0.00098117903859 -0.00122526894171 -0.00655155846942 -0.00927045572358 3.62685 3.61084 -10.550429985 -7.66162818012 1.47843574125
-120.783 36.3627 -0.00204398242758 -0.000727074920759 5.9632232977e-05 0.00181422319258 3.69916 3.69789 1.34286836323 -9.64615286107 2.12504071
-120.12 36.3356 -0.00636379232364 -0.00283194260947 -0.00398870963055 0.00213575099134 3.25736 3.26072 -1.76322909953 -31.4939443641 6.94220253978
-116.33 36.4193 0.001082160964 -0.00190889630171 0.00210466845192 -0.000563178353829 4.08661 4.08573 3.00354486293 -4.69644720725 0.289051356872
-115.383 36.423 -0.000850992568536 -0.00453590083458 0.00967612039059 0.0180357472311 3.67698 3.6821 19.9852553069 -17.5816676196 4.20533748938
-114.539 36.4321 -0.00127289116312 0.000864367727922 0.00453598575329 0.0189588046464 3.48362 3.49277 15.4269325532 -2.39622928706 0.119762815681
-113.965 36.4151 0.00264467298633 0.00400027672939 0.00260217144396 0.0118128711531 3.38141 3.41057 13.1482339595 24.0880459465 -4.76101481951
-113.18 36.4182 -0.000127268466749 0.000901107627505 0.0142365045816 0.0199021080239 3.60979 3.61669 18.4631065858 2.07636274283 -0.673722229914
-112.291 36.428 0.00270089890253 -0.000111366010318 -0.010148383103 -0.00127745618308 3.36624 3.36497 -6.66493867223 6.75465936281 -2.2414661364
-111.13 36.1428 -0.00197170742097 -0.00211489115258 -0.00259183879609 -0.00367502987545 3.79016 3.79024 -3.66439936789 -14.3702547615 2.8350061642
-109.87 36.4199 0.00272168571327 0.00341461286036 -0.000994386186045 -0.00845539669056 4.16535 4.16053 -7.09686153546 21.5158862373 -4.16246136321
-121.236 36.0214 -0.00302571484913 -0.0021386686025 0.00181502370786 0.00372193663549 3.79575 3.80157 3.40602637915 -19.7575553673 3.70131179815
-119.903 35.8667 0.00165781547759 -0.00145551702937 -0.0019915213126 -0.00422484135655 3.81064 3.80836 -4.0940751461 -3.23627982926 -0.844303073672
-115.43 35.8384 -0.000910012816964 -0.00211241407949 0.00237327496279 0.00839905081402 3.52664 3.51345 10.0536670972 -11.3569924005 2.13172895783
-114.851 35.7266 -0.00337570450781 -0.00328425556506 0.00951381330665 0.0142058792064 3.28793 3.2922 21.4144366432 -24.2982132919 4.60191515617
-113.984 35.8522 0.00214691438896 -0.00375191029601 -0.00293876909188 0.00302079063294 3.57678 3.585 -1.31438003134 -9.65682346324 0.374692848907
-113.105 35.6339 0.00102741317992 -0.00406099356662 0.0126280904691 0.0134559987527 3.24919 3.25142 22.0570333556 -6.24145941243 2.94514833261
-109.933 35.7113 0.00020432328536 -0.000493304100722 -0.0114771254278 -0.0204763601031 3.6517 3.65826 -18.9154779973 -1.88371714302 -0.0101151792745
-109.046 35.7147 0.000833366821435 0.00377133761537 -0.00884898221017 -0.0127045399608 3.64792 3.64982 -13.4602040712 18.0083269557 -2.50018431797
-114.87 35.301 -0.00286089563966 0.00100651840296 0.00404884339304 0.00149365487169 3.54716 3.54877 9.62924770772 -6.69331917455 1.34131535492
-113.885 35.099 0.0002764331259 -0.00271760324038 0.00285036766135 0.0107161517771 3.41502 3.41161 18.7327467874 -6.99126764851 2.04626608539
-113.083 35.2127 0.000158357178979 -0.000278809974672 0.0076127963878 0.0024073115602 3.49088 3.46921 21.8288307065 -0.0587657300258 0.154197889071
-112.267 35.1787 -0.000438905514091 0.00124405238159 0.00778650332451 0.012774386796 3.92514 3.92594 10.7795080097 2.53050942111 -0.633402810165
-110.713 35.0789 -0.00477502822258 -0.00246530644841 -0.00504289503334 -0.0136595029795 4.02508 4.02857 -12.3876550596 -21.2999614792 5.37343763191
-109.736 35.1181 -0.00309138006534 -0.00363048703793 0.00160353470283 0.00468684885624 3.5107 3.49518 3.25083603804 -23.0539463841 4.73994804104
-109.388 35.1118 -0.00575562369502 5.05058313599e-05 -0.0153950719444 -0.0106034371721 3.15368 3.16591 -14.8850087847 -11.7511861646 5.16953736768
-113.83 34.5935 -0.000934756447047 -0.00228873834218 0.00433954140379 0.00562721783624 3.42052 3.42332 12.2875282786 -11.4022595336 2.31947822525
-112.891 34.4692 0.000208017381067 -0.00280693820298 0.00223973695705 0.00564118268082 3.70931 3.69672 13.7753622553 -8.28430792894 2.0130762962
-112.237 34.4866 -0.00329789160996 -0.00453195571041 0.00406737330803 0.0177785122989 3.27443 3.27643 14.1786683356 -26.9490519594 5.59745512534
-110.806 34.3371 0.00264388176239 0.0014181671651 -0.000397232157012 -0.00820320650848 4.0566 4.05474 -5.32815635306 12.7757101197 -2.99006114366
-109.29 34.4275 -6.13998611307e-05 -0.00124411607055 0.00181973791805 -0.000436987701564 3.81468 3.80944 1.97213341071 -4.5974500699 0.877999243881
-113.829 33.8142 -0.00110684160603 -0.00108328423545 0.00179837698632 0.00195696894557 3.78262 3.78741 4.13188187326 -7.76925862523 1.54128252433
-113.005 33.9383 0.000458374533059 -0.000691850424168 0.00272627383281 0.000736001111915 3.69991 3.6967 10.4617076933 -0.751399494754 0.179795095916
-112.333 33.9535 -0.00179971758682 3.71221574222e-05 -0.00173258920318 0.00235682144777 3.32708 3.32189 8.64101429957 -6.1605462529 1.24783818798
-110.034 33.7776 0.000577275763223 0.00547585709521 0.000999961406242 0.0146156133033 3.47534 3.49805 7.11012890318 20.1896637248 -4.32531120673
-112.946 33.3627 -0.00160643796156 -0.00128389024132 0.00191903335713 0.00331649301626 3.68373 3.68166 5.99000901755 -10.0318889714 2.05446454979
-112.158 33.2893 -0.00429432138425 -0.000729882373198 0.00156830612346 -0.00120777838175 3.5244 3.52869 5.9377159424 -16.6805603491 3.68514252722
-110.472 33.2969 0.00230131194632 -0.00561640071436 0.0110385178213 -0.00865901659419 4.7036 4.70742 1.0446897235 -13.9936462816 1.72532055883
-110.036 33.0851 -0.00338655183939 -0.000979849018448 0.0147883352787 0.024211297441 3.52339 3.5296 22.6584041114 -16.2055643791 2.51140919957
